tree
version=v4
num_class=1
num_tree_per_iteration=1
label_index=0
max_feature_idx=63
objective=quantile
feature_names=Column_0 Column_1 Column_2 Column_3 Column_4 Column_5 Column_6 Column_7 Column_8 Column_9 Column_10 Column_11 Column_12 Column_13 Column_14 Column_15 Column_16 Column_17 Column_18 Column_19 Column_20 Column_21 Column_22 Column_23 Column_24 Column_25 Column_26 Column_27 Column_28 Column_29 Column_30 Column_31 Column_32 Column_33 Column_34 Column_35 Column_36 Column_37 Column_38 Column_39 Column_40 Column_41 Column_42 Column_43 Column_44 Column_45 Column_46 Column_47 Column_48 Column_49 Column_50 Column_51 Column_52 Column_53 Column_54 Column_55 Column_56 Column_57 Column_58 Column_59 Column_60 Column_61 Column_62 Column_63
feature_infos=[-4.6197931847155571:5.9954558253433117] [-3.8590427701933976:4.0745545503753817] [-3.7006363548840562:3.6394565242699604] [-3.4980158346722385:3.2780148828578226] [-3.1999785198786843:2.610347494666029] [-2.1738283218639527:2.4895288086863725] [-3.4289366036448481:3.3364656086789584] [-1.1855167883782549:4.7938504253610938] [-1.6055658018150698:1.6212003046256909] [-3.1259897337209077:2.6779997207171977] [-1.2559288986268582:3.8744210684851921] [-2.4385148065339846:2.6934138560055256] [-2.089779261663173:2.5193293522476043] [-1.3234480727037761:2.7918759496744281] [-2.5204889128810786:3.0312031031188589] [-1.7985784569391383:1.461920888580696] [-1.8765941820849508:1.7838415334625943] [-1.039879775715675:0.67337113695867323] [-1.1128739172860969:0.69940197379011548] [-1.039879775715675:0.67337113695867323] [-2.3458261685465569:2.90808264112031] [-3.2376202311154865:3.5372892838090544] [-2.8844189775848479:2.8578372581832143] [-1.959377286342999:2.8100613773522927] [-2.218806723366312:1.8729898442725346] [-2.0711465073177044:1.8850318965655108] [-3.2689961065748441:2.2068739042765939] [-1.7991879499849253:1.5766680134482451] [-0.95580814064788056:2.8509843221340203] [-3.5672384251110967:3.359314784073069] [-3.280578047393814:2.9491138050114722] [-2.5277821494913666:2.2343153906774247] [-2.4773443806928408:2.382601414218533] [-2.0274700212050707:2.4637040279382165] [-2.1662999543162167:2.3117258022874321] [-1.9334544827373028:2.0030195014669325] [-2.0274614049673487:2.1915077311452715] [-1.2400797419821532:3.2155373949744424] [-1.2585922833209671:3.7630257070024191] [-1.3373970976211238:2.7107458318127908] [-1.1827696544083273:1.8645796270349586] [-2.0357621338741887:1.5852634820366831] [-1.7784888033346966:1.6766103993437165] [-1.976954241894801:11.837550384004633] [-597.3325696117804:95.248719800791037] [-508.49201776933643:105.83474118348761] [-656.48803750582067:48.277629840725055] [-1.1196522221866796:3.2683613614147284] [-1.8789159197136569:1.7316631968769354] [-1.1648515990167034:6.3037245507823627] [-3.8474290931651831:4.5651690630223642] [-10.225138859082454:8.4756836365510111] [-1:1] [-0.83333333333333337:1] [0:1] [0:1] [-5.2186824047976028:4.6346635437425681] [-4.7114188802404344:3.1305962556603983] [-3.4168175486945085:2.8144407990681009] [-1.2025675410664958:2.8129672786371502] [-2.327739568870435:2.3865320541644865] [-2.596261494346439:0.62382464195733733] [-3.8250300719717516:4.3778048806796326] [-5.8796568702502761:4.8140346171214858]
tree_sizes=583 602 608 683 597 683 854 607 515 603 856 608 610 603 607 608 857 607 602 517 517 607 517 600 689 687 610 609 604 517 689 690 687 689 777 609 865 689 603 604 776 515 515 516 685 854 515 602 517 868 601 606 685 676 696 867 693 517 509 778 510 610 689 605 691 785 784 783 773 689 608 681 504 785 774 863 610 779 693 786 784 781 863 862 785 512 867 784 605 596 854 771 606 690 785 777 780 687 603 687 609 603 609 610 607 602 692 611 873 866 770 609 861 784 875 864 771 781 607 778

Tree=0
num_leaves=5
num_cat=0
split_feature=40 28 25 4
split_gain=9.51613 7.98835 9.53788 2.0668
threshold=-0.97400064663699559 1.7314320925526236 0.79066405081951741 0.12019277975684227
decision_type=2 2 2 2
left_child=-1 2 -2 -3
right_child=1 3 -4 -5
leaf_value=0.0099404255300760275 0.0090541537106037136 0.0092900845780968661 0.0079691119119524954 0.011289621144533158
leaf_weight=50 1973 41 266 40
leaf_count=50 1973 41 266 40
internal_value=0.00903783 0.00865885 0.00820785 0.0208451
internal_weight=2370 2320 2239 81
internal_count=2370 2320 2239 81
is_linear=0
shrinkage=1


Tree=1
num_leaves=5
num_cat=0
split_feature=40 35 40 59
split_gain=8.7069 7.40924 8.02369 3.39688
threshold=-0.97400064663699559 0.79286049044460882 0.87890063675755215 1.1281694101008102
decision_type=2 2 2 2
left_child=-1 2 -2 -3
right_child=1 3 -4 -5
leaf_value=0.00086648730039596558 -7.5013144686818104e-05 -0.0012829954087734221 0.0012896228015422822 0.00036410318613052371
leaf_weight=50 1894 154 231 41
leaf_count=50 1894 154 231 41
internal_value=-3.37268e-05 -0.00039621 0.00029149 -0.00781726
internal_weight=2370 2320 2125 195
internal_count=2370 2320 2125 195
is_linear=0
shrinkage=0.04


Tree=2
num_leaves=5
num_cat=0
split_feature=40 24 40 40
split_gain=7.14695 7.25917 5.74433 2.90179
threshold=-0.97400064663699559 -0.94364025347070224 -0.70139321264127819 0.55349448186048955
decision_type=2 2 2 2
left_child=-1 3 -3 -2
right_child=1 2 -4 -5
leaf_value=0.00083182780838012699 0.00098100338990986355 -0.00090668285971879953 -6.5966072276234597e-05 0.00041052385050058363
leaf_weight=50 99 147 1923 151
leaf_count=50 99 147 1923 151
internal_value=-5.05902e-05 -0.000378984 -0.0011583 0.00603175
internal_weight=2370 2320 2070 250
internal_count=2370 2320 2070 250
is_linear=0
shrinkage=0.04


Tree=3
num_leaves=6
num_cat=0
split_feature=28 25 47 14 58
split_gain=7.01829 9.18004 6.07481 5.7234 3.33393
threshold=1.7314320925526236 0.79066405081951741 1.061698315720554 1.3298826592184201 -0.38323431000172176
decision_type=2 2 2 2 2
left_child=1 2 -1 -3 -2
right_child=4 3 -4 -5 -6
leaf_value=-3.5885227413177468e-05 0.00014039551532894372 -0.0011051061410465837 0.00074794097168266781 0.00048085587179541589 0.0021044408113348487
leaf_weight=1876 40 228 142 43 41
leaf_count=1876 40 228 142 43 41
internal_value=-0.00010118 -0.000515059 0.000415842 -0.00739927 0.0113253
internal_weight=2370 2289 2018 271 81
internal_count=2370 2289 2018 271 81
is_linear=0
shrinkage=0.04


Tree=4
num_leaves=5
num_cat=0
split_feature=40 37 46 41
split_gain=7.16338 7.27801 6.58271 4.23409
threshold=-0.97400064663699559 1.1065576463016624 5.2616153315017735 -0.80712299674019394
decision_type=2 2 2 2
left_child=-1 2 -2 -3
right_child=1 3 -4 -5
leaf_value=0.00078431358115953209 -0.00019560019556040761 0.0020564234380090712 0.00100036648887043 0.00036696438122932914
leaf_weight=50 1940 89 65 226
leaf_count=50 1940 89 65 226
internal_value=-6.74536e-05 -0.00039621 -0.0012855 0.00523659
internal_weight=2370 2320 2005 315
internal_count=2370 2320 2005 315
is_linear=0
shrinkage=0.04


Tree=5
num_leaves=6
num_cat=0
split_feature=28 25 28 13 58
split_gain=6.41895 8.35567 5.69473 4.4401 2.95791
threshold=1.7314320925526236 0.86939992631866492 -0.59288484701552246 0.23572409803175681 -0.38323431000172176
decision_type=2 2 2 2 2
left_child=1 2 -1 -3 -2
right_child=4 3 -4 -5 -6
leaf_value=-0.0004810955703751344 0.00010684666547227905 -0.0010626202331511397 0.0001225112170674305 -0.00048625514448714452 0.0020280871867038707
leaf_weight=289 40 99 1781 120 41
leaf_count=289 40 99 1781 120 41
internal_value=-8.4317e-05 -0.00048014 0.00030888 -0.0078733 0.0108434
internal_weight=2370 2289 2070 219 81
internal_count=2370 2289 2070 219 81
is_linear=0
shrinkage=0.04


Tree=6
num_leaves=8
num_cat=0
split_feature=16 41 35 37 48 48 49
split_gain=6.28397 5.3173 8.06029 5.03682 2.49207 3.00842 1.81381
threshold=-0.87332803801139591 0.59662328511952067 1.039395282782799 1.120513032269729 -1.1097795870919274 -1.2844616135101885 0.8014442267804599
decision_type=2 2 2 2 2 2 2
left_child=4 3 -3 -2 5 -1 -6
right_child=1 2 -4 -5 6 -7 -8
leaf_value=0.0011209311717818166 -0.00028489552720685951 0.00051184493867570413 -0.001876608667527887 0.0004244802929456021 0.00082471562334845321 -0.00048296137655576222 0.00031327025871733682
leaf_weight=63 1443 441 44 222 76 40 41
leaf_count=63 1443 441 44 222 76 40 41
internal_value=-0.00010118 -0.000762082 0.00291581 -0.00183563 0.00630631 0.00171429 0.0102521
internal_weight=2370 2150 485 1665 220 103 117
internal_count=2370 2150 485 1665 220 103 117
is_linear=0
shrinkage=0.04


Tree=7
num_leaves=5
num_cat=0
split_feature=40 33 40 11
split_gain=7.14695 6.23504 5.78968 5.53155
threshold=-0.97400064663699559 -0.95562987592101967 -0.70139321264127819 0.19014772246082093
decision_type=2 2 2 2
left_child=-1 3 -3 -2
right_child=1 2 -4 -5
leaf_value=0.00073438393112149709 8.3054634500186192e-05 -0.00083755628030886796 -5.2560811722378276e-05 0.002085799311418687
leaf_weight=50 132 146 1974 68
leaf_count=50 132 146 1974 68
internal_value=-5.05902e-05 -0.000378984 -0.00101791 0.00633663
internal_weight=2370 2320 2120 200
internal_count=2370 2320 2120 200
is_linear=0
shrinkage=0.04


Tree=8
num_leaves=4
num_cat=0
split_feature=40 28 25
split_gain=7.1963 6.33181 7.82528
threshold=-0.97400064663699559 2.0115427622596367 0.86939992631866492
decision_type=2 2 2
left_child=-1 2 -2
right_child=1 -3 -4
leaf_value=0.00070500857387663721 2.5557908664966894e-06 0.0015195869789782729 -0.00091704974579595794
leaf_weight=50 2049 54 217
leaf_count=50 2049 54 217
internal_value=-0.00010118 -0.000430663 -0.000758377
internal_weight=2370 2320 2266
internal_count=2370 2320 2266
is_linear=0
shrinkage=0.04


Tree=9
num_leaves=5
num_cat=0
split_feature=40 40 53 33
split_gain=6.49492 5.65253 6.49435 4.97455
threshold=-0.97400064663699559 -0.69548316301572066 0.58333333333333337 -1.2359235257950387
decision_type=2 2 2 2
left_child=-1 2 -2 -3
right_child=1 3 -4 -5
leaf_value=0.00067680823092157178 -0.00098206237436188862 0.0014807609097591237 0.00045830118638177459 -3.7814727777693884e-05
leaf_weight=50 92 80 68 2080
leaf_count=50 92 80 68 2080
internal_value=-0.000134907 -0.00044789 -0.00765432 9.25069e-05
internal_weight=2370 2320 160 2160
internal_count=2370 2320 160 2160
is_linear=0
shrinkage=0.04


Tree=10
num_leaves=8
num_cat=0
split_feature=25 28 47 38 40 35 46
split_gain=6.06602 7.27807 6.34886 5.92039 4.799 4.36971 1.68688
threshold=0.86939992631866492 0.89026903245456523 1.061698315720554 -0.62240510546924332 0.8961260410778692 0.73750883438303327 0.18321419067117781
decision_type=2 2 2 2 2 2 2
left_child=2 6 4 -4 -1 -3 -2
right_child=1 5 3 -5 -6 -7 -8
leaf_value=-8.7208617286990277e-05 -0.00069088280402602618 0.001126165639911062 0.00085346818741394073 -4.9527236428384278e-05 0.001008639491134901 -0.00080399601092000933 -0.0013659648894001045
leaf_weight=1716 62 54 93 69 258 52 66
leaf_count=1716 62 54 93 69 258 52 66
internal_value=-0.000185497 -0.00627119 0.000486436 0.00804878 -0.0001417 0.00148148 -0.0126154
internal_weight=2370 234 2136 162 1974 106 128
internal_count=2370 234 2136 162 1974 106 128
is_linear=0
shrinkage=0.04


Tree=11
num_leaves=5
num_cat=0
split_feature=40 40 53 7
split_gain=6.55766 5.54496 6.49435 4.90207
threshold=-0.97400064663699559 -0.69548316301572066 0.58333333333333337 -0.19902321254147179
decision_type=2 2 2 2
left_child=-1 2 -2 -3
right_child=1 3 -4 -5
leaf_value=0.00065322424637618854 -0.00091371640925367117 0.00027256836780749745 0.00044345748361798325 -0.00010974765777236033
leaf_weight=50 92 726 68 1434
leaf_count=50 92 726 68 1434
internal_value=-0.000202361 -0.000516796 -0.00765432 1.85014e-05
internal_weight=2370 2320 160 2160
internal_count=2370 2320 160 2160
is_linear=0
shrinkage=0.04


Tree=12
num_leaves=5
num_cat=0
split_feature=40 28 61 25
split_gain=5.85917 5.23769 7.97326 6.34403
threshold=-0.97400064663699559 -0.59288484701552246 -0.31558647800197021 0.86939992631866492
decision_type=2 2 2 2
left_child=-1 2 -2 -3
right_child=1 3 -4 -5
leaf_value=0.00062709527652114099 0.00054278900469891585 0.00011370661634971944 -0.00073158982520131921 -0.0007438421895493378
leaf_weight=50 54 1818 218 230
leaf_count=50 54 1818 218 230
internal_value=-0.000202361 -0.000499569 -0.00569343 0.000195122
internal_weight=2370 2320 272 2048
internal_count=2370 2320 272 2048
is_linear=0
shrinkage=0.04


Tree=13
num_leaves=5
num_cat=0
split_feature=40 37 46 11
split_gain=5.82949 5.32531 6.51925 4.46836
threshold=-0.97400064663699559 1.1065576463016624 5.2616153315017735 -0.50797127458478875
decision_type=2 2 2 2
left_child=-1 2 -2 -3
right_child=1 3 -4 -5
leaf_value=0.00060201146546029537 -0.00014558295708746058 0.0019525010406763867 0.00098872221725633709 0.00044220898051050838
leaf_weight=50 1940 45 65 270
leaf_count=50 1940 45 65 270
internal_value=-0.000168634 -0.000465116 -0.00122571 0.00435331
internal_weight=2370 2320 2005 315
internal_count=2370 2320 2005 315
is_linear=0
shrinkage=0.04


Tree=14
num_leaves=5
num_cat=0
split_feature=28 16 7 48
split_gain=4.84894 4.64252 4.73387 2.43423
threshold=2.0115427622596367 -0.87332803801139591 -0.66953718131209772 -1.1097795870919274
decision_type=2 2 2 2
left_child=1 3 -3 -1
right_child=-2 2 -4 -5
leaf_value=0.00010210907611730928 0.0014357965926417363 0.00038494461580836455 -0.00014494985403202488 0.00066494104868622438
leaf_weight=101 54 211 1892 112
leaf_count=101 54 211 1892 112
internal_value=-0.000202361 -0.000483175 -0.00105463 0.00511628
internal_weight=2370 2316 2103 213
internal_count=2370 2316 2103 213
is_linear=0
shrinkage=0.04


Tree=15
num_leaves=5
num_cat=0
split_feature=40 35 40 57
split_gain=5.88893 5.63377 4.97107 3.28501
threshold=-0.97400064663699559 0.79286049044460882 0.87890063675755215 0.18511083487898275
decision_type=2 2 2 2
left_child=-1 2 -2 -3
right_child=1 3 -4 -5
leaf_value=0.00058372900100316452 -4.3636214910680804e-05 -0.0019010444122592998 0.0011216316248186277 -0.00013739378458512639
leaf_weight=50 1894 83 231 112
leaf_count=50 1894 83 231 112
internal_value=-0.000236088 -0.000534022 6.58204e-05 -0.00700508
internal_weight=2370 2320 2125 195
internal_count=2370 2320 2125 195
is_linear=0
shrinkage=0.04


Tree=16
num_leaves=8
num_cat=0
split_feature=25 28 24 16 35 7 35
split_gain=5.34581 6.65747 6.51763 4.89125 4.36971 3.8615 2.03966
threshold=0.86939992631866492 0.89026903245456523 0.63830510760177084 -0.87332803801139591 0.73750883438303327 -0.44989993244998666 0.62028122705158839
decision_type=2 2 2 2 2 2 2
left_child=2 6 3 -1 -3 -4 -2
right_child=1 4 5 -5 -6 -7 -8
leaf_value=0.00060190842182825111 -0.00057720249151209933 0.0011146775691989177 0.0009589562207150573 -0.00010116244810503466 -0.00071154543315022029 0.00033204166354546287 -0.0017474049302376876
leaf_weight=219 74 54 69 1735 52 113 54
leaf_count=219 74 54 69 1735 52 113 54
internal_value=-0.000219224 -0.0059322 0.0004116 -0.000265849 0.00148148 0.0076087 -0.012
internal_weight=2370 234 2136 1954 106 182 128
internal_count=2370 234 2136 1954 106 182 128
is_linear=0
shrinkage=0.04


Tree=17
num_leaves=5
num_cat=0
split_feature=40 35 41 25
split_gain=5.13024 4.84295 4.72249 3.59974
threshold=-0.97400064663699559 0.79286049044460882 0.59662328511952067 0.79066405081951741
decision_type=2 2 2 2
left_child=-1 2 -2 -3
right_child=1 3 -4 -5
leaf_value=0.00055576225665422945 -7.6609453124102975e-05 -8.8308165939347612e-05 0.00039128278354124796 -0.0013670584624547364
leaf_weight=50 1745 102 380 93
leaf_count=50 1745 102 380 93
internal_value=-0.000118044 -0.00039621 0.00015985 -0.00639594
internal_weight=2370 2320 2125 195
internal_count=2370 2320 2125 195
is_linear=0
shrinkage=0.04


Tree=18
num_leaves=5
num_cat=0
split_feature=28 25 47 28
split_gain=4.75114 5.89853 6.01559 5.15716
threshold=2.0115427622596367 0.86939992631866492 1.061698315720554 0.89026903245456523
decision_type=2 2 2 2
left_child=1 2 -1 -3
right_child=-2 3 -4 -5
leaf_value=-3.4285432483773249e-05 0.0013151431200645097 -0.00084233137831913002 0.00052288982414970303 2.1806136955507696e-05
leaf_weight=1937 54 128 158 93
leaf_count=1937 54 128 158 93
internal_value=-8.4317e-05 -0.000362381 0.00029566 -0.00654709
internal_weight=2370 2316 2095 221
internal_count=2370 2316 2095 221
is_linear=0
shrinkage=0.04


Tree=19
num_leaves=4
num_cat=0
split_feature=40 28 5
split_gain=5.0886 4.97059 5.16735
threshold=-0.97400064663699559 2.0115427622596367 -0.25139166254033568
decision_type=2 2 2
left_child=-1 2 -2
right_child=1 -3 -4
leaf_value=0.00052871057377798503 0.00024779571660716584 0.0012625373952619293 -0.00021905545163318721
leaf_weight=50 828 54 1438
leaf_count=50 828 54 1438
internal_value=-6.74536e-05 -0.000344531 -0.000634921
internal_weight=2370 2320 2266
internal_count=2370 2320 2266
is_linear=0
shrinkage=0.04


Tree=20
num_leaves=4
num_cat=0
split_feature=40 28 25
split_gain=5.10246 4.98512 5.15689
threshold=-0.97400064663699559 2.0115427622596367 0.79066405081951741
decision_type=2 2 2
left_child=-1 2 -2
right_child=1 -3 -4
leaf_value=0.00050756215082686557 4.4911404219131685e-06 0.0012120358994514521 -0.00072075903550438694
leaf_weight=50 1997 54 269
leaf_count=50 1997 54 269
internal_value=-8.4317e-05 -0.000361757 -0.000652557
internal_weight=2370 2320 2266
internal_count=2370 2320 2266
is_linear=0
shrinkage=0.04


Tree=21
num_leaves=5
num_cat=0
split_feature=40 28 61 42
split_gain=5.0886 4.68254 7.4717 5.3866
threshold=-0.97400064663699559 -0.59288484701552246 -0.31558647800197021 -0.760110197019636
decision_type=2 2 2 2
left_child=-1 2 -2 -3
right_child=1 3 -4 -5
leaf_value=0.00048725966479379101 0.00052316945198267392 0.00056733889748944606 -0.00068531931179380973 -4.3968748400311229e-05
leaf_weight=50 54 258 218 1790
leaf_count=50 54 258 218 1790
internal_value=-6.74536e-05 -0.000344531 -0.00525547 0.000312195
internal_weight=2370 2320 272 2048
internal_count=2370 2320 272 2048
is_linear=0
shrinkage=0.04


Tree=22
num_leaves=4
num_cat=0
split_feature=40 28 25
split_gain=4.50167 4.39936 4.61881
threshold=-0.97400064663699559 2.0115427622596367 0.79066405081951741
decision_type=2 2 2
left_child=-1 2 -2
right_child=1 -3 -4
leaf_value=0.00046776927820203941 2.9524670861275775e-06 0.0011653132134094065 -0.00069016992414819896
leaf_weight=50 1997 54 269
leaf_count=50 1997 54 269
internal_value=-0.00010118 -0.000361757 -0.000634921
internal_weight=2370 2320 2266
internal_count=2370 2320 2266
is_linear=0
shrinkage=0.04


Tree=23
num_leaves=5
num_cat=0
split_feature=40 46 25 60
split_gain=4.52776 4.34956 5.37987 2.7576
threshold=-0.97400064663699559 5.2616153315017735 0.86939992631866492 0.091582612227368923
decision_type=2 2 2 2
left_child=-1 2 -2 -3
right_child=1 3 -4 -5
leaf_value=0.00044905850707395781 -1.245021059680159e-05 0.0001329367789244628 -0.00066441618518498619 0.0010548860987774919
leaf_weight=50 2013 51 208 48
leaf_count=50 2013 51 208 48
internal_value=-0.000134907 -0.00039621 -0.000764732 0.00772277
internal_weight=2370 2320 2221 99
internal_count=2370 2320 2221 99
is_linear=0
shrinkage=0.04


Tree=24
num_leaves=6
num_cat=0
split_feature=37 40 61 13 58
split_gain=4.2446 4.7123 8.42652 6.37085 3.5541
threshold=-0.76610939085817964 -0.49376822210454874 -0.20274815582726224 -0.27176663979384369 0.55142254237848209
decision_type=2 2 2 2 2
left_child=4 2 -2 -3 -1
right_child=1 3 -4 -5 -6
leaf_value=0.00010303460852786494 0.00062923834255222916 0.00047943762015324742 -0.00062828713005217448 -9.3935176397827376e-05 0.0010514771599816994
leaf_weight=61 58 392 327 1483 49
leaf_count=61 58 392 327 1483 49
internal_value=-0.00010118 -0.000477454 -0.00449612 0.000351625 0.0075
internal_weight=2370 2260 385 1875 110
internal_count=2370 2260 385 1875 110
is_linear=0
shrinkage=0.04


Tree=25
num_leaves=6
num_cat=0
split_feature=10 46 25 25 45
split_gain=4.18612 4.22544 4.74863 2.61805 2.25998
threshold=-0.92720632421883564 5.2616153315017735 0.86939992631866492 -0.37078038723915024 -0.30705017666139034
decision_type=2 2 2 2 2
left_child=4 2 -2 -3 -1
right_child=1 3 -4 -5 -6
leaf_value=0.00019241764577342929 -1.9121120977497116e-05 2.1452092677171422e-05 -0.00065890210612313388 0.00081644891923116623 0.00090724757850619653
leaf_weight=54 1973 45 199 53 46
leaf_count=54 1973 45 199 53 46
internal_value=-8.4317e-05 -0.000440141 -0.000809568 0.0076 0.00784314
internal_weight=2370 2270 2172 98 100
internal_count=2370 2270 2172 98 100
is_linear=0
shrinkage=0.04


Tree=26
num_leaves=5
num_cat=0
split_feature=40 28 40 42
split_gain=3.8899 4.23549 7.17413 5.02489
threshold=-0.97400064663699559 -0.59288484701552246 -0.46475067906709899 -0.74433383180874524
decision_type=2 2 2 2
left_child=-1 2 -2 -3
right_child=1 3 -4 -5
leaf_value=0.00043923253778905055 -0.00094608251330136051 0.0005336820046179943 4.650085265620548e-05 -3.8829173527205887e-05
leaf_weight=50 112 267 160 1781
leaf_count=50 112 267 160 1781
internal_value=-5.05902e-05 -0.000292851 -0.0049635 0.000331707
internal_weight=2370 2320 272 2048
internal_count=2370 2320 272 2048
is_linear=0
shrinkage=0.04


Tree=27
num_leaves=5
num_cat=0
split_feature=40 28 40 42
split_gain=3.91416 4.17326 7.17413 4.53785
threshold=-0.97400064663699559 -0.59288484701552246 -0.46475067906709899 -0.760110197019636
decision_type=2 2 2 2
left_child=-1 2 -2 -3
right_child=1 3 -4 -5
leaf_value=0.00042166323627748853 -0.00090823921276930611 0.0005112187721103234 4.4640818549957253e-05 -3.5461816436577685e-05
leaf_weight=50 112 258 160 1790
leaf_count=50 112 258 160 1790
internal_value=-8.4317e-05 -0.000327304 -0.0049635 0.000292683
internal_weight=2370 2320 272 2048
internal_count=2370 2320 272 2048
is_linear=0
shrinkage=0.04


Tree=28
num_leaves=5
num_cat=0
split_feature=40 25 35 16
split_gain=3.91416 3.97962 4.94032 4.08892
threshold=-0.97400064663699559 -1.3228096797106421 -0.60182863781658891 -0.81340432748994551
decision_type=2 2 2 2
left_child=-1 3 -3 -2
right_child=1 2 -4 -5
leaf_value=0.00040479670682638894 0.0015303944402980723 -0.00052343482887588116 4.285518580795896e-05 -8.7411106205506772e-05
leaf_weight=50 43 456 1774 47
leaf_count=50 43 456 1774 47
internal_value=-8.4317e-05 -0.000327304 -0.000663082 0.00782609
internal_weight=2370 2320 2230 90
internal_count=2370 2320 2230 90
is_linear=0
shrinkage=0.04


Tree=29
num_leaves=4
num_cat=0
split_feature=28 18 37
split_gain=4.15384 4.3218 5.59096
threshold=2.0115427622596367 0.63902903501319142 -0.75987823646863129
decision_type=2 2 2
left_child=1 2 -1
right_child=-2 -3 -4
leaf_value=0.00051565093527837654 0.0011249783773581484 -0.0008807376491572022 -4.7028041710998754e-05
leaf_weight=108 54 42 2166
leaf_count=108 54 42 2166
internal_value=-5.05902e-05 -0.000310613 -7.02988e-05
internal_weight=2370 2316 2274
internal_count=2370 2316 2274
is_linear=0
shrinkage=0.04


Tree=30
num_leaves=6
num_cat=0
split_feature=46 25 41 13 60
split_gain=4.01839 4.83699 5.61781 3.38342 2.13307
threshold=5.2616153315017735 0.95729880621181951 0.59662328511952067 0.24089547862062965 0.091582612227368923
decision_type=2 2 2 2 2
left_child=1 2 -1 -3 -2
right_child=4 3 -4 -5 -6
leaf_value=-6.6492577607031974e-05 0.00010185731188882358 -0.00073131162705099674 0.00037297665818526206 -0.00037540226046630564 0.00097969612655848088
leaf_weight=1718 51 71 384 98 48
leaf_count=1718 51 71 384 98 48
internal_value=-8.4317e-05 -0.000431148 9.5057e-05 -0.00690058 0.00772277
internal_weight=2370 2271 2102 169 99
internal_count=2370 2271 2102 169 99
is_linear=0
shrinkage=0.04


Tree=31
num_leaves=6
num_cat=0
split_feature=46 25 41 39 60
split_gain=4.00107 4.51892 5.61781 3.04809 2.13307
threshold=5.2616153315017735 0.95729880621181951 0.59662328511952067 0.59589743512621507 0.091582612227368923
decision_type=2 2 2 2 2
left_child=1 2 -1 -3 -2
right_child=4 3 -4 -5 -6
leaf_value=-6.3832874502750699e-05 9.7783019413270615e-05 -0.00069261524895401327 0.00035805759185785158 0.00015828197999824539 0.00094050828149614177
leaf_weight=1718 51 114 384 55 48
leaf_count=1718 51 114 384 55 48
internal_value=-6.74536e-05 -0.00041355 9.5057e-05 -0.00666667 0.00772277
internal_weight=2370 2271 2102 169 99
internal_count=2370 2271 2102 169 99
is_linear=0
shrinkage=0.04


Tree=32
num_leaves=6
num_cat=0
split_feature=46 25 13 13 60
split_gain=4.01839 4.49353 4.51935 3.06507 2.13307
threshold=5.2616153315017735 0.95729880621181951 -1.0358394838603977 0.24089547862062965 0.091582612227368923
decision_type=2 2 2 2 2
left_child=1 2 -1 -3 -2
right_child=4 3 -4 -5 -6
leaf_value=0.0006911775338140693 9.3871698636739805e-05 -0.00067435455201079629 -9.3699666113178374e-06 -0.00034969950466853805 0.00090288795023629601
leaf_weight=45 51 71 2057 98 48
leaf_count=45 51 71 2057 98 48
internal_value=-8.4317e-05 -0.000431148 7.60456e-05 -0.00666667 0.00772277
internal_weight=2370 2271 2102 169 99
internal_count=2370 2271 2102 169 99
is_linear=0
shrinkage=0.04


Tree=33
num_leaves=6
num_cat=0
split_feature=46 25 41 13 60
split_gain=4.03575 4.4682 5.19018 3.06507 2.13307
threshold=5.2616153315017735 0.95729880621181951 0.59662328511952067 0.24089547862062965 0.091582612227368923
decision_type=2 2 2 2 2
left_child=1 2 -1 -3 -2
right_child=4 3 -4 -5 -6
leaf_value=-6.0904760858187975e-05 9.0116830691270235e-05 -0.00064738036993036458 0.00034411008684799024 -0.00033571152448179652 0.00086677243222684419
leaf_weight=1718 51 71 384 98 48
leaf_count=1718 51 71 384 98 48
internal_value=-0.00010118 -0.000448746 5.70342e-05 -0.00666667 0.00772277
internal_weight=2370 2271 2102 169 99
internal_count=2370 2271 2102 169 99
is_linear=0
shrinkage=0.04


Tree=34
num_leaves=7
num_cat=0
split_feature=41 14 10 5 10 36
split_gain=3.74931 6.50429 5.08496 5.04361 4.78162 3.62694
threshold=0.61404315678016219 -0.94851386778873026 -0.5126832791074637 -0.2274019280219374 1.4620459300711399 -0.51718408489458623
decision_type=2 2 2 2 2 2
left_child=3 -2 -3 5 -5 -1
right_child=1 2 -4 4 -6 -7
leaf_value=-8.8262256807725004e-05 -0.0010522632550789982 0.00062125701843933454 7.0988968214915e-05 -0.00033760209691883732 0.0006634035310041647 0.00039850538066904252
leaf_weight=387 46 173 249 959 70 486
leaf_count=387 46 173 249 959 70 486
internal_value=-5.05902e-05 0.00314894 0.00471698 -0.000840336 -0.00273521 0.00139429
internal_weight=2370 468 422 1902 1029 873
internal_count=2370 468 422 1902 1029 873
is_linear=0
shrinkage=0.04


Tree=35
num_leaves=5
num_cat=0
split_feature=24 35 36 61
split_gain=3.75235 4.24145 6.96186 4.26267
threshold=-1.4250017837265048 -0.60182863781658891 -0.23038527448237298 0.19383425271661933
decision_type=2 2 2 2
left_child=-1 3 -3 -2
right_child=1 2 -4 -5
leaf_value=0.0013728208625223531 -0.00028277129636728907 0.00053009534158146338 -5.522297495159173e-05 -0.00079076562946056291
leaf_weight=60 430 324 1500 56
leaf_count=60 430 324 1500 56
internal_value=-3.37268e-05 -0.000294118 0.000591457 -0.00360656
internal_weight=2370 2310 1824 486
internal_count=2370 2310 1824 486
is_linear=0
shrinkage=0.04


Tree=36
num_leaves=8
num_cat=0
split_feature=16 41 14 46 48 48 59
split_gain=3.6729 4.92051 5.96257 5.21205 2.23504 2.54891 1.87833
threshold=-0.87332803801139591 0.43816316915649423 -0.98144309093194149 -2.6942456312764165 -1.081951153427589 -1.2844616135101885 0.049292794150470783
decision_type=2 2 2 2 2 2 2
left_child=4 3 -3 -2 5 -1 -6
right_child=1 2 -4 -5 6 -7 -8
leaf_value=0.00095520399667764347 -0.001161839879854798 -0.00083534161780396139 0.00025892157944083804 -8.2514184220421866e-05 0.00089734551337080032 -0.00046617896021479145 0.00047028824162983514
leaf_weight=63 91 52 595 1412 49 45 63
leaf_count=63 91 52 595 1412 49 45 63
internal_value=-3.37268e-05 -0.000539033 0.00237288 -0.00179402 0.00486486 0.000727273 0.00877193
internal_weight=2370 2150 647 1503 220 108 112
internal_count=2370 2150 647 1503 220 108 112
is_linear=0
shrinkage=0.04


Tree=37
num_leaves=6
num_cat=0
split_feature=35 37 40 58 26
split_gain=3.53858 4.083 4.62044 4.33913 2.7817
threshold=0.99820722300014497 -0.63878744248698072 -0.30608636095046426 0.55960097127807618 0.4267366518966349
decision_type=2 2 2 2 2
left_child=1 3 -3 -1 -2
right_child=4 2 -4 -5 -6
leaf_value=3.2662227226317121e-05 -0.0015909748271260482 -0.00025763073198976151 9.6995021326419135e-05 0.00081517088891565294 -0.00053543606247840117
leaf_weight=126 44 559 1518 77 46
leaf_count=126 44 559 1518 77 46
internal_value=-0.000134907 0.000175285 -0.00035594 0.00556098 -0.00782609
internal_weight=2370 2280 2077 203 90
internal_count=2370 2280 2077 203 90
is_linear=0
shrinkage=0.04


Tree=38
num_leaves=5
num_cat=0
split_feature=35 41 23 37
split_gain=3.48776 5.16415 5.62229 4.6421
threshold=1.039395282782799 0.43816316915649423 -0.22468910518175472 -0.40659618167760209
decision_type=2 2 2 2
left_child=1 2 -1 -3
right_child=-2 3 -4 -5
leaf_value=0.00016313659433442879 -0.0011710182675713885 0.00044251399492581308 -0.0003076714046644747 7.2521591306857447e-05
leaf_weight=857 72 228 842 371
leaf_count=857 72 228 842 371
internal_value=-0.00010118 0.000173913 -0.000952381 0.00336106
internal_weight=2370 2298 1699 599
internal_count=2370 2298 1699 599
is_linear=0
shrinkage=0.04


Tree=39
num_leaves=5
num_cat=0
split_feature=35 41 46 37
split_gain=3.48776 4.75003 6.19815 4.63151
threshold=1.039395282782799 0.40308680202977132 -2.6942456312764165 -0.37826062271124883
decision_type=2 2 2 2
left_child=1 2 -1 -3
right_child=-2 3 -4 -5
leaf_value=-0.00091891302575594538 -0.001124177536868533 0.0004156373726620547 -2.9339191863942751e-05 3.5104857408340841e-05
leaf_weight=105 72 260 1541 392
leaf_count=105 72 260 1541 392
internal_value=-0.00010118 0.000173913 -0.000970874 0.0030581
internal_weight=2370 2298 1646 652
internal_count=2370 2298 1646 652
is_linear=0
shrinkage=0.04


Tree=40
num_leaves=7
num_cat=0
split_feature=16 46 37 48 48 59
split_gain=3.56846 3.81022 3.59318 2.0791 2.18866 2.13835
threshold=-0.90232949984086652 6.5800175089735982 -0.66828481721552258 -1.081951153427589 -1.2844616135101885 0.049292794150470783
decision_type=2 2 2 2 2 2
left_child=3 2 -2 4 -1 -5
right_child=1 -3 -4 5 -6 -7
leaf_value=0.00093822490722115484 0.00022410539557192206 0.00071163224897097396 -0.00011326210513675668 0.00086640502601673943 -0.00045676349875807613 0.00047609849239087319
leaf_weight=62 196 58 1916 43 41 54
leaf_count=62 196 58 1916 43 41 54
internal_value=-0.000134907 -0.000607735 -0.000889309 0.0049505 0.000952381 0.00909091
internal_weight=2370 2170 2112 200 103 97
internal_count=2370 2170 2112 200 103 97
is_linear=0
shrinkage=0.04


Tree=41
num_leaves=4
num_cat=0
split_feature=59 35 41
split_gain=3.47808 5.12922 3.98876
threshold=2.3053075081778682 1.039395282782799 0.40308680202977132
decision_type=2 2 2
left_child=1 2 -1
right_child=-2 -3 -4
leaf_value=-8.9827154586847574e-05 0.0016085148519480036 -0.0013158841860341803 0.00020000653526705214
leaf_weight=1614 45 66 645
leaf_count=1614 45 66 645
internal_value=-0.000134907 -0.000352385 -2.65369e-05
internal_weight=2370 2325 2259
internal_count=2370 2325 2259
is_linear=0
shrinkage=0.04


Tree=42
num_leaves=4
num_cat=0
split_feature=59 35 37
split_gain=3.48897 4.57148 3.91913
threshold=2.3053075081778682 1.039395282782799 -0.63878744248698072
decision_type=2 2 2
left_child=1 2 -1
right_child=-2 -3 -4
leaf_value=0.0002382150686965854 0.0015441742578700835 -0.0012632488185928131 -3.4942191898650608e-05
leaf_weight=208 45 66 2051
leaf_count=208 45 66 2051
internal_value=-0.000151771 -0.000369575 -6.19195e-05
internal_weight=2370 2325 2259
internal_count=2370 2325 2259
is_linear=0
shrinkage=0.04


Tree=43
num_leaves=4
num_cat=0
split_feature=59 35 37
split_gain=3.46722 4.08936 3.89256
threshold=2.3053075081778682 1.039395282782799 -0.63878744248698072
decision_type=2 2 2
left_child=1 2 -1
right_child=-2 -3 -4
leaf_value=0.00022868646594872193 0.0014824072875552802 -0.0012127188658491007 -3.3544504222704567e-05
leaf_weight=208 45 66 2051
leaf_count=208 45 66 2051
internal_value=-0.000118044 -0.000335196 -4.42282e-05
internal_weight=2370 2325 2259
internal_count=2370 2325 2259
is_linear=0
shrinkage=0.04


Tree=44
num_leaves=6
num_cat=0
split_feature=46 25 13 13 25
split_gain=3.39273 4.73537 3.42541 3.35228 3.11303
threshold=4.2983193700832087 0.95729880621181951 0.24089547862062965 -1.0358394838603977 0.39652108442781892
decision_type=2 2 2 2 2
left_child=1 3 -3 -1 -2
right_child=4 2 -4 -5 -6
leaf_value=0.00067916234197856642 1.0493312035601363e-05 -0.00069528941854082112 -0.0001469389109014295 -7.2539528614601332e-06 0.00090343345266374192
leaf_weight=45 70 71 95 2033 56
leaf_count=45 70 71 95 2033 56
internal_value=-8.4317e-05 -0.000445236 -0.00690476 7.69231e-05 0.00625
internal_weight=2370 2244 166 2078 126
internal_count=2370 2244 166 2078 126
is_linear=0
shrinkage=0.04


Tree=45
num_leaves=8
num_cat=0
split_feature=16 40 39 36 60 3 26
split_gain=3.74908 3.61053 6.20419 5.3267 1.99904 3.40659 3.29749
threshold=-0.87332803801139591 0.93226053028807032 1.9043674126061418 1.1530455401054185 -0.70329214163039755 -1.1893699334458392 -1.1392146008956598
decision_type=2 2 2 2 2 2 2
left_child=4 3 -3 -2 5 -1 -6
right_child=1 2 -4 -5 6 -7 -8
leaf_value=0.00011068742782732 -4.9840086657915832e-05 0.0011904646097147683 -0.00068293778058798162 -0.0013098881098008558 0.00073085129361640769 0.0012556617794028824 -0.00094322652061787956
leaf_weight=58 1850 189 58 53 48 73 41
leaf_count=58 1850 189 58 53 48 73 41
internal_value=-8.4317e-05 -0.000594796 0.00393574 -0.00118635 0.00486486 0.00796992 0.00021978
internal_weight=2370 2150 247 1903 220 131 89
internal_count=2370 2150 247 1903 220 131 89
is_linear=0
shrinkage=0.04


Tree=46
num_leaves=4
num_cat=0
split_feature=59 35 37
split_gain=3.47808 4.07482 3.63752
threshold=2.3053075081778682 1.039395282782799 -0.63878744248698072
decision_type=2 2 2
left_child=1 2 -1
right_child=-2 -3 -4
leaf_value=0.00021873220147974705 0.0014507186653910467 -0.0011087307295478447 -2.991896247302131e-05
leaf_weight=208 45 66 2051
leaf_count=208 45 66 2051
internal_value=-0.000134907 -0.000352385 -6.19195e-05
internal_weight=2370 2325 2259
internal_count=2370 2325 2259
is_linear=0
shrinkage=0.04


Tree=47
num_leaves=5
num_cat=0
split_feature=28 35 37 59
split_gain=3.20391 3.12119 5.05667 3.9331
threshold=2.0115427622596367 0.62778787967132021 -0.76610939085817964 1.271217801015162
decision_type=2 2 2 2
left_child=1 2 -1 -3
right_child=-2 3 -4 -5
leaf_value=0.00080755919215314996 0.00092287068858861094 -0.00037226250416136082 -7.5369435374392226e-06 0.00060178180288408703
leaf_weight=65 54 319 1879 53
leaf_count=65 54 319 1879 53
internal_value=-0.000168634 -0.000396894 0.00024666 -0.00374332
internal_weight=2370 2316 1944 372
internal_count=2370 2316 1944 372
is_linear=0
shrinkage=0.04


Tree=48
num_leaves=4
num_cat=0
split_feature=28 18 10
split_gain=3.14709 3.14877 3.52994
threshold=2.0115427622596367 0.63902903501319142 -0.92720632421883564
decision_type=2 2 2
left_child=1 2 -1
right_child=-2 -3 -4
leaf_value=0.00039349731276486596 0.00088595586104506642 -0.00074228430582088615 -2.5669544564197387e-05
leaf_weight=91 54 42 2183
leaf_count=91 54 42 2183
internal_value=-8.4317e-05 -0.000310613 -0.000105448
internal_weight=2370 2316 2274
internal_count=2370 2316 2274
is_linear=0
shrinkage=0.04


Tree=49
num_leaves=8
num_cat=0
split_feature=16 41 40 14 48 48 59
split_gain=2.97485 3.54322 4.98511 4.56301 2.05485 2.29926 1.82994
threshold=-0.87332803801139591 0.40308680202977132 -0.44312319151826424 -0.98144309093194149 -1.081951153427589 -1.2844616135101885 0.049292794150470783
decision_type=2 2 2 2 2 2 2
left_child=4 2 -2 -3 5 -1 -6
right_child=1 3 -4 -5 6 -7 -8
leaf_value=0.0008749553766224952 -0.00054053112159228942 -0.00047958508473468594 -2.6269112903264461e-05 0.00020819244915503806 0.00078576724717054449 -0.0004344826163509556 0.00041619356796729373
leaf_weight=63 281 56 1168 645 49 45 63
leaf_count=63 281 56 1168 645 49 45 63
internal_value=-8.4317e-05 -0.000539033 -0.00166782 0.00179232 0.00432432 0.000363636 0.00807018
internal_weight=2370 2150 1449 701 220 108 112
internal_count=2370 2150 1449 701 220 108 112
is_linear=0
shrinkage=0.04


Tree=50
num_leaves=5
num_cat=0
split_feature=59 35 37 46
split_gain=2.93026 3.7022 5.31809 3.40189
threshold=2.3053075081778682 0.62778787967132021 -0.66828481721552258 0.61617135482182661
decision_type=2 2 2 2
left_child=1 2 -1 -3
right_child=-2 3 -4 -5
leaf_value=0.00069773753974682301 0.0013213876213061884 -0.00062519597685933956 -8.77950931997721e-06 -1.2005093277527544e-05
leaf_weight=112 45 172 1850 191
leaf_count=112 45 172 1850 191
internal_value=-0.00010118 -0.000300817 0.000386965 -0.004
internal_weight=2370 2325 1962 363
internal_count=2370 2325 1962 363
is_linear=0
shrinkage=0.04


Tree=51
num_leaves=5
num_cat=0
split_feature=28 7 40 63
split_gain=3.14709 3.20859 3.53735 2.78509
threshold=2.0115427622596367 -0.66953718131209772 0.93226053028807032 -0.16882206657126969
decision_type=2 2 2 2
left_child=1 3 -3 -1
right_child=-2 2 -4 -5
leaf_value=0.00068716857611175232 0.00080438627043702795 -0.00011805087607639438 0.00070893746336567925 7.2431607774802853e-06
leaf_weight=90 54 1836 252 138
leaf_count=90 54 1836 252 138
internal_value=-8.4317e-05 -0.000310613 -0.000803828 0.00417391
internal_weight=2370 2316 2088 228
internal_count=2370 2316 2088 228
is_linear=0
shrinkage=0.04


Tree=52
num_leaves=6
num_cat=0
split_feature=46 37 39 13 47
split_gain=2.90309 3.56723 5.29849 4.30877 2.51786
threshold=5.2616153315017735 1.2712373672492923 1.9043674126061418 -0.22422311725161873 0.279329328515668
decision_type=2 2 2 2 2
left_child=1 3 -3 -1 -2
right_child=4 2 -4 -5 -6
leaf_value=7.2797580373534931e-05 -3.1570361543985171e-05 0.0014994133959931614 -0.0005123087255927963 -0.00025505429471064727 0.0011030818832077382
leaf_weight=901 42 155 53 1162 57
leaf_count=901 42 155 53 1162 57
internal_value=-0.00010118 -0.000395952 0.00457143 -0.000900726 0.00653465
internal_weight=2370 2271 208 2063 99
internal_count=2370 2271 208 2063 99
is_linear=0
shrinkage=0.04


Tree=53
num_leaves=6
num_cat=0
split_feature=7 41 59 26 63
split_gain=2.89587 3.12757 3.23631 2.49017 2.36242
threshold=-0.77498785029749095 -1.2712620459669848 2.3053075081778682 -0.23956093399937298 -0.017424409851989824
decision_type=2 2 2 2 2
left_child=3 -2 -3 -1 -5
right_child=1 2 -4 4 -6
leaf_value=-7.525706986385865e-05 0.00094519656642130378 -6.6906157548077475e-05 0.0012568490146601715 0.0010885215337946787 0.00011896504195279777
leaf_weight=41 63 2132 45 41 48
leaf_count=41 63 2132 45 41 48
internal_value=0 -0.000338983 -0.000596604 0.00575758 0.00945055
internal_weight=2370 2240 2177 130 89
internal_count=2370 2240 2177 130 89
is_linear=0
shrinkage=0.04


Tree=54
num_leaves=6
num_cat=0
split_feature=28 37 42 58 37
split_gain=2.94559 3.86262 4.11123 4.08926 2.96361
threshold=-0.72585518529520709 -0.5988196261686598 -0.74433383180874524 0.55142254237848209 -0.46990961765497813
decision_type=2 2 2 2 2
left_child=4 3 -3 -2 -1
right_child=1 2 -4 -5 -6
leaf_value=-0.0011591444550981536 4.6668303693024973e-05 0.00035783279631239492 -7.8379753079004609e-05 0.00071290512801904155 -0.00012047299142959712
leaf_weight=45 146 288 1752 84 55
leaf_count=45 146 288 1752 84 55
internal_value=-1.68634e-05 0.00028169 -0.000274241 0.00517241 -0.00666667
internal_weight=2370 2270 2040 230 100
internal_count=2370 2270 2040 230 100
is_linear=0
shrinkage=0.04


Tree=55
num_leaves=8
num_cat=0
split_feature=25 28 35 33 26 35 48
split_gain=2.99956 4.75204 5.31368 4.46872 4.99155 4.01823 2.47136
threshold=0.79066405081951741 0.89026903245456523 0.62778787967132021 0.51747967603818357 0.60951071196796092 0.050564037117932691 0.62733690790684415
decision_type=2 2 2 2 2 2 2
left_child=3 2 -2 4 -1 -5 -3
right_child=1 6 -4 5 -6 -7 -8
leaf_value=6.0734579927655931e-05 -0.00027697915811071599 0.0011578632353945548 -0.0014380825012318447 0.0011259349976793158 -0.000719371613122484 0.00015201059774093412 -0.00010103823716726122
leaf_weight=1509 104 49 68 63 283 227 67
leaf_count=1509 104 49 68 63 283 227 67
internal_value=-5.05902e-05 -0.00386207 -0.00804598 0.000479846 -0.000267559 0.00506849 0.00237288
internal_weight=2370 288 172 2082 1792 290 116
internal_count=2370 288 172 2082 1792 290 116
is_linear=0
shrinkage=0.04


Tree=56
num_leaves=6
num_cat=0
split_feature=28 7 41 18 11
split_gain=2.91581 4.01415 3.77174 3.54043 2.14943
threshold=-0.72585518529520709 -0.070957282542287087 -1.0413492880395385 0.62910602639221758 0.33889154662014076
decision_type=2 2 2 2 2
left_child=4 3 -3 -2 -1
right_child=1 2 -4 -5 -6
leaf_value=-0.0017168072053752564 0.00019282352580043524 0.00093814403191592077 -0.00014933803307052646 -0.00044480216189220656 2.5234504392285669e-05
leaf_weight=56 947 88 1191 44 44
leaf_count=56 947 88 1191 44 44
internal_value=-5.05902e-05 0.000246479 -0.00123341 0.00215509 -0.00666667
internal_weight=2370 2270 1279 991 100
internal_count=2370 2270 1279 991 100
is_linear=0
shrinkage=0.04


Tree=57
num_leaves=4
num_cat=0
split_feature=28 18 7
split_gain=2.93026 2.82304 3.34201
threshold=2.1290536393452704 0.63902903501319142 -0.66953718131209772
decision_type=2 2 2
left_child=1 2 -1
right_child=-2 -3 -4
leaf_value=0.00028808940367426616 0.0010301414487330245 -0.00058605115307721451 -3.8914299210344415e-05
leaf_weight=214 45 43 2068
leaf_count=214 45 43 2068
internal_value=-0.00010118 -0.000300817 -0.000105079
internal_weight=2370 2325 2282
internal_count=2370 2325 2282
is_linear=0
shrinkage=0.04


Tree=58
num_leaves=4
num_cat=0
split_feature=59 35 39
split_gain=2.95026 4.08936 3.46644
threshold=2.3053075081778682 1.039395282782799 1.9043674126061418
decision_type=2 2 2
left_child=1 2 -1
right_child=-2 -3 -4
leaf_value=1.0623140627966411e-05 0.001154600222397663 -0.0010106638300153301 -0.001438244447487084
leaf_weight=2219 45 66 40
leaf_count=2219 45 66 40
internal_value=-0.000134907 -0.000335196 -4.42282e-05
internal_weight=2370 2325 2259
internal_count=2370 2325 2259
is_linear=0
shrinkage=0.04


Tree=59
num_leaves=7
num_cat=0
split_feature=37 59 53 25 14 41
split_gain=3.53667 4.64844 9.40141 5.52651 3.70096 5.70269
threshold=1.1065576463016624 0.2018189160020539 -0.74999999999999989 -0.85606858361083471 -0.54861694656826987 -0.81565182960179194
decision_type=2 2 2 2 2 2
left_child=1 3 -3 -1 -2 -6
right_child=4 2 -4 -5 5 -7
leaf_value=-0.00053623575246348619 0.0014739995198756451 0.0012405486192593369 -0.00059386719364017202 8.7462959177348547e-05 0.0015453922120991404 -0.00023262893792372401
leaf_weight=96 49 66 577 1316 80 186
leaf_count=96 49 66 577 1316 80 186
internal_value=-8.4317e-05 -0.000690326 -0.00350388 0.000594059 0.00384858 0.0019403
internal_weight=2370 2055 643 1412 315 266
internal_count=2370 2055 643 1412 315 266
is_linear=0
shrinkage=0.04


Tree=60
num_leaves=4
num_cat=0
split_feature=59 35 59
split_gain=2.88055 3.24444 3.22251
threshold=2.3053075081778682 1.039395282782799 1.7265552455785638
decision_type=2 2 2
left_child=1 2 -1
right_child=-2 -3 -4
leaf_value=1.7051548649879428e-05 0.0010466005250177907 -0.0009601091921254604 -0.0014002993952807149
leaf_weight=2215 45 66 44
leaf_count=2215 45 66 44
internal_value=-1.68634e-05 -0.000214869 4.42282e-05
internal_weight=2370 2325 2259
internal_count=2370 2325 2259
is_linear=0
shrinkage=0.04


Tree=61
num_leaves=5
num_cat=0
split_feature=24 35 36 43
split_gain=3.27033 4.49943 7.50175 4.05522
threshold=-1.4250017837265048 -0.60182863781658891 -0.23038527448237298 -0.62671502076104779
decision_type=2 2 2 2
left_child=-1 3 -3 -2
right_child=1 2 -4 -5
leaf_value=0.00092848166222481707 -0.0015844629576323716 0.00050222725654954794 -2.921098827715355e-05 -0.00027549333032735323
leaf_weight=60 65 324 1500 421
leaf_count=60 65 324 1500 421
internal_value=-3.37268e-05 -0.000276817 0.000635268 -0.00368852
internal_weight=2370 2310 1824 486
internal_count=2370 2310 1824 486
is_linear=0
shrinkage=0.04


Tree=62
num_leaves=6
num_cat=0
split_feature=28 7 25 37 37
split_gain=2.829 3.10226 3.93158 3.76085 2.61324
threshold=-0.7499239408899524 -0.070957282542287087 0.95729880621181951 1.1065576463016624 -0.45239300672343891
decision_type=2 2 2 2 2
left_child=4 2 -2 -3 -1
right_child=1 3 -4 -5 -6
leaf_value=-0.0010434928225954798 0.00018359116158161393 -0.00020020294644300523 -0.00037211443773538857 0.00046207168792337217 2.7568426875841222e-05
leaf_weight=40 939 991 65 295 40
leaf_count=40 939 991 65 295 40
internal_value=-1.68634e-05 0.000244328 0.00190855 -0.0010559 -0.00731707
internal_weight=2370 2290 1004 1286 80
internal_count=2370 2290 1004 1286 80
is_linear=0
shrinkage=0.04


Tree=63
num_leaves=5
num_cat=0
split_feature=40 40 37 2
split_gain=2.79005 3.95056 4.77388 1.947
threshold=-0.97400064663699559 -0.77058771480658417 -0.66828481721552258 -0.058308067096912941
decision_type=2 2 2 2
left_child=-1 3 -3 -2
right_child=1 2 -4 -5
leaf_value=0.00028016275016773569 -7.8496161660497179e-05 0.00049511299391860348 -1.7524826433495643e-05 -0.0010806058952629164
leaf_weight=50 42 130 2100 48
leaf_count=50 42 130 2100 48
internal_value=6.74536e-05 -0.000137812 0.000197133 -0.00826087
internal_weight=2370 2320 2230 90
internal_count=2370 2320 2230 90
is_linear=0
shrinkage=0.04


Tree=64
num_leaves=6
num_cat=0
split_feature=28 42 13 17 24
split_gain=2.80294 2.71389 3.42441 1.1802 0.898955
threshold=-0.7499239408899524 1.2302966699548583 -0.78611975771195108 0.56618360308446702 0.063841227478901821
decision_type=2 2 2 2 2
left_child=4 2 -2 -3 -1
right_child=1 3 -4 -5 -6
leaf_value=-5.1175507272167431e-05 0.00030543916544384516 -0.00039812955658176076 1.6030227089216046e-06 -8.4158373748413098e-06 -0.00048825301986795246
leaf_weight=40 185 49 2015 41 40
leaf_count=40 185 49 2015 41 40
internal_value=-5.05902e-05 0.000209424 0.000490463 -0.00652174 -0.00731707
internal_weight=2370 2290 2200 90 80
internal_count=2370 2290 2200 90 80
is_linear=0
shrinkage=0.04


Tree=65
num_leaves=7
num_cat=0
split_feature=53 40 20 53 48 35
split_gain=2.92289 10.0627 5.36752 3.657 5.14561 3.96309
threshold=-0.74999999999999989 0.24621933505858182 0.31756653763050552 -0.58333333333333315 -0.37834955378923968 -0.61024213836396257
decision_type=2 2 2 2 2 2
left_child=1 2 -1 4 -2 -5
right_child=3 -3 -4 5 -6 -7
leaf_value=0.00028725206389663846 -0.0017164433063866559 0.0019416310272967927 -0.00050724136901881037 -0.00043864573772475117 -0.00014887338105291293 7.2982737910172148e-05
leaf_weight=109 58 70 61 427 173 1472
leaf_count=109 58 70 61 427 173 1472
internal_value=-3.37268e-05 0.00413223 -0.00116279 -0.000506567 -0.00523605 7.36454e-05
internal_weight=2370 240 170 2130 231 1899
internal_count=2370 240 170 2130 231 1899
is_linear=0
shrinkage=0.04


Tree=66
num_leaves=7
num_cat=0
split_feature=28 61 42 42 37 40
split_gain=2.87271 5.73137 5.46749 3.81204 4.1446 2.99068
threshold=-0.59288484701552246 -0.31558647800197021 0.11440387578854884 -0.74433383180874524 -0.5988196261686598 0.48480279775442853
decision_type=2 2 2 2 2 2
left_child=1 -1 -3 5 -5 -2
right_child=3 2 -4 4 -6 -7
leaf_value=0.00054019129959197057 0.00050268788923188141 -0.00063191799137710862 0.00015309792262831903 0.00024326353343677437 -5.189075882369887e-05 -6.0113679727869136e-05
leaf_weight=54 175 141 95 206 1607 92
leaf_count=54 175 141 95 206 1607 92
internal_value=1.68634e-05 -0.00369863 -0.00638655 0.000537944 -0.000121212 0.00498141
internal_weight=2370 290 236 2080 1813 267
internal_count=2370 290 236 2080 1813 267
is_linear=0
shrinkage=0.04


Tree=67
num_leaves=7
num_cat=0
split_feature=53 40 4 53 35 24
split_gain=2.6729 10.3291 5.39982 3.19934 4.18452 4.09319
threshold=-0.74999999999999989 0.24621933505858182 0.013481362929285144 -0.58333333333333315 -0.61024213836396257 -0.007761239494224601
decision_type=2 2 2 2 2 2
left_child=1 2 -1 5 -5 -2
right_child=3 -3 -4 4 -6 -7
leaf_value=0.00053876717759644341 -0.0013179900606300932 0.0018549498435967574 -0.0003716452608952089 -0.00041536671465036674 7.1866757974681927e-05 -4.2393283478070809e-05
leaf_weight=79 91 70 91 427 1472 140
leaf_count=79 91 70 91 427 1472 140
internal_value=-1.68634e-05 0.00396694 -0.00139535 -0.000469043 7.36454e-05 -0.0048927
internal_weight=2370 240 170 2130 1899 231
internal_count=2370 240 170 2130 1899 231
is_linear=0
shrinkage=0.04


Tree=68
num_leaves=7
num_cat=0
split_feature=16 26 28 46 15 36
split_gain=2.72621 3.08541 5.43083 4.47771 2.52877 3.17956
threshold=-0.94884558700964672 -0.26575727045865155 1.7314320925526236 -2.4961178549153749 -1.139733267441889 -0.5091408167570366
decision_type=2 2 2 2 2 2
left_child=4 3 -3 -2 5 -1
right_child=1 2 -4 -5 -6 -7
leaf_value=-0.00045589217313782944 -0.0019514900329022384 9.9474284236070881e-06 0.00088561346206578043 -0.00011018915078064005 0.0008275640310320628 0.0014094043869462419
leaf_weight=56 40 1475 45 640 73 41
leaf_count=56 40 1475 45 640 73 41
internal_value=3.37268e-05 -0.000345141 0.00065703 -0.00258065 0.00488372 0.000606061
internal_weight=2370 2200 1520 680 170 97
internal_count=2370 2200 1520 680 170 97
is_linear=0
shrinkage=0.04


Tree=69
num_leaves=6
num_cat=0
split_feature=40 39 36 40 28
split_gain=2.8855 5.47686 5.05784 4.74141 4.19205
threshold=0.91148460633578543 1.9043674126061418 1.1872428634530801 0.4906652615082861 0.38539457396246268
decision_type=2 2 2 2 2
left_child=2 4 3 -1 -2
right_child=1 -3 -4 -5 -6
leaf_value=4.4469471784252951e-05 -0.00010414353411970077 -0.00063946096967388134 -0.0012150548675007135 -0.00044046089671456761 0.0015587697779609936
leaf_weight=1669 72 63 40 382 144
leaf_count=1669 72 63 40 382 144
internal_value=-3.37268e-05 0.00377224 -0.000544673 -0.00026303 0.00678899
internal_weight=2370 279 2091 2051 216
internal_count=2370 279 2091 2051 216
is_linear=0
shrinkage=0.04


Tree=70
num_leaves=5
num_cat=0
split_feature=24 53 40 28
split_gain=2.89522 2.53006 9.29659 3.47487
threshold=-1.5469898676357243 -0.74999999999999989 0.24621933505858182 0.054398683164614568
decision_type=2 2 2 2
left_child=-1 2 -2 -3
right_child=1 3 -4 -5
leaf_value=0.00098436124108400498 -0.00010779390163054357 7.3458635521578329e-05 0.0017462586428930206 -0.00016570793215661133
leaf_weight=40 170 1110 65 985
leaf_count=40 170 1110 65 985
internal_value=6.74536e-05 -0.000120069 0.00379747 -0.000562709
internal_weight=2370 2330 235 2095
internal_count=2370 2330 235 2095
is_linear=0
shrinkage=0.04


Tree=71
num_leaves=6
num_cat=0
split_feature=25 35 5 14 17
split_gain=2.89479 3.69671 5.65192 3.8201 3.03557
threshold=-1.3228096797106421 -0.60182863781658891 -0.25139166254033568 -0.57616001574170639 -0.5441119737501966
decision_type=2 2 2 2 2
left_child=4 3 -3 -2 -1
right_child=1 2 -4 -5 -6
leaf_value=0.001261300296762643 0.00035701883521608565 0.00041574638919695845 -2.8718746481890338e-05 -0.00055532352349974728 -6.8077861844534694e-06
leaf_weight=42 68 489 1335 388 48
leaf_count=42 68 489 1335 388 48
internal_value=0 -0.000280456 0.000525739 -0.00349345 0.00695652
internal_weight=2370 2280 1824 456 90
internal_count=2370 2280 1824 456 90
is_linear=0
shrinkage=0.04


Tree=72
num_leaves=4
num_cat=0
split_feature=25 28 18
split_gain=2.76526 2.3377 2.39525
threshold=-1.4604361503002512 -0.80184225235338336 0.63902903501319142
decision_type=2 2 2
left_child=-1 -2 -3
right_child=1 2 -4
leaf_value=0.0012721290636526466 -0.00074921742038420666 7.1761776159513101e-06 -0.00048518363329835352
leaf_weight=60 40 2225 45
leaf_count=60 40 2225 45
internal_value=5.05902e-05 -0.00017301 0
internal_weight=2370 2310 2270
internal_count=2370 2310 2270
is_linear=0
shrinkage=0.04


Tree=73
num_leaves=7
num_cat=0
split_feature=53 40 20 53 48 28
split_gain=2.80587 9.19093 4.91191 3.28126 4.82204 3.65117
threshold=-0.74999999999999989 0.24621933505858182 0.31756653763050552 -0.58333333333333315 -0.37834955378923968 -0.59288484701552246
decision_type=2 2 2 2 2 2
left_child=1 2 -1 4 -2 -5
right_child=3 -3 -4 5 -6 -7
leaf_value=0.00025133594714309832 -0.0015964371663649396 0.0016714136718440731 -0.00042274821027490613 -0.00031815930663621093 -9.5971267320904135e-05 5.0180712953784914e-05
leaf_weight=109 58 70 61 220 173 1679
leaf_count=109 58 70 61 220 173 1679
internal_value=5.05902e-05 0.00413223 -0.000930233 -0.000412758 -0.0048927 0.00013677
internal_weight=2370 240 170 2130 231 1899
internal_count=2370 240 170 2130 231 1899
is_linear=0
shrinkage=0.04


Tree=74
num_leaves=7
num_cat=0
split_feature=35 11 47 36 61 63
split_gain=2.73635 3.61909 3.95944 3.37322 2.78524 2.20833
threshold=0.79286049044460882 -0.14547802838525095 1.264025229424065 0.85032452934534586 -0.21461117233148611 0.60634840130756074
decision_type=2 2 2 2 2 2
left_child=3 5 -3 4 -1 -2
right_child=1 2 -4 -5 -6 -7
leaf_value=0.00014776664794901667 -8.6856581662990149e-05 -0.0012410696642223265 4.3807167632790369e-05 0.0007523464951534434 -4.2903510863597057e-05 0.00048054854670160187
leaf_weight=893 54 81 41 60 1201 40
leaf_count=893 54 81 41 60 1201 40
internal_value=5.05902e-05 -0.00422018 -0.00870968 0.000482375 0.000209924 0.00166667
internal_weight=2370 216 122 2154 2094 94
internal_count=2370 216 122 2154 2094 94
is_linear=0
shrinkage=0.04


Tree=75
num_leaves=8
num_cat=0
split_feature=35 7 40 39 26 59 11
split_gain=3.13371 3.61323 3.22941 6.29231 4.71393 2.51863 1.8583
threshold=0.79286049044460882 0.17884648756005853 0.87890063675755215 1.9043674126061418 0.60951071196796092 -0.48545395052611762 0.014033209639538557
decision_type=2 2 2 2 2 2 2
left_child=2 5 4 -4 -1 -2 -3
right_child=1 6 3 -5 -6 -7 -8
leaf_value=4.9734147134179313e-05 -0.00030256868815134642 -0.00013184084313582519 0.0013535323484942579 -0.0006383332747808561 -0.00050713318494075899 0.00025774098737852796 -0.0013366108798088649
leaf_weight=1620 54 40 172 59 303 82 40
leaf_count=1620 54 40 172 59 303 82 40
internal_value=-1.68634e-05 -0.00458716 0.000445269 0.0048927 -9.35065e-05 -0.00057971 -0.0112195
internal_weight=2370 216 2154 231 1923 136 80
internal_count=2370 216 2154 231 1923 136 80
is_linear=0
shrinkage=0.04


Tree=76
num_leaves=5
num_cat=0
split_feature=40 40 60 13
split_gain=2.81061 4.00441 6.91531 4.07612
threshold=-0.97400064663699559 -0.49376822210454874 -0.70329214163039755 -0.27176663979384369
decision_type=2 2 2 2
left_child=-1 2 -2 -3
right_child=1 3 -4 -5
leaf_value=0.00026981219830212491 0.0004330756927053771 0.00036386565609143064 -0.00036465304731319643 -2.7382215443127676e-05
leaf_weight=50 48 396 385 1491
leaf_count=50 48 396 385 1491
internal_value=3.37268e-05 -0.000172265 -0.00363218 0.000624669
internal_weight=2370 2320 433 1887
internal_count=2370 2320 433 1887
is_linear=0
shrinkage=0.04


Tree=77
num_leaves=7
num_cat=0
split_feature=45 47 25 13 0 61
split_gain=2.60834 9.03006 4.17255 5.72068 3.74464 3.56765
threshold=2.9149260470693084 -0.33146075242137468 0.79066405081951741 0.21996190571237781 0.1644522161355095 -0.21461117233148611
decision_type=2 2 2 2 2 2
left_child=2 -2 5 -4 -3 -1
right_child=1 4 3 -5 -6 -7
leaf_value=0.00017138491884876935 -0.0014712895713102771 0.0012024702350308665 -0.00072466178694290475 3.7692780632909237e-05 0.00028161298835937155 -5.1310114956986762e-05
leaf_weight=765 49 88 125 120 79 1144
leaf_count=765 49 88 125 120 79 1144
internal_value=5.05902e-05 0.00422018 -0.000371058 -0.00526316 0.00863905 0.000261643
internal_weight=2370 216 2154 245 167 1909
internal_count=2370 216 2154 245 167 1909
is_linear=0
shrinkage=0.04


Tree=78
num_leaves=6
num_cat=0
split_feature=39 40 60 59 58
split_gain=3.0689 4.25612 6.10084 4.19112 1.93901
threshold=-0.91836240000752623 -0.49376822210454874 -0.70329214163039755 -0.17810228054419924 0.55142254237848209
decision_type=2 2 2 2 2
left_child=4 2 -2 -3 -1
right_child=1 3 -4 -5 -6
leaf_value=4.5648219149222146e-05 0.0004133511689193264 0.000301230556972507 -0.00047915165268120106 -3.8915852355944054e-05 0.00067756145139870165
leaf_weight=74 46 516 324 1364 46
leaf_count=74 46 516 324 1364 46
internal_value=5.05902e-05 -0.000284192 -0.00419355 0.000488842 0.00622951
internal_weight=2370 2250 370 1880 120
internal_count=2370 2250 370 1880 120
is_linear=0
shrinkage=0.04


Tree=79
num_leaves=7
num_cat=0
split_feature=53 40 20 37 40 28
split_gain=2.92289 9.19093 4.91191 3.47574 5.79384 3.81023
threshold=-0.74999999999999989 0.24621933505858182 0.31756653763050552 -0.5988196261686598 -0.49376822210454874 -0.59586166123201767
decision_type=2 2 2 2 2 2
left_child=1 2 -1 5 -5 -2
right_child=3 -3 -4 4 -6 -7
leaf_value=0.00023702034385106763 -0.00076608607159661115 0.0015756453159776053 -0.00040276013859019385 -0.0006063462997866327 -1.0959944956537155e-05 0.00035174353111686361
leaf_weight=109 43 70 61 212 1671 204
leaf_count=109 43 70 61 212 1671 204
internal_value=-3.37268e-05 0.00413223 -0.000930233 -0.000506567 -0.00109284 0.00393574
internal_weight=2370 240 170 2130 1883 247
internal_count=2370 240 170 2130 1883 247
is_linear=0
shrinkage=0.04


Tree=80
num_leaves=7
num_cat=0
split_feature=53 40 20 40 61 37
split_gain=2.8993 8.35857 4.47642 3.24552 6.64536 5.87286
threshold=-0.74999999999999989 0.24621933505858182 0.31756653763050552 0.096917579553845862 -0.21461117233148611 1.1065576463016624
decision_type=2 2 2 2 2 2
left_child=1 2 -1 4 -2 -5
right_child=3 -3 -4 5 -6 -7
leaf_value=0.00022753953009702497 0.0004647906617109042 0.0015126195033385009 -0.00038664973304658608 -0.00042369020226240084 -1.293424084748778e-05 0.00033386159171918788
leaf_weight=109 176 70 61 723 936 295
leaf_count=109 176 70 61 723 936 295
internal_value=-1.68634e-05 0.00413223 -0.000697674 -0.000487805 0.00100539 -0.00211765
internal_weight=2370 240 170 2130 1112 1018
internal_count=2370 240 170 2130 1112 1018
is_linear=0
shrinkage=0.04


Tree=81
num_leaves=7
num_cat=0
split_feature=53 40 22 28 40 25
split_gain=2.6055 8.60175 4.76341 3.22813 6.91723 5.22009
threshold=-0.74999999999999989 0.24621933505858182 0.013510089434234278 0.054398683164614568 0.80292630964653278 0.79066405081951741
decision_type=2 2 2 2 2 2
left_child=1 2 -1 5 -5 -2
right_child=3 -3 -4 4 -6 -7
leaf_value=0.00045206329274459804 0.00012236041319555881 0.0014521147232049608 -0.000316455826568209 -0.00037557671327233423 0.00035605063633178773 -0.0011132651093638561
leaf_weight=79 1038 70 91 716 304 72
leaf_count=79 1038 70 91 716 304 72
internal_value=3.37268e-05 0.00396694 -0.000930233 -0.000412758 -0.00203523 0.00107914
internal_weight=2370 240 170 2130 1020 1110
internal_count=2370 240 170 2130 1020 1110
is_linear=0
shrinkage=0.04


Tree=82
num_leaves=8
num_cat=0
split_feature=35 7 46 14 61 59 10
split_gain=3.06728 3.28922 2.93587 6.35844 3.76275 2.51863 1.04994
threshold=0.79286049044460882 0.17884648756005853 0.501982682968242 0.39100971770878951 -0.21461117233148611 -0.48545395052611762 0.73368894905050197
decision_type=2 2 2 2 2 2 2
left_child=2 5 4 -4 -1 -2 -3
right_child=1 6 3 -5 -6 -7 -8
leaf_value=0.00013076049655496766 -0.0003030222392279472 -0.0012152955674959651 2.4358659862551944e-06 0.00078049912231735962 -0.00010361017411428544 0.00020190825270078802 -0.00043598767209807602
leaf_weight=727 54 40 319 159 949 82 40
leaf_count=727 54 40 319 159 949 82 40
internal_value=0.000118044 -0.00440367 0.000575139 0.00333333 -0.000214541 -0.00057971 -0.0107317
internal_weight=2370 216 2154 478 1676 136 80
internal_count=2370 216 2154 478 1676 136 80
is_linear=0
shrinkage=0.04


Tree=83
num_leaves=8
num_cat=0
split_feature=35 11 13 37 40 58 62
split_gain=3.02174 3.33058 4.01636 3.04268 4.60731 2.56529 2.20982
threshold=0.79286049044460882 -0.14547802838525095 -0.72322952474699986 -0.66828481721552258 -0.49376822210454874 0.45014365796629741 0.27929199500279572
decision_type=2 2 2 2 2 2 2
left_child=3 6 -3 5 -5 -1 -2
right_child=1 2 -4 4 -6 -7 -8
leaf_value=2.5221421501188998e-05 0.00039577349281446966 -4.7278793202374934e-05 -0.0010985700729311148 -0.00032506835237393377 7.6072608652536506e-05 0.00066719259969501711 -0.00014151988962265958
leaf_weight=68 54 53 69 281 1733 72 40
leaf_count=68 54 53 69 281 1733 72 40
internal_value=8.4317e-05 -0.00440367 -0.00870968 0.000538033 0.000138889 0.00619718 0.00125
internal_weight=2370 216 122 2154 2014 140 94
internal_count=2370 216 122 2154 2014 140 94
is_linear=0
shrinkage=0.04


Tree=84
num_leaves=7
num_cat=0
split_feature=53 40 20 40 61 37
split_gain=2.75972 8.35857 4.47642 3.08017 8.12987 5.13893
threshold=-0.74999999999999989 0.24621933505858182 0.31756653763050552 -0.028812615033483969 -0.093869171544735938 1.1065576463016624
decision_type=2 2 2 2 2 2
left_child=1 2 -1 4 -2 -5
right_child=3 -3 -4 5 -6 -7
leaf_value=0.00021750255824288882 0.00043010588764606734 0.0013780568466221744 -0.00036679883487029442 -0.0003420523836564493 -3.6137687573849015e-05 0.00033638292438872321
leaf_weight=109 233 70 61 820 777 300
leaf_count=109 233 70 61 820 777 300
internal_value=8.4317e-05 0.00413223 -0.000697674 -0.000375235 0.0012253 -0.00181818
internal_weight=2370 240 170 2130 1010 1120
internal_count=2370 240 170 2130 1010 1120
is_linear=0
shrinkage=0.04


Tree=85
num_leaves=4
num_cat=0
split_feature=18 40 40
split_gain=2.475 2.74127 3.41386
threshold=0.63902903501319142 -0.97400064663699559 -0.85592138808458262
decision_type=2 2 2
left_child=1 -1 -3
right_child=-2 2 -4
leaf_value=0.00031070266151730398 -0.00047545554082527661 -0.00126435448329073 1.8691550298556517e-05
leaf_weight=48 45 50 2227
leaf_count=48 45 50 2227
internal_value=0.000151771 0.000335196 0.000131637
internal_weight=2370 2325 2277
internal_count=2370 2325 2277
is_linear=0
shrinkage=0.04


Tree=86
num_leaves=8
num_cat=0
split_feature=25 24 28 35 26 48 50
split_gain=2.49875 4.46371 4.44122 5.18919 3.98027 2.2283 1.88421
threshold=0.79066405081951741 0.63830510760177084 0.89026903245456523 0.22927251432875181 0.60951071196796092 0.62733690790684415 0.53122547615254001
decision_type=2 2 2 2 2 2 2
left_child=1 4 3 -2 -1 -4 -3
right_child=2 6 5 -5 -6 -7 -8
leaf_value=5.9583673158794679e-05 0.00045536724297490813 0.00054924373789299187 0.00075655841107454414 -0.00075432603561548153 -0.00055734952066991892 -9.2485412640714857e-05 -1.6130517779526702e-05
leaf_weight=1619 44 104 49 128 319 67 40
leaf_count=1619 44 104 49 128 319 67 40
internal_value=0.000168634 0.000652591 -0.00331034 -0.00735632 0.00014433 0.00271186 0.00739726
internal_weight=2370 2082 288 172 1938 116 144
internal_count=2370 2082 288 172 1938 116 144
is_linear=0
shrinkage=0.04


Tree=87
num_leaves=7
num_cat=0
split_feature=53 40 4 37 40 12
split_gain=3.08146 7.88231 3.89046 3.1654 5.14279 2.8417
threshold=-0.74999999999999989 0.24621933505858182 -0.012878182244885692 -0.65721945243117641 -0.53150070562624308 0.20612078820394003
decision_type=2 2 2 2 2 2
left_child=1 2 -1 5 -5 -2
right_child=3 -3 -4 4 -6 -7
leaf_value=0.00042761634637758337 -0.00050800826667764276 0.0013058640690606783 -0.00025043218023628562 -0.00057100785506490148 -6.3202927348209388e-06 0.00037133057746350904
leaf_weight=77 44 70 93 194 1737 155
leaf_count=77 44 70 93 194 1737 155
internal_value=0.000185497 0.00446281 -0.000232558 -0.000300188 -0.000796689 0.00447761
internal_weight=2370 240 170 2130 1931 199
internal_count=2370 240 170 2130 1931 199
is_linear=0
shrinkage=0.04


Tree=88
num_leaves=5
num_cat=0
split_feature=13 40 14 13
split_gain=2.86716 2.69547 4.55162 3.957
threshold=-1.0910418280413954 -0.53150070562624308 0.67278879889556731 -0.2451573503881114
decision_type=2 2 2 2
left_child=-1 2 -2 -3
right_child=1 3 -4 -5
leaf_value=0.0004187451962944445 -0.00024042670014189158 0.00026564074389418246 0.00038878313561215526 -3.6173162883143213e-05
leaf_weight=40 336 472 44 1478
leaf_count=40 336 472 44 1478
internal_value=0.000118044 -6.86106e-05 -0.00314136 0.000532787
internal_weight=2370 2330 380 1950
internal_count=2370 2330 380 1950
is_linear=0
shrinkage=0.04


Tree=89
num_leaves=5
num_cat=0
split_feature=40 53 40 53
split_gain=2.70852 2.47159 7.50401 4.45998
threshold=-0.97400064663699559 -0.74999999999999989 0.25674003169789544 -0.58333333333333315
decision_type=2 2 2 2
left_child=-1 2 -2 -3
right_child=1 3 -4 -5
leaf_value=0.0002136735052684459 -3.7475350294259998e-05 -0.00071441593913426779 0.001279282383629554 8.6222329711006272e-06
leaf_weight=50 157 211 68 1884
leaf_count=50 157 211 68 1884
internal_value=0.000202361 0 0.00396476 -0.000429185
internal_weight=2370 2320 225 2095
internal_count=2370 2320 225 2095
is_linear=0
shrinkage=0.04


Tree=90
num_leaves=8
num_cat=0
split_feature=35 7 35 61 36 11 26
split_gain=2.67427 3.68226 3.23674 4.82369 4.6173 2.1928 2.17687
threshold=0.79286049044460882 0.17884648756005853 -0.60182863781658891 -0.22330721901866932 -0.23038527448237298 0.014033209639538557 0.03771211023731507
decision_type=2 2 2 2 2 2 2
left_child=2 6 3 -1 -4 -3 -2
right_child=1 5 4 -5 -6 -7 -8
leaf_value=5.6942887109432473e-05 -0.00087010830640878666 -7.2128742374190927e-05 0.00043979238969003203 -0.00047572803961390918 1.2321369255832282e-05 -0.001204018586372496 6.6090635571928392e-05
leaf_weight=372 40 40 324 174 1284 40 96
leaf_count=372 40 40 324 174 1284 40 96
internal_value=0.000185497 -0.0040367 0.000612245 -0.0020438 0.00151553 -0.0107317 0
internal_weight=2370 216 2154 546 1608 80 136
internal_count=2370 216 2154 546 1608 80 136
is_linear=0
shrinkage=0.04


Tree=91
num_leaves=7
num_cat=0
split_feature=53 40 27 35 35 60
split_gain=2.7783 6.86375 3.84886 3.16834 4.12404 2.87602
threshold=-0.74999999999999989 0.25674003169789544 0.14085253125481773 0.79286049044460882 -0.61024213836396257 0.35584346394001826
decision_type=2 2 2 2 2 2
left_child=1 2 -1 4 -2 -5
right_child=3 -3 -4 5 -6 -7
leaf_value=0.00038501458075747535 -0.00032661858318179076 0.0012373792216915332 -0.00031392915880506497 -0.00098364536307219319 7.2950742899098166e-05 -7.352768224633766e-05
leaf_weight=90 468 68 82 40 1457 165
leaf_count=90 468 68 82 40 1457 165
internal_value=0.000236088 0.00429752 0 -0.000225141 0.000280228 -0.00492754
internal_weight=2370 240 172 2130 1925 205
internal_count=2370 240 172 2130 1925 205
is_linear=0
shrinkage=0.04


Tree=92
num_leaves=5
num_cat=0
split_feature=40 35 18 36
split_gain=2.71865 2.79203 5.62505 3.57334
threshold=-0.97400064663699559 0.57967160405181517 -0.16043796282748096 0.59594983750640729
decision_type=2 2 2 2
left_child=-1 3 -3 -2
right_child=1 2 -4 -5
leaf_value=0.00020356986374809775 2.0519403800998096e-05 -0.0014722744314691525 -4.4772131348726699e-05 0.00068292143983839191
leaf_weight=50 1841 53 359 67
leaf_count=50 1841 53 359 67
internal_value=0.000185497 -1.72265e-05 -0.00299517 0.000628272
internal_weight=2370 2320 412 1908
internal_count=2370 2320 412 1908
is_linear=0
shrinkage=0.04


Tree=93
num_leaves=6
num_cat=0
split_feature=42 28 28 5 26
split_gain=2.36034 4.2035 4.16772 3.44828 3.20374
threshold=-0.74433383180874524 1.7314320925526236 -0.56381383738121194 -0.60273963444334988 0.60951071196796092
decision_type=2 2 2 2 2
left_child=2 4 -1 -4 -2
right_child=1 -3 3 -5 -6
leaf_value=-0.00033733742028524308 8.2250531167067304e-06 0.00051822904025764578 8.4391524862566724e-05 0.00055181375228461 -0.00046807778112526219
leaf_weight=50 1613 56 170 90 391
leaf_count=50 1613 56 170 90 391
internal_value=0.000219224 -0.000271581 0.00346154 0.00549618 -0.000578265
internal_weight=2370 2060 310 260 2004
internal_count=2370 2060 310 260 2004
is_linear=0
shrinkage=0.04


Tree=94
num_leaves=7
num_cat=0
split_feature=53 40 40 14 14 27
split_gain=2.55677 7.08025 3.1174 6.02386 4.44513 3.02376
threshold=-0.74999999999999989 0.25674003169789544 0.096917579553845862 0.86423164656022344 -0.44793261729207762 0.14085253125481773
decision_type=2 2 2 2 2 2
left_child=1 5 3 -2 -4 -1
right_child=2 -3 4 -5 -6 -7
leaf_value=0.00036480321005152611 1.3231416876097919e-05 0.0011836876156773295 0.00038518417138208068 0.00080129752652008499 -0.00034287516344796374 -0.00030049459435807019
leaf_weight=90 1007 68 171 105 847 82
leaf_count=90 1007 68 171 105 847 82
internal_value=0.000236088 0.00413223 -0.000206379 0.00125673 -0.00180392 -0.000229885
internal_weight=2370 240 2130 1112 1018 172
internal_count=2370 240 2130 1112 1018 172
is_linear=0
shrinkage=0.04


Tree=95
num_leaves=7
num_cat=0
split_feature=46 53 8 61 14 36
split_gain=2.63948 6.0859 6.02586 3.51057 9.50052 6.4122
threshold=0.70083795797496096 -0.74999999999999989 0.41434943978082561 -0.21461117233148611 1.1007421712424237 -0.51718408489458623
decision_type=2 2 2 2 2 2
left_child=3 -2 -3 4 -1 -5
right_child=1 2 -4 5 -6 -7
leaf_value=0.00023711731710251215 0.001100746505850628 -9.9794738455517737e-05 0.00032356593178743545 -0.0005349032781629601 -0.0014231146227291162 -3.1498577829334933e-05
leaf_weight=692 58 320 153 124 65 958
leaf_count=692 58 320 153 124 65 958
internal_value=0.000185497 0.00266417 0.00113684 -0.000532319 0.00155468 -0.00199262
internal_weight=2370 531 473 1839 757 1082
internal_count=2370 531 473 1839 757 1082
is_linear=0
shrinkage=0.04


Tree=96
num_leaves=7
num_cat=0
split_feature=40 39 40 61 46 28
split_gain=2.36268 4.78564 4.77656 5.67315 5.15419 3.91767
threshold=0.93226053028807032 1.9043674126061418 0.4906652615082861 -0.21461117233148611 -2.6942456312764165 0.23452748102910245
decision_type=2 2 2 2 2 2
left_child=2 5 3 -1 -4 -2
right_child=1 -3 4 -5 -6 -7
leaf_value=0.00037616801386751268 -0.00016392837740957601 -0.00065483932128453082 -0.0017864420569073721 -2.6420564100497861e-05 -0.00015906012170346435 0.0011685184738163457
leaf_weight=425 43 63 49 1270 356 164
leaf_count=425 43 63 49 1270 356 164
internal_value=0.000168634 0.00367647 -0.000285442 0.000648203 -0.0041769 0.00660287
internal_weight=2370 270 2100 1695 405 207
internal_count=2370 270 2100 1695 405 207
is_linear=0
shrinkage=0.04


Tree=97
num_leaves=6
num_cat=0
split_feature=40 14 35 40 7
split_gain=2.36268 5.10678 4.5653 3.63559 3.60979
threshold=0.93226053028807032 0.32378539407120027 1.039395282782799 0.4906652615082861 0.56522954914997658
decision_type=2 2 2 2 2
left_child=2 4 3 -1 -2
right_child=1 -3 -4 -5 -6
leaf_value=3.9946771802879812e-05 0.0014139140737438227 -0.00092228560944660506 -0.0014120994511242929 -0.00033639765933554834 0.00030321141657250008
leaf_weight=1669 74 64 43 388 132
leaf_count=1669 74 64 43 388 132
internal_value=0.000168634 0.00367647 -0.000285442 -9.71345e-06 0.00673077
internal_weight=2370 270 2100 2057 206
internal_count=2370 270 2100 2057 206
is_linear=0
shrinkage=0.04


Tree=98
num_leaves=5
num_cat=0
split_feature=28 25 14 46
split_gain=2.78237 3.03204 4.41668 3.00133
threshold=2.1290536393452704 0.79066405081951741 1.1398911175696955 -2.6942456312764165
decision_type=2 2 2 2
left_child=1 3 -3 -1
right_child=-2 2 -4 -5
leaf_value=-0.00040395010055531075 0.000413997038366796 -0.00041294234430752473 0.00037718550743475658 4.8034415730045625e-05
leaf_weight=156 45 214 61 1894
leaf_count=156 45 214 61 1894
internal_value=0.000151771 -4.29738e-05 -0.00397112 0.000487329
internal_weight=2370 2325 275 2050
internal_count=2370 2325 275 2050
is_linear=0
shrinkage=0.04


Tree=99
num_leaves=6
num_cat=0
split_feature=41 37 58 42 50
split_gain=2.7383 2.43074 3.31655 2.83502 1.94657
threshold=-1.2327926821096888 -0.66828481721552258 0.55142254237848209 1.0889418775329955 -0.25136908816889281
decision_type=2 2 2 2 2
left_child=4 2 -2 -3 -1
right_child=1 3 -4 -5 -6
leaf_value=0.00079738316765718081 3.908630703290707e-06 -1.0317268298492104e-05 0.00056444802471610498 -0.00064353355427578657 9.7967491546642127e-06
leaf_weight=40 127 2001 72 90 40
leaf_count=40 127 2001 72 90 40
internal_value=0.000134907 -0.000122164 0.0040796 -0.000525561 0.00731707
internal_weight=2370 2290 199 2091 80
internal_count=2370 2290 199 2091 80
is_linear=0
shrinkage=0.04


Tree=100
num_leaves=5
num_cat=0
split_feature=40 35 57 40
split_gain=2.77979 3.16983 2.99706 2.48498
threshold=-0.97400064663699559 0.79286049044460882 0.086140995539815676 -0.49376822210454874
decision_type=2 2 2 2
left_child=-1 3 -3 -2
right_child=1 2 -4 -5
leaf_value=0.00019086431833522592 -0.00016839476667261405 -0.00086800589753268319 -3.448428264401185e-05 6.010994413723379e-05
leaf_weight=50 367 69 126 1758
leaf_count=50 367 69 126 1758
internal_value=8.4317e-05 -0.000120586 -0.00497462 0.000329102
internal_weight=2370 2320 195 2125
internal_count=2370 2320 195 2125
is_linear=0
shrinkage=0.04


Tree=101
num_leaves=5
num_cat=0
split_feature=41 13 46 50
split_gain=2.39096 2.4879 2.72932 1.65738
threshold=-1.2327926821096888 -1.0910418280413954 -0.79060004153107022 -0.25136908816889281
decision_type=2 2 2 2
left_child=3 -2 -3 -1
right_child=1 2 -4 -5
leaf_value=0.00076765353740160106 0.00039583844427752815 -0.0002890159782960273 1.6150689631269157e-05 7.0004814229882722e-06
leaf_weight=40 40 372 1878 40
leaf_count=40 40 372 1878 40
internal_value=0.000118044 -0.000122164 -0.000301954 0.00682927
internal_weight=2370 2290 2250 80
internal_count=2370 2290 2250 80
is_linear=0
shrinkage=0.04


Tree=102
num_leaves=5
num_cat=0
split_feature=13 46 8 36
split_gain=2.35569 2.73205 4.5865 3.43361
threshold=-1.0910418280413954 0.70083795797496096 0.41434943978082561 -0.17044910049097145
decision_type=2 2 2 2
left_child=-1 3 -3 -2
right_child=1 2 -4 -5
leaf_value=0.00038000490650642703 8.9499880744112019e-05 -2.7620884872973582e-06 0.00038166092243539784 -0.00013763264646512172
leaf_weight=40 770 361 167 1032
leaf_count=40 770 361 167 1032
internal_value=0.000134907 -3.43053e-05 0.00249057 -0.000776053
internal_weight=2370 2330 528 1802
internal_count=2370 2330 528 1802
is_linear=0
shrinkage=0.04


Tree=103
num_leaves=5
num_cat=0
split_feature=40 35 46 32
split_gain=2.75934 2.95344 3.35905 3.30758
threshold=-0.97400064663699559 0.79286049044460882 0.58707555452033766 0.63997328523152397
decision_type=2 2 2 2
left_child=-1 3 -3 -2
right_child=1 2 -4 -5
leaf_value=0.00018808902387517111 -1.1354212216497239e-05 -0.00090328712856590609 -3.0983334516485744e-05 0.00023955224834035883
leaf_weight=50 1843 58 137 282
leaf_count=50 1843 58 137 282
internal_value=0.000118044 -8.61326e-05 -0.00477157 0.000347908
internal_weight=2370 2320 195 2125
internal_count=2370 2320 195 2125
is_linear=0
shrinkage=0.04


Tree=104
num_leaves=5
num_cat=0
split_feature=25 35 5 53
split_gain=2.33323 3.27701 5.7496 3.36755
threshold=-1.4604361503002512 -0.60182863781658891 -0.25139166254033568 0.41666666666666669
decision_type=2 2 2 2
left_child=-1 3 -3 -2
right_child=1 2 -4 -5
leaf_value=0.00093735751818637 -3.1138018310967799e-05 0.00035760900104007595 -2.7936509468657055e-05 -0.00078879152104336758
leaf_weight=60 320 489 1335 166
leaf_count=60 320 489 1335 166
internal_value=8.4317e-05 -0.000121107 0.000657174 -0.00303279
internal_weight=2370 2310 1824 486
internal_count=2370 2310 1824 486
is_linear=0
shrinkage=0.04


Tree=105
num_leaves=5
num_cat=0
split_feature=29 25 35 50
split_gain=2.21262 3.92244 3.03445 1.88065
threshold=1.1937971068721727 -1.4826755344173475 -0.60182863781658891 0.47623409143195689
decision_type=2 2 2 2
left_child=1 -1 -3 -2
right_child=3 2 -4 -5
leaf_value=0.0012397083569813362 0.00012698050232552279 -0.00026360245703191512 4.0357737144092172e-05 -0.00069298273408870603
leaf_weight=43 40 480 1748 59
leaf_count=43 40 480 1748 59
internal_value=5.05902e-05 0.000307963 7.17489e-05 -0.00574257
internal_weight=2370 2271 2228 99
internal_count=2370 2271 2228 99
is_linear=0
shrinkage=0.04


Tree=106
num_leaves=6
num_cat=0
split_feature=41 37 36 40 50
split_gain=2.41504 2.24453 3.39435 3.37831 1.65738
threshold=-1.2327926821096888 -0.66828481721552258 0.69299094678768025 -0.49376822210454874 -0.25136908816889281
decision_type=2 2 2 2 2
left_child=4 2 -2 -3 -1
right_child=1 3 -4 -5 -6
leaf_value=0.00072343065889167175 0.00049836222892818069 -0.00034191929902139829 -7.9535493163362676e-05 5.3020216762499074e-06 9.890666322337621e-06
leaf_weight=40 126 288 73 1803 40
leaf_count=40 126 288 73 1803 40
internal_value=8.4317e-05 -0.000157068 0.0038806 -0.000544673 0.00682927
internal_weight=2370 2290 199 2091 80
internal_count=2370 2290 199 2091 80
is_linear=0
shrinkage=0.04


Tree=107
num_leaves=5
num_cat=0
split_feature=40 40 33 13
split_gain=2.35069 2.37109 5.97528 3.81338
threshold=-0.97400064663699559 -0.58556816250284582 -0.54762519664899167 -0.2451573503881114
decision_type=2 2 2 2
left_child=-1 2 -2 -3
right_child=1 3 -4 -5
leaf_value=0.00018325003353968132 0.00017901914274582098 0.00019553281206130925 -0.00035251242935001418 -3.6827471790173984e-05
leaf_weight=50 47 533 253 1487
leaf_count=50 47 533 253 1487
internal_value=5.05902e-05 -0.000137812 -0.00344371 0.000356083
internal_weight=2370 2320 300 2020
internal_count=2370 2320 300 2020
is_linear=0
shrinkage=0.04


Tree=108
num_leaves=8
num_cat=0
split_feature=46 35 8 62 41 25 17
split_gain=2.50114 5.22096 3.92416 4.46511 3.61909 3.03527 2.59279
threshold=0.70083795797496096 0.62778787967132021 0.41434943978082561 0.69382738216805206 0.43816316915649423 -0.37078038723915024 0.096463844806901108
decision_type=2 2 2 2 2 2 2
left_child=1 4 5 -4 -1 -2 -3
right_child=2 6 3 -5 -6 -7 -8
leaf_value=-3.90379844866217e-05 -0.00073650936899795675 -0.0012196158790176524 0.00049962305159518866 -5.5855435082710209e-05 0.00031123429028744813 0.00015080096375801798 -9.7543367334019523e-05
leaf_weight=1278 131 53 126 42 369 232 139
leaf_count=1278 131 53 126 42 369 232 139
internal_value=0.00010118 -0.000597501 0.00251407 0.00752941 0.000133414 0.000164384 -0.00680412
internal_weight=2370 1839 531 168 1647 363 192
internal_count=2370 1839 531 168 1647 363 192
is_linear=0
shrinkage=0.04


Tree=109
num_leaves=8
num_cat=0
split_feature=35 7 35 36 53 51 10
split_gain=2.62946 3.48308 2.5568 4.52004 3.80741 2.33153 1.04994
threshold=0.79286049044460882 0.17884648756005853 -0.60182863781658891 -0.23038527448237298 0.41666666666666669 0.1624108304323659 0.73368894905050197
decision_type=2 2 2 2 2 2 2
left_child=2 5 4 -4 -1 -2 -3
right_child=1 6 3 -5 -6 -7 -8
leaf_value=2.7672021817598528e-05 -5.6276699546319588e-05 -0.0010388218716121363 0.00039226854897719934 9.6700708580635926e-07 -0.00063772306171518112 0.00024416697741128194 -0.00030749661936995689
leaf_weight=372 79 40 324 1284 174 57 40
leaf_count=372 79 40 324 1284 174 57 40
internal_value=-3.37268e-05 -0.00422018 0.00038961 0.00119255 -0.0019708 -0.000289855 -0.0107317
internal_weight=2370 216 2154 1608 546 136 80
internal_count=2370 216 2154 1608 546 136 80
is_linear=0
shrinkage=0.04


Tree=110
num_leaves=7
num_cat=0
split_feature=35 18 13 13 35 37
split_gain=2.28402 3.43203 3.61318 3.20179 2.77589 1.73241
threshold=0.62778787967132021 -0.16043796282748096 1.3978706659399618 -0.89679602799647096 0.27643469466030363 -0.75987823646863129
decision_type=2 2 2 2 2 2
left_child=3 -2 -3 5 -5 -1
right_child=1 2 -4 4 -6 -7
leaf_value=0.00063119868384483343 -0.0015842657354625362 -8.8265419096954646e-05 0.00064467267555000981 -2.6190592388102562e-05 0.00022438804187358821 6.5185261264309361e-05
leaf_weight=42 41 297 40 1497 410 43
leaf_count=42 41 297 40 1497 410 43
internal_value=0 -0.00284211 -0.00147493 0.000541625 0.000199057 0.00804598
internal_weight=2370 378 337 1992 1907 85
internal_count=2370 378 337 1992 1907 85
is_linear=0
shrinkage=0.04


Tree=111
num_leaves=5
num_cat=0
split_feature=28 7 41 18
split_gain=2.38964 2.68226 3.2492 3.19262
threshold=-0.80184225235338336 -0.070957282542287087 -1.0413492880395385 0.62910602639221758
decision_type=2 2 2 2
left_child=-1 3 -3 -2
right_child=1 2 -4 -5
leaf_value=-0.00059204924197219563 9.4743042913753711e-05 0.00062174753110287096 -8.3307664283085482e-05 -0.00038297591959602354
leaf_weight=40 994 88 1204 44
leaf_count=40 994 88 1204 44
internal_value=-6.74536e-05 0.000102916 -0.00111283 0.00161538
internal_weight=2370 2330 1292 1038
internal_count=2370 2330 1292 1038
is_linear=0
shrinkage=0.04


Tree=112
num_leaves=8
num_cat=0
split_feature=25 34 58 13 13 13 43
split_gain=2.8636 3.90194 4.43884 3.71445 4.43357 3.59798 2.32507
threshold=0.79066405081951741 0.47427826113554705 0.081582412194372109 0.10814804915005143 -0.77898141360007156 1.1730933515348527 -0.3142381483782648
decision_type=2 2 2 2 2 2 2
left_child=1 2 -1 4 -2 -3 -5
right_child=3 5 -4 6 -6 -7 -8
leaf_value=6.6154238631244556e-05 -7.0541915495105083e-06 5.0206792809670961e-05 -0.00032006610634398753 0.00041676699762423176 -0.0012901514398563408 0.00092435583186290904 -0.00011896169734140095
leaf_weight=1180 55 302 549 51 69 51 113
leaf_count=1180 55 302 549 51 69 51 113
internal_value=0 0.000518234 -0.000265742 -0.00372414 -0.00888889 0.00433803 0.000240964
internal_weight=2370 2082 1729 288 124 353 164
internal_count=2370 2082 1729 288 124 353 164
is_linear=0
shrinkage=0.04


Tree=113
num_leaves=7
num_cat=0
split_feature=25 58 20 33 46 53
split_gain=2.97309 4.00223 3.3545 3.14738 5.97563 3.97128
threshold=0.79066405081951741 0.34018078882888031 0.24063976968733661 0.40862250141727224 -2.9163783267759125 0.25000000000000006
decision_type=2 2 2 2 2 2
left_child=3 -2 -3 4 -1 -5
right_child=1 2 -4 5 -6 -7
leaf_value=-0.00087332723087304607 -0.0010103994239074252 0.00065849507488801521 -8.5647933142025118e-05 0.00030194971347899407 1.4385798179694636e-05 -8.3650755075669159e-05
leaf_weight=94 72 59 157 260 1578 150
leaf_count=94 72 59 157 260 1578 150
internal_value=-6.74536e-05 -0.00386207 -0.00110092 0.000460653 -0.000310633 0.00359223
internal_weight=2370 288 216 2082 1672 410
internal_count=2370 288 216 2082 1672 410
is_linear=0
shrinkage=0.04


Tree=114
num_leaves=8
num_cat=0
split_feature=35 46 25 39 40 40 0
split_gain=2.69342 3.64871 4.69221 3.13364 3.54098 2.08534 0.738497
threshold=0.62778787967132021 0.58707555452033766 0.95729880621181951 -0.90973472218861395 -0.49376822210454874 -0.33883105787771367 1.0000000180025095e-35
decision_type=2 2 2 2 2 2 2
left_child=3 5 -3 6 -5 -2 -1
right_child=1 2 -4 4 -6 -7 -8
leaf_value=8.1586308020210047e-05 -7.7992049179891064e-06 0.00025678974252382741 -0.00047625467690592911 -0.00031159683902813861 6.1557318749447051e-05 -0.00075982420171432198 0.00040650583570155184
leaf_weight=40 71 128 76 289 1618 103 45
leaf_count=40 71 128 76 289 1618 103 45
internal_value=3.37268e-05 -0.00305263 0.000582524 0.000621866 0.000282871 -0.00727273 0.00804598
internal_weight=2370 378 204 1992 1907 174 85
internal_count=2370 378 204 1992 1907 174 85
is_linear=0
shrinkage=0.04


Tree=115
num_leaves=8
num_cat=0
split_feature=35 11 7 34 42 26 63
split_gain=2.56864 2.91389 2.61566 2.41101 5.38902 3.45787 1.82376
threshold=0.79286049044460882 -0.14547802838525095 0.22040668501697494 0.47427826113554705 0.27312722824518498 0.44185103241016749 0.57238337107853221
decision_type=2 2 2 2 2 2 2
left_child=3 6 -3 5 -5 -1 -2
right_child=1 2 -4 4 -6 -7 -8
leaf_value=3.3617030044341445e-05 -8.3377122464555679e-05 -2.586290489360042e-05 -0.00084579967541682192 0.00060073306280874258 -5.3578662741264953e-06 -0.00043469759516134951 0.00039263239321579517
leaf_weight=1407 52 78 44 153 252 342 42
leaf_count=1407 52 78 44 153 252 342 42
internal_value=0.00010118 -0.0040367 -0.00806452 0.000519481 0.00329238 -0.000125642 0.00125
internal_weight=2370 216 122 2154 405 1749 94
internal_count=2370 216 122 2154 405 1749 94
is_linear=0
shrinkage=0.04


Tree=116
num_leaves=7
num_cat=0
split_feature=35 36 59 7 59 11
split_gain=2.95951 2.66215 3.29527 2.42024 1.98759 1.87886
threshold=0.75912903532028875 0.85032452934534586 -0.17446221822401123 0.16880269283698121 -0.49681198767742241 0.014033209639538557
decision_type=2 2 2 2 2 2
left_child=1 2 -1 4 -2 -5
right_child=3 -3 -4 5 -6 -7
leaf_value=9.6215881086501732e-05 -0.00027237240467215803 0.00059495351758406649 -5.9884472945835738e-05 -5.2151732237455961e-05 0.00011444511123145235 -0.00087262067347744629
leaf_weight=832 56 48 1247 46 96 45
leaf_count=832 56 48 1247 46 96 45
internal_value=0 0.000479098 0.000259491 -0.00416327 -0.00103896 -0.00924731
internal_weight=2370 2127 2079 243 152 91
internal_count=2370 2127 2079 243 152 91
is_linear=0
shrinkage=0.04


Tree=117
num_leaves=7
num_cat=0
split_feature=35 7 13 40 62 46
split_gain=2.55782 2.74232 2.54532 2.76247 2.08084 1.34296
threshold=0.75912903532028875 0.16880269283698121 -1.061394279769958 0.80292630964653278 -0.19335970892976603 0.91153615234526741
decision_type=2 2 2 2 2 2
left_child=2 4 -1 -4 -2 -3
right_child=1 5 3 -5 -6 -7
leaf_value=0.00043160037844592729 0.00061739337024324691 -0.00086733326095700923 -9.4620439448715778e-06 0.00044881848083623332 -3.2853980425318654e-05 -0.00020724530516921295
leaf_weight=42 41 45 1814 271 111 46
leaf_count=42 41 45 1814 271 111 46
internal_value=3.37268e-05 -0.00383673 0.000479098 0.000277911 -0.000519481 -0.00924731
internal_weight=2370 243 2127 2085 152 91
internal_count=2370 243 2127 2085 152 91
is_linear=0
shrinkage=0.04


Tree=118
num_leaves=5
num_cat=0
split_feature=41 59 28 50
split_gain=2.80294 2.50822 3.25602 1.37515
threshold=-1.2327926821096888 2.3053075081778682 -0.066831161259210126 -0.25136908816889281
decision_type=2 2 2 2
left_child=3 2 -2 -1
right_child=1 -3 -4 -5
leaf_value=0.00068051462875707094 4.7220046326840528e-05 0.00094871057611173998 -7.5441833261451644e-05 2.8049381772813248e-05
leaf_weight=40 1072 45 1173 40
leaf_count=40 1072 45 1173 40
internal_value=5.05902e-05 -0.000209424 -0.000400534 0.00731707
internal_weight=2370 2290 2245 80
internal_count=2370 2290 2245 80
is_linear=0
shrinkage=0.04


Tree=119
num_leaves=7
num_cat=0
split_feature=35 13 7 45 62 14
split_gain=2.28303 2.58571 2.47846 2.278 2.08084 1.24537
threshold=0.75912903532028875 -1.061394279769958 0.16880269283698121 0.12088323476514702 -0.19335970892976603 -0.28428546212269307
decision_type=2 2 2 2 2 2
left_child=1 -1 4 -3 -2 -4
right_child=2 3 5 -5 -6 -7
leaf_value=0.00041490079904678241 0.00059571530876397513 -5.609372809154963e-05 -4.6443189014799827e-05 0.00011373404132447019 -2.9036066424376756e-05 -0.0007171768800171705
leaf_weight=42 41 1251 45 834 111 46
leaf_count=42 41 1251 45 834 111 46
internal_value=-1.68634e-05 0.000403946 -0.00367347 0.000201246 -0.000519481 -0.0088172
internal_weight=2370 2127 243 2085 152 91
internal_count=2370 2127 243 2085 152 91
is_linear=0
shrinkage=0.04


end of trees

feature_importances:
Column_40=81
Column_35=51
Column_28=42
Column_25=36
Column_37=30
Column_46=27
Column_13=25
Column_53=23
Column_41=21
Column_59=21
Column_7=18
Column_14=14
Column_36=14
Column_48=13
Column_61=13
Column_26=10
Column_42=10
Column_58=10
Column_11=9
Column_16=9
Column_18=9
Column_39=9
Column_60=9
Column_24=8
Column_10=6
Column_20=6
Column_47=6
Column_50=6
Column_5=5
Column_33=5
Column_62=4
Column_63=4
Column_4=3
Column_8=3
Column_17=3
Column_45=3
Column_0=2
Column_27=2
Column_34=2
Column_43=2
Column_57=2
Column_2=1
Column_3=1
Column_12=1
Column_15=1
Column_22=1
Column_23=1
Column_29=1
Column_32=1
Column_38=1
Column_49=1
Column_51=1

parameters:
[boosting: gbdt]
[objective: quantile]
[metric: quantile]
[tree_learner: serial]
[device_type: cpu]
[data_sample_strategy: bagging]
[data: ]
[valid: ]
[num_iterations: 120]
[learning_rate: 0.04]
[num_leaves: 15]
[num_threads: 2]
[seed: 42]
[deterministic: 0]
[force_col_wise: 0]
[force_row_wise: 0]
[histogram_pool_size: -1]
[max_depth: 3]
[min_data_in_leaf: 40]
[min_sum_hessian_in_leaf: 0.001]
[bagging_fraction: 0.85]
[pos_bagging_fraction: 1]
[neg_bagging_fraction: 1]
[bagging_freq: 0]
[bagging_seed: 400]
[bagging_by_query: 0]
[feature_fraction: 0.8]
[feature_fraction_bynode: 1]
[feature_fraction_seed: 30056]
[extra_trees: 0]
[extra_seed: 12879]
[early_stopping_round: 0]
[early_stopping_min_delta: 0]
[first_metric_only: 0]
[max_delta_step: 0]
[lambda_l1: 0]
[lambda_l2: 2]
[linear_lambda: 0]
[min_gain_to_split: 0]
[drop_rate: 0.1]
[max_drop: 50]
[skip_drop: 0.5]
[xgboost_dart_mode: 0]
[uniform_drop: 0]
[drop_seed: 17869]
[top_rate: 0.2]
[other_rate: 0.1]
[min_data_per_group: 100]
[max_cat_threshold: 32]
[cat_l2: 10]
[cat_smooth: 10]
[max_cat_to_onehot: 4]
[top_k: 20]
[monotone_constraints: ]
[monotone_constraints_method: basic]
[monotone_penalty: 0]
[feature_contri: ]
[forcedsplits_filename: ]
[refit_decay_rate: 0.9]
[cegb_tradeoff: 1]
[cegb_penalty_split: 0]
[cegb_penalty_feature_lazy: ]
[cegb_penalty_feature_coupled: ]
[path_smooth: 0]
[interaction_constraints: ]
[verbosity: -1]
[saved_feature_importance_type: 0]
[use_quantized_grad: 0]
[num_grad_quant_bins: 4]
[quant_train_renew_leaf: 0]
[stochastic_rounding: 1]
[linear_tree: 0]
[max_bin: 255]
[max_bin_by_feature: ]
[min_data_in_bin: 3]
[bin_construct_sample_cnt: 200000]
[data_random_seed: 175]
[is_enable_sparse: 1]
[enable_bundle: 1]
[use_missing: 1]
[zero_as_missing: 0]
[feature_pre_filter: 1]
[pre_partition: 0]
[two_round: 0]
[header: 0]
[label_column: ]
[weight_column: ]
[group_column: ]
[ignore_column: ]
[categorical_feature: ]
[forcedbins_filename: ]
[precise_float_parser: 0]
[parser_config_file: ]
[objective_seed: 16083]
[num_class: 1]
[is_unbalance: 0]
[scale_pos_weight: 1]
[sigmoid: 1]
[boost_from_average: 1]
[reg_sqrt: 0]
[alpha: 0.5]
[fair_c: 1]
[poisson_max_delta_step: 0.7]
[tweedie_variance_power: 1.5]
[lambdarank_truncation_level: 30]
[lambdarank_norm: 1]
[label_gain: ]
[lambdarank_position_bias_regularization: 0]
[eval_at: ]
[multi_error_top_k: 1]
[auc_mu_weights: ]
[num_machines: 1]
[local_listen_port: 12400]
[time_out: 120]
[machine_list_filename: ]
[machines: ]
[gpu_platform_id: -1]
[gpu_device_id: -1]
[gpu_device_id_list: ]
[gpu_use_dp: 0]
[num_gpu: 1]

end of parameters

pandas_categorical:null
