tree
version=v4
num_class=1
num_tree_per_iteration=1
label_index=0
max_feature_idx=63
objective=quantile
feature_names=Column_0 Column_1 Column_2 Column_3 Column_4 Column_5 Column_6 Column_7 Column_8 Column_9 Column_10 Column_11 Column_12 Column_13 Column_14 Column_15 Column_16 Column_17 Column_18 Column_19 Column_20 Column_21 Column_22 Column_23 Column_24 Column_25 Column_26 Column_27 Column_28 Column_29 Column_30 Column_31 Column_32 Column_33 Column_34 Column_35 Column_36 Column_37 Column_38 Column_39 Column_40 Column_41 Column_42 Column_43 Column_44 Column_45 Column_46 Column_47 Column_48 Column_49 Column_50 Column_51 Column_52 Column_53 Column_54 Column_55 Column_56 Column_57 Column_58 Column_59 Column_60 Column_61 Column_62 Column_63
feature_infos=[-4.6197931847155571:5.9954558253433117] [-3.8590427701933976:4.0745545503753817] [-3.7006363548840562:3.6394565242699604] [-3.4980158346722385:3.2780148828578226] [-3.1999785198786843:2.610347494666029] [-2.1738283218639527:2.4895288086863725] [-3.4289366036448481:3.3364656086789584] [-1.1855167883782549:4.7938504253610938] [-1.6055658018150698:1.6212003046256909] [-3.1259897337209077:2.6779997207171977] [-1.2559288986268582:3.8744210684851921] [-2.4385148065339846:2.6934138560055256] [-2.089779261663173:2.5193293522476043] [-1.3234480727037761:2.7918759496744281] [-2.5204889128810786:3.0312031031188589] [-1.7985784569391383:1.461920888580696] [-1.8765941820849508:1.7838415334625943] [-1.039879775715675:0.67337113695867323] [-1.1128739172860969:0.69940197379011548] [-1.039879775715675:0.67337113695867323] [-2.3458261685465569:2.90808264112031] [-3.2376202311154865:3.5372892838090544] [-2.8844189775848479:2.8578372581832143] [-1.959377286342999:2.8100613773522927] [-2.218806723366312:1.8729898442725346] [-2.0711465073177044:1.8850318965655108] [-3.2689961065748441:2.2068739042765939] [-1.7991879499849253:1.5766680134482451] [-0.95580814064788056:2.8509843221340203] [-3.5672384251110967:3.359314784073069] [-3.280578047393814:2.9491138050114722] [-2.5277821494913666:2.2343153906774247] [-2.4773443806928408:2.382601414218533] [-2.0274700212050707:2.4637040279382165] [-2.1662999543162167:2.3117258022874321] [-1.9334544827373028:2.0030195014669325] [-2.0274614049673487:2.1915077311452715] [-1.2400797419821532:3.2155373949744424] [-1.2585922833209671:3.7630257070024191] [-1.3373970976211238:2.7107458318127908] [-1.1827696544083273:1.8645796270349586] [-2.0357621338741887:1.5852634820366831] [-1.7784888033346966:1.6766103993437165] [-1.976954241894801:11.837550384004633] [-597.3325696117804:95.248719800791037] [-508.49201776933643:105.83474118348761] [-656.48803750582067:48.277629840725055] [-1.1196522221866796:3.2683613614147284] [-1.8789159197136569:1.7316631968769354] [-1.1648515990167034:6.3037245507823627] [-3.8474290931651831:4.5651690630223642] [-10.225138859082454:8.4756836365510111] [-1:1] [-0.83333333333333337:1] [0:1] [0:1] [-5.2186824047976028:4.6346635437425681] [-4.7114188802404344:3.1305962556603983] [-3.4168175486945085:2.8144407990681009] [-1.2025675410664958:2.8129672786371502] [-2.327739568870435:2.3865320541644865] [-2.596261494346439:0.62382464195733733] [-3.8250300719717516:4.3778048806796326] [-5.8796568702502761:4.8140346171214858]
tree_sizes=744 686 775 768 777 768 854 780 858 770 866 783 777 860 689 778 781 871 764 775 870 782 785 862 782 782 784 783 880 783 786 780 785 779 789 692 786 696 695 694 874 695 695 779 790 699 784 865 786 699 779 784 785 780 781 791 703 782 876 694 698 877 786 788 688 789 787 792 701 699 701 790 612 791 692 699 700 697 787 700 699 790 610 876 615 518 607 703 614 704 702 614 783 699 695 704 700 694 698 785 615 797 518 610 787 707 519 611 795 877 704 704 789 786 878 789 882 613 789 701

Tree=0
num_leaves=7
num_cat=0
split_feature=37 41 61 26 46 28
split_gain=14.9961 4.55358 4.21994 4.50604 3.84666 2.4905
threshold=1.120513032269729 -0.99513311166931595 -1.0041580636736154 -0.24651774493161624 4.6844530482987947 0.20924916191341117
decision_type=2 2 2 2 2 2
left_child=2 -2 3 -1 -4 -3
right_child=1 5 4 -5 -6 -7
leaf_value=0.066805566649765502 0.071360433122378025 0.067761191639213222 0.067898939784057241 0.069321425049474958 0.069528979497877619 0.069747391177479801
leaf_weight=63 41 46 1830 96 75 219
leaf_count=63 41 46 1830 96 75 219
internal_value=0.0683899 0.0766236 0.0671624 0.0733837 0.0666384 0.0746071
internal_weight=2370 306 2064 159 1905 265
internal_count=2370 306 2064 159 1905 265
is_linear=0
shrinkage=1


Tree=1
num_leaves=6
num_cat=0
split_feature=40 53 60 46 45
split_gain=9.26382 8.76511 6.17115 2.14081 1.52878
threshold=0.28868801009560691 -0.74999999999999989 -1.0033368819008306 4.0492845901851089 3.1338597243506574
decision_type=2 2 2 2 2
left_child=3 -2 -3 4 -1
right_child=1 2 -4 -5 -6
leaf_value=-0.00055983742768308479 0.0012799411730414175 0.0013091041985062763 3.218870331440976e-05 0.00099964290787756048 0.00091469577177552054
leaf_weight=1371 59 190 636 45 69
leaf_count=1371 59 190 636 45 69
internal_value=-0.000101181 0.00313416 0.00204831 -0.00203094 -0.00230236
internal_weight=2370 885 826 1485 1440
internal_count=2370 885 826 1485 1440
is_linear=0
shrinkage=0.04


Tree=2
num_leaves=7
num_cat=0
split_feature=37 41 61 26 14 44
split_gain=13.1229 3.68779 3.31504 3.73594 2.35009 2.03515
threshold=1.120513032269729 -0.99513311166931595 -1.0041580636736154 -0.24651774493161624 1.0726610165888091 -0.81013749189893525
decision_type=2 2 2 2 2 2
left_child=2 -2 3 -1 -4 -3
right_child=1 5 4 -5 -6 -7
leaf_value=-0.0015174755850750215 0.0028504599845798214 -0.00023402065775930699 -0.00047298663650496446 0.00086056410239800389 0.00062154215418308676 0.0013172840943325198
leaf_weight=63 41 55 1694 96 211 210
leaf_count=63 41 55 1694 96 211 210
internal_value=-0.000118045 0.00758441 -0.00126622 0.00424845 -0.00173047 0.00576779
internal_weight=2370 306 2064 159 1905 265
internal_count=2370 306 2064 159 1905 265
is_linear=0
shrinkage=0.04


Tree=3
num_leaves=7
num_cat=0
split_feature=37 46 20 41 61 59
split_gain=10.8094 3.48253 3.02767 2.99446 2.65383 1.91309
threshold=1.120513032269729 4.0492845901851089 0.28871908240484173 -0.99513311166931595 -1.0041580636736154 2.3053075081778682
decision_type=2 2 2 2 2 2
left_child=1 4 -3 -2 -1 -5
right_child=3 2 -4 5 -6 -7
leaf_value=0.00038276467050809811 0.0027364415851966286 0.0013911463541517626 -0.00011592219792443976 0.00070315112820562163 -0.00045498596044876743 0.0015475893265615263
leaf_weight=156 41 40 52 224 1816 41
leaf_count=156 41 40 52 224 1816 41
internal_value=-0.000185498 -0.00122749 0.00629787 0.00680519 -0.0015846 0.00516854
internal_weight=2370 2064 92 306 1972 265
internal_count=2370 2064 92 306 1972 265
is_linear=0
shrinkage=0.04


Tree=4
num_leaves=7
num_cat=0
split_feature=37 40 53 41 59 42
split_gain=10.021 2.78034 3.054 2.598 2.16075 0.931286
threshold=1.120513032269729 -0.29874569154104352 -0.74999999999999989 -0.99513311166931595 0.88644040440995953 -1.1446448924192307
decision_type=2 2 2 2 2 2
left_child=1 5 -3 -2 -5 -1
right_child=3 2 -4 4 -6 -7
leaf_value=0.00033788300712938977 0.0026269839217887632 0.00089092174304412344 -0.00015013577858932203 -0.00010290206301078906 0.0011467188460671678 -0.00072516519226524631
leaf_weight=41 41 101 1183 63 202 739
leaf_count=41 41 101 1183 63 202 739
internal_value=-0.000185498 -0.00118877 -4.35468e-05 0.00654545 0.00501873 -0.00306905
internal_weight=2370 2064 1284 306 265 780
internal_count=2370 2064 1284 306 265 780
is_linear=0
shrinkage=0.04


Tree=5
num_leaves=7
num_cat=0
split_feature=39 41 45 59 60 50
split_gain=6.14317 3.69961 3.44001 2.33123 2.00454 1.6962
threshold=0.5455724452284233 -0.99513311166931595 3.205939097846624 2.3053075081778682 -1.1486510028412908 0.24353273765676667
decision_type=2 2 2 2 2 2
left_child=2 -2 4 -3 -1 -4
right_child=1 3 5 -5 -6 -7
leaf_value=0.00076510888684982743 0.0029657744621242378 0.00031662410924569728 0.0011698768693842575 0.0014053985548683565 -0.00046090315409675286 -0.00018379004596611335
leaf_weight=46 45 505 74 44 1613 43
leaf_count=46 45 505 74 44 1613 43
internal_value=-0.000252952 0.00326174 -0.00143082 0.00233031 -0.00190006 0.00514286
internal_weight=2370 594 1776 549 1659 117
internal_count=2370 594 1776 549 1659 117
is_linear=0
shrinkage=0.04


Tree=6
num_leaves=8
num_cat=0
split_feature=37 46 27 47 11 60 14
split_gain=7.75942 3.42917 3.57192 1.97049 1.92312 1.80442 1.10177
threshold=1.120513032269729 4.0492845901851089 0.31467915590954215 -0.17587224573706037 0.34739741733481044 -1.0831438336517205 -0.19763062309867199
decision_type=2 2 2 2 2 2 2
left_child=1 5 -3 6 -5 -1 -2
right_child=3 2 -4 4 -6 -7 -8
leaf_value=0.00090163716027921758 0.0010047528575191449 0.0012821564351275544 -0.00054732747445718861 0.00073647731823788453 0.0016067463229309875 -0.00036210412160156885 -0.00090731556722976967
leaf_weight=74 46 41 51 129 61 1898 70
leaf_count=74 46 41 51 129 61 1898 70
internal_value=-0.000286679 -0.00116941 0.00629787 0.00563636 0.008125 -0.00152381 0.00149152
internal_weight=2370 2064 92 306 190 1972 116
internal_count=2370 2064 92 306 190 1972 116
is_linear=0
shrinkage=0.04


Tree=7
num_leaves=7
num_cat=0
split_feature=37 40 53 57 47 42
split_gain=6.57932 2.59549 2.70551 1.51508 1.51729 0.979697
threshold=1.120513032269729 -0.29874569154104352 -0.74999999999999989 0.74608760219194636 -0.17304474226270047 -1.0984676791169148
decision_type=2 2 2 2 2 2
left_child=1 5 -3 4 -2 -1
right_child=3 2 -4 -5 -6 -7
leaf_value=0.00015451054381458051 0.00070979010425953391 0.000849160734106775 -0.00013223675843611671 -3.4246080213779443e-05 0.0013780361062293075 -0.00067154449149439352
leaf_weight=49 88 101 1183 65 153 731
leaf_count=49 88 101 1183 65 153 731
internal_value=-0.000337269 -0.00115005 -4.35468e-05 0.00511688 0.0065679 -0.00296675
internal_weight=2370 2064 1284 306 241 780
internal_count=2370 2064 1284 306 241 780
is_linear=0
shrinkage=0.04


Tree=8
num_leaves=8
num_cat=0
split_feature=37 46 27 61 36 36 11
split_gain=6.23009 2.6447 2.78941 2.39239 1.46333 4.56405 2.44824
threshold=1.120513032269729 4.0492845901851089 0.3641221055715293 -0.89600241332013697 -0.49415886970697492 0.17888622647726385 0.34739741733481044
decision_type=2 2 2 2 2 2 2
left_child=1 3 -3 -1 6 -6 -2
right_child=4 2 -4 -5 5 -7 -8
leaf_value=0.00033752784398040651 -0.00017683021941653824 0.0011562809411567521 -0.00052870856984485546 -0.00040750358252836022 0.0022844596990775584 0.00064418959904735218 0.0020713236936397727
leaf_weight=194 105 45 47 1778 40 103 58
leaf_count=194 105 45 47 1778 40 103 58
internal_value=-0.000320406 -0.00111133 0.00544681 -0.00142249 0.00498701 0.00791724 0.00235151
internal_weight=2370 2064 92 1972 306 143 163
internal_count=2370 2064 92 1972 306 143 163
is_linear=0
shrinkage=0.04


Tree=9
num_leaves=7
num_cat=0
split_feature=40 53 60 14 18 44
split_gain=4.65743 5.10475 3.53716 2.7623 3.42796 1.97591
threshold=0.30503459145939943 -0.74999999999999989 -1.0033368819008306 1.0726610165888091 0.33567687053402806 2.365891038530648
decision_type=2 2 2 2 2 2
left_child=3 -2 -3 5 -5 -1
right_child=1 2 -4 4 -6 -7
leaf_value=-0.00051518151716659088 0.0010893338925174439 0.0010742599200181456 -5.4669709989885271e-05 0.0011360335845032193 -0.00031974774561111067 0.0004500698391766367
leaf_weight=1304 56 190 619 53 57 91
leaf_count=1304 56 190 619 53 57 91
internal_value=-0.000421586 0.00191465 0.00109001 -0.0017651 0.00428571 -0.00224767
internal_weight=2370 865 809 1505 110 1395
internal_count=2370 865 809 1505 110 1395
is_linear=0
shrinkage=0.04


Tree=10
num_leaves=8
num_cat=0
split_feature=37 40 46 36 36 14 42
split_gain=5.25005 2.09315 2.45036 1.43374 3.51866 1.45821 0.907567
threshold=1.120513032269729 -0.29874569154104352 0.32269785520771088 -0.49415886970697492 0.17888622647726385 0.52500661495098166 -1.0984676791169148
decision_type=2 2 2 2 2 2 2
left_child=1 6 -3 5 -5 -2 -1
right_child=3 2 -4 4 -6 -7 -8
leaf_value=0.00018523752604979516 -0.00010961346699166685 -0.00019653348880397336 0.00048028800893342528 0.00215011091431373 0.00062060880348505305 0.0021384375451769916 -0.00060777530784681961
leaf_weight=49 111 881 403 40 103 52 731
leaf_count=49 111 881 403 40 103 52 731
internal_value=-0.000404723 -0.00113069 -0.000136859 0.00446753 0.00736552 0.00186667 -0.00276215
internal_weight=2370 2064 1284 306 143 163 780
internal_count=2370 2064 1284 306 143 163 780
is_linear=0
shrinkage=0.04


Tree=11
num_leaves=7
num_cat=0
split_feature=37 35 46 41 59 29
split_gain=4.79878 2.14518 3.76026 1.40258 1.81613 0.249814
threshold=1.120513032269729 0.4910799653302082 0.59475150542753485 -0.99513311166931595 0.88644040440995953 -0.41650917649932262
decision_type=2 2 2 2 2 2
left_child=1 2 -1 -2 -5 -3
right_child=3 5 -4 4 -6 -7
leaf_value=-0.00020135665728960141 0.0022449708470248957 -0.00099929823580650911 0.00076840153278790325 -0.00037150522284102677 0.00079659064279348631 -0.00080035260249987589
leaf_weight=1351 41 46 226 63 202 441
leaf_count=1351 41 46 226 63 202 441
internal_value=-0.000320406 -0.00101452 -0.000296391 0.00433766 0.00322097 -0.00332924
internal_weight=2370 2064 1577 306 265 487
internal_count=2370 2064 1577 306 265 487
is_linear=0
shrinkage=0.04


Tree=12
num_leaves=7
num_cat=0
split_feature=37 61 26 46 44 28
split_gain=4.15773 2.02456 2.55826 1.80461 1.2969 1.68855
threshold=1.120513032269729 -0.89600241332013697 -0.24651774493161624 4.6844530482987947 -0.83312329270641061 0.20924916191341117
decision_type=2 2 2 2 2 2
left_child=1 2 -1 -3 -2 -6
right_child=4 3 -4 -5 5 -7
leaf_value=-0.00062702082962652281 -0.00016581793891672406 -0.00035878490440291498 0.00052472931893495715 0.00091371679681909212 -0.00082381454124923279 0.0012681267396646154
leaf_weight=84 60 1791 116 73 42 204
leaf_count=84 60 1791 116 73 42 204
internal_value=-0.000387859 -0.00103388 0.00277228 -0.0014448 0.00394805 0.00522581
internal_weight=2370 2064 200 1864 306 246
internal_count=2370 2064 200 1864 306 246
is_linear=0
shrinkage=0.04


Tree=13
num_leaves=8
num_cat=0
split_feature=37 46 20 36 36 35 11
split_gain=3.94376 1.94858 2.87259 1.52238 1.26427 3.44122 1.5177
threshold=1.120513032269729 4.0492845901851089 0.28871908240484173 0.17888622647726385 -0.49415886970697492 0.29900643334980492 0.36693305781292251
decision_type=2 2 2 2 2 2 2
left_child=1 3 -3 -1 6 -6 -2
right_child=4 2 -4 -5 5 -7 -8
leaf_value=-7.1266147681690016e-05 -0.00021333847294809107 0.0010770482941580587 -0.00017849751972779111 -0.00053036656067950011 0.0019260391514432801 0.00055050304776708319 0.0019176820361540665
leaf_weight=1188 108 40 52 784 43 100 55
leaf_count=1188 108 40 52 784 43 100 55
internal_value=-0.000404723 -0.00103388 0.00459574 -0.00130091 0.00381818 0.00653793 0.00138182
internal_weight=2370 2064 92 1972 306 143 163
internal_count=2370 2064 92 1972 306 143 163
is_linear=0
shrinkage=0.04


Tree=14
num_leaves=6
num_cat=0
split_feature=37 60 45 44 59
split_gain=3.62426 2.06721 1.76921 1.26423 1.66439
threshold=1.1435195348959724 -1.1486510028412908 3.205939097846624 -0.83312329270641061 0.69727137076606072
decision_type=2 2 2 2 2
left_child=1 -1 -3 -2 -5
right_child=3 2 -4 4 -6
leaf_value=0.00084370048882630221 -0.00030722334143261582 -0.00028214141284380766 0.00067034011491620129 -0.00018233115691995206 0.0010878591760440826
leaf_weight=69 54 1880 133 49 185
leaf_count=69 54 1880 133 49 185
internal_value=-0.00043845 -0.00102111 -0.00125658 0.00375172 0.00501695
internal_weight=2370 2082 2013 288 234
internal_count=2370 2082 2013 288 234
is_linear=0
shrinkage=0.04


Tree=15
num_leaves=7
num_cat=0
split_feature=60 11 40 45 35 12
split_gain=3.29747 3.2207 2.53363 1.63077 1.61309 1.23544
threshold=-1.0831438336517205 0.42648498976125593 1.0101144554317261 -0.11772304597748241 0.4910799653302082 0.55003761246644445
decision_type=2 2 2 2 2 2
left_child=1 3 4 -1 -2 -4
right_child=2 -3 5 -5 -6 -7
leaf_value=0.00085048129979510946 -0.00014221276477142879 0.0017954531565143497 0.00020292861853386487 -0.0003714538187013728 -0.00077008384740784753 0.00056659257592402276
leaf_weight=54 1506 54 124 102 478 52
leaf_count=54 1506 54 124 102 478 52
internal_value=-0.000421586 0.00433962 -0.000888068 0.00136709 -0.00129708 0.00368539
internal_weight=2370 210 2160 156 1984 176
internal_count=2370 210 2160 156 1984 176
is_linear=0
shrinkage=0.04


Tree=16
num_leaves=7
num_cat=0
split_feature=40 60 11 40 42 41
split_gain=3.06283 2.17668 3.20489 1.8439 0.858325 0.437767
threshold=-0.30608636095046426 -1.1486510028412908 0.42648498976125593 0.98718611894607899 -1.0056086612826345 0.21713148887301675
decision_type=2 2 2 2 2 2
left_child=4 2 -2 -3 -1 -6
right_child=1 3 -4 -5 5 -7
leaf_value=0.0001104216839148986 0.00011049541742707067 -7.8119695351365587e-05 0.0019263494705609233 0.00033305498414372197 -0.00082024896926455218 -0.0002882751759235444
leaf_weight=58 134 1230 50 185 389 324
leaf_count=58 134 1230 50 185 389 324
internal_value=-0.000421586 0.000577138 0.00464516 4.2342e-05 -0.002489 -0.00286993
internal_weight=2370 1599 184 1415 771 713
internal_count=2370 1599 184 1415 771 713
is_linear=0
shrinkage=0.04


Tree=17
num_leaves=8
num_cat=0
split_feature=40 60 11 10 61 63 59
split_gain=3.06283 2.17668 3.20489 1.74529 0.797282 1.11744 0.238239
threshold=-0.30608636095046426 -1.1486510028412908 0.42648498976125593 1.5573367152441773 -0.093869171544735938 -0.24230878365528324 -0.86154568420236488
decision_type=2 2 2 2 2 2 2
left_child=4 2 -2 -3 5 -1 -6
right_child=1 3 -4 -5 6 -7 -8
leaf_value=-0.00054402119607642246 0.00010607560072998799 -4.8970787241869763e-05 0.0018492954917384867 0.00062297895686698956 -0.00014947708918393337 0.0002637497812290145 -0.00060215218071118495
leaf_weight=83 134 1321 50 94 87 92 509
leaf_count=83 134 1321 50 94 87 92 509
internal_value=-0.000421586 0.000577138 0.00464516 4.2342e-05 -0.002489 -0.000112995 -0.00318395
internal_weight=2370 1599 184 1415 771 175 596
internal_count=2370 1599 184 1415 771 175 596
is_linear=0
shrinkage=0.04


Tree=18
num_leaves=7
num_cat=0
split_feature=60 11 10 6 28 45
split_gain=3.00314 3.37349 2.32861 2.07063 1.6233 1.21042
threshold=-1.1486510028412908 0.42648498976125593 1.5573367152441773 0.043310136540926504 1.8879020067730814 -0.15992711740123852
decision_type=2 2 2 2 2 2
left_child=1 5 4 -4 -2 -1
right_child=2 -3 3 -5 -6 -7
leaf_value=0.0011052435216555687 -0.00021575693666604618 0.0017753236720689472 0.0011936663488759166 -0.00013389257160095563 0.00086234387998954836 -0.00037625446900681501
leaf_weight=45 2046 50 42 52 40 95
leaf_count=45 2046 50 42 52 40 95
internal_value=-0.000421586 0.004375 -0.000843264 0.00525 -0.00112261 0.00112676
internal_weight=2370 190 2180 94 2086 140
internal_count=2370 190 2180 94 2086 140
is_linear=0
shrinkage=0.04


Tree=19
num_leaves=7
num_cat=0
split_feature=60 11 40 14 14 45
split_gain=3.08806 3.37349 1.84801 1.65864 1.27398 1.21042
threshold=-1.1486510028412908 0.42648498976125593 0.98718611894607899 0.82534112890649669 0.32378539407120027 -0.15992711740123852
decision_type=2 2 2 2 2 2
left_child=1 5 3 -2 -4 -1
right_child=2 -3 4 -5 -6 -7
leaf_value=0.0010610337807893458 -0.00026644919674370595 0.0017043107251861892 0.00047554215906648499 0.00041304958239026033 -0.00095601400957261357 -0.00036120429024654252
leaf_weight=45 1716 50 141 279 44 95
leaf_count=45 1716 50 141 279 44 95
internal_value=-0.00048904 0.004375 -0.000916591 -0.00127191 0.0028877 0.00112676
internal_weight=2370 190 2180 1995 185 140
internal_count=2370 190 2180 1995 185 140
is_linear=0
shrinkage=0.04


Tree=20
num_leaves=8
num_cat=0
split_feature=40 60 11 10 61 63 41
split_gain=2.76721 1.83769 3.54202 1.51216 0.762913 1.11744 0.295089
threshold=-0.30608636095046426 -1.1486510028412908 0.42648498976125593 1.5573367152441773 -0.093869171544735938 -0.24230878365528324 1.2132838199277043
decision_type=2 2 2 2 2 2 2
left_child=4 2 -2 -3 5 -1 -6
right_child=1 3 -4 -5 6 -7 -8
leaf_value=-0.0005029721028969753 9.7352951016738408e-05 -4.096822593605689e-05 0.0016361382961787416 0.000533041244878975 -0.00059919512201388897 0.00024802613823728971 -3.5146579951700987e-05
leaf_weight=83 134 1321 50 94 542 92 54
leaf_count=83 134 1321 50 94 542 92 54
internal_value=-0.000472176 0.000477201 0.00421505 -1.41153e-05 -0.00243726 -0.000112995 -0.00311706
internal_weight=2370 1599 184 1415 771 175 596
internal_count=2370 1599 184 1415 771 175 596
is_linear=0
shrinkage=0.04


Tree=21
num_leaves=7
num_cat=0
split_feature=40 45 28 61 42 14
split_gain=2.58058 1.52477 1.9049 1.89538 0.839383 0.531387
threshold=-0.30608636095046426 0.909635736690526 -0.28666455755768455 -0.89600241332013697 -1.0056086612826345 0.82534112890649669
decision_type=2 2 2 2 2 2
left_child=4 3 -3 -2 -1 -6
right_child=1 2 -4 -5 5 -7
leaf_value=0.00010482202511604033 0.00029880106080665584 0.00070228273332228325 0.00033400768000401787 -0.00021772510698125835 -0.00054075813454659968 3.1256509637467908e-05
leaf_weight=58 293 47 297 962 669 44
leaf_count=58 293 47 297 962 669 44
internal_value=-0.00053963 0.000377263 0.00272832 -0.000270486 -0.00243726 -0.00281399
internal_weight=2370 1599 344 1255 771 713
internal_count=2370 1599 344 1255 771 713
is_linear=0
shrinkage=0.04


Tree=22
num_leaves=7
num_cat=0
split_feature=40 35 36 59 42 41
split_gain=2.48658 1.62096 2.59361 0.838488 0.820652 0.554748
threshold=-0.30608636095046426 0.57967160405181517 0.63621066738141108 1.4858504662474983 -1.0056086612826345 0.21713148887301675
decision_type=2 2 2 2 2 2
left_child=4 2 -2 -3 -1 -6
right_child=1 3 -4 -5 5 -7
leaf_value=0.00010062914411139879 0.00011374567616090899 -0.0010067605854616583 0.0013109791733209564 0.00036061950137418822 -0.00072597232995632059 -0.00019320394659826115
leaf_weight=58 1279 237 43 40 389 324
leaf_count=58 1279 237 43 40 389 324
internal_value=-0.000522767 0.000377263 0.000960724 -0.00239427 -0.00238551 -0.00275804
internal_weight=2370 1599 1322 277 771 713
internal_count=2370 1599 1322 277 771 713
is_linear=0
shrinkage=0.04


Tree=23
num_leaves=8
num_cat=0
split_feature=61 39 38 45 47 60 24
split_gain=2.43283 1.29231 1.48848 1.25417 1.666 1.47074 0.195753
threshold=-0.89600241332013697 1.5921816093239898 1.2494151180272173 0.99203371446058164 -0.49271842846879443 -1.0831438336517205 -0.89730259437500315
decision_type=2 2 2 2 2 2 2
left_child=1 2 -1 5 -5 -2 -3
right_child=3 6 -4 4 -6 -7 -8
leaf_value=0.0002753191779374927 0.00063287307602442173 -0.00030235581456039085 0.0014800876922812004 0.00061252090354369231 -8.6953402272350702e-07 -0.00030720658501033919 -0.00030333005851956309
leaf_weight=244 46 40 64 40 287 1605 44
leaf_count=244 46 40 64 40 287 1605 44
internal_value=-0.000556493 0.00231472 0.00350968 -0.00112727 0.0011307 -0.00157532 -0.00204651
internal_weight=2370 392 308 1978 327 1651 84
internal_count=2370 392 308 1978 327 1651 84
is_linear=0
shrinkage=0.04


Tree=24
num_leaves=7
num_cat=0
split_feature=40 35 36 42 59 59
split_gain=2.22093 1.50636 2.18877 0.80213 0.679235 0.618787
threshold=-0.30608636095046426 0.57967160405181517 0.63621066738141108 -1.0056086612826345 1.3412885929077503 -0.79604559436727984
decision_type=2 2 2 2 2 2
left_child=3 2 -2 -1 -3 -5
right_child=1 4 -4 5 -6 -7
leaf_value=0.00010889224174735645 9.32322543345578e-05 -0.00097047177404544806 0.0012610254964270508 -4.448982513079274e-05 0.00013532828284649556 -0.00050202168649037774
leaf_weight=58 1279 218 43 142 59 571
leaf_count=58 1279 218 43 142 59 571
internal_value=-0.000573357 0.000277326 0.000839878 -0.00233377 -0.00239427 -0.0027021
internal_weight=2370 1599 1322 771 277 713
internal_count=2370 1599 1322 771 277 713
is_linear=0
shrinkage=0.04


Tree=25
num_leaves=7
num_cat=0
split_feature=40 35 46 42 40 14
split_gain=2.17859 1.6429 2.27213 0.80213 0.575168 0.503763
threshold=-0.30608636095046426 0.57967160405181517 0.51665991627915731 -1.0056086612826345 1.1160796167895033 0.82534112890649669
decision_type=2 2 2 2 2 2
left_child=3 2 -2 -1 -3 -5
right_child=1 4 -4 5 -6 -7
leaf_value=0.00010453655207746216 -1.6661427842387802e-05 -0.0008427881856524792 0.00075581847419532559 -0.00047842867619454966 0.00028340954074642153 5.1802263521544893e-05
leaf_weight=58 1004 236 318 669 41 44
leaf_count=58 1004 236 318 669 41 44
internal_value=-0.00059022 0.000252341 0.000839878 -0.00233377 -0.00253764 -0.0027021
internal_weight=2370 1599 1322 771 277 713
internal_count=2370 1599 1322 771 277 713
is_linear=0
shrinkage=0.04


Tree=26
num_leaves=7
num_cat=0
split_feature=40 35 36 42 59 59
split_gain=2.17859 1.47837 2.20409 0.80213 0.679235 0.618787
threshold=-0.30608636095046426 0.57967160405181517 0.63621066738141108 -1.0056086612826345 1.3412885929077503 -0.79604559436727984
decision_type=2 2 2 2 2 2
left_child=3 2 -2 -1 -3 -5
right_child=1 4 -4 5 -6 -7
leaf_value=0.00010035508999436394 8.3448312446712645e-05 -0.00089794137565753099 0.0011865316077596154 -2.3573085077779155e-05 0.00011857876990277882 -0.00047229628319710691
leaf_weight=58 1279 218 43 142 59 571
leaf_count=58 1279 218 43 142 59 571
internal_value=-0.00059022 0.000252341 0.000809667 -0.00233377 -0.00239427 -0.0027021
internal_weight=2370 1599 1322 771 277 713
internal_count=2370 1599 1322 771 277 713
is_linear=0
shrinkage=0.04


Tree=27
num_leaves=7
num_cat=0
split_feature=40 53 35 24 58 24
split_gain=1.92644 3.41775 1.90022 1.96673 1.89528 0.110736
threshold=0.26057124940832654 -0.74999999999999989 0.305661662751534 0.68322730603985116 -1.2078161930227524 -0.088945152870847241
decision_type=2 2 2 2 2 2
left_child=2 -2 3 -1 -3 -4
right_child=1 4 5 -5 -6 -7
leaf_value=-0.00010682206245050648 0.00081243884739007376 0.00082072413223195477 -0.00014820708183057256 0.00069665713361370056 -6.9187485281770294e-05 -0.00059810514309195661
leaf_weight=907 67 149 53 54 709 431
leaf_count=907 67 149 53 54 709 431
internal_value=-0.00053963 0.000884573 -0.00145128 -0.000419523 0.000195348 -0.00348971
internal_weight=2370 925 1445 961 858 484
internal_count=2370 925 1445 961 858 484
is_linear=0
shrinkage=0.04


Tree=28
num_leaves=8
num_cat=0
split_feature=40 35 46 40 61 10 59
split_gain=1.88552 1.29628 2.03208 0.792571 0.74323 1.07653 0.567881
threshold=-0.30608636095046426 0.57967160405181517 0.51665991627915731 1.0784355891757189 -0.093869171544735938 -0.063140091471271725 -0.86154568420236488
decision_type=2 2 2 2 2 2 2
left_child=4 2 -2 -3 5 -1 -6
right_child=1 3 -4 -5 6 -7 -8
leaf_value=-0.00030577810423215013 -2.3140494545060785e-05 -0.00082737764888490091 0.00069011870337921206 7.8229754923042589e-05 -2.4602173802083117e-05 0.00018490346664026659 -0.00043838929281470089
leaf_weight=135 1004 226 318 51 87 40 509
leaf_count=135 1004 226 318 51 87 40 509
internal_value=-0.000556493 0.000227357 0.000749244 -0.0022509 -0.00217853 0.000112993 -0.0028495
internal_weight=2370 1599 1322 277 771 175 596
internal_count=2370 1599 1322 277 771 175 596
is_linear=0
shrinkage=0.04


Tree=29
num_leaves=7
num_cat=0
split_feature=40 59 35 59 35 14
split_gain=1.8828 1.46462 1.48215 0.633007 1.07218 0.735443
threshold=-0.30608636095046426 2.3053075081778682 0.4910799653302082 -0.81742135857202791 0.34810985093529856 -0.86841304546106379
decision_type=2 2 2 2 2 2
left_child=3 2 -2 4 -1 -5
right_child=1 -3 -4 5 -6 -7
leaf_value=0.00029887237284522751 0.00010785936673114598 0.00077006550294410618 -0.00057671518398867163 6.4839742289106463e-05 -0.00047184372866566215 -0.00045614246191387167
leaf_weight=40 1235 45 319 81 85 565
leaf_count=40 1235 45 319 81 85 565
internal_value=-0.000505903 0.000277326 6.68371e-05 -0.00212678 0.00047244 -0.00262963
internal_weight=2370 1599 1554 771 125 646
internal_count=2370 1599 1554 771 125 646
is_linear=0
shrinkage=0.04


Tree=30
num_leaves=7
num_cat=0
split_feature=40 8 28 42 41 2
split_gain=1.7268 1.1147 1.16437 0.712671 0.841941 0.655979
threshold=-0.30608636095046426 0.85467424111617951 -0.47721123596076442 -1.0056086612826345 0.21713148887301675 -0.6136415118534958
decision_type=2 2 2 2 2 2
left_child=3 2 -2 -1 -5 -3
right_child=1 5 -4 4 -6 -7
leaf_value=9.0624040535434714e-05 0.00040995644791998751 0.00079189623602605075 4.5433608006740939e-05 -0.00060073013477634325 -0.00015010168153088796 -0.0007514722401635093
leaf_weight=58 176 47 1186 389 324 190
leaf_count=58 176 47 1186 389 324 190
internal_value=-0.000522767 0.000227357 0.000668621 -0.00207503 -0.00242238 -0.00229289
internal_weight=2370 1599 1362 771 713 237
internal_count=2370 1599 1362 771 713 237
is_linear=0
shrinkage=0.04


Tree=31
num_leaves=7
num_cat=0
split_feature=40 53 14 4 58 36
split_gain=1.48759 3.55694 1.89543 1.76228 1.58832 0.886323
threshold=0.26057124940832654 -0.74999999999999989 1.0726610165888091 0.18032405722345576 -1.2078161930227524 0.35302810090291009
decision_type=2 2 2 2 2 2
left_child=2 -2 5 -4 -3 -1
right_child=1 4 3 -5 -6 -7
leaf_value=-0.00013219023967948822 0.00074078324493072063 0.00079788117849076835 0.00087967885631878406 -0.00053330051361742171 -7.926366463953265e-05 -0.00049998042766451504
leaf_weight=961 67 149 51 49 709 384
leaf_count=961 67 149 51 49 709 384
internal_value=-0.00053963 0.000711973 -0.00134071 0.00392157 9.30137e-06 -0.00173719
internal_weight=2370 925 1445 100 858 1345
internal_count=2370 925 1445 100 858 1345
is_linear=0
shrinkage=0.04


Tree=32
num_leaves=7
num_cat=0
split_feature=35 46 14 40 59 15
split_gain=1.48322 1.90464 4.26875 2.65413 1.64332 0.458076
threshold=0.4910799653302082 0.501982682968242 0.95446140042021765 0.87890063675755215 1.4858504662474983 1.0000000180025095e-35
decision_type=2 2 2 2 2 2
left_child=1 3 -3 -1 5 -2
right_child=4 2 -4 -5 -6 -7
leaf_value=-0.00013748534689021172 -0.00017207014063932261 7.3285447861757568e-05 0.0017779520482727742 0.00049525843475323791 0.00065294549484870112 -0.00059726999934257602
leaf_weight=1344 107 316 42 110 51 400
leaf_count=1344 107 316 42 110 51 400
internal_value=-0.000472176 8.37918e-05 0.00268889 -0.000560441 -0.00227143 -0.00296267
internal_weight=2370 1812 358 1454 558 507
internal_count=2370 1812 358 1454 558 507
is_linear=0
shrinkage=0.04


Tree=33
num_leaves=7
num_cat=0
split_feature=61 39 14 13 59 42
split_gain=1.48808 1.25803 1.42347 1.13917 2.56835 0.582797
threshold=-0.89600241332013697 1.3246130139557604 0.82534112890649669 0.91005570004811609 0.69727137076606072 -0.25806040441163464
decision_type=2 2 2 2 2 2
left_child=3 2 -2 4 -1 -5
right_child=1 -3 -4 5 -6 -7
leaf_value=0.00011497273045179453 -0.0002271017530097157 0.00065560457351403992 0.0002469645139031078 0.00015901382045930396 0.0019811850840892519 -0.00051159189550934185
leaf_weight=147 1637 79 262 89 62 94
leaf_count=147 1637 79 262 89 62 94
internal_value=-0.00043845 -0.000884849 -0.00109206 0.00180711 0.00381043 -0.000497298
internal_weight=2370 1978 1899 392 209 183
internal_count=2370 1978 1899 392 209 183
is_linear=0
shrinkage=0.04


Tree=34
num_leaves=7
num_cat=0
split_feature=40 8 53 42 41 5
split_gain=1.49938 1.30754 1.25239 0.755746 0.662255 0.564338
threshold=-0.30608636095046426 0.83235649071267448 -0.74999999999999989 -0.99069903207809595 0.21713148887301675 -0.80255540625814104
decision_type=2 2 2 2 2 2
left_child=3 2 -2 -1 -5 -3
right_child=1 5 -4 4 -6 -7
leaf_value=8.0985797916093073e-05 0.00059770812156809757 0.00062076192104770073 3.4661818047755396e-05 -0.00058775428057615347 -0.00011585256233729893 -0.00074956867063327443
leaf_weight=63 107 40 1243 385 323 209
leaf_count=63 107 40 1243 385 323 209
internal_value=-0.000421586 0.000277326 0.00076923 -0.00186805 -0.00224225 -0.0023745
internal_weight=2370 1599 1350 771 708 249
internal_count=2370 1599 1350 771 708 249
is_linear=0
shrinkage=0.04


Tree=35
num_leaves=6
num_cat=0
split_feature=35 36 59 61 50
split_gain=1.54009 2.0967 1.01973 1.01659 0.157877
threshold=0.59861548837948086 0.65384648532102874 1.271217801015162 -0.89600241332013697 -0.7261132656017526
decision_type=2 2 2 2 2
left_child=1 3 4 -1 -2
right_child=2 -3 -4 -5 -6
leaf_value=0.00017241850900489802 -0.00073215018570274007 0.0010947485224591217 7.3449376485818223e-05 -8.8526149605812479e-05 -0.00072270477030286339
leaf_weight=384 41 43 67 1520 315
leaf_count=384 41 43 67 1520 315
internal_value=-0.000387859 8.82494e-05 -0.00256941 -0.000113327 -0.003419
internal_weight=2370 1947 423 1904 356
internal_count=2370 1947 423 1904 356
is_linear=0
shrinkage=0.04


Tree=36
num_leaves=7
num_cat=0
split_feature=40 20 7 42 14 56
split_gain=1.29252 1.12553 1.3351 0.718784 0.842802 0.228235
threshold=-0.30608636095046426 0.59092299501024692 -0.10190769630490958 -0.99069903207809595 0.82534112890649669 1.1671231439470757
decision_type=2 2 2 2 2 2
left_child=3 2 -2 -1 -5 -3
right_child=1 5 -4 4 -6 -7
leaf_value=8.1287411983681853e-05 0.00035480359173367887 -0.00041779103684692599 -1.9214135295196947e-05 -0.00034449122414430711 8.6729783661253676e-05 -0.00022997618400183372
leaf_weight=63 425 146 988 664 44 40
leaf_count=63 425 146 988 664 44 40
internal_value=-0.000421586 0.000227357 0.000613427 -0.00176455 -0.00212958 -0.00268085
internal_weight=2370 1599 1413 771 708 186
internal_count=2370 1599 1413 771 708 186
is_linear=0
shrinkage=0.04


Tree=37
num_leaves=6
num_cat=0
split_feature=35 36 46 40 50
split_gain=1.42335 1.72811 1.1987 0.918923 0.162672
threshold=0.59861548837948086 0.65384648532102874 0.501982682968242 0.98718611894607899 -0.65620544434387529
decision_type=2 2 2 2 2
left_child=1 2 -1 4 -2
right_child=3 -3 -4 -5 -6
leaf_value=-7.9819055438169357e-05 -0.00043168387922144156 0.0010487349901753074 0.00019350763787226834 2.6290825342281044e-05 -0.00070654157478500777
leaf_weight=1535 40 43 369 72 311
leaf_count=1535 40 43 369 72 311
internal_value=-0.000472176 -1.43673e-05 -0.000197273 -0.00256941 -0.00341077
internal_weight=2370 1947 1904 423 351
internal_count=2370 1947 1904 423 351
is_linear=0
shrinkage=0.04


Tree=38
num_leaves=6
num_cat=0
split_feature=35 36 59 61 50
split_gain=1.42335 1.72811 1.01973 0.994751 0.157877
threshold=0.59861548837948086 0.65384648532102874 1.271217801015162 -0.89600241332013697 -0.7261132656017526
decision_type=2 2 2 2 2
left_child=1 3 4 -1 -2
right_child=2 -3 -4 -5 -6
leaf_value=0.00016948309627403627 -0.00068482827516431349 0.0010067855905682948 6.6860097092796632e-05 -8.7385995355087771e-05 -0.00065780717697475955
leaf_weight=384 41 43 67 1520 315
leaf_count=384 41 43 67 1520 315
internal_value=-0.000472176 -1.43673e-05 -0.00256941 -0.000197273 -0.003419
internal_weight=2370 1947 423 1904 356
internal_count=2370 1947 423 1904 356
is_linear=0
shrinkage=0.04


Tree=39
num_leaves=6
num_cat=0
split_feature=35 36 46 59 57
split_gain=1.28579 1.70078 1.00656 0.936536 0.167278
threshold=0.59861548837948086 0.65384648532102874 0.501982682968242 1.271217801015162 -0.19942258038850322
decision_type=2 2 2 2 2
left_child=1 2 -1 4 -2
right_child=3 -3 -4 -5 -6
leaf_value=-7.3130853406439144e-05 -0.0006744728684193686 0.00096651416694556297 0.00018205274093651081 6.4185693209084871e-05 -0.00062886271891947679
leaf_weight=1535 84 43 369 67 272
leaf_count=1535 84 43 369 67 272
internal_value=-0.000387859 4.72027e-05 -0.000134314 -0.00238118 -0.00319553
internal_weight=2370 1947 1904 423 356
internal_count=2370 1947 1904 423 356
is_linear=0
shrinkage=0.04


Tree=40
num_leaves=8
num_cat=0
split_feature=40 10 44 59 14 61 59
split_gain=1.288 1.39487 2.86882 1.08968 0.713141 1.20268 0.913269
threshold=-0.30608636095046426 -0.35278481228803604 0.12421591970713436 1.0227848390247998 -0.86841304546106379 0.0056062297981925987 -0.76284309793980765
decision_type=2 2 2 2 2 2 2
left_child=4 2 -2 -3 5 -1 -6
right_child=1 3 -4 -5 6 -7 -8
leaf_value=0.00043195089598729869 -0.00010919484118733291 -0.00016497472949736033 0.00067641889559967876 0.00016136674506084321 4.7561816362016589e-05 -8.2351095068146116e-05 -0.00038479408223394734
leaf_weight=40 153 1039 95 312 158 52 521
leaf_count=40 153 1039 95 312 158 52 521
internal_value=-0.000320406 0.000327294 0.003072 -0.000180341 -0.00166106 0.00161702 -0.00210866
internal_weight=2370 1599 248 1351 771 92 679
internal_count=2370 1599 248 1351 771 92 679
is_linear=0
shrinkage=0.04


Tree=41
num_leaves=6
num_cat=0
split_feature=35 36 58 40 57
split_gain=1.28579 1.70078 1.01605 0.827444 0.21756
threshold=0.59861548837948086 0.65384648532102874 -1.0130358551947161 1.0784355891757189 -0.19193182329811184
decision_type=2 2 2 2 2
left_child=1 2 -1 4 -2
right_child=3 -3 -4 -5 -6
leaf_value=0.00047544207713283399 -0.00040476240881990227 0.00092400967533315891 -5.0207161191754879e-05 0.00012672917621405784 -0.000538462935678376
leaf_weight=266 88 43 1638 49 286
leaf_count=266 88 43 1638 49 286
internal_value=-0.000387859 4.72027e-05 -0.000134314 -0.00238118 -0.00302128
internal_weight=2370 1947 1904 423 374
internal_count=2370 1947 1904 423 374
is_linear=0
shrinkage=0.04


Tree=42
num_leaves=6
num_cat=0
split_feature=35 36 46 59 57
split_gain=1.12615 1.72811 1.07538 0.896259 0.232589
threshold=0.59861548837948086 0.65384648532102874 0.501982682968242 1.271217801015162 -0.19193182329811184
decision_type=2 2 2 2 2
left_child=1 2 -1 4 -2
right_child=3 -3 -4 -5 -6
leaf_value=-7.8516241304404428e-05 -0.00057210118974753744 0.00088704928831983274 0.00017664705321473914 5.3678663867474926e-05 -0.00057504233054252965
leaf_weight=1535 89 43 369 67 267
leaf_count=1535 89 43 369 67 267
internal_value=-0.000421586 -1.43673e-05 -0.000197273 -0.00228706 -0.0030838
internal_weight=2370 1947 1904 423 356
internal_count=2370 1947 1904 423 356
is_linear=0
shrinkage=0.04


Tree=43
num_leaves=7
num_cat=0
split_feature=35 59 24 50 46 7
split_gain=1.16975 1.56167 1.4975 2.16489 1.07718 0.397829
threshold=0.4910799653302082 1.324542784214729 0.62209154219833296 0.33533106254887762 0.51665991627915731 -0.75993540842602625
decision_type=2 2 2 2 2 2
left_child=2 5 4 -4 -1 -2
right_child=1 -3 3 -5 -6 -7
leaf_value=-0.00010881038713083836 1.170942550835042e-05 0.00025704295168137755 0.00057499428396461452 -8.6476956299390523e-05 0.0001498502564405071 -0.00056456958850771024
leaf_weight=1326 40 76 119 60 307 442
leaf_count=1326 40 76 119 60 307 442
internal_value=-0.000387859 -0.00198572 0.000105842 0.00355801 -0.000276454 -0.00282645
internal_weight=2370 558 1812 179 1633 482
internal_count=2370 558 1812 179 1633 482
is_linear=0
shrinkage=0.04


Tree=44
num_leaves=7
num_cat=0
split_feature=61 10 24 8 14 62
split_gain=1.15119 1.06207 1.30604 1.0457 1.45225 0.343803
threshold=-0.89600241332013697 -0.063140091471271725 -0.92779697751188239 0.74040517675575657 1.0726610165888091 -0.78017319627554327
decision_type=2 2 2 2 2 2
left_child=1 -1 -3 4 -2 -5
right_child=3 2 -4 5 -6 -7
leaf_value=0.00034334896110932032 -8.5430444174534379e-05 0.00068744074043496756 -9.2649751018633933e-05 0.00018682002912109142 0.00065743082264173194 -0.00037982164939002891
leaf_weight=40 1515 150 202 46 144 273
leaf_count=40 1515 150 202 46 144 273
internal_value=-0.000370996 0.00160406 0.000881355 -0.000763637 -0.000358821 -0.00285358
internal_weight=2370 392 352 1978 1659 319
internal_count=2370 392 352 1978 1659 319
is_linear=0
shrinkage=0.04


Tree=45
num_leaves=6
num_cat=0
split_feature=17 59 14 44 1
split_gain=1.1653 0.95368 1.54752 1.00228 0.00534321
threshold=0.62059593543147618 1.0227848390247998 0.90040642044044228 -0.83312329270641061 0.34881568781857303
decision_type=2 2 2 2 2
left_child=1 2 -1 -3 -2
right_child=4 3 -4 -5 -6
leaf_value=-0.00011684079958939074 -0.00031963568316242184 -0.00025829657629846173 0.00061016665348351425 0.00034556520323106787 -0.00024609483723814294
leaf_weight=1681 40 69 236 231 113
leaf_count=1681 40 69 236 231 113
internal_value=-0.000337269 -0.00010275 -0.000431476 0.00198675 -0.00369032
internal_weight=2370 2217 1917 300 153
internal_count=2370 2217 1917 300 153
is_linear=0
shrinkage=0.04


Tree=46
num_leaves=7
num_cat=0
split_feature=35 59 41 26 46 20
split_gain=1.2877 1.45754 1.39241 2.52201 1.53827 0.452974
threshold=0.47657311590222279 1.4858504662474983 0.38616079279740628 0.20393175010580619 2.3102336224447764 0.24713356706748063
decision_type=2 2 2 2 2 2
left_child=2 5 4 -4 -1 -2
right_child=1 -3 3 -5 -6 -7
leaf_value=-0.00011454114758028407 -0.00017491337689144501 0.00045710690372902747 0.00071291534512173084 2.3464250513969385e-05 0.00054816501511090491 -0.00050903184274931441
leaf_weight=1277 190 52 97 313 107 334
leaf_count=1277 190 52 97 313 107 334
internal_value=-0.000337269 -0.00197924 0.000191536 0.00223301 -0.000415585 -0.00261597
internal_weight=2370 576 1794 410 1384 524
internal_count=2370 576 1794 410 1384 524
is_linear=0
shrinkage=0.04


Tree=47
num_leaves=8
num_cat=0
split_feature=35 46 36 40 13 13 1
split_gain=1.29048 1.31378 2.85754 1.46344 1.1683 1.3764 0.392515
threshold=0.47657311590222279 0.501982682968242 0.42215618110404302 0.87890063675755215 1.0839910256730036 1.8142438308308417 -0.032187976638283357
decision_type=2 2 2 2 2 2 2
left_child=1 3 -3 -1 6 -6 -2
right_child=4 2 -4 -5 5 -7 -8
leaf_value=-0.00010637142732517641 -0.00017083835042276761 4.4118588795204142e-05 0.00081395210881633664 0.00042451163000922011 0.00044626290763421578 -0.0002990905872891121 -0.0005106760785779657
leaf_weight=1330 174 310 45 109 41 40 321
leaf_count=1330 174 310 45 109 41 40 321
internal_value=-0.000404723 0.000124721 0.00229692 -0.000413603 -0.00204844 0.00236144 -0.00277666
internal_weight=2370 1794 355 1439 576 81 495
internal_count=2370 1794 355 1439 576 81 495
is_linear=0
shrinkage=0.04


Tree=48
num_leaves=7
num_cat=0
split_feature=35 41 28 60 59 1
split_gain=1.2877 1.26313 3.18283 1.32775 1.13235 0.541141
threshold=0.47657311590222279 0.38616079279740628 -0.55931506019933042 -0.81088009101768643 1.4858504662474983 -0.032187976638283357
decision_type=2 2 2 2 2 2
left_child=1 3 -3 -1 5 -2
right_child=4 2 -4 -5 -6 -7
leaf_value=0.00027745002924100355 -0.00014090357199817639 0.0005960610402329301 5.086699655123667e-05 -0.00015493773602527589 0.00042097211127449784 -0.00048950170981918904
leaf_weight=329 189 43 367 1055 52 335
leaf_count=329 189 43 367 1055 52 335
internal_value=-0.000337269 0.000191536 0.00213592 -0.000386725 -0.00197924 -0.00253992
internal_weight=2370 1794 410 1384 576 524
internal_count=2370 1794 410 1384 576 524
is_linear=0
shrinkage=0.04


Tree=49
num_leaves=6
num_cat=0
split_feature=17 8 14 2 1
split_gain=1.00368 0.987689 1.12902 0.880586 0.0643601
threshold=0.62059593543147618 0.83235649071267448 0.90040642044044228 -0.74847163523732918 0.34881568781857303
decision_type=2 2 2 2 2
left_child=1 2 -1 -3 -2
right_child=4 3 -4 -5 -6
leaf_value=-1.2630659602710819e-05 -0.00030556864862552616 0.00036420610136604913 0.00061134084790684579 -0.00035349350635948621 -0.00019943910301038271
leaf_weight=1724 40 46 182 265 113
leaf_count=1724 40 46 182 265 113
internal_value=-0.000320406 -0.00010275 0.000238993 -0.0021853 -0.00343226
internal_weight=2370 2217 1906 311 153
internal_count=2370 2217 1906 311 153
is_linear=0
shrinkage=0.04


Tree=50
num_leaves=7
num_cat=0
split_feature=35 46 14 15 49 7
split_gain=1.12187 1.29208 2.43141 1.28839 0.27463 0.419277
threshold=0.75015110177124245 0.501982682968242 0.95446140042021765 -1.3165803529464011 0.21208831953187196 0.20182150536831331
decision_type=2 2 2 2 2 2
left_child=1 3 -3 -1 -2 -6
right_child=4 2 -4 -5 5 -7
leaf_value=0.00049327297140135844 -0.0005194616334918958 1.6297516244446856e-05 0.0011673316755825337 -8.0827884677423146e-05 0.00028511441500521118 -0.00052178059715930693
leaf_weight=42 150 392 68 1616 40 62
leaf_count=42 150 392 68 1616 40 62
internal_value=-0.000354132 -5.28311e-05 0.00181818 -0.000573495 -0.00286614 -0.00123077
internal_weight=2370 2118 460 1658 252 102
internal_count=2370 2118 460 1658 252 102
is_linear=0
shrinkage=0.04


Tree=51
num_leaves=7
num_cat=0
split_feature=35 40 14 44 49 7
split_gain=1.07713 0.91451 3.48611 1.39349 0.27463 0.419277
threshold=0.75015110177124245 0.87890063675755215 -0.15219507140016578 0.46147402842496549 0.21208831953187196 0.20182150536831331
decision_type=2 2 2 2 2 2
left_child=1 3 -3 -1 -2 -6
right_child=4 2 -4 -5 5 -7
leaf_value=-0.00011101077021485135 -0.00049868316815221999 0.0009118943601663528 -7.0848504131662736e-05 0.00015625989692213111 0.00027370983840500267 -0.0005009093732729346
leaf_weight=1442 150 79 142 455 40 62
leaf_count=1442 150 79 142 455 40 62
internal_value=-0.000404723 -0.000109435 0.0023139 -0.000393892 -0.00286614 -0.00123077
internal_weight=2370 2118 221 1897 252 102
internal_count=2370 2118 221 1897 252 102
is_linear=0
shrinkage=0.04


Tree=52
num_leaves=7
num_cat=0
split_feature=35 24 61 25 37 1
split_gain=1.18675 1.1156 1.95654 1.00895 0.871715 0.516578
threshold=0.47657311590222279 0.62209154219833296 0.24626236261110754 0.33202071604142341 1.2073191341308138 -0.032187976638283357
decision_type=2 2 2 2 2 2
left_child=1 3 -3 -1 5 -2
right_child=4 2 -4 -5 -6 -7
leaf_value=6.504998804929079e-06 -4.5469128434318818e-05 -0.00014390222512279205 0.00076535885680599773 -0.00046638883850924628 0.00028608817462156383 -0.00045158871133294833
leaf_weight=1391 177 81 94 228 62 337
leaf_count=1391 177 81 94 228 62 337
internal_value=-0.000472176 3.56338e-05 0.00305085 -0.000293647 -0.00204844 -0.00258915
internal_weight=2370 1794 175 1619 576 514
internal_count=2370 1794 175 1619 576 514
is_linear=0
shrinkage=0.04


Tree=53
num_leaves=7
num_cat=0
split_feature=35 59 41 26 14 40
split_gain=1.23807 1.16055 1.15771 2.79321 1.096 0.461183
threshold=0.47657311590222279 1.4858504662474983 0.38616079279740628 0.20393175010580619 0.95446140042021765 -0.97400064663699559
decision_type=2 2 2 2 2 2
left_child=2 5 4 -4 -1 -2
right_child=1 -3 3 -5 -6 -7
leaf_value=-9.8714098757479669e-05 6.5751212454299041e-05 0.00039774618998765862 0.0006483108517883995 2.0576404787019907e-05 0.00057989793546917121 -0.00044359905269183617
leaf_weight=1229 46 52 97 313 155 478
leaf_count=1229 46 52 97 313 155 478
internal_value=-0.00043845 -0.00204844 8.01772e-05 0.00194175 -0.000473305 -0.00261597
internal_weight=2370 576 1794 410 1384 524
internal_count=2370 576 1794 410 1384 524
is_linear=0
shrinkage=0.04


Tree=54
num_leaves=7
num_cat=0
split_feature=35 59 45 59 47 40
split_gain=1.06449 1.07685 1.07321 2.34729 0.875797 0.407792
threshold=0.46487548763198222 1.4858504662474983 3.0426939125311385 -0.22655194714986227 -0.82278667282036322 -0.97400064663699559
decision_type=2 2 2 2 2 2
left_child=2 5 4 -4 -1 -2
right_child=1 -3 3 -5 -6 -7
leaf_value=0.00022041289633548269 6.1978858983980091e-05 0.0003728803063547246 0.0010641057710834309 2.5325209426458858e-06 -4.0465739168024592e-05 -0.00041762245350689218
leaf_weight=55 47 53 45 118 1549 503
leaf_count=55 47 53 45 118 1549 503
internal_value=-0.00048904 -0.00193719 6.78254e-06 0.00307879 -0.000308843 -0.00246377
internal_weight=2370 603 1767 163 1604 550
internal_count=2370 603 1767 163 1604 550
is_linear=0
shrinkage=0.04


Tree=55
num_leaves=7
num_cat=0
split_feature=35 40 53 59 48 27
split_gain=0.957574 0.962311 2.68694 1.05626 0.298259 0.0696278
threshold=0.75015110177124245 0.26057124940832654 -0.74999999999999989 -0.075372665786254178 0.32324564970443509 0.38006951651921456
decision_type=2 2 2 2 2 2
left_child=1 3 -3 -1 -2 -6
right_child=4 2 -4 -5 5 -7
leaf_value=5.7227773960686768e-06 -0.00014870821111789015 0.00064855351301952872 8.5240534364098736e-06 -0.000387012672812153 -0.00011205553865565113 -0.00049463171060527497
leaf_weight=869 67 65 728 456 40 145
leaf_count=869 67 65 728 456 40 145
internal_value=-0.000387859 -0.000109435 0.000991194 -0.000768652 -0.00270866 -0.00352941
internal_weight=2370 2118 793 1325 252 185
internal_count=2370 2118 793 1325 252 185
is_linear=0
shrinkage=0.04


Tree=56
num_leaves=6
num_cat=0
split_feature=17 28 35 7 1
split_gain=0.960609 0.878253 0.880821 0.0945534 0.0643601
threshold=0.62059593543147618 -0.66523080864258788 0.72268907164061635 -0.44245523004689041 0.34881568781857303
decision_type=2 2 2 2 2
left_child=1 3 -3 -1 -2
right_child=4 2 -4 -5 -6
leaf_value=-0.00035862660979303531 -0.00026570057436299283 2.702612318873074e-05 -0.0002853171230795897 -0.00068194762247357564 -0.00016300940011859145
leaf_weight=54 40 1850 220 93 113
leaf_count=54 40 1850 220 93 113
internal_value=-0.000387859 -0.000174854 3.86091e-05 -0.00314094 -0.00343226
internal_weight=2370 2217 2070 147 153
internal_count=2370 2217 2070 147 153
is_linear=0
shrinkage=0.04


Tree=57
num_leaves=7
num_cat=0
split_feature=35 46 14 40 49 11
split_gain=0.957574 0.92283 1.90025 1.7964 0.362077 0.438289
threshold=0.75015110177124245 0.501982682968242 0.95446140042021765 0.87890063675755215 0.21208831953187196 -0.25156105135901952
decision_type=2 2 2 2 2 2
left_child=1 3 -3 -1 -2 -6
right_child=4 2 -4 -5 5 -7
leaf_value=-0.0001267045327022209 -0.00040917653422574044 1.21747679435112e-05 0.0010895059157623576 0.0003212890268064769 0.00016825733792301409 -0.00046661546324327558
leaf_weight=1513 150 392 68 145 46 56
leaf_count=1513 150 392 68 145 46 56
internal_value=-0.000387859 -0.000109435 0.00147186 -0.000549399 -0.00270866 -0.000846155
internal_weight=2370 2118 460 1658 252 102
internal_count=2370 2118 460 1658 252 102
is_linear=0
shrinkage=0.04


Tree=58
num_leaves=8
num_cat=0
split_feature=35 46 53 40 11 16 7
split_gain=0.985617 0.879356 1.41248 1.32767 0.218526 0.295603 0.00510964
threshold=0.75015110177124245 0.501982682968242 -0.74999999999999989 0.87890063675755215 -0.25156105135901952 0.66308362135921317 -0.54079184202293729
decision_type=2 2 2 2 2 2 2
left_child=1 3 -3 -1 5 -2 -6
right_child=4 2 -4 -5 6 -7 -8
leaf_value=-0.00012163635139413207 5.370179149153739e-05 0.0005838215072856461 4.057298094635777e-05 0.0003084374657342179 -0.00025605598691805557 -0.00020124638127643285 -0.00076579537013015319
leaf_weight=1513 47 55 405 145 40 56 109
leaf_count=1513 47 55 405 145 40 56 109
internal_value=-0.000354132 -7.16991e-05 0.00147186 -0.000501206 -0.00270866 -0.00125714 -0.00368212
internal_weight=2370 2118 460 1658 252 103 149
internal_count=2370 2118 460 1658 252 103 149
is_linear=0
shrinkage=0.04


Tree=59
num_leaves=6
num_cat=0
split_feature=17 45 29 8 1
split_gain=0.992822 1.0967 1.39217 0.939207 0.0643601
threshold=0.62059593543147618 5.554927818804047 -0.14775235638032347 0.83235649071267448 0.34881568781857303
decision_type=2 2 2 2 2
left_child=1 3 -3 -1 -2
right_child=4 2 -4 -5 -6
leaf_value=3.2184334545767286e-06 -0.00024513891602461895 -0.00013224427382085575 0.0010544963558067628 -0.00029047285052736973 -0.00015931277080551498
leaf_weight=1825 40 53 40 299 113
leaf_count=1825 40 53 40 299 113
internal_value=-0.000337269 -0.000120776 0.00408421 -0.000308562 -0.00343226
internal_weight=2370 2217 93 2124 153
internal_count=2370 2217 93 2124 153
is_linear=0
shrinkage=0.04


Tree=60
num_leaves=6
num_cat=0
split_feature=17 45 17 8 1
split_gain=0.982026 0.899012 1.49846 0.933662 0.0643601
threshold=0.62059593543147618 5.1572797478508035 0.10214433737768021 0.83235649071267448 0.34881568781857303
decision_type=2 2 2 2 2
left_child=1 3 -3 -1 -2
right_child=4 2 -4 -5 -6
leaf_value=2.1032114148452658e-06 -0.00023533335938363432 -5.3551735804338414e-05 0.0010108322133655875 -0.00027885393650627489 -0.00015294025997329447
leaf_weight=1818 40 59 41 299 113
leaf_count=1818 40 59 41 299 113
internal_value=-0.000354132 -0.000138802 0.00352941 -0.000315244 -0.00343226
internal_weight=2370 2217 100 2117 153
internal_count=2370 2217 100 2117 153
is_linear=0
shrinkage=0.04


Tree=61
num_leaves=8
num_cat=0
split_feature=35 49 59 41 37 60 11
split_gain=0.837972 1.3136 1.24203 1.22088 2.49629 1.20177 0.262884
threshold=0.46487548763198222 0.21208831953187196 1.324542784214729 0.38616079279740628 -0.38289446590793513 -0.81088009101768643 0.62149933273400204
decision_type=2 2 2 2 2 2 2
left_child=3 6 -3 5 -5 -1 -2
right_child=1 2 -4 4 -6 -7 -8
leaf_value=0.00022730484186143335 -0.00037932616747779051 -0.00015711743175121179 0.00036268792309826009 0.00036040033307546313 -1.9616354129833876e-05 -0.0001330463047988049 -0.00011819411197789546
leaf_weight=329 313 179 50 122 278 1038 61
leaf_count=329 313 179 50 122 278 1038 61
internal_value=-0.000387859 -0.00167273 0.000709956 5.20058e-05 0.00199005 -0.000517167 -0.00312766
internal_weight=2370 603 229 1767 400 1367 374
internal_count=2370 603 229 1767 400 1367 374
is_linear=0
shrinkage=0.04


Tree=62
num_leaves=7
num_cat=0
split_feature=35 59 41 28 25 45
split_gain=0.773285 1.27367 1.06113 2.8565 1.14241 0.50033
threshold=0.46487548763198222 1.4858504662474983 0.38616079279740628 -0.55931506019933042 -0.31427757886028213 -0.60974346585049466
decision_type=2 2 2 2 2 2
left_child=2 5 4 -4 -1 -2
right_child=1 -3 3 -5 -6 -7
leaf_value=4.0879630888000742e-05 -1.7869650896976418e-05 0.00032335920791780852 0.00050914318768580948 3.0571183164819326e-05 -0.00023925992203736307 -0.00036329390922853826
leaf_weight=721 134 53 43 357 646 416
leaf_count=721 134 53 43 357 646 416
internal_value=-0.00043845 -0.00167273 -1.58291e-05 0.00179104 -0.000546385 -0.00224638
internal_weight=2370 603 1767 400 1367 550
internal_count=2370 603 1767 400 1367 550
is_linear=0
shrinkage=0.04


Tree=63
num_leaves=7
num_cat=0
split_feature=35 38 39 41 11 5
split_gain=0.819093 0.837415 1.33268 1.01923 0.314429 0.0602014
threshold=0.75015110177124245 1.2494151180272173 1.7858751231270882 0.38616079279740628 -0.5701581868550224 0.9967493568147473
decision_type=2 2 2 2 2 2
left_child=1 3 -3 -1 -2 -6
right_child=4 2 -4 -5 5 -7
leaf_value=-8.4729453075641777e-05 -0.00011692162175152589 0.00053905667742552041 -0.00052080109382356761 7.2431601069584267e-05 -0.00047847331959266324 -0.00033659313858223151
leaf_weight=1379 79 142 61 536 130 43
leaf_count=1379 79 142 61 536 130 43
internal_value=-0.000404723 -0.000147171 0.00228293 -0.000406887 -0.00255118 -0.00349714
internal_weight=2370 2118 203 1915 252 173
internal_count=2370 2118 203 1915 252 173
is_linear=0
shrinkage=0.04


Tree=64
num_leaves=6
num_cat=0
split_feature=58 28 46 45 28
split_gain=0.821718 1.06575 1.41849 1.0494 0.591055
threshold=0.081582412194372109 1.2009959815760116 0.37863081082898481 4.1548041705014738 1.25258488685969
decision_type=2 2 2 2 2
left_child=1 2 -1 4 -2
right_child=3 -3 -4 -5 -6
leaf_value=-1.0672787481335381e-05 -0.00019648930996271022 -0.00044828114582706491 0.0002467561060214311 0.0005760402416015762 0.00011205618678312452
leaf_weight=893 932 90 292 77 86
leaf_count=893 932 90 292 77 86
internal_value=-0.000455313 0.000234925 0.000556023 -0.00125798 -0.0016
internal_weight=2370 1275 1185 1095 1018
internal_count=2370 1275 1185 1095 1018
is_linear=0
shrinkage=0.04


Tree=65
num_leaves=7
num_cat=0
split_feature=35 59 41 37 14 25
split_gain=0.773408 1.08772 0.984321 1.90638 1.33818 0.396854
threshold=0.4910799653302082 1.4858504662474983 0.38616079279740628 -0.38289446590793513 0.95446140042021765 1.0000000180025095e-35
decision_type=2 2 2 2 2 2
left_child=2 5 4 -4 -1 -2
right_child=1 -3 3 -5 -6 -7
leaf_value=-7.4245018060612201e-05 2.0674313727286685e-05 0.00027466012283475395 0.00030567774222800358 -2.2566192589087629e-05 0.00047773159381346721 -0.0003163642659174915
leaf_weight=1237 46 51 127 292 156 461
leaf_count=1237 46 51 127 292 156 461
internal_value=-0.000472176 -0.00177143 -7.05632e-05 0.0016247 -0.00058208 -0.00233399
internal_weight=2370 558 1812 419 1393 507
internal_count=2370 558 1812 419 1393 507
is_linear=0
shrinkage=0.04


Tree=66
num_leaves=7
num_cat=0
split_feature=8 61 58 35 24 5
split_gain=0.83399 0.933221 0.745507 0.701482 0.781309 0.182794
threshold=-1.1113523999214625 -0.37469559686592735 -0.10256106704766361 0.76580103770222974 0.63830510760177084 0.90031808536602187
decision_type=2 2 2 2 2 2
left_child=1 -1 -3 4 -2 -5
right_child=3 2 -4 5 -6 -7
leaf_value=0.00047366550070801705 -5.5474688190312948e-05 0.0001672712756252631 -0.00026001003389484095 -0.00048811275877142754 0.00021478693884153694 -0.00016430893685829992
leaf_weight=41 1738 52 87 138 244 70
leaf_count=41 1738 52 87 138 244 70
internal_value=-0.000404723 0.0021978 0.000595744 -0.000620439 -0.000387098 -0.00281905
internal_weight=2370 180 139 2190 1982 208
internal_count=2370 180 139 2190 1982 208
is_linear=0
shrinkage=0.04


Tree=67
num_leaves=7
num_cat=0
split_feature=8 2 14 18 40 56
split_gain=0.802338 0.870539 0.647422 2.70894 0.891183 0.252146
threshold=0.83235649071267448 -0.74847163523732918 0.90040642044044228 -0.050449311667383555 0.87890063675755215 -0.66121640048342967
decision_type=2 2 2 2 2 2
left_child=2 -2 4 -4 -1 -3
right_child=1 5 3 -5 -6 -7
leaf_value=-5.8593318461389502e-05 0.00028910491708866406 -0.00011165944846539998 0.0013380606829023966 -0.00033753623923138702 8.8948498648901375e-05 -0.00030162487102629619
leaf_weight=1591 46 41 60 136 250 246
leaf_count=1591 46 41 60 136 250 246
internal_value=-0.000370996 -0.00218508 -7.25856e-05 0.00210101 -0.000306024 -0.00300346
internal_weight=2370 333 2037 196 1841 287
internal_count=2370 333 2037 196 1841 287
is_linear=0
shrinkage=0.04


Tree=68
num_leaves=6
num_cat=0
split_feature=8 2 28 17 62
split_gain=0.714198 0.830095 0.647228 0.696071 0.198526
threshold=0.83235649071267448 -0.74847163523732918 -0.71269941877597909 0.62059593543147618 0.4809531260149868
decision_type=2 2 2 2 2
left_child=2 -2 -1 -4 -3
right_child=1 4 3 -5 -6
leaf_value=-0.00080704790550987322 0.00027754072040511734 -0.00032252962728502601 1.4992041600659652e-05 -0.00015969514402383323 -0.00022471450487907631
leaf_weight=85 46 199 1822 130 88
leaf_count=85 46 199 1822 130 88
internal_value=-0.000354132 -0.00206567 -7.25856e-05 7.77882e-05 -0.00286505
internal_weight=2370 333 2037 1952 287
internal_count=2370 333 2037 1952 287
is_linear=0
shrinkage=0.04


Tree=69
num_leaves=6
num_cat=0
split_feature=8 59 36 2 62
split_gain=0.686319 0.636577 0.632655 0.569469 0.202347
threshold=0.83235649071267448 2.3053075081778682 1.1043287609870827 -0.74847163523732918 0.34401406576926608
decision_type=2 2 2 2 2
left_child=1 2 -1 -2 -5
right_child=3 -3 -4 4 -6
leaf_value=-1.6096997310738996e-06 0.00026643909158891266 0.00029670845191926781 -0.00041567737630552964 -0.00035786728323984948 -0.00021451951034610236
leaf_weight=1908 46 40 89 183 104
leaf_count=1908 46 40 89 183 104
internal_value=-0.000387859 -0.00011182 -0.000214108 -0.00206567 -0.00272664
internal_weight=2370 2037 1997 333 287
internal_count=2370 2037 1997 333 287
is_linear=0
shrinkage=0.04


Tree=70
num_leaves=6
num_cat=0
split_feature=8 28 17 56 11
split_gain=0.618019 0.63973 0.685962 0.627438 0.245717
threshold=0.83235649071267448 -0.71269941877597909 0.62059593543147618 -0.73405500108382793 0.21998971962596844
decision_type=2 2 2 2 2
left_child=1 -1 -3 -2 -5
right_child=3 2 -4 4 -6
leaf_value=-0.00077470160130023544 0.00017640434747952303 1.4614861465320317e-05 -0.00015324295027363693 -3.4966221275507903e-05 -0.00034355261620223269
leaf_weight=85 64 1822 130 56 213
leaf_count=85 64 1822 130 56 213
internal_value=-0.000354132 -9.2203e-05 5.73174e-05 -0.00194627 -0.00278967
internal_weight=2370 2037 1952 333 269
internal_count=2370 2037 1952 333 269
is_linear=0
shrinkage=0.04


Tree=71
num_leaves=7
num_cat=0
split_feature=8 18 20 14 56 11
split_gain=0.631184 0.671063 1.67094 0.911069 0.627438 0.245717
threshold=0.83235649071267448 -0.27576914005862013 -0.3201841480487832 0.87901658128468918 -0.73405500108382793 0.21998971962596844
decision_type=2 2 2 2 2 2
left_child=1 3 -3 -1 -2 -6
right_child=4 2 -4 -5 5 -7
leaf_value=-0.00010808766249676041 0.00016934817358034215 0.00058461320585921519 4.7789307115995564e-06 0.00078874364853213333 -3.3567572424487536e-05 -0.00032981051155414333
leaf_weight=755 64 78 1164 40 56 213
leaf_count=755 64 78 1164 40 56 213
internal_value=-0.000337269 -7.25856e-05 0.000508038 -0.000978671 -0.00194627 -0.00278967
internal_weight=2370 2037 1242 795 333 269
internal_count=2370 2037 1242 795 333 269
is_linear=0
shrinkage=0.04


Tree=72
num_leaves=5
num_cat=0
split_feature=15 8 18 12
split_gain=0.685488 0.588717 0.846977 0.683859
threshold=-1.3537826347924622 0.83235649071267448 -0.27576914005862013 -0.8654337640099895
decision_type=2 2 2 2
left_child=-1 2 -2 -3
right_child=1 3 -4 -5
leaf_value=0.00050190245808101944 -0.00012683944615893804 0.0004907013232884473 1.8211922741346266e-05 -0.00026393229235947716
leaf_weight=40 755 40 1242 293
leaf_count=40 755 40 1242 293
internal_value=-0.000303542 -0.000394512 -0.000134068 -0.00194627
internal_weight=2370 2330 1997 333
internal_count=2370 2330 1997 333
is_linear=0
shrinkage=0.04


Tree=73
num_leaves=7
num_cat=0
split_feature=8 56 53 17 63 17
split_gain=0.742628 0.670313 0.663009 0.758438 0.366257 0.150897
threshold=0.83235649071267448 -0.73405500108382793 0.91666666666666685 0.62059593543147618 0.26448499288155236 0.55702907900052268
decision_type=2 2 2 2 2 2
left_child=2 -2 3 -1 -4 -3
right_child=1 5 4 -5 -6 -7
leaf_value=1.7586029670871531e-05 0.00017313153833150752 -0.00026780922641613273 -0.00061551426460235408 -0.00023049889123071598 0.00013024122577352156 -6.8111687814850877e-05
leaf_weight=1746 64 215 135 116 40 54
leaf_count=1746 64 215 135 116 40 54
internal_value=-0.000320406 -0.00206567 -3.33506e-05 0.00018884 -0.00237288 -0.00293727
internal_weight=2370 333 2037 1862 175 269
internal_count=2370 333 2037 1862 175 269
is_linear=0
shrinkage=0.04


Tree=74
num_leaves=6
num_cat=0
split_feature=35 46 41 36 1
split_gain=0.633313 0.748649 1.25548 0.817667 0.0518095
threshold=0.97231854518333327 0.501982682968242 0.81488538254916321 0.18651866939910727 0.57117771944353002
decision_type=2 2 2 2 2
left_child=1 3 -3 -1 -2
right_child=4 2 -4 -5 -6
leaf_value=1.308888575147651e-06 -0.00028458151980928405 2.3571821987695816e-06 0.0002296198616304998 -0.00015019926106307901 -0.00079095532660455794
leaf_weight=1170 68 456 81 555 40
leaf_count=1170 68 456 81 555 40
internal_value=-0.000236089 -9.18737e-05 0.00120965 -0.000497974 -0.0032
internal_weight=2370 2262 537 1725 108
internal_count=2370 2262 537 1725 108
is_linear=0
shrinkage=0.04


Tree=75
num_leaves=6
num_cat=0
split_feature=35 24 62 25 5
split_gain=0.708272 0.716263 1.28616 1.21298 0.0550722
threshold=0.9540257459635143 0.6125924731054776 -0.63643361577253466 0.49375002003245222 0.96885346716715215
decision_type=2 2 2 2 2
left_child=1 3 -3 -1 -2
right_child=4 2 -4 -5 -6
leaf_value=-2.6208402950339496e-06 -0.00045636552841720086 0.00031469512262594936 3.6736075330800221e-05 -0.00053623560644747148 -0.00014603178857884483
leaf_weight=1731 77 57 269 196 40
leaf_count=1731 77 57 269 196 40
internal_value=-0.000252952 -9.40143e-05 0.00163415 -0.000387767 -0.00326051
internal_weight=2370 2253 326 1927 117
internal_count=2370 2253 326 1927 117
is_linear=0
shrinkage=0.04


Tree=76
num_leaves=6
num_cat=0
split_feature=58 58 14 45 37
split_gain=0.722153 1.13719 1.00808 0.949271 0.820694
threshold=0.081582412194372109 0.036338976042435363 -0.4382027110239034 4.1548041705014738 0.31139550800325383
decision_type=2 2 2 2 2
left_child=1 2 -1 4 -2
right_child=3 -3 -4 -5 -6
leaf_value=0.0001230636367568433 -0.00021049630582573026 0.00026389737143528137 -5.7549281573623251e-05 0.00054024817213778071 1.4761308780940443e-05
leaf_weight=368 730 50 857 77 288
leaf_count=368 730 50 857 77 288
internal_value=-0.000286679 0.000360218 0.000114098 -0.0010392 -0.00136471
internal_weight=2370 1275 1225 1095 1018
internal_count=2370 1275 1225 1095 1018
is_linear=0
shrinkage=0.04


Tree=77
num_leaves=6
num_cat=0
split_feature=58 28 38 45 61
split_gain=0.679881 1.1475 1.14571 0.916995 0.77183
threshold=0.081582412194372109 1.2009959815760116 1.2494151180272173 4.1548041705014738 -1.0325603190260575
decision_type=2 2 2 2 2
left_child=1 2 -1 4 -2
right_child=3 -3 -4 -5 -6
leaf_value=6.0919724384871113e-06 9.1523898416603547e-05 -0.00040694966335435954 0.0007329327405074834 0.00051863824525226932 -0.00016574837114797695
leaf_weight=1080 71 90 105 77 947
leaf_count=1080 71 90 105 77 947
internal_value=-0.000236089 0.000391542 0.000724515 -0.000966273 -0.00128628
internal_weight=2370 1275 1185 1095 1018
internal_count=2370 1275 1185 1095 1018
is_linear=0
shrinkage=0.04


Tree=78
num_leaves=7
num_cat=0
split_feature=35 46 53 40 46 0
split_gain=0.745285 0.687784 1.12867 1.10113 0.244841 0.0038114
threshold=0.87582556890211993 0.501982682968242 -0.74999999999999989 0.87890063675755215 1.9303950294132564 -0.04441670512989486
decision_type=2 2 2 2 2 2
left_child=1 3 -3 -1 5 -2
right_child=4 2 -4 -5 -6 -7
leaf_value=-6.7111058420946102e-05 -0.00056573317727844432 0.00048118855893840393 1.8062071410727748e-05 0.00015573610103075848 -0.00011494499038966781 -0.00030237330291575638
leaf_weight=1542 40 56 440 161 41 90
leaf_count=1542 40 56 440 161 41 90
internal_value=-0.000269815 -7.08778e-05 0.00123695 -0.000452787 -0.00279769 -0.00363636
internal_weight=2370 2199 496 1703 171 130
internal_count=2370 2199 496 1703 171 130
is_linear=0
shrinkage=0.04


Tree=79
num_leaves=6
num_cat=0
split_feature=17 63 42 39 51
split_gain=0.582843 0.674844 0.974829 0.819411 0.161832
threshold=0.62059593543147618 -0.1485120380711033 -1.0852790160233114 0.34934828476795055 0.1215538998204324
decision_type=2 2 2 2 2
left_child=1 3 -3 -1 -2
right_child=4 2 -4 -5 -6
leaf_value=-0.00016441190123009166 -7.4226378806776898e-05 0.00049071272380464635 7.9862512912205315e-06 7.8067874871576236e-05 -0.00042069664621727844
leaf_weight=663 74 41 1194 319 79
leaf_count=663 74 41 1194 319 79
internal_value=-0.000286679 -0.000120776 0.000501212 -0.00090244 -0.00265807
internal_weight=2370 2217 1235 982 153
internal_count=2370 2217 1235 982 153
is_linear=0
shrinkage=0.04


Tree=80
num_leaves=6
num_cat=0
split_feature=35 41 26 39 1
split_gain=0.626122 0.785704 1.36102 0.897649 0.0518095
threshold=0.97231854518333327 0.38616079279740628 0.24595869232889264 0.34934828476795055 0.57117771944353002
decision_type=2 2 2 2 2
left_child=1 3 -3 -1 -2
right_child=4 2 -4 -5 -6
leaf_value=-0.00016695794131270036 -0.00024299300436556742 0.00024097368609442624 -2.8562293027201098e-05 6.2747766195380471e-05 -0.00073432675734974443
leaf_weight=1087 68 199 448 528 40
leaf_count=1087 68 199 448 528 40
internal_value=-0.000252952 -0.000109542 0.00106625 -0.000581324 -0.0032
internal_weight=2370 2262 647 1615 108
internal_count=2370 2262 647 1615 108
is_linear=0
shrinkage=0.04


Tree=81
num_leaves=7
num_cat=0
split_feature=7 40 57 11 45 46
split_gain=0.593904 1.20236 1.28989 0.813216 0.702058 0.66218
threshold=-0.11099724168640455 -0.58039915919789464 0.31192046960334324 -0.52091478801999302 5.8910430823257673 -0.25981140142164588
decision_type=2 2 2 2 2 2
left_child=1 3 -3 -1 5 -2
right_child=4 2 -4 -5 -6 -7
leaf_value=9.0705264092919333e-05 1.4486240079845064e-05 0.0001636241589395698 -9.0842666458455286e-05 -0.00025573417619612971 0.00045206929869011386 -0.00018771885802917068
leaf_weight=63 402 455 252 235 67 896
leaf_count=63 402 455 252 235 67 896
internal_value=-0.000320406 0.000417079 0.00131453 -0.00170667 -0.000863205 -0.00107077
internal_weight=2370 1005 707 298 1365 1298
internal_count=2370 1005 707 298 1365 1298
is_linear=0
shrinkage=0.04


Tree=82
num_leaves=5
num_cat=0
split_feature=59 35 24 7
split_gain=0.643098 0.952686 1.23026 0.533515
threshold=2.1742071132759082 0.47657311590222279 0.62209154219833296 -0.75993540842602625
decision_type=2 2 2 2
left_child=1 2 -1 -3
right_child=-2 3 -4 -5
leaf_value=-1.3940115605229142e-05 0.00027085909108177301 9.0399256189204521e-05 0.00025379509100441182 -0.00029096188020296196
leaf_weight=1595 54 43 175 503
leaf_count=1595 54 43 175 503
internal_value=-0.000236089 -0.000338224 0.000112866 -0.00179562
internal_weight=2370 2316 1770 546
internal_count=2370 2316 1770 546
is_linear=0
shrinkage=0.04


Tree=83
num_leaves=8
num_cat=0
split_feature=7 40 10 26 41 53 5
split_gain=0.559593 1.14182 1.32791 1.25551 1.00789 1.22951 0.830582
threshold=-0.11099724168640455 -0.58039915919789464 -0.89524124782893788 0.62845502027375955 -0.86596971348814356 0.25000000000000006 0.70773335663551229
decision_type=2 2 2 2 2 2 2
left_child=1 2 -1 -3 5 -2 -6
right_child=4 3 -4 -5 6 -7 -8
leaf_value=0.00017275908780520579 -3.1403512868518891e-06 0.0001454499118962195 -0.00025986237400391624 -0.00024156552104309976 -0.00020675916388190164 0.0016495111373107693 6.5972127828972448e-05
leaf_weight=63 116 566 235 141 996 53 200
leaf_count=63 116 566 235 141 996 53 200
internal_value=-0.000219225 0.000496523 -0.00157333 0.00137094 -0.00074616 0.00212865 -0.00115526
internal_weight=2370 1005 298 707 1365 169 1196
internal_count=2370 1005 298 707 1365 169 1196
is_linear=0
shrinkage=0.04


Tree=84
num_leaves=5
num_cat=0
split_feature=1 7 40 63
split_gain=0.540007 0.610782 1.11348 0.624855
threshold=-1.8970221807640959 -0.10190769630490958 -0.58039915919789464 0.065549453525093018
decision_type=2 2 2 2
left_child=-1 2 -2 -3
right_child=1 3 -4 -5
leaf_value=0.00048730728885640687 -0.00010654816899536151 -0.00019300938095976168 6.5569183810519901e-05 3.6463354678215374e-06
leaf_weight=50 299 689 714 618
leaf_count=50 299 689 714 618
internal_value=-0.000185498 -0.000275625 0.000461083 -0.000846449
internal_weight=2370 2320 1013 1307
internal_count=2370 2320 1013 1307
is_linear=0
shrinkage=0.04


Tree=85
num_leaves=4
num_cat=0
split_feature=18 59 35
split_gain=0.848242 0.640118 0.760604
threshold=-1.0134008255666231 2.1742071132759082 0.98359774794335519
decision_type=2 2 2
left_child=-1 2 -2
right_child=1 -3 -4
leaf_value=0.00050050783880993804 -1.535399065064462e-05 0.00026487645128940276 -0.0007228173947655854
leaf_weight=60 2167 54 89
leaf_count=60 2167 54 89
internal_value=-0.000101181 -0.000224914 -0.000329496
internal_weight=2370 2310 2256
internal_count=2370 2310 2256
is_linear=0
shrinkage=0.04


Tree=86
num_leaves=5
num_cat=0
split_feature=15 18 20 14
split_gain=0.649563 0.649894 1.41751 1.13114
threshold=-1.3537826347924622 -0.27576914005862013 -0.3201841480487832 1.0726610165888091
decision_type=2 2 2 2
left_child=-1 3 -3 -2
right_child=1 2 -4 -5
leaf_value=0.00046369779097506962 -0.00017241846123747606 0.0005209678299599738 -1.0725797398768329e-05 0.00083494002689989328
leaf_weight=40 832 86 1369 43
leaf_count=40 832 86 1369 43
internal_value=-0.000168635 -0.000257291 0.000260809 -0.00111745
internal_weight=2370 2330 1455 875
internal_count=2370 2330 1455 875
is_linear=0
shrinkage=0.04


Tree=87
num_leaves=6
num_cat=0
split_feature=28 39 13 10 40
split_gain=0.537722 0.654508 1.42023 1.33149 0.132937
threshold=-0.71269941877597909 -0.28659569971490073 0.026914534466240956 0.0060193919700190631 -0.38760909323648124
decision_type=2 2 2 2 2
left_child=4 3 -3 -2 -1
right_child=1 2 -4 -5 -6
leaf_value=-0.0006136687879691662 9.9727462302697381e-06 -0.00067941505705213445 7.3961835054972628e-06 0.0001263451640860775 -0.00011184593692025614
leaf_weight=70 674 392 1135 59 40
leaf_count=70 674 392 1135 59 40
internal_value=-0.000151772 -1.76844e-05 -0.00048921 0.000963264 -0.00285714
internal_weight=2370 2260 1527 733 110
internal_count=2370 2260 1527 733 110
is_linear=0
shrinkage=0.04


Tree=88
num_leaves=5
num_cat=0
split_feature=18 18 28 63
split_gain=0.633084 0.598137 0.562255 0.109925
threshold=-1.0134008255666231 -0.92510605493812836 -0.71269941877597909 -0.30414779851161761
decision_type=2 2 2 2
left_child=-1 3 -3 -2
right_child=1 2 -4 -5
leaf_value=0.00050925892434899617 -0.0002776154570308294 -0.00044529894365597601 2.5766780083294802e-06 -0.00046782593528275213
leaf_weight=60 74 109 2081 46
leaf_count=60 74 109 2081 46
internal_value=-0.000118045 -0.000224914 -7.29937e-05 -0.00295082
internal_weight=2370 2310 2190 120
internal_count=2370 2310 2190 120
is_linear=0
shrinkage=0.04


Tree=89
num_leaves=6
num_cat=0
split_feature=28 59 57 0 40
split_gain=0.551213 0.675475 1.31081 0.758045 0.132937
threshold=-0.71269941877597909 -0.21224716159509474 0.30358911286156381 -0.35162771669058873 -0.38760909323648124
decision_type=2 2 2 2 2
left_child=4 2 -2 -3 -1
right_child=1 3 -4 -5 -6
leaf_value=-0.00057131007870416049 9.4836610965668856e-05 5.3635955306517157e-05 -0.00010651184402187446 -8.7595537085683793e-05 -8.9560141697206841e-05
leaf_weight=70 578 503 212 967 40
leaf_count=70 578 503 212 967 40
internal_value=-0.000118045 1.76825e-05 0.000959595 -0.000489131 -0.00285714
internal_weight=2370 2260 790 1470 110
internal_count=2370 2260 790 1470 110
is_linear=0
shrinkage=0.04


Tree=90
num_leaves=6
num_cat=0
split_feature=61 10 39 59 28
split_gain=0.551263 1.59732 1.04026 0.92071 0.827293
threshold=-0.89600241332013697 -0.063140091471271725 1.3246130139557604 -0.22655194714986227 0.41718803028438795
decision_type=2 2 2 2 2
left_child=1 -1 3 -2 -3
right_child=2 4 -4 -5 -6
leaf_value=0.00022523950052327294 2.2943231708601173e-05 -0.00086355614398796665 0.00026376380637507086 -0.00017603100089571451 0.00017805476044261754
leaf_weight=40 845 111 79 1054 241
leaf_count=40 845 111 79 1054 241
internal_value=-0.000168635 0.00119797 -0.000440405 -0.000629144 0.000316383
internal_weight=2370 392 1978 1899 352
internal_count=2370 392 1978 1899 352
is_linear=0
shrinkage=0.04


Tree=91
num_leaves=5
num_cat=0
split_feature=53 18 53 29
split_gain=0.537848 0.836822 0.844452 0.507428
threshold=0.91666666666666685 -1.0134008255666231 0.58333333333333337 0.012675956668717006
decision_type=2 2 2 2
left_child=1 -1 -3 -2
right_child=3 2 -4 -5
leaf_value=0.00062704417204380487 -0.00071087487040924924 -3.3459963806168934e-05 7.2845031843381893e-05 5.6236152966711646e-06
leaf_weight=47 112 1765 372 74
leaf_count=47 112 1765 372 74
internal_value=-0.000202362 -2.56185e-05 -0.000143993 -0.00225532
internal_weight=2370 2184 2137 186
internal_count=2370 2184 2137 186
is_linear=0
shrinkage=0.04


Tree=92
num_leaves=7
num_cat=0
split_feature=8 14 18 58 2 46
split_gain=0.539999 0.712331 2.27409 0.838033 0.43637 0.275278
threshold=0.83235649071267448 0.95446140042021765 -0.050449311667383555 1.3300936510109171 -0.6136415118534958 -0.3567682732401159
decision_type=2 2 2 2 2 2
left_child=1 3 -3 -1 -2 -6
right_child=4 2 -4 -5 5 -7
leaf_value=-2.3295009189534723e-05 0.00012507829771599033 0.001272301908362314 -0.00046862664195764447 0.00012615783163780515 -0.0001143108449917303 -0.00029733520045609738
leaf_weight=1794 59 58 130 55 95 179
leaf_count=1794 59 58 130 55 95 179
internal_value=-0.000219225 2.55017e-05 0.00235789 -0.000213939 -0.00170746 -0.00237681
internal_weight=2370 2037 188 1849 333 274
internal_count=2370 2037 188 1849 333 274
is_linear=0
shrinkage=0.04


Tree=93
num_leaves=6
num_cat=0
split_feature=36 24 48 25 1
split_gain=0.587385 1.01335 1.53061 1.15471 0.138265
threshold=1.1043287609870827 0.6125924731054776 0.73582705414659544 0.50061127434172403 0.75126427952187558
decision_type=2 2 2 2 2
left_child=1 3 -3 -1 -2
right_child=4 2 -4 -5 -6
leaf_value=-2.6100728950308568e-06 -0.00041167589485044962 0.00033090669695499459 -4.7084548306012727e-05 -0.00049283309629052658 -8.0659407007213392e-06
leaf_weight=1738 77 171 154 190 40
leaf_count=1738 77 171 154 190 40
internal_value=-0.000185498 -4.07992e-05 0.00201835 -0.000389638 -0.00292437
internal_weight=2370 2253 325 1928 117
internal_count=2370 2253 325 1928 117
is_linear=0
shrinkage=0.04


Tree=94
num_leaves=6
num_cat=0
split_feature=35 41 28 58 1
split_gain=0.626122 0.785704 3.17542 0.981103 0.0518095
threshold=0.97231854518333327 0.38616079279740628 -0.5734523579355405 0.081582412194372109 0.57117771944353002
decision_type=2 2 2 2 2
left_child=1 3 -3 -1 -2
right_child=4 2 -4 -5 -6
leaf_value=5.4315892934367563e-06 -0.00021288866332972264 0.00044601711615447178 8.09661265880725e-06 -0.00039089002562574476 -0.00065124785656892092
leaf_weight=1132 68 47 600 483 40
leaf_count=1132 68 47 600 483 40
internal_value=-0.000252952 -0.000109542 0.00106625 -0.000581324 -0.0032
internal_weight=2370 2262 647 1615 108
internal_count=2370 2262 647 1615 108
is_linear=0
shrinkage=0.04


Tree=95
num_leaves=6
num_cat=0
split_feature=47 58 40 46 60
split_gain=0.597234 1.24982 0.977769 0.701485 0.769934
threshold=0.074347221070867511 -1.2078161930227524 -0.082230506886022403 -6.1848534943115494 1.046217936681598
decision_type=2 2 2 2 2
left_child=1 -1 -3 -2 -5
right_child=3 2 -4 4 -6
leaf_value=0.00078217982339500347 0.00068710348996513964 4.7265708184268114e-05 -6.5223429591441612e-05 -0.00011682884562032956 4.8312999431090866e-05
leaf_weight=76 44 471 708 941 130
leaf_count=76 44 471 708 941 130
internal_value=-0.000168635 0.000429593 0.000104995 -0.000841541 -0.00104753
internal_weight=2370 1255 1179 1115 1071
internal_count=2370 1255 1179 1115 1071
is_linear=0
shrinkage=0.04


Tree=96
num_leaves=6
num_cat=0
split_feature=28 59 57 39 40
split_gain=0.564868 0.557965 1.26201 0.814339 0.132937
threshold=-0.71269941877597909 -0.21224716159509474 0.30358911286156381 0.48507472799932988 -0.38760909323648124
decision_type=2 2 2 2 2
left_child=4 2 -2 -3 -1
right_child=1 3 -4 -5 -6
leaf_value=-0.00053823223943620462 8.373022472414542e-05 -0.00021693787186268551 -9.4733798059415118e-05 2.5753898841269446e-05 -6.5516960922817446e-05
leaf_weight=70 578 869 212 601 40
leaf_count=70 578 869 212 601 40
internal_value=-8.4318e-05 5.30494e-05 0.00090909 -0.00040761 -0.00285714
internal_weight=2370 2260 790 1470 110
internal_count=2370 2260 790 1470 110
is_linear=0
shrinkage=0.04


Tree=97
num_leaves=6
num_cat=0
split_feature=28 47 59 1 40
split_gain=0.571757 0.570397 2.69827 0.567703 0.132937
threshold=-0.71269941877597909 -0.82278667282036322 0.21289612439188152 -1.8970221807640959 -0.38760909323648124
decision_type=2 2 2 2 2
left_child=4 2 -2 -3 -1
right_child=1 3 -4 -5 -6
leaf_value=-0.00051670294985875628 0.0002713310185018237 0.00052768265899990111 -0.00090750204362712581 -8.1666571139158703e-06 -6.2896282485904842e-05
leaf_weight=70 40 48 41 2131 40
leaf_count=70 40 48 41 2131 40
internal_value=-6.74546e-05 7.07329e-05 0.0033253 -5.31876e-05 -0.00285714
internal_weight=2370 2260 81 2179 110
internal_count=2370 2260 81 2179 110
is_linear=0
shrinkage=0.04


Tree=98
num_leaves=6
num_cat=0
split_feature=28 36 24 1 40
split_gain=0.551213 0.53308 0.724829 0.252271 0.132937
threshold=-0.71269941877597909 1.1043287609870827 0.6125924731054776 0.75126427952187558 -0.38760909323648124
decision_type=2 2 2 2 2
left_child=4 2 -2 -3 -1
right_child=1 3 -4 -5 -6
leaf_value=-0.00049603483186440615 -5.9752462473347387e-06 -0.00038336768330801945 0.00014796856263602162 -3.4634613327634785e-06 -6.0380431186468733e-05
leaf_weight=70 1818 77 325 40 40
leaf_count=70 1818 77 325 40 40
internal_value=-0.000118045 1.76825e-05 0.000162237 -0.00258824 -0.00285714
internal_weight=2370 2260 2143 117 110
internal_count=2370 2260 2143 117 110
is_linear=0
shrinkage=0.04


Tree=99
num_leaves=7
num_cat=0
split_feature=47 58 45 35 37 10
split_gain=0.631353 1.24982 1.19492 1.23701 0.980351 0.677808
threshold=0.074347221070867511 -1.2078161930227524 4.1548041705014738 0.13684439838467993 -0.35558539030549768 -0.88643594608971255
decision_type=2 2 2 2 2 2
left_child=1 -1 5 -4 -3 -2
right_child=2 4 3 -5 -6 -7
leaf_value=0.00075042815064000311 0.00012973495466577767 5.2464007008727689e-05 0.0011406124056350586 -0.00040245470463766815 -3.365709318155078e-05 -0.00017789170726216274
leaf_weight=76 93 237 40 42 942 940
leaf_count=76 93 237 40 42 942 940
internal_value=-0.000185498 0.000429593 -0.000877351 0.00371428 0.000104995 -0.00124831
internal_weight=2370 1255 1115 82 1179 1033
internal_count=2370 1255 1115 82 1179 1033
is_linear=0
shrinkage=0.04


Tree=100
num_leaves=5
num_cat=0
split_feature=1 7 40 28
split_gain=0.53551 0.577105 1.31352 0.803641
threshold=-1.8970221807640959 -0.029422188123876491 -0.58039915919789464 0.56761980497207976
decision_type=2 2 2 2
left_child=-1 2 -2 -3
right_child=1 3 -4 -5
leaf_value=0.00046057401074980854 -9.9640759599517619e-05 -0.00022080262157309346 4.9931792094665981e-05 1.6026379071469989e-05
leaf_weight=50 323 754 807 436
leaf_count=50 323 754 807 436
internal_value=-0.000168635 -0.000258399 0.000388692 -0.000872484
internal_weight=2370 2320 1130 1190
internal_count=2370 2320 1130 1190
is_linear=0
shrinkage=0.04


Tree=101
num_leaves=7
num_cat=0
split_feature=47 58 37 58 27 35
split_gain=0.694358 0.973198 0.895328 0.842223 1.2668 0.854347
threshold=0.074347221070867511 -1.2078161930227524 -0.35558539030549768 0.31912199808140301 0.29468863454673794 0.090379320285816661
decision_type=2 2 2 2 2 2
left_child=1 -1 -3 5 -5 -2
right_child=3 2 -4 4 -6 -7
leaf_value=0.00071976996945154431 -5.6379081023055171e-05 5.3601244236380195e-05 -3.430808113807524e-05 0.00024752614301599691 -4.8603169829648542e-05 -0.00024508513957258009
leaf_weight=76 374 237 942 135 337 269
leaf_count=76 374 237 942 135 337 269
internal_value=-0.000151772 0.000493237 0.000206604 -0.000877351 0.000405062 -0.00181706
internal_weight=2370 1255 1179 1115 472 643
internal_count=2370 1255 1179 1115 472 643
is_linear=0
shrinkage=0.04


Tree=102
num_leaves=4
num_cat=0
split_feature=59 36 58
split_gain=0.597933 0.647527 0.603014
threshold=2.1742071132759082 1.1872428634530801 1.3300936510109171
decision_type=2 2 2
left_child=1 2 -1
right_child=-2 -3 -4
leaf_value=-1.0130699205612767e-05 0.00024389650002085668 -0.00092710408858211776 0.00012884689159410536
leaf_weight=2198 54 71 47
leaf_count=2198 54 71 47
internal_value=-8.4318e-05 -0.000182917 -6.23062e-05
internal_weight=2370 2316 2245
internal_count=2370 2316 2245
is_linear=0
shrinkage=0.04


Tree=103
num_leaves=5
num_cat=0
split_feature=15 47 45 49
split_gain=0.63633 0.585614 0.857883 0.80669
threshold=-1.3537826347924622 0.074347221070867511 3.205939097846624 -0.76633310795266263
decision_type=2 2 2 2
left_child=-1 3 -3 -2
right_child=1 2 -4 -5
leaf_value=0.0004040099586402743 8.48320950765012e-05 -0.00011352755199569324 0.00030529294855994411 7.4849831100337689e-06
leaf_weight=40 57 977 103 1193
leaf_count=40 57 977 103 1193
internal_value=-0.000118045 -0.000205833 -0.000887247 0.000383386
internal_weight=2370 2330 1080 1250
internal_count=2370 2330 1080 1250
is_linear=0
shrinkage=0.04


Tree=104
num_leaves=7
num_cat=0
split_feature=47 38 24 58 45 40
split_gain=0.564063 1.06155 1.04223 1.00207 0.910717 0.820354
threshold=0.074347221070867511 -0.8864434665155162 0.62209154219833296 -1.2078161930227524 4.1548041705014738 -0.082230506886022403
decision_type=2 2 2 2 2 2
left_child=3 2 -2 -1 -3 -5
right_child=1 4 -4 5 -6 -7
leaf_value=0.00069108499931730535 -4.5480203283313216e-05 -0.00016076654859766213 0.00016108567185412834 4.1287030152738216e-05 0.00033692674409348993 -5.8053803446919639e-05
leaf_weight=76 44 941 49 471 81 708
leaf_count=76 44 941 49 471 81 708
internal_value=-0.000151772 -0.000805731 0.0032421 0.000429593 -0.00117969 0.000138864
internal_weight=2370 1115 93 1255 1022 1179
internal_count=2370 1115 93 1255 1022 1179
is_linear=0
shrinkage=0.04


Tree=105
num_leaves=6
num_cat=0
split_feature=28 7 47 41 40
split_gain=0.571757 0.618017 1.70788 0.997808 0.132937
threshold=-0.71269941877597909 -0.029422188123876491 -0.74022011257275711 -0.85527053013937582 -0.38760909323648124
decision_type=2 2 2 2 2
left_child=4 2 -2 -3 -1
right_child=1 3 -4 -5 -6
leaf_value=-0.0004489353620747374 0.00020618835978613066 0.00032309291889771516 1.0912391990682284e-05 -0.00016276395383492276 -4.3540443191975483e-05
leaf_weight=70 59 163 986 1052 40
leaf_count=70 59 163 986 1052 40
internal_value=-6.74546e-05 7.07329e-05 0.000783189 -0.000542318 -0.00285714
internal_weight=2370 2260 1045 1215 110
internal_count=2370 2260 1045 1215 110
is_linear=0
shrinkage=0.04


Tree=106
num_leaves=4
num_cat=0
split_feature=59 36 60
split_gain=0.61781 0.623623 0.914204
threshold=2.1742071132759082 1.1872428634530801 1.046217936681598
decision_type=2 2 2
left_child=1 2 -1
right_child=-2 -3 -4
leaf_value=-1.3598456903922077e-05 0.00024535866565810827 -0.00087948464510057933 0.00013368399806925702
leaf_weight=2124 54 71 121
leaf_count=2124 54 71 121
internal_value=-0.000151772 -0.000251942 -0.000133512
internal_weight=2370 2316 2245
internal_count=2370 2316 2245
is_linear=0
shrinkage=0.04


Tree=107
num_leaves=5
num_cat=0
split_feature=28 40 40 40
split_gain=0.544447 0.606489 0.630524 0.132937
threshold=-0.71269941877597909 -0.97400064663699559 -0.75955870443671958 -0.38760909323648124
decision_type=2 2 2 2
left_child=3 -2 -3 -1
right_child=1 2 -4 -5
leaf_value=-0.0004304340093155911 0.0001899222954878425 -0.00062744433220680244 1.5882043718117665e-07 -4.1254887188139531e-05
leaf_weight=70 40 66 2154 40
leaf_count=70 40 66 2154 40
internal_value=-0.000134908 -9.52831e-10 -9.001e-05 -0.00285714
internal_weight=2370 2260 2220 110
internal_count=2370 2260 2220 110
is_linear=0
shrinkage=0.04


Tree=108
num_leaves=7
num_cat=0
split_feature=40 39 42 39 38 42
split_gain=0.578487 1.42764 1.43424 1.21593 1.11246 0.680781
threshold=-0.58039915919789464 -0.42475926615969367 -0.31336096617028703 -0.52005687477169593 -0.40141252468655714 0.83406672378138502
decision_type=2 2 2 2 2 2
left_child=3 2 -2 5 -3 -1
right_child=1 4 -4 -5 -6 -7
leaf_value=-0.00042439780633427335 -0.00042627078036773579 0.00018217105509344683 0.00022390283831970253 0.00012841387511736572 -7.8279370401773015e-05 -3.6664695004870053e-06
leaf_weight=194 95 190 207 40 1518 126
leaf_count=194 95 190 207 40 1518 126
internal_value=-0.000185498 7.95219e-05 0.00260526 -0.00165746 -0.000369592 -0.00248447
internal_weight=2370 2010 302 360 1708 320
internal_count=2370 2010 302 360 1708 320
is_linear=0
shrinkage=0.04


Tree=109
num_leaves=8
num_cat=0
split_feature=8 63 58 53 56 14 36
split_gain=0.577328 0.779433 1.02889 0.708501 0.37765 0.511456 0.279593
threshold=0.83235649071267448 0.071116009131395957 1.3300936510109171 0.91666666666666685 -0.401840987202636 0.65541266274837262 -0.21496342511102026
decision_type=2 2 2 2 2 2 2
left_child=1 3 -3 -1 5 -2 -6
right_child=4 2 -4 -5 6 -7 -8
leaf_value=-9.603659793112714e-06 -0.00011403205059294961 2.5784305722260447e-05 0.00022255281559502773 -0.00060991524295570508 -1.9053764655920914e-05 0.00046861633591763717 -0.00037693523280265265
leaf_weight=1001 75 879 43 114 71 41 146
leaf_count=1001 75 879 43 114 71 41 146
internal_value=-0.000168635 8.43541e-05 0.000943722 -0.00062668 -0.00170746 0.000135592 -0.00268493
internal_weight=2370 2037 922 1115 333 116 217
internal_count=2370 2037 922 1115 333 116 217
is_linear=0
shrinkage=0.04


Tree=110
num_leaves=6
num_cat=0
split_feature=47 42 7 26 10
split_gain=0.564063 1.13001 0.841897 0.72653 0.816875
threshold=0.074347221070867511 -0.99069903207809595 -0.035399210925120092 1.5546736979522715 -0.86705912795222562
decision_type=2 2 2 2 2
left_child=1 -1 -3 4 -2
right_child=3 2 -4 -5 -6
leaf_value=0.00036885574877231701 9.8291655384866899e-05 5.2750240189965161e-05 -9.0812796822425191e-05 9.5215592576912265e-05 -0.00013433416659082466
leaf_weight=61 99 513 681 43 973
leaf_count=61 99 513 681 43 973
internal_value=-0.000151772 0.000429593 0.000153845 -0.000805731 -0.00101304
internal_weight=2370 1255 1194 1115 1072
internal_count=2370 1255 1194 1115 1072
is_linear=0
shrinkage=0.04


Tree=111
num_leaves=6
num_cat=0
split_feature=28 8 63 63 56
split_gain=0.544447 0.52042 0.624154 0.4764 0.132937
threshold=-0.71269941877597909 0.83235649071267448 0.071116009131395957 0.26448499288155236 -0.10686383273409734
decision_type=2 2 2 2 2
left_child=4 2 -2 -3 -1
right_child=1 3 -4 -5 -6
leaf_value=-4.936042429130292e-05 -1.4642098039583846e-05 -2.4961811588077383e-05 4.4618917273955494e-05 -0.00041531670506884797 -0.00033565811834149856
leaf_weight=40 1060 196 892 112 70
leaf_count=40 1060 196 892 112 70
internal_value=-0.000134908 -9.52831e-10 0.000241555 -0.00152258 -0.00285714
internal_weight=2370 2260 1952 308 110
internal_count=2370 2260 1952 308 110
is_linear=0
shrinkage=0.04


Tree=112
num_leaves=7
num_cat=0
split_feature=61 14 40 41 41 11
split_gain=0.500764 0.713921 3.37554 0.963576 0.522443 0.373438
threshold=0.57031226898698362 0.95446140042021765 0.45293143066497982 0.38616079279740628 0.99036692576172758 -0.52091478801999302
decision_type=2 2 2 2 2 2
left_child=1 3 -3 -1 5 -2
right_child=4 2 -4 -5 -6 -7
leaf_value=-4.9350088439553532e-05 0.00012268483554896028 0.00084081369534899305 -0.0017174613981800965 5.4391133297344593e-05 2.8916795163043485e-05 -0.00031354125593219983
leaf_weight=1364 54 117 99 473 75 188
leaf_count=1364 54 117 99 473 75 188
internal_value=-0.000118045 0.000110948 0.00227523 -0.000145732 -0.00159248 -0.0024918
internal_weight=2370 2053 216 1837 317 242
internal_count=2370 2053 216 1837 317 242
is_linear=0
shrinkage=0.04


Tree=113
num_leaves=7
num_cat=0
split_feature=35 24 24 25 18 15
split_gain=0.539009 0.765424 1.31946 1.06154 0.204509 0.318198
threshold=0.87582556890211993 0.60901602063279436 0.75262328640258003 0.50061127434172403 0.45247199159714463 0.84081212666153393
decision_type=2 2 2 2 2 2
left_child=1 3 -3 -1 -2 -6
right_child=4 2 -4 -5 5 -7
leaf_value=-1.1762591084824943e-06 -0.00030752442441390272 0.00020513587136119032 -7.3677881662939302e-06 -0.00040144859820421278 2.4762084922942567e-05 -0.00017141465538424446
leaf_weight=1725 74 99 201 174 44 53
leaf_count=1725 74 99 201 174 44 53
internal_value=-0.000185498 -1.63572e-05 0.0018543 -0.00031352 -0.00233526 -0.00109091
internal_weight=2370 2199 300 1899 171 97
internal_count=2370 2199 300 1899 171 97
is_linear=0
shrinkage=0.04


Tree=114
num_leaves=8
num_cat=0
split_feature=40 14 57 43 35 46 38
split_gain=0.553315 2.26575 1.35014 0.680592 0.678733 0.771225 0.540429
threshold=0.87890063675755215 -0.16012966733001494 -0.15133333944902555 -0.28018228718316679 0.47657311590222279 5.2616153315017735 -0.37262347151391345
decision_type=2 2 2 2 2 2 2
left_child=4 2 -2 -3 5 -1 -6
right_child=1 3 -4 -5 6 -7 -8
leaf_value=-7.5566856025704014e-06 0.00097256536656440719 0.00011019742483531125 3.4381111150426789e-05 -0.00026866018663683657 -1.023352206219916e-05 0.00050073527699000589 -0.0006413745505621434
leaf_weight=1562 52 51 85 118 252 61 189
leaf_count=1562 52 51 85 118 252 61 189
internal_value=-0.000101181 0.00148052 0.00526619 -0.00161404 -0.000336884 4.18452e-05 -0.00172461
internal_weight=2370 306 137 169 2064 1623 441
internal_count=2370 306 137 169 2064 1623 441
is_linear=0
shrinkage=0.04


Tree=115
num_leaves=7
num_cat=0
split_feature=63 17 41 45 60 59
split_gain=0.576172 0.628789 0.97828 0.444085 0.266359 0.153261
threshold=-1.1566785802056028 0.62059593543147618 0.61404315678016219 -0.45963063764702122 0.36987825889532205 1.0000000180025095e-35
decision_type=2 2 2 2 2 2
left_child=3 2 -2 -1 -3 -5
right_child=1 4 -4 5 -6 -7
leaf_value=6.3365206816341749e-05 -8.8689720465719206e-06 -6.5735529173933534e-05 0.00010324555472951604 -3.0193997697249947e-05 -0.0002082088704271572 -0.00058277998704900043
leaf_weight=45 1651 70 366 41 83 114
leaf_count=45 1651 70 366 41 83 114
internal_value=-0.000134908 5.52477e-05 0.000243684 -0.00217822 -0.0024 -0.00318471
internal_weight=2370 2170 2017 200 153 155
internal_count=2370 2170 2017 200 153 155
is_linear=0
shrinkage=0.04


Tree=116
num_leaves=8
num_cat=0
split_feature=63 1 63 60 17 27 37
split_gain=0.501135 1.23625 1.04661 0.903116 0.657548 2.79236 0.718311
threshold=0.065549453525093018 -0.29486780146893082 0.15697969778350171 -0.27287347746106205 -0.02425620088711657 -0.034985824168207121 0.85409029438737882
decision_type=2 2 2 2 2 2 2
left_child=4 2 -2 -3 6 -6 -1
right_child=1 3 -4 -5 5 -7 -8
leaf_value=-0.00026068053146802948 0.0010950421930871477 9.8886941395795507e-05 9.6571733154386018e-05 -7.3434713352028518e-05 0.00050837963408342064 -7.1663078386447879e-06 9.273817359103802e-05
leaf_weight=613 40 164 251 640 45 402 215
leaf_count=613 40 164 251 640 45 402 215
internal_value=-0.000134908 0.000492251 0.00271672 -0.000317619 -0.000673454 0.000561246 -0.00133976
internal_weight=2370 1095 291 804 1275 447 828
internal_count=2370 1095 291 804 1275 447 828
is_linear=0
shrinkage=0.04


Tree=117
num_leaves=5
num_cat=0
split_feature=18 41 28 14
split_gain=0.453853 0.5265 2.61415 0.841436
threshold=-1.0134008255666231 0.61404315678016219 -0.44930245546626785 -0.84215366836777628
decision_type=2 2 2 2
left_child=-1 3 -3 -2
right_child=1 2 -4 -5
leaf_value=0.00044757740446956526 7.9208612744217756e-05 0.00025965589707344365 -3.9206595502688613e-07 -7.2751818697319758e-05
leaf_weight=60 204 40 428 1638
leaf_count=60 204 40 428 1638
internal_value=-0.000151772 -0.000242215 0.000953191 -0.000546639
internal_weight=2370 2310 468 1842
internal_count=2370 2310 468 1842
is_linear=0
shrinkage=0.04


Tree=118
num_leaves=7
num_cat=0
split_feature=40 46 11 40 25 62
split_gain=0.521822 1.48122 1.38367 0.615098 1.25237 0.390601
threshold=0.87890063675755215 -0.38293742952723508 -0.59788759195307528 0.63388595088648991 -1.0390183960888737 0.66820635618654778
decision_type=2 2 2 2 2 2
left_child=3 -2 -3 4 -1 -5
right_child=1 2 -4 5 -6 -7
leaf_value=0.00046704026317180721 0.00073325309945465752 0.00057973236629007359 -0.00016244340406002721 -0.0007441591285006333 -1.0786281156877546e-05 5.5751843836184943e-06
leaf_weight=70 73 42 191 174 1769 51
leaf_count=70 73 42 191 174 1769 51
internal_value=-0.000185498 0.00135065 -0.000221278 -0.000414328 -0.000171647 -0.00237886
internal_weight=2370 306 233 2064 1839 225
internal_count=2370 306 233 2064 1839 225
is_linear=0
shrinkage=0.04


Tree=119
num_leaves=6
num_cat=0
split_feature=19 24 35 28 13
split_gain=0.509292 0.711217 1.35085 0.769259 0.305404
threshold=0.62353211968980971 0.6125924731054776 0.49711821208680157 1.3151153003431348 -0.3634914067937482
decision_type=2 2 2 2 2
left_child=1 3 -3 -1 -2
right_child=4 2 -4 -5 -6
leaf_value=-9.1479401902509661e-06 -5.7560337346065759e-05 0.00025186703851121778 -1.1746644130127514e-05 -0.00044379553266342761 -0.00038254093192252142
leaf_weight=1775 51 153 203 95 93
leaf_count=1775 51 153 203 95 93
internal_value=-0.000286679 -0.000136446 0.00149721 -0.000448719 -0.00257534
internal_weight=2370 2226 356 1870 144
internal_count=2370 2226 356 1870 144
is_linear=0
shrinkage=0.04


end of trees

feature_importances:
Column_40=58
Column_35=48
Column_59=43
Column_14=31
Column_46=30
Column_28=27
Column_41=27
Column_36=24
Column_45=20
Column_61=20
Column_37=19
Column_11=18
Column_60=18
Column_1=17
Column_8=17
Column_42=17
Column_58=17
Column_24=15
Column_53=15
Column_7=13
Column_17=13
Column_18=12
Column_47=12
Column_63=12
Column_10=11
Column_39=11
Column_26=8
Column_57=8
Column_25=7
Column_44=7
Column_56=7
Column_2=6
Column_15=6
Column_20=6
Column_38=6
Column_5=5
Column_13=5
Column_27=5
Column_49=5
Column_50=5
Column_62=5
Column_29=3
Column_0=2
Column_12=2
Column_48=2
Column_4=1
Column_6=1
Column_16=1
Column_19=1
Column_43=1
Column_51=1

parameters:
[boosting: gbdt]
[objective: quantile]
[metric: quantile]
[tree_learner: serial]
[device_type: cpu]
[data_sample_strategy: bagging]
[data: ]
[valid: ]
[num_iterations: 120]
[learning_rate: 0.04]
[num_leaves: 15]
[num_threads: 2]
[seed: 42]
[deterministic: 0]
[force_col_wise: 0]
[force_row_wise: 0]
[histogram_pool_size: -1]
[max_depth: 3]
[min_data_in_leaf: 40]
[min_sum_hessian_in_leaf: 0.001]
[bagging_fraction: 0.85]
[pos_bagging_fraction: 1]
[neg_bagging_fraction: 1]
[bagging_freq: 0]
[bagging_seed: 400]
[bagging_by_query: 0]
[feature_fraction: 0.8]
[feature_fraction_bynode: 1]
[feature_fraction_seed: 30056]
[extra_trees: 0]
[extra_seed: 12879]
[early_stopping_round: 0]
[early_stopping_min_delta: 0]
[first_metric_only: 0]
[max_delta_step: 0]
[lambda_l1: 0]
[lambda_l2: 2]
[linear_lambda: 0]
[min_gain_to_split: 0]
[drop_rate: 0.1]
[max_drop: 50]
[skip_drop: 0.5]
[xgboost_dart_mode: 0]
[uniform_drop: 0]
[drop_seed: 17869]
[top_rate: 0.2]
[other_rate: 0.1]
[min_data_per_group: 100]
[max_cat_threshold: 32]
[cat_l2: 10]
[cat_smooth: 10]
[max_cat_to_onehot: 4]
[top_k: 20]
[monotone_constraints: ]
[monotone_constraints_method: basic]
[monotone_penalty: 0]
[feature_contri: ]
[forcedsplits_filename: ]
[refit_decay_rate: 0.9]
[cegb_tradeoff: 1]
[cegb_penalty_split: 0]
[cegb_penalty_feature_lazy: ]
[cegb_penalty_feature_coupled: ]
[path_smooth: 0]
[interaction_constraints: ]
[verbosity: -1]
[saved_feature_importance_type: 0]
[use_quantized_grad: 0]
[num_grad_quant_bins: 4]
[quant_train_renew_leaf: 0]
[stochastic_rounding: 1]
[linear_tree: 0]
[max_bin: 255]
[max_bin_by_feature: ]
[min_data_in_bin: 3]
[bin_construct_sample_cnt: 200000]
[data_random_seed: 175]
[is_enable_sparse: 1]
[enable_bundle: 1]
[use_missing: 1]
[zero_as_missing: 0]
[feature_pre_filter: 1]
[pre_partition: 0]
[two_round: 0]
[header: 0]
[label_column: ]
[weight_column: ]
[group_column: ]
[ignore_column: ]
[categorical_feature: ]
[forcedbins_filename: ]
[precise_float_parser: 0]
[parser_config_file: ]
[objective_seed: 16083]
[num_class: 1]
[is_unbalance: 0]
[scale_pos_weight: 1]
[sigmoid: 1]
[boost_from_average: 1]
[reg_sqrt: 0]
[alpha: 0.9]
[fair_c: 1]
[poisson_max_delta_step: 0.7]
[tweedie_variance_power: 1.5]
[lambdarank_truncation_level: 30]
[lambdarank_norm: 1]
[label_gain: ]
[lambdarank_position_bias_regularization: 0]
[eval_at: ]
[multi_error_top_k: 1]
[auc_mu_weights: ]
[num_machines: 1]
[local_listen_port: 12400]
[time_out: 120]
[machine_list_filename: ]
[machines: ]
[gpu_platform_id: -1]
[gpu_device_id: -1]
[gpu_device_id_list: ]
[gpu_use_dp: 0]
[num_gpu: 1]

end of parameters

pandas_categorical:null
