tree
version=v4
num_class=1
num_tree_per_iteration=1
label_index=0
max_feature_idx=63
objective=quantile
feature_names=Column_0 Column_1 Column_2 Column_3 Column_4 Column_5 Column_6 Column_7 Column_8 Column_9 Column_10 Column_11 Column_12 Column_13 Column_14 Column_15 Column_16 Column_17 Column_18 Column_19 Column_20 Column_21 Column_22 Column_23 Column_24 Column_25 Column_26 Column_27 Column_28 Column_29 Column_30 Column_31 Column_32 Column_33 Column_34 Column_35 Column_36 Column_37 Column_38 Column_39 Column_40 Column_41 Column_42 Column_43 Column_44 Column_45 Column_46 Column_47 Column_48 Column_49 Column_50 Column_51 Column_52 Column_53 Column_54 Column_55 Column_56 Column_57 Column_58 Column_59 Column_60 Column_61 Column_62 Column_63
feature_infos=[-4.6197931847155571:5.9954558253433117] [-3.8590427701933976:4.0745545503753817] [-3.7006363548840562:3.6394565242699604] [-3.4980158346722385:3.2780148828578226] [-3.1999785198786843:2.610347494666029] [-2.1738283218639527:2.4895288086863725] [-3.4289366036448481:3.3364656086789584] [-1.1855167883782549:4.7938504253610938] [-1.6055658018150698:1.6212003046256909] [-3.1259897337209077:2.6779997207171977] [-1.2559288986268582:3.8744210684851921] [-2.4385148065339846:2.6934138560055256] [-2.089779261663173:2.5193293522476043] [-1.3234480727037761:2.7918759496744281] [-2.5204889128810786:3.0312031031188589] [-1.7985784569391383:1.461920888580696] [-1.8765941820849508:1.7838415334625943] [-1.039879775715675:0.67337113695867323] [-1.1128739172860969:0.69940197379011548] [-1.039879775715675:0.67337113695867323] [-2.3458261685465569:2.90808264112031] [-3.2376202311154865:3.5372892838090544] [-2.8844189775848479:2.8578372581832143] [-1.959377286342999:2.8100613773522927] [-2.218806723366312:1.8729898442725346] [-2.0711465073177044:1.8850318965655108] [-3.2689961065748441:2.2068739042765939] [-1.7991879499849253:1.5766680134482451] [-0.95580814064788056:2.8509843221340203] [-3.5672384251110967:3.359314784073069] [-3.280578047393814:2.9491138050114722] [-2.5277821494913666:2.2343153906774247] [-2.4773443806928408:2.382601414218533] [-2.0274700212050707:2.4637040279382165] [-2.1662999543162167:2.3117258022874321] [-1.9334544827373028:2.0030195014669325] [-2.0274614049673487:2.1915077311452715] [-1.2400797419821532:3.2155373949744424] [-1.2585922833209671:3.7630257070024191] [-1.3373970976211238:2.7107458318127908] [-1.1827696544083273:1.8645796270349586] [-2.0357621338741887:1.5852634820366831] [-1.7784888033346966:1.6766103993437165] [-1.976954241894801:11.837550384004633] [-597.3325696117804:95.248719800791037] [-508.49201776933643:105.83474118348761] [-656.48803750582067:48.277629840725055] [-1.1196522221866796:3.2683613614147284] [-1.8789159197136569:1.7316631968769354] [-1.1648515990167034:6.3037245507823627] [-3.8474290931651831:4.5651690630223642] [-10.225138859082454:8.4756836365510111] [-1:1] [-0.83333333333333337:1] [0:1] [0:1] [-5.2186824047976028:4.6346635437425681] [-4.7114188802404344:3.1305962556603983] [-3.4168175486945085:2.8144407990681009] [-1.2025675410664958:2.8129672786371502] [-2.327739568870435:2.3865320541644865] [-2.596261494346439:0.62382464195733733] [-3.8250300719717516:4.3778048806796326] [-5.8796568702502761:4.8140346171214858]
tree_sizes=591 602 602 603 515 607 602 781 611 779 613 613 612 518 606 606 609 605 610 610 519 610 518 605 611 783 783 517 513 513 516 514 694 787 693 603 783 701 606 874 604 785 605 784 785 784 692 693 872 779 691 785 605 690 696 874 786 689 785 785 782 696 690 694 693 699 607 604 688 605 610 692 606 779 692 607 610 697 610 689 615 782 608 874 698 696 601 614 784 792 613 516 689 880 605 784 610 694 873 883 611 697 611 789 604 790 692 791 789 696 695 692 789 786 869 784 875 789 876 517

Tree=0
num_leaves=5
num_cat=0
split_feature=35 40 35 28
split_gain=3.93677 2.72635 4.08704 2.72422
threshold=1.039395282782799 0.14623893880596361 -0.63576633184975317 -0.78796448837487998
decision_type=2 2 2 2
left_child=1 3 -3 -1
right_child=-2 2 -4 -5
leaf_value=-0.063816887583220336 -0.064362523680181916 -0.06395723100818311 -0.062537532369722273 -0.06218526676165273
leaf_weight=46 72 352 669 1231
leaf_count=46 72 352 669 1231
internal_value=-0.0627949 -0.0625028 -0.0640422 -0.0612719
internal_weight=2370 2298 1021 1277
internal_count=2370 2298 1021 1277
is_linear=0
shrinkage=1


Tree=1
num_leaves=5
num_cat=0
split_feature=35 40 35 26
split_gain=3.06812 2.27012 3.10211 1.60138
threshold=1.039395282782799 0.14623893880596361 -0.63576633184975317 0.90413662122737415
decision_type=2 2 2 2
left_child=1 3 -3 -1
right_child=-2 2 -4 -5
leaf_value=0.00055470490530166506 -0.0015048887493625852 -0.0011158077842437304 0.00024710290867867416 -0.002267614055244348
leaf_weight=1221 72 352 669 56
leaf_count=1221 72 352 669 56
internal_value=1.68636e-05 0.000274783 -0.00113001 0.00139797
internal_weight=2370 2298 1021 1277
internal_count=2370 2298 1021 1277
is_linear=0
shrinkage=0.04


Tree=2
num_leaves=5
num_cat=0
split_feature=35 40 47 61
split_gain=3.13293 2.05087 2.99179 1.4268
threshold=1.039395282782799 0.14623893880596361 -0.82278667282036322 0.25865376510570698
decision_type=2 2 2 2
left_child=1 3 -3 -1
right_child=-2 2 -4 -5
leaf_value=0.00081975378805270469 -0.0014446931993880819 -0.0017977137229908558 -0.00014932720825540426 2.5514794174074929e-05
leaf_weight=660 72 40 981 617
leaf_count=660 72 40 981 617
internal_value=0.000101181 0.000361739 -0.000973607 0.00142924
internal_weight=2370 2298 1021 1277
internal_count=2370 2298 1021 1277
is_linear=0
shrinkage=0.04


Tree=3
num_leaves=5
num_cat=0
split_feature=28 40 47 61
split_gain=2.4669 2.71859 2.84527 1.65571
threshold=-0.80184225235338336 0.14623893880596361 -0.82278667282036322 0.25865376510570698
decision_type=2 2 2 2
left_child=-1 3 -3 -2
right_child=1 2 -4 -5
leaf_value=-0.001004652217087823 0.00097036853137645043 -0.0017258051740712216 -0.00021514335974834778 2.0930053212690203e-05
leaf_weight=40 643 40 1032 615
leaf_count=40 643 40 1032 615
internal_value=8.43172e-05 0.00025729 -0.0012216 0.00151746
internal_weight=2370 2330 1072 1258
internal_count=2370 2330 1072 1258
is_linear=0
shrinkage=0.04


Tree=4
num_leaves=4
num_cat=0
split_feature=35 28 59
split_gain=2.5416 2.12191 2.12697
threshold=1.0885534325199775 -0.80184225235338336 -0.26898056154126843
decision_type=2 2 2
left_child=1 -1 -3
right_child=-2 2 -4
leaf_value=-0.00096446612840430995 -0.0017031170484897507 0.0007821367164092775 -6.9381170307644688e-05
leaf_weight=40 54 726 1550
leaf_count=40 54 726 1550
internal_value=0.000134907 0.000338223 0.000502195
internal_weight=2370 2316 2276
internal_count=2370 2316 2276
is_linear=0
shrinkage=0.04


Tree=5
num_leaves=5
num_cat=0
split_feature=28 59 41 47
split_gain=2.00988 1.90688 2.09329 1.15459
threshold=-0.80184225235338336 -0.26898056154126843 -0.18685719898906497 0.38863683076013572
decision_type=2 2 2 2
left_child=-1 3 -3 -2
right_child=1 2 -4 -5
leaf_value=-0.00092588748326813744 0.00097883232407527032 0.00029052896290449916 -0.00057583696747330463 0.00016026780788182566
leaf_weight=40 418 705 887 320
leaf_count=40 418 705 887 320
internal_value=0.000101181 0.00025729 -0.000521957 0.00193514
internal_weight=2370 2330 1592 738
internal_count=2370 2330 1592 738
is_linear=0
shrinkage=0.04


Tree=6
num_leaves=5
num_cat=0
split_feature=35 41 35 46
split_gain=2.5011 1.37964 2.80694 0.486713
threshold=1.0885534325199775 -0.6427677442548777 -0.68281239264762517 -3.675162954931682
decision_type=2 2 2 2
left_child=1 3 -3 -1
right_child=-2 2 -4 -5
leaf_value=-0.00019809528142806222 -0.0016414030788654338 -0.001221617182257845 0.00019182839529978922 0.00084614071796137752
leaf_weight=40 54 291 1569 416
leaf_count=40 54 291 1569 416
internal_value=6.74538e-05 0.000269198 -0.000214823 0.00223581
internal_weight=2370 2316 1860 456
internal_count=2370 2316 1860 456
is_linear=0
shrinkage=0.04


Tree=7
num_leaves=7
num_cat=0
split_feature=40 35 35 35 25 40
split_gain=1.70519 2.40166 7.39693 1.68382 1.36269 1.15718
threshold=0.14623893880596361 -0.68281239264762517 -1.2392647254457418 0.87582556890211993 1.0775373384409315 -0.19349525477204568
decision_type=2 2 2 2 2 2
left_child=3 2 -2 5 -3 -1
right_child=1 4 -4 -5 -6 -7
leaf_value=0.00028031853395840348 0.00082632723518733713 0.00026929264284926923 -0.0018235717096027949 -0.00093773225388025106 -0.00078507630762217231 0.0010739087851313112
leaf_weight=828 152 621 183 79 119 388
leaf_count=828 152 621 183 79 119 388
internal_value=0.000118044 -0.0010585 -0.00385757 0.00109483 0.000215634 0.0014647
internal_weight=2370 1075 335 1295 740 1216
internal_count=2370 1075 335 1295 740 1216
is_linear=0
shrinkage=0.04


Tree=8
num_leaves=5
num_cat=0
split_feature=28 40 47 47
split_gain=2.02552 2.18855 2.50796 1.63321
threshold=-0.80184225235338336 0.14623893880596361 -0.76318939817875175 1.0000000180025095e-35
decision_type=2 2 2 2
left_child=-1 3 -3 -2
right_child=1 2 -4 -5
leaf_value=-0.00085901582959419355 0.00082431125793045888 -0.0012636537225984446 -0.00010896939890328588 2.7468946194427028e-05
leaf_weight=40 585 66 1006 673
leaf_count=40 585 66 1006 673
internal_value=0.000134907 0.000291595 -0.00103538 0.00142222
internal_weight=2370 2330 1072 1258
internal_count=2370 2330 1072 1258
is_linear=0
shrinkage=0.04


Tree=9
num_leaves=7
num_cat=0
split_feature=41 36 42 26 50 45
split_gain=1.64655 2.46492 4.83723 2.61218 0.507189 0.296235
threshold=-0.6427677442548777 -0.68129764578598073 -0.2187658962634276 -0.081871552202134892 1.1574828110823574 3.0426939125311385
decision_type=2 2 2 2 2 2
left_child=4 2 -2 -3 5 -1
right_child=1 3 -4 -5 -6 -7
leaf_value=0.00078085390174222318 0.00036324539040995474 -0.00053718586936768811 -0.002000263393080153 0.00033489746738298498 -0.00012154996139372723 2.5269478293234345e-05
leaf_weight=369 128 596 126 1064 40 47
leaf_count=369 128 596 126 1064 40 47
internal_value=0.000168634 -0.000346555 -0.004 0.000216607 0.00232314 0.00273684
internal_weight=2370 1914 254 1660 456 416
internal_count=2370 1914 254 1660 456 416
is_linear=0
shrinkage=0.04


Tree=10
num_leaves=5
num_cat=0
split_feature=28 40 42 47
split_gain=2.01769 2.01282 2.10443 1.62338
threshold=-0.80184225235338336 0.14623893880596361 -0.22864886753168065 1.0000000180025095e-35
decision_type=2 2 2 2
left_child=-1 3 -3 -2
right_child=1 2 -4 -5
leaf_value=-0.00080316776163571861 0.00079628952269383672 0.00027303068215366798 -0.00068782648488304051 3.3214384399415663e-05
leaf_weight=40 585 452 620 673
leaf_count=40 585 452 620 673
internal_value=0.000118044 0.000274443 -0.000998138 0.00135873
internal_weight=2370 2330 1072 1258
internal_count=2370 2330 1072 1258
is_linear=0
shrinkage=0.04


Tree=11
num_leaves=5
num_cat=0
split_feature=28 40 35 47
split_gain=2.04909 1.76634 2.02173 1.62338
threshold=-0.80184225235338336 0.14623893880596361 -0.68281239264762517 1.0000000180025095e-35
decision_type=2 2 2 2
left_child=-1 3 -3 -2
right_child=1 2 -4 -5
leaf_value=-0.00077104105117028977 0.00076443794178608323 -0.00085568103325005804 4.0237620979508606e-05 3.1885809023438916e-05
leaf_weight=40 585 333 739 673
leaf_count=40 585 333 739 673
internal_value=0.000185498 0.000343053 -0.000849162 0.00135873
internal_weight=2370 2330 1072 1258
internal_count=2370 2330 1072 1258
is_linear=0
shrinkage=0.04


Tree=12
num_leaves=5
num_cat=0
split_feature=28 40 42 61
split_gain=2.04909 1.49751 2.13851 1.44125
threshold=-0.80184225235338336 0.096917579553845862 -0.56005872642004706 0.25865376510570698
decision_type=2 2 2 2
left_child=-1 3 -3 -2
right_child=1 2 -4 -5
leaf_value=-0.00074019940912347813 0.00087139530038207085 0.00040204276183778429 -0.00052822204672560446 -5.9163619156071583e-05
leaf_weight=40 625 260 850 595
leaf_count=40 625 260 850 595
internal_value=0.000185498 0.000343053 -0.000719424 0.00130933
internal_weight=2370 2330 1110 1220
internal_count=2370 2330 1110 1220
is_linear=0
shrinkage=0.04


Tree=13
num_leaves=4
num_cat=0
split_feature=28 35 59
split_gain=2.03336 1.84118 1.55885
threshold=-0.80184225235338336 1.0885534325199775 -0.11389570246140175
decision_type=2 2 2
left_child=-1 2 -2
right_child=1 -3 -4
leaf_value=-0.00071059143275853886 0.00051659603329324752 -0.0015529697850693747 -5.8837904660476447e-05
leaf_weight=40 973 54 1303
leaf_count=40 973 54 1303
internal_value=0.000151771 0.000308748 0.000484636
internal_weight=2370 2330 2276
internal_count=2370 2330 2276
is_linear=0
shrinkage=0.04


Tree=14
num_leaves=5
num_cat=0
split_feature=28 59 59 37
split_gain=1.62059 1.5867 2.31232 1.27231
threshold=-0.80184225235338336 -0.11389570246140175 -0.06997678030756059 0.23227280743889869
decision_type=2 2 2 2
left_child=-1 3 -3 -2
right_child=1 2 -4 -5
leaf_value=-0.00068216777544819753 0.00053445325742684368 -0.0014666242538753985 -1.2184840109935058e-05 -0.0017558126539700071
leaf_weight=40 921 72 1271 66
leaf_count=40 921 72 1271 66
internal_value=0.000168634 0.000308748 -0.000585873 0.00152477
internal_weight=2370 2330 1343 987
internal_count=2370 2330 1343 987
is_linear=0
shrinkage=0.04


Tree=15
num_leaves=5
num_cat=0
split_feature=28 59 59 37
split_gain=1.6276 1.64809 2.31232 1.02153
threshold=-0.80184225235338336 -0.11389570246140175 -0.06997678030756059 0.23227280743889869
decision_type=2 2 2 2
left_child=-1 3 -3 -2
right_child=1 2 -4 -5
leaf_value=-0.00065488106443026945 0.00051307512712977003 -0.0014079592837203828 -1.1697446505537523e-05 -0.0016855801478112065
leaf_weight=40 921 72 1271 66
leaf_count=40 921 72 1271 66
internal_value=0.000185498 0.000325901 -0.000585873 0.00156522
internal_weight=2370 2330 1343 987
internal_count=2370 2330 1343 987
is_linear=0
shrinkage=0.04


Tree=16
num_leaves=5
num_cat=0
split_feature=28 59 59 40
split_gain=1.64167 1.55817 1.99999 0.881629
threshold=-0.80184225235338336 -0.11389570246140175 -0.06997678030756059 -0.85592138808458262
decision_type=2 2 2 2
left_child=-1 3 -3 -2
right_child=1 2 -4 -5
leaf_value=-0.00062868582185305894 -0.0005871875138178615 -0.0013516409123715675 -1.1229548645316245e-05 0.00048514991085950678
leaf_weight=40 90 72 1271 897
leaf_count=40 90 72 1271 897
internal_value=0.000219224 0.000360206 -0.000526394 0.00156522
internal_weight=2370 2330 1343 987
internal_count=2370 2330 1343 987
is_linear=0
shrinkage=0.04


Tree=17
num_leaves=5
num_cat=0
split_feature=35 41 36 46
split_gain=1.79481 1.21541 2.05177 0.486713
threshold=1.0885534325199775 -0.6427677442548777 -0.65113966084482422 -3.675162954931682
decision_type=2 2 2 2
left_child=1 3 -3 -1
right_child=-2 2 -4 -5
leaf_value=-0.00011093514318048278 -0.0015521581254832446 -0.0010064802031833162 0.00013975871042971028 0.00082237859129591351
leaf_weight=40 54 268 1592 416
leaf_count=40 54 268 1592 416
internal_value=0.000219224 0.000389992 -6.44467e-05 0.00223581
internal_weight=2370 2316 1860 456
internal_count=2370 2316 1860 456
is_linear=0
shrinkage=0.04


Tree=18
num_leaves=5
num_cat=0
split_feature=28 59 59 3
split_gain=1.6276 1.54229 1.98141 0.865967
threshold=-0.80184225235338336 -0.11389570246140175 -0.06997678030756059 -0.74353487248015504
decision_type=2 2 2 2
left_child=-1 3 -3 -2
right_child=1 2 -4 -5
leaf_value=-0.00060912873739612464 -0.00039047420621200779 -0.0012985806637886386 -1.4163484740650014e-05 0.00044698697156380989
leaf_weight=40 120 72 1271 867
leaf_count=40 120 72 1271 867
internal_value=0.000185498 0.000325901 -0.000556134 0.00152477
internal_weight=2370 2330 1343 987
internal_count=2370 2330 1343 987
is_linear=0
shrinkage=0.04


Tree=19
num_leaves=5
num_cat=0
split_feature=28 59 59 40
split_gain=1.63463 1.60281 1.98141 0.881629
threshold=-0.80184225235338336 -0.11389570246140175 -0.06997678030756059 -0.85592138808458262
decision_type=2 2 2 2
left_child=-1 3 -3 -2
right_child=1 2 -4 -5
leaf_value=-0.00058476358790027943 -0.00058716984054488805 -0.0012466374372370928 -1.3596945351024096e-05 0.00042910749342015128
leaf_weight=40 90 72 1271 897
leaf_count=40 90 72 1271 897
internal_value=0.000202361 0.000343053 -0.000556134 0.00156522
internal_weight=2370 2330 1343 987
internal_count=2370 2330 1343 987
is_linear=0
shrinkage=0.04


Tree=20
num_leaves=4
num_cat=0
split_feature=35 28 40
split_gain=1.46149 1.34014 1.37259
threshold=1.039395282782799 -0.80184225235338336 0.096917579553845862
decision_type=2 2 2
left_child=1 -1 -3
right_child=-2 2 -4
leaf_value=-0.00056137304438426796 -0.0010081156450060245 0.00036234259352060759 -6.3168215279597591e-05
leaf_weight=40 72 1202 1056
leaf_count=40 72 1202 1056
internal_value=0.000236088 0.000413913 0.000545133
internal_weight=2370 2298 2258
internal_count=2370 2298 2258
is_linear=0
shrinkage=0.04


Tree=21
num_leaves=5
num_cat=0
split_feature=28 59 59 3
split_gain=1.26076 1.54229 1.72541 0.865967
threshold=-0.80184225235338336 -0.11389570246140175 -0.05318586067553497 -0.74353487248015504
decision_type=2 2 2 2
left_child=-1 3 -3 -2
right_child=1 2 -4 -5
leaf_value=-0.00053891812260889742 -0.00040651324144115787 -0.0012561623344325291 -6.794262200855452e-06 0.00041521967587534846
leaf_weight=40 120 99 1244 867
leaf_count=40 120 99 1244 867
internal_value=0.000202361 0.000325901 -0.000556134 0.00152477
internal_weight=2370 2330 1343 987
internal_count=2370 2330 1343 987
is_linear=0
shrinkage=0.04


Tree=22
num_leaves=4
num_cat=0
split_feature=35 28 59
split_gain=1.47039 1.34671 1.45793
threshold=1.039395282782799 -0.80184225235338336 -0.26898056154126843
decision_type=2 2 2
left_child=1 -1 -3
right_child=-2 2 -4
leaf_value=-0.00051736139770454164 -0.00096920730625598762 0.00053064717402057776 -7.7421515495806069e-06
leaf_weight=40 72 719 1539
leaf_count=40 72 719 1539
internal_value=0.000252951 0.000431304 0.000562832
internal_weight=2370 2298 2258
internal_count=2370 2298 2258
is_linear=0
shrinkage=0.04


Tree=23
num_leaves=5
num_cat=0
split_feature=35 16 26 59
split_gain=1.18987 1.23194 1.42358 0.391651
threshold=1.039395282782799 0.77233322452002817 0.90413662122737415 -0.17446221822401123
decision_type=2 2 2 2
left_child=1 2 -1 -3
right_child=-2 3 -4 -5
leaf_value=7.4300150487497386e-05 -0.00093043901400574798 0.0014810706624862231 -0.0010986961655394839 0.00032410451468516496
leaf_weight=1835 72 182 179 102
leaf_count=1835 72 182 179 102
internal_value=0.000236088 0.000396522 4.76192e-05 0.00285315
internal_weight=2370 2298 2014 284
internal_count=2370 2298 2014 284
is_linear=0
shrinkage=0.04


Tree=24
num_leaves=5
num_cat=0
split_feature=28 40 35 47
split_gain=1.27314 1.34694 1.89008 1.3611
threshold=-0.80184225235338336 0.096917579553845862 -0.61024213836396257 -0.013998619085048699
decision_type=2 2 2 2
left_child=-1 3 -3 -2
right_child=1 2 -4 -5
leaf_value=-0.00049963894781585971 0.00066081096137319347 -0.00071818709347773446 0.00013977936660627721 3.4047686573687945e-05
leaf_weight=40 564 365 745 656
leaf_count=40 564 365 745 656
internal_value=0.000236088 0.000360206 -0.000647482 0.0012766
internal_weight=2370 2330 1110 1220
internal_count=2370 2330 1110 1220
is_linear=0
shrinkage=0.04


Tree=25
num_leaves=7
num_cat=0
split_feature=24 36 40 61 42 13
split_gain=1.29058 2.49514 3.85589 2.07409 0.703862 0.00801901
threshold=-0.92779697751188239 -0.96077139555780644 0.56119826931054817 -1.0863861711974983 -0.15467000753048818 1.4473209850979945
decision_type=2 2 2 2 2 2
left_child=4 2 -2 -3 5 -1
right_child=1 3 -4 -5 -6 -7
leaf_value=0.0011724375224938461 -0.0018968377683843891 -0.00071054300741731915 0.00073354025460656161 0.00013447362070880505 -0.00071384458911513292 0.00081427470643842417
leaf_weight=180 71 116 48 1875 40 40
leaf_count=180 71 116 48 1875 40 40
internal_value=0.000252951 -7.57574e-05 -0.00565289 0.00026292 0.00290076 0.00378378
internal_weight=2370 2110 119 1991 260 220
internal_count=2370 2110 119 1991 260 220
is_linear=0
shrinkage=0.04


Tree=26
num_leaves=7
num_cat=0
split_feature=31 57 53 36 44 0
split_gain=1.28474 1.78291 2.40255 1.1396 0.123288 0.00597792
threshold=-1.089200427860685 -0.35145944671993468 -0.58333333333333315 -0.8611645341179458 2.2243410468167353 0.038309839134612785
decision_type=2 2 2 2 2 2
left_child=4 2 -2 -3 5 -1
right_child=1 3 -4 -5 -6 -7
leaf_value=0.0012556822236343013 -0.0015436474043267238 -0.00071472824597162467 -9.1454942571110934e-05 0.00023439745779719575 0.0005468002884800471 0.00087571965435515248
leaf_weight=125 114 141 463 1442 45 40
leaf_count=125 114 141 463 1442 45 40
internal_value=0.000236088 -5.5504e-05 -0.00195509 0.000638486 0.00320755 0.00371257
internal_weight=2370 2160 577 1583 210 165
internal_count=2370 2160 577 1583 210 165
is_linear=0
shrinkage=0.04


Tree=27
num_leaves=4
num_cat=0
split_feature=28 35 59
split_gain=1.28558 1.26709 1.08297
threshold=-0.80184225235338336 1.039395282782799 -0.27556718170384725
decision_type=2 2 2
left_child=-1 2 -2
right_child=1 -3 -4
leaf_value=-0.00048267754587273567 0.00047422402546648009 -0.0009014138590481552 -6.5036548927864967e-06
leaf_weight=40 710 72 1548
leaf_count=40 710 72 1548
internal_value=0.000269815 0.000394511 0.000562832
internal_weight=2370 2330 2258
internal_count=2370 2330 2258
is_linear=0
shrinkage=0.04


Tree=28
num_leaves=4
num_cat=0
split_feature=28 35 18
split_gain=1.27936 1.25869 1.04741
threshold=-0.80184225235338336 1.039395282782799 0.63902903501319142
decision_type=2 2 2
left_child=-1 2 -2
right_child=1 -3 -4
leaf_value=-0.00046337044403782621 0.000141188729289102 -0.00086535730468622902 -0.00071283483809182898
leaf_weight=40 2218 72 40
leaf_count=40 2218 72 40
internal_value=0.000252951 0.000377359 0.000545133
internal_weight=2370 2330 2258
internal_count=2370 2330 2258
is_linear=0
shrinkage=0.04


Tree=29
num_leaves=4
num_cat=0
split_feature=28 35 16
split_gain=1.27936 1.25869 1.08194
threshold=-0.80184225235338336 1.039395282782799 0.77233322452002817
decision_type=2 2 2
left_child=-1 2 -2
right_child=1 -3 -4
leaf_value=-0.00044483562627631318 3.1774050984085095e-05 -0.00083074301249877968 0.00109515438528901
leaf_weight=40 1975 72 283
leaf_count=40 1975 72 283
internal_value=0.000252951 0.000377359 0.000545133
internal_weight=2370 2330 2258
internal_count=2370 2330 2258
is_linear=0
shrinkage=0.04


Tree=30
num_leaves=4
num_cat=0
split_feature=28 35 59
split_gain=1.27314 1.0405 1.01538
threshold=-0.80184225235338336 1.1127102203885049 -0.27556718170384725
decision_type=2 2 2
left_child=-1 2 -2
right_child=1 -3 -4
leaf_value=-0.00042704220122526067 0.00039439119416125593 -0.0015179358488653749 -1.0161479642626103e-05
leaf_weight=40 721 45 1564
leaf_count=40 721 45 1564
internal_value=0.000236088 0.000360206 0.00048098
internal_weight=2370 2330 2285
internal_count=2370 2330 2285
is_linear=0
shrinkage=0.04


Tree=31
num_leaves=4
num_cat=0
split_feature=28 35 16
split_gain=1.26695 1.24197 0.985624
threshold=-0.80184225235338336 1.039395282782799 0.77233322452002817
decision_type=2 2 2
left_child=-1 2 -2
right_child=1 -3 -4
leaf_value=-0.0004099605131762502 2.874217555969214e-05 -0.00078476031366382139 0.0010407022542941742
leaf_weight=40 1975 72 283
leaf_count=40 1975 72 283
internal_value=0.000219224 0.000343053 0.000509735
internal_weight=2370 2330 2258
internal_count=2370 2330 2258
is_linear=0
shrinkage=0.04


Tree=32
num_leaves=6
num_cat=0
split_feature=32 57 63 45 43
split_gain=1.07702 1.51715 1.78509 1.04978 0.289301
threshold=-1.1048348211364771 -0.30764730148075831 0.0066618926304209602 0.11668650921898423 1.6284924988866847
decision_type=2 2 2 2 2
left_child=4 2 -2 -3 -1
right_child=1 3 -4 -5 -6
leaf_value=0.0014978360361699947 -0.00013255208171826326 -7.0031278817333785e-05 -0.00071417848265631996 0.00053419227245997316 7.6195966843951171e-05
leaf_weight=148 514 880 124 662 42
leaf_count=148 514 880 124 662 42
internal_value=0.000252951 1.48875e-10 -0.0016375 0.000678757 0.003125
internal_weight=2370 2180 638 1542 190
internal_count=2370 2180 638 1542 190
is_linear=0
shrinkage=0.04


Tree=33
num_leaves=7
num_cat=0
split_feature=41 36 33 26 46 63
split_gain=1.09584 1.53375 4.10405 2.09655 0.447015 0.327814
threshold=-0.6427677442548777 -0.77326980151563818 -0.31874212494126292 -0.065832912082343722 -3.675162954931682 -1.5610274586817394
decision_type=2 2 2 2 2 2
left_child=4 2 -2 -3 -1 -6
right_child=1 3 -4 -5 5 -7
leaf_value=-2.6710056760817892e-05 -0.00013446981057909632 -0.00045104099182436395 -0.0018118369190546378 0.00029907278125731638 -0.00024058682861846065 0.00083046860893159211
leaf_weight=40 170 618 50 1076 40 376
leaf_count=40 170 618 50 1076 40 376
internal_value=0.000303541 -0.00011691 -0.00324324 0.000292453 0.00206114 0.00244976
internal_weight=2370 1914 220 1694 456 416
internal_count=2370 1914 220 1694 456 416
is_linear=0
shrinkage=0.04


Tree=34
num_leaves=6
num_cat=0
split_feature=32 57 12 45 43
split_gain=1.14595 1.56347 2.27946 0.909838 0.293832
threshold=-1.0622182061820287 -0.35145944671993468 0.61294362945576986 0.11668650921898423 1.6284924988866847
decision_type=2 2 2 2 2
left_child=4 2 -2 -3 -1
right_child=1 3 -4 -5 -6
leaf_value=0.0014405861324360853 -0.00020107884899394412 -3.0238678729004675e-05 -0.00067115475969287271 0.00043945908725421845 9.118976784316745e-05
leaf_weight=158 541 903 43 683 42
leaf_count=158 541 903 43 683 42
internal_value=0.000286678 1.84164e-05 -0.00174744 0.000670025 0.00316832
internal_weight=2370 2170 584 1586 200
internal_count=2370 2170 584 1586 200
is_linear=0
shrinkage=0.04


Tree=35
num_leaves=5
num_cat=0
split_feature=32 48 59 43
split_gain=1.07702 1.55369 1.40283 0.289301
threshold=-1.1048348211364771 -1.1097795870919274 -0.26898056154126843 1.6284924988866847
decision_type=2 2 2 2
left_child=3 -2 -3 -1
right_child=1 2 -4 -5
leaf_value=0.0013829626851180915 -0.00079865632731844136 0.00035769833817373526 -0.00010315628548351352 8.7542177129440669e-05
leaf_weight=148 40 727 1413 42
leaf_count=148 40 727 1413 42
internal_value=0.000252951 1.48875e-10 0.000149393 0.003125
internal_weight=2370 2180 2140 190
internal_count=2370 2180 2140 190
is_linear=0
shrinkage=0.04


Tree=36
num_leaves=7
num_cat=0
split_feature=47 25 58 36 59 37
split_gain=1.00146 1.44105 1.71977 0.770112 0.648024 1.79741
threshold=1.0878870123197404 0.79066405081951741 0.34531404796725601 -0.40660482085147082 -0.10166843930275697 0.059547787106206458
decision_type=2 2 2 2 2 2
left_child=1 3 -3 -1 -2 -6
right_child=4 2 -4 -5 5 -7
leaf_value=-0.00020284321227684096 0.00096658789021914187 -0.0010177660043768333 -2.9718021443751535e-05 0.00021003210005821106 -0.001319202230399777 0.00097451223333039978
leaf_weight=635 176 56 84 1307 41 71
leaf_count=635 176 56 84 1307 41 71
internal_value=0.000252951 -5.37427e-05 -0.00394366 0.000230453 0.00245517 7.01756e-05
internal_weight=2370 2082 140 1942 288 112
internal_count=2370 2082 140 1942 288 112
is_linear=0
shrinkage=0.04


Tree=37
num_leaves=6
num_cat=0
split_feature=28 16 40 40 25
split_gain=0.969815 1.13445 1.06674 1.80182 0.781227
threshold=-0.72585518529520709 0.076599383145153563 -0.36930312219144174 -0.28498628639522372 0.61351423272124794
decision_type=2 2 2 2 2
left_child=1 -1 4 -4 -2
right_child=2 -3 3 -5 -6
leaf_value=-5.0484430717054957e-07 0.00080218081131277325 -0.0012387200902722658 -0.0010983776541662552 4.4838430911409006e-05 -0.00017525277276366172
leaf_weight=60 434 40 130 1545 161
leaf_count=60 434 40 130 1545 161
internal_value=0.000286678 -0.00352941 0.000457747 -5.96301e-05 0.00190955
internal_weight=2370 100 2270 1675 595
internal_count=2370 100 2270 1675 595
is_linear=0
shrinkage=0.04


Tree=38
num_leaves=5
num_cat=0
split_feature=24 58 36 23
split_gain=0.982523 2.33408 1.5151 0.187532
threshold=-1.0942871991137573 -1.5863127196376261 -0.96077139555780644 -0.94786273023486212
decision_type=2 2 2 2
left_child=3 -2 -3 -1
right_child=1 2 -4 -5
leaf_value=0.0015375009366260823 -0.00054411831610090913 -0.0011370408948986627 8.4491700512004809e-05 0.00063601475774119072
leaf_weight=124 41 151 1998 56
leaf_count=124 41 151 1998 56
internal_value=0.000252951 1.82483e-05 0.000202697 0.00307692
internal_weight=2370 2190 2149 180
internal_count=2370 2190 2149 180
is_linear=0
shrinkage=0.04


Tree=39
num_leaves=8
num_cat=0
split_feature=44 41 26 12 36 20 35
split_gain=0.821148 1.01571 1.98976 0.681355 1.97483 0.724319 0.387564
threshold=-0.40903064239460735 -0.61934264375785142 -0.23413115342103882 -0.046963762260520896 -0.66417353730838591 -1.1117755553361204 -0.36929816545442734
decision_type=2 2 2 2 2 2 2
left_child=1 6 -3 5 -5 -2 -1
right_child=3 2 -4 4 -6 -7 -8
leaf_value=2.2915961523089336e-05 -0.00020394079247316945 -0.00097495412872313837 -2.7157642386954944e-05 -0.0014810077522345833 9.7788128412355625e-05 0.00045421290276304087 0.001307167075936803
leaf_weight=90 79 130 361 56 868 713 73
leaf_count=90 79 130 361 56 868 713 73
internal_value=0.000252951 -0.000951219 -0.00185801 0.000712456 -2.59178e-05 0.00157179 0.0017697
internal_weight=2370 654 491 1716 924 792 163
internal_count=2370 654 491 1716 924 792 163
is_linear=0
shrinkage=0.04


Tree=40
num_leaves=5
num_cat=0
split_feature=28 32 48 43
split_gain=1.26695 0.866113 1.60025 0.275599
threshold=-0.80184225235338336 -1.1048348211364771 -1.1097795870919274 1.0719722042229816
decision_type=2 2 2 2
left_child=-1 3 -3 -2
right_child=1 2 -4 -5
leaf_value=-0.00036335136896602498 0.0012436971857449923 -0.00070988327588953324 6.1349796359451092e-05 0.00053149218095918476
leaf_weight=40 130 40 2100 60
leaf_count=40 130 40 2100 60
internal_value=0.000219224 0.000343053 0.000112045 0.00291667
internal_weight=2370 2330 2140 190
internal_count=2370 2330 2140 190
is_linear=0
shrinkage=0.04


Tree=41
num_leaves=7
num_cat=0
split_feature=24 36 37 28 59 59
split_gain=0.873265 2.02466 3.31148 1.00039 0.596179 0.173363
threshold=-0.96172529072939195 -0.59722794081883412 0.24408457312798157 -0.72585518529520709 1.6007956990800569 -0.06997678030756059
decision_type=2 2 2 2 2 2
left_child=4 2 -2 -3 5 -1
right_child=1 3 -4 -5 -6 -7
leaf_value=0.00043691459152944917 0.00050808536444803699 -0.00075575126650004668 -0.0011203385051798676 0.00013978396344783105 -0.00086980496494631259 0.0015391901826090593
leaf_weight=40 135 95 170 1730 40 160
leaf_count=40 135 95 170 1730 40 160
internal_value=0.000202361 -5.6285e-05 -0.00306189 0.000448823 0.00247934 0.00336634
internal_weight=2370 2130 305 1825 240 200
internal_count=2370 2130 305 1825 240 200
is_linear=0
shrinkage=0.04


Tree=42
num_leaves=5
num_cat=0
split_feature=35 16 20 18
split_gain=0.946158 1.11218 1.30803 0.70933
threshold=1.039395282782799 0.77233322452002817 -0.22894493385833889 0.61797862715763852
decision_type=2 2 2 2
left_child=1 2 -1 -3
right_child=-2 3 -4 -5
leaf_value=0.00027627957262586696 -0.00072621789541265497 0.0010898899160064577 -0.00019548722218057092 -0.00028410745339157344
leaf_weight=958 72 220 1056 64
leaf_count=958 72 220 1056 64
internal_value=0.000236088 0.000379131 4.76192e-05 0.00271329
internal_weight=2370 2298 2014 284
internal_count=2370 2298 2014 284
is_linear=0
shrinkage=0.04


Tree=43
num_leaves=7
num_cat=0
split_feature=41 59 38 28 50 37
split_gain=0.927132 1.29015 1.63109 1.33786 0.408988 0.420414
threshold=-0.6427677442548777 -0.26898056154126843 0.18889642381501118 -0.72585518529520709 1.1574828110823574 -0.40105589303586042
decision_type=2 2 2 2 2 2
left_child=4 3 -3 -2 5 -1
right_child=1 2 -4 -5 -6 -7
leaf_value=-3.4787481055075946e-05 -0.0010744217949226898 -0.00045870920777996268 0.00011258265977105874 0.00039915917030863824 -0.00018424573642622383 0.00082342129161512665
leaf_weight=70 79 627 630 578 40 346
leaf_count=70 79 627 630 578 40 346
internal_value=0.000269815 -0.00011691 -0.000867355 0.00131715 0.00188646 0.00225837
internal_weight=2370 1914 1257 657 456 416
internal_count=2370 1914 1257 657 456 416
is_linear=0
shrinkage=0.04


Tree=44
num_leaves=7
num_cat=0
split_feature=24 36 28 43 13 41
split_gain=0.873265 1.87211 2.2596 1.04981 0.535927 0.156355
threshold=-0.96172529072939195 -0.61577122270757945 -0.30204360286049398 -0.0093531741225477381 1.5255908909985514 -1.2327926821096888
decision_type=2 2 2 2 2 2
left_child=4 2 -2 -3 5 -1
right_child=1 3 -4 -5 -6 -7
leaf_value=0.0012412400343524783 0.00090530416717449506 0.00024352885855767563 -0.00097537092602710573 -0.00012246095034767622 -0.00076927746197544831 0.0010717933175082657
leaf_weight=43 104 915 185 926 43 154
leaf_count=43 104 915 185 926 43 154
internal_value=0.000202361 -5.6285e-05 -0.0030378 0.000414542 0.00247934 0.00335678
internal_weight=2370 2130 289 1841 240 197
internal_count=2370 2130 289 1841 240 197
is_linear=0
shrinkage=0.04


Tree=45
num_leaves=7
num_cat=0
split_feature=41 16 25 33 50 46
split_gain=0.866654 1.29272 1.59316 0.490669 0.390602 0.319612
threshold=-0.6427677442548777 0.61222843728671072 0.42709939959485616 1.48547261530136 1.1574828110823574 -0.23809832787230048
decision_type=2 2 2 2 2 2
left_child=4 2 -2 -3 5 -1
right_child=1 3 -4 -5 -6 -7
leaf_value=7.8172126661501813e-05 -1.703725141330832e-05 0.00060825673600111796 -0.00055889945949967785 -0.0012903858021403871 -0.00022107070757450688 0.00087881205585574633
leaf_weight=180 1132 424 314 44 40 236
leaf_count=180 1132 424 314 44 40 236
internal_value=0.000236088 -0.000137787 -0.000729282 0.00168511 0.00179913 0.00216268
internal_weight=2370 1914 1446 468 456 416
internal_count=2370 1914 1446 468 456 416
is_linear=0
shrinkage=0.04


Tree=46
num_leaves=6
num_cat=0
split_feature=11 9 40 47 2
split_gain=0.806169 0.862788 1.01926 0.292762 0.00154061
threshold=1.273252101106696 -1.3732603369740259 0.096917579553845862 -0.33627081486032179 -1.4304052069125839
decision_type=2 2 2 2 2
left_child=1 4 -3 -2 -1
right_child=3 2 -4 -5 -6
leaf_value=0.00099661737538263816 9.7114468473534548e-05 0.00011916040693606075 -0.00023033150701055562 0.001353711650383908 0.0012879641156773158
leaf_weight=40 40 1168 934 122 66
leaf_count=40 40 1168 934 122 66
internal_value=0.000269815 6.87784e-05 -0.000110266 0.00297561 0.00355556
internal_weight=2370 2208 2102 162 106
internal_count=2370 2208 2102 162 106
is_linear=0
shrinkage=0.04


Tree=47
num_leaves=6
num_cat=0
split_feature=11 9 35 47 2
split_gain=0.816252 0.871763 1.06501 0.292762 0.00154061
threshold=1.273252101106696 -1.3732603369740259 -0.40076748783076438 -0.33627081486032179 -1.4304052069125839
decision_type=2 2 2 2 2
left_child=1 4 -3 -2 -1
right_child=3 2 -4 -5 -6
leaf_value=0.00095675268036733284 9.3229889734593223e-05 -0.00021131953230646663 7.3774668305223555e-05 0.0012995631843685518 0.0012364455510502231
leaf_weight=40 40 597 1505 122 66
leaf_count=40 40 597 1505 122 66
internal_value=0.000252951 5.06789e-05 -0.000129277 0.00297561 0.00355556
internal_weight=2370 2208 2102 162 106
internal_count=2370 2208 2102 162 106
is_linear=0
shrinkage=0.04


Tree=48
num_leaves=8
num_cat=0
split_feature=41 35 37 44 26 48 38
split_gain=0.907896 1.27652 2.13461 1.19497 0.34729 1.13255 0.166248
threshold=-0.6427677442548777 -0.6614640815289895 0.27295076534160539 -0.40903064239460735 -1.0365211570876547 -0.96689466018284087 1.1599869924500521
decision_type=2 2 2 2 2 2 2
left_child=4 2 -2 -3 6 -6 -1
right_child=1 3 -4 -5 5 -7 -8
leaf_value=0.00096288968673647777 0.00055287431933871039 -0.00028866141087212772 -0.0010360474743292822 0.00018088460728617252 -0.000259103321723066 0.00036401144636949217 0.00036632790507605539
leaf_weight=135 106 405 196 1207 45 236 40
leaf_count=135 106 405 196 1207 45 236 40
internal_value=0.000286678 -9.60333e-05 -0.00247368 0.000351921 0.00188646 0.00100353 0.00327684
internal_weight=2370 1914 302 1612 456 281 175
internal_count=2370 1914 302 1612 456 281 175
is_linear=0
shrinkage=0.04


Tree=49
num_leaves=7
num_cat=0
split_feature=24 36 40 61 39 44
split_gain=0.882716 1.72869 3.03492 1.80972 0.577598 0.189966
threshold=-0.92779697751188239 -0.96077139555780644 0.56119826931054817 -1.0863861711974983 1.5921816093239898 0.63675782346815879
decision_type=2 2 2 2 2 2
left_child=4 2 -2 -3 5 -1
right_child=1 3 -4 -5 -6 -7
leaf_value=0.0012081461240834755 -0.0014876371169852774 -0.00057125452752798992 0.00089697343412478898 9.5288201516648434e-05 -0.00075184754344743867 0.000341261179305825
leaf_weight=161 71 116 48 1875 40 59
leaf_count=161 71 116 48 1875 40 59
internal_value=0.000252951 -1.89392e-05 -0.00466116 0.00026292 0.00244275 0.00324324
internal_weight=2370 2110 119 1991 260 220
internal_count=2370 2110 119 1991 260 220
is_linear=0
shrinkage=0.04


Tree=50
num_leaves=6
num_cat=0
split_feature=32 48 59 44 10
split_gain=1.04446 1.46589 1.17069 0.238731 0.00551077
threshold=-1.0622182061820287 -1.081951153427589 -0.27556718170384725 2.2243410468167353 0.14534509871946336
decision_type=2 2 2 2 2
left_child=3 -2 -3 4 -1
right_child=1 2 -4 -5 -6
leaf_value=0.0009861477079448162 -0.00064780529168369824 0.00026254092016911833 -0.00010768850618898476 0.00014225028141437966 0.0010518334669828431
leaf_weight=40 41 716 1413 44 116
leaf_count=40 41 716 1413 44 116
internal_value=0.000219224 -3.68323e-05 0.000110746 0.0029703 0.0036962
internal_weight=2370 2170 2129 200 156
internal_count=2370 2170 2129 200 156
is_linear=0
shrinkage=0.04


Tree=51
num_leaves=7
num_cat=0
split_feature=41 35 20 28 50 42
split_gain=0.829668 1.13922 2.26134 1.09961 0.390602 0.392435
threshold=-0.6427677442548777 -0.65100335469670945 -0.22894493385833889 -0.72585518529520709 1.1574828110823574 -1.0272946452696581
decision_type=2 2 2 2 2 2
left_child=4 2 -2 -3 5 -1
right_child=1 3 -4 -5 -6 -7
leaf_value=-8.2599737273012792e-06 0.0002720391844926138 -0.00076679822600425965 -0.0011434611257440702 0.0001044959315458237 -0.00020741952280180033 0.00054718862016059344
leaf_weight=70 154 90 156 1514 40 346
leaf_count=70 154 90 156 1514 40 346
internal_value=0.000269815 -9.60333e-05 -0.00230769 0.000333749 0.00179913 0.00216268
internal_weight=2370 1914 310 1604 456 416
internal_count=2370 1914 310 1604 456 416
is_linear=0
shrinkage=0.04


Tree=52
num_leaves=5
num_cat=0
split_feature=35 16 34 18
split_gain=0.92482 1.09081 1.12366 0.732831
threshold=1.039395282782799 0.78462329614024462 -0.36048418387437292 0.61797862715763852
decision_type=2 2 2 2
left_child=1 2 -1 -3
right_child=-2 3 -4 -5
leaf_value=0.00027691979068255451 -0.0007622851441701305 0.00098668956914809455 -0.00011152754012421855 -0.00027599241659279582
leaf_weight=762 72 214 1260 62
leaf_count=762 72 214 1260 62
internal_value=0.000185498 0.000326957 3.95272e-06 0.00267626
internal_weight=2370 2298 2022 276
internal_count=2370 2298 2022 276
is_linear=0
shrinkage=0.04


Tree=53
num_leaves=6
num_cat=0
split_feature=9 35 37 34 5
split_gain=0.8173 1.04223 2.03213 1.44296 0.00198413
threshold=-1.3732603369740259 -0.40076748783076438 0.35316630418195177 -0.33121016752379839 -1.224489958622627
decision_type=2 2 2 2 2
left_child=4 2 -2 -3 -1
right_child=1 3 -4 -5 -6
leaf_value=0.001857210227273669 0.00013915382947189301 0.0010241661646955688 -0.00058252559586316152 1.8223301349093142e-05 0.00093394818134546814
leaf_weight=40 324 220 309 1407 70
leaf_count=40 324 220 309 1407 70
internal_value=0.000236088 7.0734e-05 -0.00130394 0.000606507 0.00357143
internal_weight=2370 2260 633 1627 110
internal_count=2370 2260 633 1627 110
is_linear=0
shrinkage=0.04


Tree=54
num_leaves=6
num_cat=0
split_feature=24 58 35 63 2
split_gain=0.824751 1.50252 0.853323 0.261569 0.00453702
threshold=-1.0942871991137573 -1.5863127196376261 -0.66805320237314614 0.20022740768657377 -1.0148136588820873
decision_type=2 2 2 2 2
left_child=3 -2 -3 4 -1
right_child=1 2 -4 -5 -6
leaf_value=0.00078594294996848005 -0.00051397444143678843 -0.00023029072711319704 7.1977600711670164e-05 9.6131517804155109e-05 0.0014250573536893902
leaf_weight=40 41 323 1826 40 100
leaf_count=40 41 323 1826 40 100
internal_value=0.000269815 5.47447e-05 0.000202697 0.00285714 0.00366197
internal_weight=2370 2190 2149 180 140
internal_count=2370 2190 2149 180 140
is_linear=0
shrinkage=0.04


Tree=55
num_leaves=8
num_cat=0
split_feature=41 35 37 26 26 48 38
split_gain=0.927132 1.11809 2.01359 1.01402 0.34729 1.13255 0.166248
threshold=-0.6427677442548777 -0.6614640815289895 0.27295076534160539 -0.26575727045865155 -1.0365211570876547 -0.96689466018284087 1.1599869924500521
decision_type=2 2 2 2 2 2 2
left_child=4 2 -2 -3 6 -6 -1
right_child=1 3 -4 -5 5 -7 -8
leaf_value=0.00083111232628376786 0.00064101280318827765 -0.00033245557053150003 -0.00086901038663939447 0.00020901029066238777 -0.00028467272942344404 0.00033315855571955751 0.00032947097605204653
leaf_weight=135 106 405 196 1207 45 236 40
leaf_count=135 106 405 196 1207 45 236 40
internal_value=0.000269815 -0.00011691 -0.00234211 0.000302355 0.00188646 0.00100353 0.00327684
internal_weight=2370 1914 302 1612 456 281 175
internal_count=2370 1914 302 1612 456 281 175
is_linear=0
shrinkage=0.04


Tree=56
num_leaves=7
num_cat=0
split_feature=44 9 20 25 35 41
split_gain=0.955359 0.895104 1.16724 0.843898 1.78294 0.146853
threshold=-0.40903064239460735 -1.0963929596847037 -0.71735575397628637 -0.90449609623139693 -0.6614640815289895 -1.0671434633121686
decision_type=2 2 2 2 2 2
left_child=1 -1 -3 5 -5 -2
right_child=3 2 -4 4 -6 -7
leaf_value=0.00087527768801285832 0.0009635503931854926 -0.0010302991265381996 -0.00011130011735121159 -0.00027541525795673404 0.00016036040810619743 0.00094544127825815956
leaf_weight=67 40 79 508 197 1315 164
leaf_count=67 40 79 508 197 1315 164
internal_value=0.000286678 -0.00101219 -0.00151443 0.000782305 0.000454426 0.00318447
internal_weight=2370 654 587 1716 1512 204
internal_count=2370 654 587 1716 1512 204
is_linear=0
shrinkage=0.04


Tree=57
num_leaves=6
num_cat=0
split_feature=32 48 35 44 10
split_gain=0.944517 1.16872 0.93146 0.238731 0.00551077
threshold=-1.0622182061820287 -1.081951153427589 -0.65100335469670945 2.2243410468167353 0.14534509871946336
decision_type=2 2 2 2 2
left_child=3 -2 -3 4 -1
right_child=1 2 -4 -5 -6
leaf_value=0.00081842537789054721 -0.0006361122372041207 -0.00024157321331666433 8.1269820665565991e-05 0.000135160213369333 0.00092567932868596993
leaf_weight=40 41 373 1756 44 116
leaf_count=40 41 373 1756 44 116
internal_value=0.000354132 0.000110497 0.00024214 0.0029703 0.0036962
internal_weight=2370 2170 2129 200 156
internal_count=2370 2170 2129 200 156
is_linear=0
shrinkage=0.04


Tree=58
num_leaves=7
num_cat=0
split_feature=16 36 36 4 47 61
split_gain=0.854814 1.92972 2.4541 1.20664 0.795547 0.571498
threshold=-0.5372997052052505 -0.77326980151563818 -1.2748816964827885 -0.78758655209130268 -0.65302974900232458 -0.0089731596330595003
decision_type=2 2 2 2 2 2
left_child=4 2 -2 -3 -1 -6
right_child=1 3 -4 -5 5 -7
leaf_value=-0.00036761427078452587 0.00077108024575064092 -0.0010567606956397527 -0.0012596828053995594 6.656097778141451e-05 0.00064904558232680679 -4.1521007146818569e-05
leaf_weight=42 54 60 98 1612 380 124
leaf_count=42 54 60 98 1612 380 124
internal_value=0.000337268 -7.88607e-05 -0.00436364 0.000315412 0.00172263 0.00216601
internal_weight=2370 1824 152 1672 546 504
internal_count=2370 1824 152 1672 546 504
is_linear=0
shrinkage=0.04


Tree=59
num_leaves=7
num_cat=0
split_feature=41 44 49 62 50 42
split_gain=0.865818 1.10778 1.16562 0.926721 0.414386 0.355852
threshold=-0.68288403027496936 -0.40903064239460735 1.210698368714439 0.51678490081019868 1.0806035265880787 -1.0272946452696581
decision_type=2 2 2 2 2 2
left_child=4 2 -2 -3 5 -1
right_child=1 3 -4 -5 -6 -7
leaf_value=-2.2836803509899451e-06 -0.00018336280285948417 0.00017852938548664388 -0.0018371723721860131 -0.00027931673102551008 -0.00022694287620256593 0.00056509195012909843
leaf_weight=63 460 1113 52 325 40 317
leaf_count=63 460 1113 52 325 40 317
internal_value=0.000252951 -0.000102459 -0.0016965 0.000466667 0.00189573 0.00230367
internal_weight=2370 1950 512 1438 420 380
internal_count=2370 1950 512 1438 420 380
is_linear=0
shrinkage=0.04


Tree=60
num_leaves=7
num_cat=0
split_feature=47 35 11 45 59 37
split_gain=0.923589 1.53693 1.99967 0.982551 0.772597 1.61132
threshold=1.0878870123197404 0.92459510812504131 -0.5701581868550224 0.19792904305448603 -0.10166843930275697 0.059547787106206458
decision_type=2 2 2 2 2 2
left_child=1 3 -3 -1 -2 -6
right_child=4 2 -4 -5 5 -7
leaf_value=-9.5231565563998069e-05 0.00075863487980674092 0.00060501510076659329 -0.0014114608051308548 0.00033066630486892478 -0.0012640238528799431 0.00082443091761907146
leaf_weight=1295 176 43 48 696 41 71
leaf_count=1295 176 43 48 696 41 71
internal_value=0.000202361 -9.21304e-05 -0.00511828 0.000142499 0.00231724 -0.000280702
internal_weight=2370 2082 91 1991 288 112
internal_count=2370 2082 91 1991 288 112
is_linear=0
shrinkage=0.04


Tree=61
num_leaves=6
num_cat=0
split_feature=9 49 26 58 2
split_gain=0.850699 0.959405 1.64295 0.847665 0.00198413
threshold=-1.3732603369740259 0.5827907339072792 -0.26575727045865155 -0.78142082524391288 -1.4304052069125839
decision_type=2 2 2 2 2
left_child=4 3 -3 -2 -1
right_child=1 2 -4 -5 -6
leaf_value=0.00073028936360342229 0.00091843913717423883 -0.00038829714313073113 9.7881688808271712e-05 1.5366918751312423e-05 0.0011138197799866766
leaf_weight=40 194 235 306 1525 70
leaf_count=40 194 235 306 1525 70
internal_value=0.000168634 1.4888e-10 -0.00146593 0.000462522 0.00357143
internal_weight=2370 2260 541 1719 110
internal_count=2370 2260 541 1719 110
is_linear=0
shrinkage=0.04


Tree=62
num_leaves=6
num_cat=0
split_feature=9 57 5 45 2
split_gain=0.825588 0.979324 1.91999 0.766146 0.00198413
threshold=-1.3732603369740259 -0.35145944671993468 0.62543643201719734 0.11668650921898423 -1.4304052069125839
decision_type=2 2 2 2 2
left_child=4 2 -2 -3 -1
right_child=1 3 -4 -5 -6
leaf_value=0.0007010777890592855 -3.8145412187133216e-05 -1.2182044167046915e-05 -0.0006023585553552274 0.0003603575582983398 0.0010692669887872096
leaf_weight=40 615 909 40 696 70
leaf_count=40 615 909 40 696 70
internal_value=0.000219224 5.30505e-05 -0.0012481 0.000584941 0.00357143
internal_weight=2370 2260 655 1605 110
internal_count=2370 2260 655 1605 110
is_linear=0
shrinkage=0.04


Tree=63
num_leaves=6
num_cat=0
split_feature=24 35 37 43 2
split_gain=0.819756 1.6577 3.4322 0.94131 0.152089
threshold=-1.1921694838565362 -0.66805320237314614 0.19832947832713013 -0.044271691337648474 0.18993844797514903
decision_type=2 2 2 2 2
left_child=4 2 -2 -3 -1
right_child=1 3 -4 -5 -6
leaf_value=0.0012270639904227599 0.00074429601564698607 0.00022349113928786456 -0.00067863987311105479 -8.255972017244618e-05 0.00054155254901474127
leaf_weight=100 136 900 226 968 40
leaf_count=100 136 900 226 968 40
internal_value=0.000151771 -3.58421e-05 -0.00250549 0.00044492 0.00309859
internal_weight=2370 2230 362 1868 140
internal_count=2370 2230 362 1868 140
is_linear=0
shrinkage=0.04


Tree=64
num_leaves=6
num_cat=0
split_feature=32 48 59 44 10
split_gain=1.04446 1.11663 1.10584 0.238731 0.00551077
threshold=-1.0622182061820287 -1.081951153427589 -0.27556718170384725 2.2243410468167353 0.14534509871946336
decision_type=2 2 2 2 2
left_child=3 -2 -3 4 -1
right_child=1 2 -4 -5 -6
leaf_value=0.00061683056374156392 -0.00060089276898285266 0.00024636824978148983 -9.4129859169488029e-05 0.00010533372980708917 0.00079760730755783617
leaf_weight=40 41 716 1413 44 116
leaf_count=40 41 716 1413 44 116
internal_value=0.000219224 -3.68323e-05 9.19757e-05 0.0029703 0.0036962
internal_weight=2370 2170 2129 200 156
internal_count=2370 2170 2129 200 156
is_linear=0
shrinkage=0.04


Tree=65
num_leaves=6
num_cat=0
split_feature=9 57 53 61 2
split_gain=0.850699 0.931054 1.96102 0.828214 0.00198413
threshold=-1.3732603369740259 -0.035057088500487311 -0.24999999999999997 -0.68950079098709149 -1.4304052069125839
decision_type=2 2 2 2 2
left_child=4 2 -2 -3 -1
right_child=1 3 -4 -5 -6
leaf_value=0.00067104507282079984 -0.00062818568391337425 -0.00053356512992307908 5.012242747333658e-05 0.0002650084233497917 0.0010482404142474102
leaf_weight=40 364 200 687 1009 70
leaf_count=40 364 200 687 1009 70
internal_value=0.000168634 1.4888e-10 -0.000869895 0.0007564 0.00357143
internal_weight=2370 2260 1051 1209 110
internal_count=2370 2260 1051 1209 110
is_linear=0
shrinkage=0.04


Tree=66
num_leaves=5
num_cat=0
split_feature=32 48 59 26
split_gain=0.938203 1.18954 0.874433 0.204905
threshold=-1.1048348211364771 -1.1097795870919274 -0.27556718170384725 -1.1846412769483472
decision_type=2 2 2 2
left_child=3 -2 -3 -1
right_child=1 2 -4 -5
leaf_value=0.000907588815665176 -0.00061578512783434282 0.00023030419014322492 -8.0820512275414338e-05 6.8516876365093469e-05
leaf_weight=118 40 718 1422 72
leaf_count=118 40 718 1422 72
internal_value=0.000236088 1.48875e-10 0.000130719 0.00291667
internal_weight=2370 2180 2140 190
internal_count=2370 2180 2140 190
is_linear=0
shrinkage=0.04


Tree=67
num_leaves=5
num_cat=0
split_feature=35 16 40 18
split_gain=0.719447 1.01063 1.20614 0.668829
threshold=1.1127102203885049 0.79212359997760107 -0.85592138808458262 0.61797862715763852
decision_type=2 2 2 2
left_child=1 2 -1 -3
right_child=-2 3 -4 -5
leaf_value=-0.00072951172313925449 -0.0013801188633068807 0.00076421129672773721 1.6454299513711764e-05 -0.00021111586012276509
leaf_weight=63 45 218 1981 63
leaf_count=63 45 218 1981 63
internal_value=0.000219224 0.000318006 7.82029e-06 0.0025583
internal_weight=2370 2325 2044 281
internal_count=2370 2325 2044 281
is_linear=0
shrinkage=0.04


Tree=68
num_leaves=6
num_cat=0
split_feature=35 3 8 16 12
split_gain=0.738541 1.4219 0.930924 1.17433 0.465519
threshold=0.97231854518333327 0.35176359309125799 0.75472002637508628 0.77233322452002817 0.4979836053845616
decision_type=2 2 2 2 2
left_child=2 -2 3 -1 -4
right_child=1 -3 4 -5 -6
leaf_value=-3.606642206176396e-05 -0.00069478265102513247 0.0003092269459908409 0.0005353710217000919 0.0007323563680286595 -1.3829831836378254e-05
leaf_weight=1675 44 64 267 224 96
leaf_count=1675 44 64 267 224 96
internal_value=0.000219224 -0.00298182 0.000374558 1.89375e-05 0.00222466
internal_weight=2370 108 2262 1899 363
internal_count=2370 108 2262 1899 363
is_linear=0
shrinkage=0.04


Tree=69
num_leaves=5
num_cat=0
split_feature=11 25 58 60
split_gain=0.713884 0.816837 0.87856 0.266166
threshold=1.273252101106696 1.2064729290126617 0.48998134205008331 -0.1146245012014221
decision_type=2 2 2 2
left_child=1 2 -1 -2
right_child=3 -3 -4 -5
leaf_value=-2.1053938379505898e-05 0.00035618793230640498 -0.00048872756547348704 0.00033568653908204465 0.0011508784844873072
leaf_weight=1706 58 73 429 104
leaf_count=1706 58 73 429 104
internal_value=0.000185498 -3.61976e-06 0.000140384 0.00273171
internal_weight=2370 2208 2135 162
internal_count=2370 2208 2135 162
is_linear=0
shrinkage=0.04


Tree=70
num_leaves=5
num_cat=0
split_feature=35 16 20 53
split_gain=0.714516 0.901722 1.09324 0.743124
threshold=1.1127102203885049 0.79212359997760107 -0.22894493385833889 0.25000000000000006
decision_type=2 2 2 2
left_child=1 2 -1 -3
right_child=-2 3 -4 -5
leaf_value=0.00024257855956213938 -0.0013011206355600629 0.00088998102015916435 -0.00014074970550594508 -1.4261516900970104e-05
leaf_weight=958 45 179 1086 102
leaf_count=958 45 179 1086 102
internal_value=0.000202361 0.000300817 7.82029e-06 0.00241696
internal_weight=2370 2325 2044 281
internal_count=2370 2325 2044 281
is_linear=0
shrinkage=0.04


Tree=71
num_leaves=6
num_cat=0
split_feature=11 9 35 60 2
split_gain=0.752202 0.754704 1.01539 0.266166 0.0510115
threshold=1.273252101106696 -1.3732603369740259 -0.66805320237314614 -0.1146245012014221 -1.4304052069125839
decision_type=2 2 2 2 2
left_child=1 4 -3 -2 -1
right_child=3 2 -4 -5 -6
leaf_value=0.00062774406065457615 0.0003141100015354194 -0.00017094628609065358 1.5153690015683162e-05 0.0011001453113583667 0.00093960753632260944
leaf_weight=40 58 395 1707 104 66
leaf_count=40 58 395 1707 104 66
internal_value=0.000118044 -7.60179e-05 -0.000243346 0.00273171 0.00318519
internal_weight=2370 2208 2102 162 106
internal_count=2370 2208 2102 162 106
is_linear=0
shrinkage=0.04


Tree=72
num_leaves=5
num_cat=0
split_feature=47 40 40 25
split_gain=0.757615 1.0929 2.28794 0.671231
threshold=-0.85651100638774602 0.62181189128704395 0.45293143066497982 1.0775373384409315
decision_type=2 2 2 2
left_child=-1 2 -2 -3
right_child=1 3 -4 -5
leaf_value=-0.00092606853143782934 3.9709582956345159e-05 0.00064743954338375735 -0.00064401137382878823 -0.0002634477305348469
leaf_weight=70 1613 470 159 58
leaf_count=70 1613 470 159 58
internal_value=0.000151771 0.000278019 -0.000198421 0.0018717
internal_weight=2370 2300 1772 528
internal_count=2370 2300 1772 528
is_linear=0
shrinkage=0.04


Tree=73
num_leaves=7
num_cat=0
split_feature=20 35 25 35 37 28
split_gain=0.780805 1.91634 1.41036 1.33584 1.22498 0.658113
threshold=-0.22894493385833889 -0.75106421465124373 -0.52821850123496239 0.4910799653302082 0.92852318098148967 0.80438736794948951
decision_type=2 2 2 2 2 2
left_child=3 2 -2 5 -3 -1
right_child=1 4 -4 -5 -6 -7
leaf_value=7.8453316828213542e-05 -0.00046225930378934483 -3.3950021772530744e-05 -0.0018481749943674711 -0.0012219131431170675 0.00123184514042424 0.0012859919275361987
leaf_weight=743 74 1179 41 52 116 165
leaf_count=743 74 1179 41 52 116 165
internal_value=0.000202361 -0.0003966 -0.00529915 0.00108108 4.62607e-05 0.00144176
internal_weight=2370 1410 115 960 1295 908
internal_count=2370 1410 115 960 1295 908
is_linear=0
shrinkage=0.04


Tree=74
num_leaves=6
num_cat=0
split_feature=11 11 28 45 60
split_gain=0.723371 0.786544 1.23722 1.21943 0.266166
threshold=1.273252101106696 0.4934178524104787 -0.72585518529520709 -0.69937779420568658 -0.1146245012014221
decision_type=2 2 2 2 2
left_child=1 2 -1 -3 -2
right_child=4 3 -4 -5 -6
leaf_value=-0.0010558683348693828 0.00028294993838861915 -0.0018519917702662578 6.9434168436994834e-05 -4.4507435670668717e-05 0.001035832994663667
leaf_weight=66 58 79 1710 353 104
leaf_count=66 58 79 1710 353 104
internal_value=0.000168634 -2.17193e-05 0.000350956 -0.00154839 0.00273171
internal_weight=2370 2208 1776 432 162
internal_count=2370 2208 1776 432 162
is_linear=0
shrinkage=0.04


Tree=75
num_leaves=5
num_cat=0
split_feature=11 25 36 60
split_gain=0.74253 0.795376 0.902327 0.266166
threshold=1.273252101106696 1.2064729290126617 -0.55293604958902109 -0.1146245012014221
decision_type=2 2 2 2
left_child=1 2 -1 -2
right_child=3 -3 -4 -5
leaf_value=-6.0498453445128887e-05 0.00027163194085307426 -0.00046716237141977002 7.4976539602931397e-05 0.00099439967487712053
leaf_weight=513 58 73 1622 104
leaf_count=513 58 73 1622 104
internal_value=0.000134907 -5.79184e-05 8.42304e-05 0.00273171
internal_weight=2370 2208 2135 162
internal_count=2370 2208 2135 162
is_linear=0
shrinkage=0.04


Tree=76
num_leaves=5
num_cat=0
split_feature=35 8 58 10
split_gain=0.705419 0.749001 0.838182 0.374788
threshold=1.039395282782799 0.75472002637508628 0.30901438642395035 -0.20205595500189791
decision_type=2 2 2 2
left_child=1 2 -1 -3
right_child=-2 3 -4 -5
leaf_value=-5.6825232566495093e-05 -0.00066796161333509615 5.1640737228691219e-07 0.00022924353977163094 0.00065043673758945718
leaf_weight=1336 72 109 592 261
leaf_count=1336 72 109 592 261
internal_value=0.000168634 0.000292174 -2.48703e-05 0.00193548
internal_weight=2370 2298 1928 370
internal_count=2370 2298 1928 370
is_linear=0
shrinkage=0.04


Tree=77
num_leaves=6
num_cat=0
split_feature=9 58 25 14 2
split_gain=0.689066 0.796089 1.67422 0.868184 0.0525794
threshold=-1.3732603369740259 0.48998134205008331 0.51663350362437443 0.079062046008841952 -1.4304052069125839
decision_type=2 2 2 2 2
left_child=4 2 -2 -3 -1
right_child=1 3 -4 -5 -6
leaf_value=0.00063449721330445562 7.1412688655437796e-06 0.00067851008636287584 -0.00061703234877572596 -2.4867260201175064e-05 0.00092068517702208891
leaf_weight=40 1463 254 267 276 70
leaf_count=40 1463 254 267 276 70
internal_value=0.000151771 1.4888e-10 -0.000415704 0.00135338 0.00321429
internal_weight=2370 2260 1730 530 110
internal_count=2370 2260 1730 530 110
is_linear=0
shrinkage=0.04


Tree=78
num_leaves=5
num_cat=0
split_feature=35 36 47 39
split_gain=0.699821 0.756997 1.87595 0.943825
threshold=1.1127102203885049 -0.55293604958902109 0.18875842857052047 0.79087324453735985
decision_type=2 2 2 2
left_child=1 2 -1 -3
right_child=-2 3 -4 -5
leaf_value=-0.00024437926780150512 -0.0011972351572668309 4.4730501623529322e-05 0.00071073329937346142 0.00085801983708469259
leaf_weight=392 45 1574 154 205
leaf_count=392 45 1574 154 205
internal_value=0.000151771 0.000249248 -0.00105109 0.000649074
internal_weight=2370 2325 546 1779
internal_count=2370 2325 546 1779
is_linear=0
shrinkage=0.04


Tree=79
num_leaves=6
num_cat=0
split_feature=32 48 36 44 0
split_gain=0.67921 1.19609 1.17343 0.342552 0.297329
threshold=-1.1048348211364771 -1.1097795870919274 -0.58651519379530148 0.75882712613121861 -0.93485106235013715
decision_type=2 2 2 2 2
left_child=3 -2 -3 -1 -5
right_child=1 2 -4 4 -6
leaf_value=0.00080337969758713206 -0.00061014117609686194 -0.00017099709592699163 7.3686008932914615e-05 0.00034278616625946982 -5.5986096008270733e-05
leaf_weight=110 40 382 1758 40 40
leaf_count=110 40 382 1758 40 40
internal_value=0.000219224 1.8332e-05 0.000149393 0.0025 0.000487805
internal_weight=2370 2180 2140 190 80
internal_count=2370 2180 2140 190 80
is_linear=0
shrinkage=0.04


Tree=80
num_leaves=5
num_cat=0
split_feature=47 40 40 53
split_gain=0.757615 0.828872 1.58993 0.664029
threshold=-0.85651100638774602 0.62765121153359893 0.45293143066497982 1.0000000180025095e-35
decision_type=2 2 2 2
left_child=-1 2 -2 -3
right_child=1 3 -4 -5
leaf_value=-0.00087614639418064208 4.0360742041822804e-05 4.4158874259810217e-05 -0.00055947723321650889 0.00083237124997791558
leaf_weight=70 1613 237 168 282
leaf_count=70 1613 237 168 282
internal_value=0.000151771 0.000278019 -0.000132361 0.00168138
internal_weight=2370 2300 1781 519
internal_count=2370 2300 1781 519
is_linear=0
shrinkage=0.04


Tree=81
num_leaves=7
num_cat=0
split_feature=33 36 22 36 46 56
split_gain=0.687251 2.91116 1.23192 0.875966 1.21124 0.267924
threshold=-0.32642665196226173 -0.73564939490190406 -0.79659493453026131 -0.33108024570473643 -1.2674684185556029 0.56440197212225052
decision_type=2 2 2 2 2 2
left_child=3 -2 -3 4 -1 -5
right_child=1 2 -4 5 -6 -7
leaf_value=-0.00046144053670786698 -0.0010108492636986784 -0.0011955851069098357 4.1851872062977382e-05 0.00060687170028162537 0.00015350531393116062 9.4355112066944605e-05
leaf_weight=55 57 57 1458 198 502 43
leaf_count=55 57 57 1458 198 502 43
internal_value=0.000185498 -0.000299873 3.95519e-05 0.00114 0.000264759 0.00314403
internal_weight=2370 1572 1515 798 557 241
internal_count=2370 1572 1515 798 557 241
is_linear=0
shrinkage=0.04


Tree=82
num_leaves=5
num_cat=0
split_feature=35 16 20 53
split_gain=0.709601 0.727038 1.05071 0.751455
threshold=1.1127102203885049 0.80382848285627684 -0.22894493385833889 0.25000000000000006
decision_type=2 2 2 2
left_child=1 2 -1 -3
right_child=-2 3 -4 -5
leaf_value=0.00014176407478749776 -0.0011556424660231145 0.00087883123959057487 -0.00014057157992490579 -1.6532433905265376e-05
leaf_weight=958 45 178 1095 94
leaf_count=958 45 178 1095 94
internal_value=0.000185498 0.000283627 2.53043e-05 0.00221898
internal_weight=2370 2325 2053 272
internal_count=2370 2325 2053 272
is_linear=0
shrinkage=0.04


Tree=83
num_leaves=8
num_cat=0
split_feature=41 44 16 62 26 48 58
split_gain=0.667279 1.22289 1.17702 0.960704 0.366198 1.02381 0.179655
threshold=-0.6427677442548777 -0.40903064239460735 0.89966626757630508 0.53182382947808604 -1.0365211570876547 -0.96689466018284087 -1.3448157145603465
decision_type=2 2 2 2 2 2 2
left_child=4 2 -2 -3 6 -6 -1
right_child=1 3 -4 -5 5 -7 -8
leaf_value=0.00020688042493747998 -0.00056852321893173627 0.00011239197107537517 0.0012440679056945124 -0.00026343182785822794 -0.00019918307849832068 0.00031117405419546121 0.00054725445449350495
leaf_weight=57 435 1108 63 308 45 236 118
leaf_count=57 435 1108 63 308 45 236 118
internal_value=0.000252951 -7.51564e-05 -0.001776 0.000524683 0.00162445 0.000720848 0.00305085
internal_weight=2370 1914 498 1416 456 281 175
internal_count=2370 1914 498 1416 456 281 175
is_linear=0
shrinkage=0.04


Tree=84
num_leaves=6
num_cat=0
split_feature=9 35 37 33 2
split_gain=0.608073 0.647933 1.63776 1.11517 0.0525794
threshold=-1.3732603369740259 -0.36929816545442734 0.35316630418195177 -0.22425029365984098 -1.4304052069125839
decision_type=2 2 2 2 2
left_child=4 2 -2 -3 -1
right_child=1 3 -4 -5 -6
leaf_value=0.00062091432537889025 0.00015527455445366257 0.00055184543725122191 -0.00033541509526212586 1.2539943727660343e-05 0.00078447454725519663
leaf_weight=40 341 320 317 1282 70
leaf_count=40 341 320 317 1282 70
internal_value=0.000337268 0.000194518 -0.000860606 0.000628429 0.00321429
internal_weight=2370 2260 658 1602 110
internal_count=2370 2260 658 1602 110
is_linear=0
shrinkage=0.04


Tree=85
num_leaves=6
num_cat=0
split_feature=9 36 45 39 2
split_gain=0.62967 0.680235 1.54904 0.779053 0.0525794
threshold=-1.3732603369740259 -0.4007597194576894 -0.27754937002580266 0.79087324453735985 -1.4304052069125839
decision_type=2 2 2 2 2
left_child=4 2 -2 -3 -1
right_child=1 3 -4 -5 -6
leaf_value=0.00059607775236373455 -0.00083873761895042562 2.4247030315066568e-05 5.4264617841735551e-05 0.00082991218559487273 0.00075309556536498862
leaf_weight=40 232 1469 366 193 70
leaf_count=40 232 1469 366 193 70
internal_value=0.000286678 0.000141468 -0.00101333 0.000557692 0.00321429
internal_weight=2370 2260 598 1662 110
internal_count=2370 2260 598 1662 110
is_linear=0
shrinkage=0.04


Tree=86
num_leaves=5
num_cat=0
split_feature=11 24 58 60
split_gain=0.591168 0.655714 0.862138 0.272159
threshold=1.3019556004647386 1.198509289515014 0.48998134205008331 -0.1146245012014221
decision_type=2 2 2 2
left_child=1 2 -1 -2
right_child=3 -3 -4 -5
leaf_value=-8.9827372380838556e-06 0.00021197544904357022 -0.001099713995659562 0.0003951377431422752 0.00095529966878320346
leaf_weight=1725 56 66 426 97
leaf_count=1725 56 66 426 97
internal_value=0.000269815 0.000102749 0.000224803 0.00265806
internal_weight=2370 2217 2151 153
internal_count=2370 2217 2151 153
is_linear=0
shrinkage=0.04


Tree=87
num_leaves=5
num_cat=0
split_feature=47 40 40 53
split_gain=0.607962 0.751053 1.36144 0.628396
threshold=-0.85651100638774602 0.62181189128704395 0.45293143066497982 1.0000000180025095e-35
decision_type=2 2 2 2
left_child=-1 2 -2 -3
right_child=1 3 -4 -5
leaf_value=-0.00081900223591374393 3.8572017645075995e-05 1.8064521666303161e-05 -0.00055284984589740183 0.00076981775975254658
leaf_weight=70 1613 244 159 284
leaf_count=70 1613 244 159 284
internal_value=0.000286678 0.000399653 4.50973e-06 0.00172075
internal_weight=2370 2300 1772 528
internal_count=2370 2300 1772 528
is_linear=0
shrinkage=0.04


Tree=88
num_leaves=7
num_cat=0
split_feature=44 63 32 57 44 8
split_gain=0.590555 1.2453 0.808299 0.790574 0.813649 0.129048
threshold=-0.40903064239460735 1.0049622966206186 -1.0461237725373607 0.88256609082711668 -0.1154151579801061 0.46095532497191027
decision_type=2 2 2 2 2 2
left_child=1 2 -1 4 -2 -5
right_child=3 -3 -4 5 -6 -7
leaf_value=0.0006498333929006101 0.00034423793724091726 -0.0023556596158458907 -9.3840579390637392e-05 0.0007782450592917963 -1.2333976338552655e-05 0.00068688694397718738
leaf_weight=64 372 41 549 139 1142 63
leaf_count=64 372 41 549 139 1142 63
internal_value=0.000252951 -0.000768293 -0.000305691 0.000642608 0.000327177 0.00298039
internal_weight=2370 654 613 1716 1514 202
internal_count=2370 654 613 1716 1514 202
is_linear=0
shrinkage=0.04


Tree=89
num_leaves=7
num_cat=0
split_feature=41 59 37 47 59 47
split_gain=0.624724 0.848691 1.79133 1.21359 0.341404 0.134357
threshold=-0.91291363220133293 -0.26898056154126843 -0.18001005073743384 0.38863683076013572 -0.35728696284505085 0.082522271708034819
decision_type=2 2 2 2 2 2
left_child=4 3 -3 -2 -1 -6
right_child=1 2 -4 -5 5 -7
leaf_value=-4.1787800126006544e-06 0.00041567620458171916 -0.00039430663323036726 1.7881792736245548e-05 -0.00013449680309223178 0.00026086390005847628 0.00071822970754490279
leaf_weight=52 419 326 1114 281 68 110
leaf_count=52 419 326 1114 281 68 110
internal_value=0.000269815 5.60226e-05 -0.000499306 0.00119658 0.00224138 0.00306667
internal_weight=2370 2140 1440 700 230 178
internal_count=2370 2140 1440 700 230 178
is_linear=0
shrinkage=0.04


Tree=90
num_leaves=5
num_cat=0
split_feature=47 10 59 45
split_gain=0.619311 0.610808 1.28227 0.767765
threshold=-0.85651100638774602 0.22652319312015326 -0.27556718170384725 -0.44855468578936192
decision_type=2 2 2 2
left_child=-1 2 -2 -3
right_child=1 3 -4 -5
leaf_value=-0.00078352982108801316 0.00016869025928824846 -0.00012559969560270451 -0.00013567222999625841 0.00038554002721949394
leaf_weight=70 652 229 782 637
leaf_count=70 652 229 782 637
internal_value=0.000320405 0.000434405 -7.24232e-05 0.00127189
internal_weight=2370 2300 1434 866
internal_count=2370 2300 1434 866
is_linear=0
shrinkage=0.04


Tree=91
num_leaves=4
num_cat=0
split_feature=35 18 16
split_gain=0.742956 0.711185 1.05929
threshold=1.039395282782799 0.63902903501319142 0.82652014819726183
decision_type=2 2 2
left_child=1 2 -1
right_child=-2 -3 -4
leaf_value=1.613975194309741e-05 -0.00062393957445666638 -0.00056890164413225894 0.00087504241471431576
leaf_weight=2033 72 40 225
leaf_count=2033 72 40 225
internal_value=0.000269815 0.000396522 0.000492036
internal_weight=2370 2298 2258
internal_count=2370 2298 2258
is_linear=0
shrinkage=0.04


Tree=92
num_leaves=6
num_cat=0
split_feature=11 11 26 28 60
split_gain=0.566369 0.701132 1.33958 1.26004 0.272159
threshold=1.3019556004647386 0.43545426653981495 0.96799483341793524 -0.72585518529520709 -0.1146245012014221
decision_type=2 2 2 2 2
left_child=1 3 -3 -1 -2
right_child=4 2 -4 -5 -6
leaf_value=-0.0010634550065623861 0.0002049652716321828 -3.6505923217757841e-05 -0.0021215753360596078 7.0728746245263911e-05 0.00086152315252214866
leaf_weight=61 56 442 53 1661 97
leaf_count=61 56 442 53 1661 97
internal_value=0.000320405 0.000156828 -0.001167 0.000538283 0.00265806
internal_weight=2370 2217 495 1722 153
internal_count=2370 2217 495 1722 153
is_linear=0
shrinkage=0.04


Tree=93
num_leaves=8
num_cat=0
split_feature=36 45 20 37 25 60 42
split_gain=0.572655 1.44595 1.85778 1.0323 0.953839 1.99763 0.591892
threshold=-0.4007597194576894 -0.27754937002580266 -0.22247382132662549 0.27295076534160539 0.42022463283386829 0.23593430595733858 0.20009565166494603
decision_type=2 2 2 2 2 2 2
left_child=1 2 -1 -3 6 -6 -2
right_child=4 3 -4 -5 5 -7 -8
leaf_value=1.6866777103721112e-05 0.00014453611633940712 0.00084842172295584474 -0.0015657104455257982 -5.6164518838116519e-05 -0.00092327224700059982 6.4580654247517499e-05 0.00040410741856802823
leaf_weight=133 615 175 113 251 129 560 394
leaf_count=133 615 175 113 251 129 560 394
internal_value=0.000286678 -0.000700297 -0.00312903 0.000710281 0.000677647 -0.000468886 0.00145994
internal_weight=2370 672 246 426 1698 689 1009
internal_count=2370 672 246 426 1698 689 1009
is_linear=0
shrinkage=0.04


Tree=94
num_leaves=5
num_cat=0
split_feature=11 25 60 60
split_gain=0.658262 0.860595 0.852745 0.266166
threshold=1.273252101106696 1.2064729290126617 0.58072721946870243 -0.1146245012014221
decision_type=2 2 2 2
left_child=1 2 -1 -2
right_child=3 -3 -4 -5
leaf_value=-6.1955881768902951e-06 0.00020079051618392254 -0.0003934595544014002 0.00038454788894897232 0.00081166985584466543
leaf_weight=1758 58 73 377 104
leaf_count=1758 58 73 377 104
internal_value=0.000286678 0.000104978 0.000252691 0.00273171
internal_weight=2370 2208 2135 162
internal_count=2370 2208 2135 162
is_linear=0
shrinkage=0.04


Tree=95
num_leaves=7
num_cat=0
split_feature=36 14 47 39 36 58
split_gain=0.585374 1.73777 1.41481 1.02744 1.20824 0.276387
threshold=-0.55293604958902109 -0.44793261729207762 0.18875842857052047 0.79087324453735985 0.22502579394941916 -1.0638719950595179
decision_type=2 2 2 2 2 2
left_child=1 -1 -3 4 -2 -5
right_child=3 2 -4 5 -6 -7
leaf_value=0.001122409299345117 0.00021368547745985418 -0.00027733945396647594 0.00031825477223461861 2.1740779544041096e-05 -9.6941511791911184e-05 0.00075837922644920021
leaf_weight=94 854 339 113 41 750 179
leaf_count=94 854 339 113 41 750 179
internal_value=0.000168634 -0.000978102 -0.00200881 0.000512596 0.000159402 0.00306306
internal_weight=2370 546 452 1824 1604 220
internal_count=2370 546 452 1824 1604 220
is_linear=0
shrinkage=0.04


Tree=96
num_leaves=5
num_cat=0
split_feature=47 39 25 35
split_gain=0.602326 0.625632 1.53101 0.975508
threshold=-0.85651100638774602 0.43187311244942345 1.0775373384409315 -0.65100335469670945
decision_type=2 2 2 2
left_child=-1 2 -2 -3
right_child=1 3 -4 -5
leaf_value=-0.00074590908390955476 1.6614203517127061e-05 -5.9130414309613084e-05 -0.00055489356826790082 0.0004079226521121475
leaf_weight=70 1572 245 74 409
leaf_count=70 1572 245 74 409
internal_value=0.000269815 0.000382276 -3.39804e-05 0.00142683
internal_weight=2370 2300 1646 654
internal_count=2370 2300 1646 654
is_linear=0
shrinkage=0.04


Tree=97
num_leaves=6
num_cat=0
split_feature=11 11 28 37 4
split_gain=0.698333 0.763243 1.36098 1.12068 0.286541
threshold=1.3019556004647386 0.46573835844318956 -0.72585518529520709 -0.5988196261686598 0.94342309507662614
decision_type=2 2 2 2 2
left_child=1 2 -1 -3 -2
right_child=4 3 -4 -5 -6
leaf_value=-0.00099685623634962798 0.00080794991021535846 0.00048703530023690638 6.6251281576618304e-05 -0.00025858564359164621 -7.0198476208053272e-06
leaf_weight=65 113 69 1693 390 40
leaf_count=65 113 69 1693 390 40
internal_value=0.000320405 0.000138801 0.000518182 -0.0013102 0.00291613
internal_weight=2370 2217 1758 459 153
internal_count=2370 2217 1758 459 153
is_linear=0
shrinkage=0.04


Tree=98
num_leaves=8
num_cat=0
split_feature=58 35 26 25 14 13 25
split_gain=0.581741 1.11968 1.53875 1.31132 0.656108 1.48647 0.575643
threshold=0.48998134205008331 0.66306177481984174 0.69652130733528439 0.78062026996392542 0.59072035163991965 0.40008269592396584 0.98538844600551168
decision_type=2 2 2 2 2 2 2
left_child=1 2 -1 -3 6 -6 -2
right_child=4 3 -4 -5 5 -7 -8
leaf_value=8.7019026364086453e-05 0.00063027604441826663 -0.00028468482195394485 -0.00047030471311296961 -0.0008648316904347835 -0.00049158969376412022 0.00052752407869025692 -5.5354911121196311e-05
leaf_weight=1444 307 150 199 46 78 84 62
leaf_count=1444 307 150 199 46 78 84 62
internal_value=0.000269815 -6.73545e-05 0.000274772 -0.00290909 0.0014334 -0.000682927 0.00236119
internal_weight=2370 1839 1643 196 531 162 369
internal_count=2370 1839 1643 196 531 162 369
is_linear=0
shrinkage=0.04


Tree=99
num_leaves=8
num_cat=0
split_feature=35 37 42 37 59 35 26
split_gain=0.727832 1.69468 2.62199 0.848961 2.33907 0.823749 0.521128
threshold=-0.64441496504531448 0.19832947832713013 -0.10772486778016714 0.074002439576317178 -0.11389570246140175 -0.71879346801352806 -0.26575727045865155
decision_type=2 2 2 2 2 2 2
left_child=1 5 -3 4 -2 -1 -5
right_child=3 2 -4 6 -6 -7 -8
leaf_value=0.00082293935781132871 7.8146436705878701e-05 -2.5003516705853324e-06 -0.00073880272821581056 4.1488228705972244e-05 -0.00052436375435112683 -3.3181167355657327e-05 0.00066503767541929465
leaf_weight=123 820 231 113 325 310 43 405
leaf_count=123 820 231 113 325 310 43 405
internal_value=0.000320405 -0.00101562 -0.00261272 0.000687433 1.48748e-10 0.00228571 0.00174863
internal_weight=2370 510 344 1860 1130 166 730
internal_count=2370 510 344 1860 1130 166 730
is_linear=0
shrinkage=0.04


Tree=100
num_leaves=5
num_cat=0
split_feature=47 60 25 42
split_gain=0.648131 0.64439 1.12464 0.623077
threshold=-0.85651100638774602 0.58072721946870243 0.51011778063794855 0.58644793511709603
decision_type=2 2 2 2
left_child=-1 2 -2 -3
right_child=1 3 -4 -5
leaf_value=-0.00072079265908001273 3.8809164990560785e-05 0.00059314491886718935 -0.00045820898797024027 2.5698493973358074e-05
leaf_weight=70 1588 286 246 180
leaf_count=70 1588 286 246 180
internal_value=0.000404722 0.000521286 0.000183007 0.00184615
internal_weight=2370 2300 1834 466
internal_count=2370 2300 1834 466
is_linear=0
shrinkage=0.04


Tree=101
num_leaves=6
num_cat=0
split_feature=11 11 29 28 22
split_gain=0.699338 0.713894 1.13859 1.13559 0.292762
threshold=1.273252101106696 0.46573835844318956 -0.33827831232180394 -0.72585518529520709 1.0472761195505182
decision_type=2 2 2 2 2
left_child=1 3 -3 -1 -2
right_child=4 2 -4 -5 -6
leaf_value=-0.00095622008107636939 0.0007390345138547842 0.00028783027822369629 -0.00030665462911483017 5.6476616882440467e-05 -1.2482918774636151e-05
leaf_weight=65 122 116 334 1693 40
leaf_count=65 122 116 334 1693 40
internal_value=0.000455312 0.000267873 -0.00115044 0.000631818 0.00297561
internal_weight=2370 2208 450 1758 162
internal_count=2370 2208 450 1758 162
is_linear=0
shrinkage=0.04


Tree=102
num_leaves=5
num_cat=0
split_feature=18 14 59 47
split_gain=0.528587 0.681387 0.779361 0.676261
threshold=0.63902903501319142 -0.66525019965818999 -0.7282521009382813 -0.85651100638774602
decision_type=2 2 2 2
left_child=1 2 -1 -3
right_child=-2 3 -4 -5
leaf_value=-0.00083771718785047181 -0.00049477032633702376 -0.00086464504433314006 0.00053378829530441546 1.6674974151077404e-05
leaf_weight=56 45 59 339 1871
leaf_count=56 45 59 339 1871
internal_value=0.000370995 0.000455522 0.00196474 0.000144928
internal_weight=2370 2325 395 1930
internal_count=2370 2325 395 1930
is_linear=0
shrinkage=0.04


Tree=103
num_leaves=7
num_cat=0
split_feature=61 47 32 39 16 10
split_gain=0.583806 1.23547 1.07996 0.975559 0.852019 0.0680322
threshold=-0.68950079098709149 -0.77464884590243133 -0.14366566949862039 0.79087324453735985 0.85520616112072967 0.12292236190123255
decision_type=2 2 2 2 2 2
left_child=1 -1 -3 4 -2 -5
right_child=3 2 -4 5 -6 -7
leaf_value=-0.0006499725796827988 1.7803156759107537e-06 0.00019501276777445059 -0.00042915495341952091 0.00029321577821594296 0.00059143978175276574 0.00096937000951702952
leaf_weight=41 1453 299 170 40 233 134
leaf_count=41 1453 299 170 40 233 134
internal_value=0.000337268 -0.000859375 -0.000263269 0.000665951 0.000369668 0.0035
internal_weight=2370 510 469 1860 1686 174
internal_count=2370 510 469 1860 1686 174
is_linear=0
shrinkage=0.04


Tree=104
num_leaves=5
num_cat=0
split_feature=11 24 34 25
split_gain=0.591168 0.655714 0.820484 0.249244
threshold=1.3019556004647386 1.198509289515014 0.88171420581282345 -0.13619206044045248
decision_type=2 2 2 2
left_child=1 2 -1 -2
right_child=3 -3 -4 -5
leaf_value=4.1800727898571324e-06 1.672144775471811e-05 -0.00096129164083407707 0.00049280856442191216 0.00078637414099387137
leaf_weight=2024 59 66 127 94
leaf_count=2024 59 66 127 94
internal_value=0.000269815 0.000102749 0.000224803 0.00265806
internal_weight=2370 2217 2151 153
internal_count=2370 2217 2151 153
is_linear=0
shrinkage=0.04


Tree=105
num_leaves=7
num_cat=0
split_feature=41 61 14 39 35 25
split_gain=0.624724 0.982218 2.94693 1.08897 0.357636 0.731294
threshold=-0.91291363220133293 -0.68950079098709149 0.82534112890649669 0.79087324453735985 -0.55985405195879723 -1.0797567497771416
decision_type=2 2 2 2 2 2
left_child=4 2 -2 -3 5 -1
right_child=1 3 -4 -5 -6 -7
leaf_value=0.00087647181863287197 -1.1602915255360728e-05 9.8714581654794317e-06 -0.00084095137249063051 0.00057693142321619823 0.00064436392547245248 -6.1117464450945088e-05
leaf_weight=60 372 1546 51 171 106 64
leaf_count=60 372 1546 51 171 106 64
internal_value=0.000269815 5.60226e-05 -0.00166588 0.000481676 0.00224138 0.000761905
internal_weight=2370 2140 423 1717 230 124
internal_count=2370 2140 423 1717 230 124
is_linear=0
shrinkage=0.04


Tree=106
num_leaves=6
num_cat=0
split_feature=51 7 38 47 0
split_gain=0.65029 0.854636 0.834392 0.178518 0.00219467
threshold=-1.4530056314005273 1.9005420063712706 1.2095276113688367 -0.24818515233778141 -0.71147876532532639
decision_type=2 2 2 2 2
left_child=3 2 -2 -1 -5
right_child=1 -3 -4 4 -6
leaf_value=1.5071146985535541e-05 3.4321316451766348e-06 -0.00042686390596633763 0.00067686368809052606 0.0006977861370919805 0.00031329884018674179
leaf_weight=48 1991 73 146 72 40
leaf_count=48 1991 73 146 72 40
internal_value=0.000269815 9.04161e-05 0.000237494 0.00271605 0.00357895
internal_weight=2370 2210 2137 160 112
internal_count=2370 2210 2137 160 112
is_linear=0
shrinkage=0.04


Tree=107
num_leaves=7
num_cat=0
split_feature=51 43 39 36 47 0
split_gain=0.632472 0.732377 1.15475 0.857119 0.178518 0.00219467
threshold=-1.4530056314005273 0.19720845018481833 -0.1900749300976444 -0.84897609278557329 -0.24818515233778141 -0.71147876532532639
decision_type=2 2 2 2 2 2
left_child=4 3 -3 -2 -1 -6
right_child=1 2 -4 -5 5 -7
leaf_value=1.4468301106113932e-05 -0.00011369354874749629 0.00016545307994940455 -0.00047223194462682813 0.00014701604590298256 0.00066987469160830122 0.00030076688657927207
leaf_weight=48 176 372 479 1183 72 40
leaf_count=48 176 372 479 1183 72 40
internal_value=0.000303541 0.000126582 -0.000792497 0.000702425 0.00271605 0.00357895
internal_weight=2370 2210 851 1359 160 112
internal_count=2370 2210 851 1359 160 112
is_linear=0
shrinkage=0.04


Tree=108
num_leaves=7
num_cat=0
split_feature=51 7 7 28 47 0
split_gain=0.588994 0.610551 1.31922 0.901011 0.178518 0.00219467
threshold=-1.4530056314005273 -0.070957282542287087 0.22040668501697494 -0.72585518529520709 -0.24818515233778141 -0.71147876532532639
decision_type=2 2 2 2 2 2
left_child=4 3 -3 -2 -1 -6
right_child=1 2 -4 -5 5 -7
leaf_value=1.3889569061869297e-05 -0.00069204679698823992 -0.00030328549147090519 2.4524966327168238e-05 0.00016836561396768262 0.00064307970394396926 0.00028873621111610105
leaf_weight=48 77 361 809 963 72 40
leaf_count=48 77 361 809 963 72 40
internal_value=0.000387858 0.000216998 -0.000409556 0.000921305 0.00271605 0.00357895
internal_weight=2370 2210 1170 1040 160 112
internal_count=2370 2210 1170 1040 160 112
is_linear=0
shrinkage=0.04


Tree=109
num_leaves=6
num_cat=0
split_feature=41 58 46 59 46
split_gain=0.670659 0.673096 0.726653 0.383913 0.0486349
threshold=-0.91291363220133293 -1.4632737315612703 -4.6126246112688962 -0.35728696284505085 -1.6155642457926358
decision_type=2 2 2 2 2
left_child=3 -2 -3 -1 -5
right_child=1 2 -4 4 -6
leaf_value=-4.327002412311635e-05 -0.00021066495053665178 0.00075280959751881623 3.369903375308471e-06 0.00015415393992157116 0.00062289200106351559
leaf_weight=52 73 83 1984 40 138
leaf_count=52 73 83 1984 40 138
internal_value=0.000370995 0.000149393 0.000284195 0.00241379 0.00328889
internal_weight=2370 2140 2067 230 178
internal_count=2370 2140 2067 230 178
is_linear=0
shrinkage=0.04


Tree=110
num_leaves=6
num_cat=0
split_feature=11 11 26 28 4
split_gain=0.707443 0.663504 1.33958 0.969829 0.286541
threshold=1.3019556004647386 0.43545426653981495 0.96799483341793524 -0.72585518529520709 0.94342309507662614
decision_type=2 2 2 2 2
left_child=1 3 -3 -1 -2
right_child=4 2 -4 -5 -6
leaf_value=-0.00091497802294753384 0.00071299594333966443 -2.1196825262420302e-05 -0.0019070188862280707 4.3601766607058288e-05 -1.3204633123225615e-05
leaf_weight=61 113 442 53 1661 40
leaf_count=61 113 442 53 1661 40
internal_value=0.000303541 0.000120775 -0.001167 0.000491879 0.00291613
internal_weight=2370 2217 495 1722 153
internal_count=2370 2217 495 1722 153
is_linear=0
shrinkage=0.04


Tree=111
num_leaves=6
num_cat=0
split_feature=11 51 7 28 60
split_gain=0.60799 0.612135 0.880566 0.293407 0.272159
threshold=1.3019556004647386 -1.4530056314005273 1.9005420063712706 1.0000000180025095e-35 -0.1146245012014221
decision_type=2 2 2 2 2
left_child=1 3 -3 -1 -2
right_child=4 2 -4 -5 -6
leaf_value=-2.7719411938136267e-06 0.00010192961899233159 1.5313224487608789e-06 -0.00067144058066316212 0.00052722072857214219 0.00068639478294614726
leaf_weight=48 56 2008 51 110 97
leaf_count=48 56 2008 51 110 97
internal_value=0.000236088 6.66969e-05 -0.000118389 0.00245 0.00265806
internal_weight=2370 2217 2059 158 153
internal_count=2370 2217 2059 158 153
is_linear=0
shrinkage=0.04


Tree=112
num_leaves=7
num_cat=0
split_feature=47 40 36 26 61 53
split_gain=0.597536 0.826032 2.63586 0.855123 0.768889 0.23711
threshold=1.0878870123197404 -0.58556816250284582 0.13936562112218917 0.67529862197370505 -0.12365958283712465 0.91666666666666685
decision_type=2 2 2 2 2 2
left_child=1 2 -1 -3 -2 -6
right_child=4 3 -4 -5 5 -7
leaf_value=0.00027689587209620556 -0.00010350514841888706 6.3189675601381406e-05 -0.00076473385014618595 -0.00019273118155704064 0.00066167656309926767 4.0942870650230869e-07
leaf_weight=110 47 1535 118 319 201 40
leaf_count=110 47 1535 118 319 201 40
internal_value=0.000202361 -3.45488e-05 -0.00229565 0.00024569 0.00190345 0.00281481
internal_weight=2370 2082 228 1854 288 241
internal_count=2370 2082 228 1854 288 241
is_linear=0
shrinkage=0.04


Tree=113
num_leaves=7
num_cat=0
split_feature=59 38 12 22 40 47
split_gain=0.566966 1.32689 1.83526 1.0949 1.23049 1.08831
threshold=-0.26898056154126843 0.18889642381501118 -0.078180700397476946 -0.76841329113842105 -0.49376822210454874 -0.77464884590243133
decision_type=2 2 2 2 2 2
left_child=3 2 -2 -1 -5 -3
right_child=1 5 -4 4 -6 -7
leaf_value=-0.0005400409276999674 8.0769840841645062e-05 -0.00097341943975609688 -0.00048760200794511501 -4.304414313601531e-06 0.00063805351189836503 0.00024759176746338307
leaf_weight=74 344 56 422 337 360 777
leaf_count=74 344 56 422 337 360 777
internal_value=0.000202361 -0.000227358 -0.00142708 0.00109185 0.00158512 0.000876647
internal_weight=2370 1599 766 771 697 833
internal_count=2370 1599 766 771 697 833
is_linear=0
shrinkage=0.04


Tree=114
num_leaves=8
num_cat=0
split_feature=35 14 11 34 4 49 1
split_gain=0.648612 1.602 1.64739 1.37518 1.85799 0.124252 0.00239824
threshold=-0.36929816545442734 -0.47932978112151198 -0.43937730544611797 -0.33121016752379839 -0.78758655209130268 1.0068671124822197 -0.40623956487045459
decision_type=2 2 2 2 2 2 2
left_child=1 6 -3 5 -5 -2 -1
right_child=3 2 -4 4 -6 -7 -8
leaf_value=0.001413577920370522 0.00089500758965768603 -0.00037264442251420845 -3.0544495909690697e-05 -0.0015105671102868406 2.4699676099650771e-05 0.00025829911908641751 0.00080141571097247402
leaf_weight=40 188 75 546 48 1346 53 74
leaf_count=40 188 75 546 48 1346 53 74
internal_value=0.000252951 -0.0007327 -0.00153451 0.000696396 0.000212035 0.00347325 0.00358621
internal_weight=2370 735 621 1635 1394 241 114
internal_count=2370 735 621 1635 1394 241 114
is_linear=0
shrinkage=0.04


Tree=115
num_leaves=7
num_cat=0
split_feature=35 34 22 25 34 7
split_gain=0.626629 1.23985 1.85799 1.13208 1.50025 0.158311
threshold=-0.36929816545442734 -0.33121016752379839 -0.76841329113842105 0.040224049186902776 -0.63855653899936915 1.3859617666812138
decision_type=2 2 2 2 2 2
left_child=3 5 -3 4 -1 -2
right_child=1 2 -4 -5 -6 -7
leaf_value=2.5813992495052247e-05 0.00074953715925761555 -0.0014501444258753671 2.371168905566471e-05 0.00077548824161009083 -0.00025372717690904192 0.00029458997504291028
leaf_weight=370 201 48 1346 74 291 40
leaf_count=370 201 48 1346 74 291 40
internal_value=0.000236088 0.000671961 0.000212035 -0.0007327 -0.00126093 0.00330864
internal_weight=2370 1635 1394 735 661 241
internal_count=2370 1635 1394 735 661 241
is_linear=0
shrinkage=0.04


Tree=116
num_leaves=8
num_cat=0
split_feature=35 37 30 37 33 4 14
split_gain=0.579125 1.19397 2.0597 2.03958 1.13193 1.11082 0.167767
threshold=-0.36929816545442734 0.35316630418195177 -0.93059668811902396 -0.34815099234557634 -0.3530608406889047 -0.83952631369928443 0.23240863101953105
decision_type=2 2 2 2 2 2 2
left_child=1 3 -3 -1 6 -6 -2
right_child=4 2 -4 -5 5 -7 -8
leaf_value=-0.00019082130555910477 0.00069716475761773245 0.00016550495094895358 -0.00028004768734147845 0.00051378173649795089 -0.0012925079246245766 1.9140513298991222e-05 0.00043395278716605958
leaf_weight=70 187 139 247 279 43 1346 59
leaf_count=70 187 139 247 279 43 1346 59
internal_value=0.000252951 -0.000678426 -0.00220619 0.00101425 0.000671961 0.000227175 0.00316129
internal_weight=2370 735 386 349 1635 1389 246
internal_count=2370 735 386 349 1635 1389 246
is_linear=0
shrinkage=0.04


Tree=117
num_leaves=7
num_cat=0
split_feature=58 32 17 53 24 41
split_gain=0.641374 1.07788 1.64356 1.32096 0.806154 0.632126
threshold=0.48998134205008331 1.0000000180025095e-35 -0.01271587004163185 -0.58333333333333315 1.2647779363517107 -0.25456216926311659
decision_type=2 2 2 2 2 2
left_child=1 3 -3 -1 5 -2
right_child=4 2 -4 -5 -6 -7
leaf_value=-0.00068276053509848421 -3.0045214748351688e-05 -0.00061323627949323441 -3.874444030686497e-05 0.0001856969750854227 -0.00086495472492628125 0.00037696095205304417
leaf_weight=190 42 62 677 910 57 432
leaf_count=190 42 62 677 910 57 432
internal_value=0.000286678 -6.73545e-05 -0.00124696 0.000725953 0.00150844 0.00205042
internal_weight=2370 1839 739 1100 531 474
internal_count=2370 1839 739 1100 531 474
is_linear=0
shrinkage=0.04


Tree=118
num_leaves=8
num_cat=0
split_feature=35 33 22 47 40 37 11
split_gain=0.546894 1.37824 1.07644 1.04634 1.81441 0.975408 0.132801
threshold=-0.4411969607701503 -0.3530608406889047 -0.81767472358816529 0.18875842857052047 -0.054113883088044067 -0.25855987532576102 0.46067816553369523
decision_type=2 2 2 2 2 2 2
left_child=3 6 -3 4 -1 -5 -2
right_child=1 2 -4 5 -6 -7 -8
leaf_value=0.0005701448262207888 0.00062495119591009912 -0.0012204448484912176 1.9138284320484567e-05 -0.00011833160953399504 -0.0001966950755819413 0.00060676436710125161 0.00030511638746660396
leaf_weight=134 250 43 1374 41 333 155 40
leaf_count=134 250 43 1374 41 333 155 40
internal_value=0.000269815 0.000648332 0.000132488 -0.000703759 -0.00173134 0.00173737 0.00315069
internal_weight=2370 1707 1417 663 467 196 290
internal_count=2370 1707 1417 663 467 196 290
is_linear=0
shrinkage=0.04


Tree=119
num_leaves=4
num_cat=0
split_feature=0 27 25
split_gain=0.511812 0.508979 0.527099
threshold=1.947071022403861 0.80752859419750755 -0.91582081276988359
decision_type=2 2 2
left_child=1 2 -1
right_child=-2 -3 -4
leaf_value=0.00059929784398245233 -0.0011409462406756477 0.00044987926574538791 3.4210823054349788e-06
leaf_weight=259 45 63 2003
leaf_count=259 45 63 2003
internal_value=0.000303541 0.000386764 0.000286219
internal_weight=2370 2325 2262
internal_count=2370 2325 2262
is_linear=0
shrinkage=0.04


end of trees

feature_importances:
Column_35=56
Column_28=37
Column_59=35
Column_47=31
Column_40=29
Column_36=24
Column_11=22
Column_25=20
Column_37=20
Column_41=19
Column_26=16
Column_16=15
Column_44=13
Column_58=13
Column_32=12
Column_2=11
Column_9=11
Column_60=11
Column_24=10
Column_48=10
Column_61=10
Column_42=9
Column_45=9
Column_20=8
Column_39=8
Column_53=8
Column_14=7
Column_43=7
Column_46=7
Column_0=6
Column_10=6
Column_18=6
Column_33=6
Column_34=6
Column_57=6
Column_4=5
Column_7=5
Column_22=5
Column_38=5
Column_50=5
Column_12=4
Column_51=4
Column_63=4
Column_3=3
Column_8=3
Column_13=3
Column_49=3
Column_5=2
Column_62=2
Column_1=1
Column_17=1
Column_23=1
Column_27=1
Column_29=1
Column_30=1
Column_31=1
Column_56=1

parameters:
[boosting: gbdt]
[objective: quantile]
[metric: quantile]
[tree_learner: serial]
[device_type: cpu]
[data_sample_strategy: bagging]
[data: ]
[valid: ]
[num_iterations: 120]
[learning_rate: 0.04]
[num_leaves: 15]
[num_threads: 2]
[seed: 42]
[deterministic: 0]
[force_col_wise: 0]
[force_row_wise: 0]
[histogram_pool_size: -1]
[max_depth: 3]
[min_data_in_leaf: 40]
[min_sum_hessian_in_leaf: 0.001]
[bagging_fraction: 0.85]
[pos_bagging_fraction: 1]
[neg_bagging_fraction: 1]
[bagging_freq: 0]
[bagging_seed: 400]
[bagging_by_query: 0]
[feature_fraction: 0.8]
[feature_fraction_bynode: 1]
[feature_fraction_seed: 30056]
[extra_trees: 0]
[extra_seed: 12879]
[early_stopping_round: 0]
[early_stopping_min_delta: 0]
[first_metric_only: 0]
[max_delta_step: 0]
[lambda_l1: 0]
[lambda_l2: 2]
[linear_lambda: 0]
[min_gain_to_split: 0]
[drop_rate: 0.1]
[max_drop: 50]
[skip_drop: 0.5]
[xgboost_dart_mode: 0]
[uniform_drop: 0]
[drop_seed: 17869]
[top_rate: 0.2]
[other_rate: 0.1]
[min_data_per_group: 100]
[max_cat_threshold: 32]
[cat_l2: 10]
[cat_smooth: 10]
[max_cat_to_onehot: 4]
[top_k: 20]
[monotone_constraints: ]
[monotone_constraints_method: basic]
[monotone_penalty: 0]
[feature_contri: ]
[forcedsplits_filename: ]
[refit_decay_rate: 0.9]
[cegb_tradeoff: 1]
[cegb_penalty_split: 0]
[cegb_penalty_feature_lazy: ]
[cegb_penalty_feature_coupled: ]
[path_smooth: 0]
[interaction_constraints: ]
[verbosity: -1]
[saved_feature_importance_type: 0]
[use_quantized_grad: 0]
[num_grad_quant_bins: 4]
[quant_train_renew_leaf: 0]
[stochastic_rounding: 1]
[linear_tree: 0]
[max_bin: 255]
[max_bin_by_feature: ]
[min_data_in_bin: 3]
[bin_construct_sample_cnt: 200000]
[data_random_seed: 175]
[is_enable_sparse: 1]
[enable_bundle: 1]
[use_missing: 1]
[zero_as_missing: 0]
[feature_pre_filter: 1]
[pre_partition: 0]
[two_round: 0]
[header: 0]
[label_column: ]
[weight_column: ]
[group_column: ]
[ignore_column: ]
[categorical_feature: ]
[forcedbins_filename: ]
[precise_float_parser: 0]
[parser_config_file: ]
[objective_seed: 16083]
[num_class: 1]
[is_unbalance: 0]
[scale_pos_weight: 1]
[sigmoid: 1]
[boost_from_average: 1]
[reg_sqrt: 0]
[alpha: 0.1]
[fair_c: 1]
[poisson_max_delta_step: 0.7]
[tweedie_variance_power: 1.5]
[lambdarank_truncation_level: 30]
[lambdarank_norm: 1]
[label_gain: ]
[lambdarank_position_bias_regularization: 0]
[eval_at: ]
[multi_error_top_k: 1]
[auc_mu_weights: ]
[num_machines: 1]
[local_listen_port: 12400]
[time_out: 120]
[machine_list_filename: ]
[machines: ]
[gpu_platform_id: -1]
[gpu_device_id: -1]
[gpu_device_id_list: ]
[gpu_use_dp: 0]
[num_gpu: 1]

end of parameters

pandas_categorical:null
