tree
version=v4
num_class=1
num_tree_per_iteration=1
label_index=0
max_feature_idx=63
objective=quantile
feature_names=Column_0 Column_1 Column_2 Column_3 Column_4 Column_5 Column_6 Column_7 Column_8 Column_9 Column_10 Column_11 Column_12 Column_13 Column_14 Column_15 Column_16 Column_17 Column_18 Column_19 Column_20 Column_21 Column_22 Column_23 Column_24 Column_25 Column_26 Column_27 Column_28 Column_29 Column_30 Column_31 Column_32 Column_33 Column_34 Column_35 Column_36 Column_37 Column_38 Column_39 Column_40 Column_41 Column_42 Column_43 Column_44 Column_45 Column_46 Column_47 Column_48 Column_49 Column_50 Column_51 Column_52 Column_53 Column_54 Column_55 Column_56 Column_57 Column_58 Column_59 Column_60 Column_61 Column_62 Column_63
feature_infos=[-4.6197931847155571:5.9954558253433117] [-3.8590427701933976:4.0745545503753817] [-3.7006363548840562:3.6394565242699604] [-3.4980158346722385:3.2780148828578226] [-3.1999785198786843:2.610347494666029] [-2.1738283218639527:2.4895288086863725] [-3.4289366036448481:3.3364656086789584] [-1.1855167883782549:4.7938504253610938] [-1.6055658018150698:1.6212003046256909] [-3.1259897337209077:2.6779997207171977] [-1.2559288986268582:3.8744210684851921] [-2.4385148065339846:2.6934138560055256] [-2.089779261663173:2.5193293522476043] [-1.3234480727037761:2.7918759496744281] [-2.5204889128810786:3.0312031031188589] [-1.7985784569391383:1.461920888580696] [-1.8765941820849508:1.7838415334625943] [-1.039879775715675:0.67337113695867323] [-1.1128739172860969:0.69940197379011548] [-1.039879775715675:0.67337113695867323] [-2.3458261685465569:2.90808264112031] [-3.2376202311154865:3.5372892838090544] [-2.8844189775848479:2.8578372581832143] [-1.959377286342999:2.8100613773522927] [-2.218806723366312:1.8729898442725346] [-2.0711465073177044:1.8850318965655108] [-3.2689961065748441:2.2068739042765939] [-1.7991879499849253:1.5766680134482451] [-0.95580814064788056:2.8509843221340203] [-3.5672384251110967:3.359314784073069] [-3.280578047393814:2.9491138050114722] [-2.5277821494913666:2.2343153906774247] [-2.4773443806928408:2.382601414218533] [-2.0274700212050707:2.4637040279382165] [-2.1662999543162167:2.3117258022874321] [-1.9334544827373028:2.0030195014669325] [-2.0274614049673487:2.1915077311452715] [-1.2400797419821532:3.2155373949744424] [-1.2585922833209671:3.7630257070024191] [-1.3373970976211238:2.7107458318127908] [-1.1827696544083273:1.8645796270349586] [-2.0357621338741887:1.5852634820366831] [-1.7784888033346966:1.6766103993437165] [-1.976954241894801:11.837550384004633] [-597.3325696117804:95.248719800791037] [-508.49201776933643:105.83474118348761] [-656.48803750582067:48.277629840725055] [-1.1196522221866796:3.2683613614147284] [-1.8789159197136569:1.7316631968769354] [-1.1648515990167034:6.3037245507823627] [-3.8474290931651831:4.5651690630223642] [-10.225138859082454:8.4756836365510111] [-1:1] [-0.83333333333333337:1] [0:1] [0:1] [-5.2186824047976028:4.6346635437425681] [-4.7114188802404344:3.1305962556603983] [-3.4168175486945085:2.8144407990681009] [-1.2025675410664958:2.8129672786371502] [-2.327739568870435:2.3865320541644865] [-2.596261494346439:0.62382464195733733] [-3.8250300719717516:4.3778048806796326] [-5.8796568702502761:4.8140346171214858]
tree_sizes=831 773 860 770 773 601 780 778 766 768 779 779 685 772 772 773 783 689 770 777 688 689 772 777 782 873 604 604 605 602 605 606 785 866 605 516 871 773 516 868 518 784 688 688 777 517 772 608 601 517 512 606 516 872 879 769 608 866 874 692 781 780 606 517 696 693 788 778 609 783 784 695 777 786 874 607 685 779 695 779 786 608 870 606 603 610 873 776 606 877 605 606 606 518 518 609 768 789 782 695 789 865 600 780 521 610 603 522 611 592 695 613 608 789 862 612 786 699 783 788

Tree=0
num_leaves=8
num_cat=0
split_feature=37 47 45 61 35 14 35
split_gain=19.4989 5.75508 5.34864 6.22622 5.01212 4.18052 4.06361
threshold=1.1065576463016624 -0.18284147292990341 1.164093366614033 -0.93486237346524781 0.75015110177124245 -0.19763062309867199 0.42981669125735622
decision_type=2 2 2 2 2 2 2
left_child=2 5 3 -1 -4 -2 -3
right_child=1 6 4 -5 -6 -7 -8
leaf_value=0.041342409886419774 0.041943279728293419 0.042299153059720991 0.041243991330265996 0.04012087492272258 0.039763843212276696 0.039667728263884781 0.040838113129138945
leaf_weight=152 48 151 235 1616 52 72 44
leaf_count=152 48 151 235 1616 52 72 44
internal_value=0.0405236 0.049758 0.0391005 0.0382778 0.0441484 0.0428102 0.0539669
internal_weight=2370 315 2055 1768 287 120 195
internal_count=2370 315 2055 1768 287 120 195
is_linear=0
shrinkage=1


Tree=1
num_leaves=7
num_cat=0
split_feature=40 60 45 53 39 5
split_gain=12.8768 8.1335 6.88775 4.98111 4.33116 3.07139
threshold=1.0101144554317261 -1.0033368819008306 3.0426939125311385 0.75000000000000011 1.9043674126061418 -0.81031855065215208
decision_type=2 2 2 2 2 2
left_child=1 5 -3 4 -2 -1
right_child=3 2 -4 -5 -6 -7
leaf_value=0.0019293762087821962 0.0014262601077556611 -0.00031650377139449129 0.00072447976171970379 -0.00071478863805532456 0.00038432863503694542 -0.00019712022654712206
leaf_weight=120 137 1812 149 42 46 64
leaf_count=120 137 1812 149 42 46 64
internal_value=5.90219e-05 -0.000898929 -0.00165563 0.00911894 0.0119459 0.00709677
internal_weight=2370 2145 1961 225 183 184
internal_count=2370 2145 1961 225 183 184
is_linear=0
shrinkage=0.04


Tree=2
num_leaves=8
num_cat=0
split_feature=37 47 61 26 45 14 35
split_gain=17.2244 5.17232 5.00132 10.7165 5.62754 4.25041 3.84654
threshold=1.1065576463016624 -0.17587224573706037 -0.93486237346524781 0.76519719376944706 1.164093366614033 -0.19763062309867199 0.39557943038267707
decision_type=2 2 2 2 2 2 2
left_child=2 5 3 -1 -4 -2 -3
right_child=1 6 4 -5 -6 -7 -8
leaf_value=-0.00053879956763982779 0.0013452291205674411 0.001711286989733577 -0.00036582688179612161 0.0012232237409949302 0.00046520088158547897 -0.00080644479256868355 0.00031467642450332638
leaf_weight=128 48 147 1616 52 259 73 47
leaf_count=128 48 147 1616 52 259 73 47
internal_value=5.90219e-05 0.00873817 -0.00127856 0.00505495 -0.00189132 0.00219512 0.0127551
internal_weight=2370 315 2055 180 1875 121 194
internal_count=2370 315 2055 180 1875 121 194
is_linear=0
shrinkage=0.04


Tree=3
num_leaves=7
num_cat=0
split_feature=37 47 40 45 14 36
split_gain=17.2914 5.17232 4.75146 4.75858 4.25041 3.81605
threshold=1.1065576463016624 -0.17587224573706037 0.98718611894607899 1.164093366614033 -0.19763062309867199 0.16855362977145846
decision_type=2 2 2 2 2 2
left_child=2 4 3 -1 -2 -3
right_child=1 5 -4 -5 -6 -7
leaf_value=-0.00032042199596285818 0.0012914199557447434 0.0017388833573704957 0.0010212708664584158 0.00040141878407001525 -0.0007741870008659363 0.00046717321695327748
leaf_weight=1707 48 133 69 279 73 61
leaf_count=1707 48 133 69 279 73 61
internal_value=4.21585e-05 0.00873817 -0.00129801 -0.00165996 0.00219512 0.0127551
internal_weight=2370 315 2055 1986 121 194
internal_count=2370 315 2055 1986 121 194
is_linear=0
shrinkage=0.04


Tree=4
num_leaves=7
num_cat=0
split_feature=37 35 41 41 11 13
split_gain=16.2373 5.49218 6.8164 4.9444 3.8226 0.818302
threshold=1.1065576463016624 0.61593369241110019 0.61404315678016219 -0.99513311166931595 -0.56339753383644975 1.0650418384248306
decision_type=2 2 2 2 2 2
left_child=1 2 -1 -2 -5 -3
right_child=3 5 -4 4 -6 -7
leaf_value=-0.00023300811504859938 0.00202647547829113 -0.00062233857666988389 0.00046528714331404579 0.0013094831298585891 0.0006620110646617652 -3.6902138311982053e-05
leaf_weight=1410 41 298 304 41 233 43
leaf_count=1410 41 298 304 41 233 43
internal_value=5.90219e-05 -0.00123967 -0.000314685 0.0084858 0.00644928 -0.00586006
internal_weight=2370 2055 1714 315 274 341
internal_count=2370 2055 1714 315 274 341
is_linear=0
shrinkage=0.04


Tree=5
num_leaves=5
num_cat=0
split_feature=59 60 45 8
split_gain=9.28361 6.76315 5.11987 2.60855
threshold=2.3053075081778682 -0.79623073444195824 3.0426939125311385 -0.78061249490420459
decision_type=2 2 2 2
left_child=1 3 -3 -1
right_child=-2 2 -4 -5
leaf_value=0.0010776222040446853 0.0016433090404499521 -0.00025037372123517225 0.00064313748698086482 0.00076667942694507417
leaf_weight=40 45 1824 164 297
leaf_count=40 45 1824 164 297
internal_value=5.90219e-05 -0.000296519 -0.00118593 0.00492625
internal_weight=2370 2325 1988 337
internal_count=2370 2325 1988 337
is_linear=0
shrinkage=0.04


Tree=6
num_leaves=7
num_cat=0
split_feature=37 35 41 41 11 39
split_gain=15.2164 5.35453 6.98784 4.42664 3.92654 0.84208
threshold=1.1065576463016624 0.61593369241110019 0.50194012707026314 -0.99513311166931595 -0.56339753383644975 0.71964902209302883
decision_type=2 2 2 2 2 2
left_child=1 2 -1 -2 -5 -3
right_child=3 5 -4 4 -6 -7
leaf_value=-0.00024047898750369668 0.0019554314080088915 -0.00058800214033191331 0.00044078031587220095 0.0012139989165024581 0.00064554557092470159 -6.2798338524989457e-05
leaf_weight=1341 41 280 373 41 233 61
leaf_count=1341 41 280 373 41 233 61
internal_value=7.58853e-05 -0.00118133 -0.000268065 0.00823344 0.00630435 -0.00574344
internal_weight=2370 2055 1714 315 274 341
internal_count=2370 2055 1714 315 274 341
is_linear=0
shrinkage=0.04


Tree=7
num_leaves=7
num_cat=0
split_feature=37 35 41 41 59 40
split_gain=14.2895 5.17364 6.64164 4.62142 3.79906 0.899716
threshold=1.1065576463016624 0.61593369241110019 0.61404315678016219 -0.99513311166931595 2.3053075081778682 0.90267824261146756
decision_type=2 2 2 2 2 2
left_child=1 2 -1 -2 -5 -3
right_child=3 5 -4 4 -6 -7
leaf_value=-0.00020961226225724134 0.001877214151688536 -0.00062761469841828292 0.00042564738652750171 0.00057650609341724005 0.0016941469261184529 -6.0286404983989905e-05
leaf_weight=1410 41 276 304 232 42 65
leaf_count=1410 41 276 304 232 42 65
internal_value=7.58853e-05 -0.00114244 -0.000244755 0.00798107 0.00601449 -0.00562682
internal_weight=2370 2055 1714 315 274 341
internal_count=2370 2055 1714 315 274 341
is_linear=0
shrinkage=0.04


Tree=8
num_leaves=7
num_cat=0
split_feature=37 40 45 47 14 35
split_gain=11.9333 4.95823 4.8549 3.69856 4.08899 3.92855
threshold=1.085969725246712 0.98718611894607899 1.164093366614033 -0.17587224573706037 -0.2046440446002751 0.29900643334980492
decision_type=2 2 2 2 2 2
left_child=1 2 -1 4 -2 -5
right_child=3 -3 -4 5 -6 -7
leaf_value=-0.00028329030832724872 0.00092660541011388734 0.00096276082897192659 0.00037533463009726376 0.0015245940029261563 -0.00080070800018322672 0.00033515554416983762
leaf_weight=1702 50 67 277 140 76 58
leaf_count=1702 50 67 277 140 76 58
internal_value=8.4317e-06 -0.00112305 -0.00148915 0.00711656 0.00171875 0.0105
internal_weight=2370 2046 1979 324 126 198
internal_count=2370 2046 1979 324 126 198
is_linear=0
shrinkage=0.04


Tree=9
num_leaves=7
num_cat=0
split_feature=40 60 45 53 39 5
split_gain=8.47111 5.49975 4.84507 4.34404 4.16618 2.05606
threshold=1.0101144554317261 -1.0033368819008306 3.0426939125311385 0.75000000000000011 1.9043674126061418 -0.81031855065215208
decision_type=2 2 2 2 2 2
left_child=1 5 -3 4 -2 -1
right_child=3 2 -4 -5 -6 -7
leaf_value=0.0014881555703832533 0.001172506783195855 -0.00025609047276332019 0.00056682830611302112 -0.00068309639734562028 -0.00010155811274044566 -0.00016535066739002563
leaf_weight=120 137 1812 149 42 46 64
leaf_count=120 137 1812 149 42 46 64
internal_value=8.4317e-06 -0.000768514 -0.00139073 0.00735683 0.01 0.00580645
internal_weight=2370 2145 1961 225 183 184
internal_count=2370 2145 1961 225 183 184
is_linear=0
shrinkage=0.04


Tree=10
num_leaves=7
num_cat=0
split_feature=37 35 45 57 47 50
split_gain=11.0146 4.77558 6.11919 3.1298 3.98446 0.961841
threshold=1.085969725246712 0.61593369241110019 1.164093366614033 0.76879322831056596 -0.17304474226270047 -0.23540713455147996
decision_type=2 2 2 2 2 2
left_child=1 2 -1 4 -2 -3
right_child=3 5 -4 -5 -6 -7
leaf_value=-0.0001313803778474712 0.00029327748282773807 -0.00027564203074029956 0.00071521935426627572 -0.00012841184291834354 0.0014089497841680316 -0.00053938001101664582
leaf_weight=1485 99 94 222 66 159 245
leaf_count=1485 99 94 222 66 159 245
internal_value=4.21585e-05 -0.00104492 -0.000181393 0.00687117 0.00884615 -0.00536657
internal_weight=2370 2046 1707 324 258 339
internal_count=2370 2046 1707 324 258 339
is_linear=0
shrinkage=0.04


Tree=11
num_leaves=7
num_cat=0
split_feature=37 41 35 41 59 50
split_gain=10.6758 5.51222 4.77558 6.23704 2.7977 0.961841
threshold=1.085969725246712 -0.99513311166931595 0.61593369241110019 0.50194012707026314 0.90493398297155847 -0.23540713455147996
decision_type=2 2 2 2 2 2
left_child=2 -2 3 -1 -3 -4
right_child=1 4 5 -5 -6 -7
leaf_value=-0.00021542581947006561 0.0016744513622982211 -0.00040243330496354075 -0.00026461634951068766 0.00039116591801589498 0.00089341814370850125 -0.00051780481057598
leaf_weight=1335 43 75 94 372 206 245
leaf_count=1335 43 75 94 372 206 245
internal_value=2.52951e-05 0.00674847 -0.00104492 -0.000181393 0.00462898 -0.00536657
internal_weight=2370 324 2046 1707 281 339
internal_count=2370 324 2046 1707 281 339
is_linear=0
shrinkage=0.04


Tree=12
num_leaves=6
num_cat=0
split_feature=37 41 40 7 11
split_gain=10.2372 4.87991 4.32458 3.53813 2.41958
threshold=1.085969725246712 -0.99513311166931595 0.98718611894607899 -0.69972917245937272 -0.53673911694055454
decision_type=2 2 2 2 2
left_child=2 -2 3 -1 -3
right_child=1 4 -4 -5 -6
leaf_value=0.00025349259330494035 0.0016074733078062923 0.00091060982767894052 0.0008643310423659227 -0.00024329888987584369 0.000430645581106921
leaf_weight=198 43 44 67 1781 237
leaf_count=198 43 44 67 1781 237
internal_value=4.21585e-05 0.00662577 -0.00100586 -0.0013478 0.00462898
internal_weight=2370 324 2046 1979 281
internal_count=2370 324 2046 1979 281
is_linear=0
shrinkage=0.04


Tree=13
num_leaves=7
num_cat=0
split_feature=37 45 40 41 35 59
split_gain=9.85917 4.6329 4.29967 4.28591 3.8305 2.7977
threshold=1.085969725246712 1.164093366614033 0.98718611894607899 -0.99513311166931595 0.75015110177124245 0.90493398297155847
decision_type=2 2 2 2 2 2
left_child=1 2 -1 -2 -3 -5
right_child=3 4 -4 5 -6 -7
leaf_value=-0.00023876755129617177 0.0015431743754940406 0.00067721850065399877 0.00087912968489676948 -0.00041316108094071631 -0.00072275590362705919 0.00083286591251384217
leaf_weight=1702 43 233 59 75 52 206
leaf_count=1702 43 233 59 75 52 206
internal_value=4.21585e-05 -0.000986328 -0.00175269 0.00650307 0.00372822 0.00462898
internal_weight=2370 2046 1761 324 285 281
internal_count=2370 2046 1761 324 285 281
is_linear=0
shrinkage=0.04


Tree=14
num_leaves=7
num_cat=0
split_feature=37 45 53 41 47 59
split_gain=9.28753 4.44328 4.54492 4.38008 3.9721 2.856
threshold=1.085969725246712 1.164093366614033 -0.74999999999999989 -0.99513311166931595 -0.64526098354336925 1.0086566052599799
decision_type=2 2 2 2 2 2
left_child=1 4 -3 -2 -1 -5
right_child=3 2 -4 5 -6 -7
leaf_value=0.00044211291751725362 0.0014814474004742791 0.0014629906583041587 0.0001047533239167893 -0.00031133775352002623 -0.00028613067509526127 0.00082092476894426731
leaf_weight=225 43 45 240 92 1536 189
leaf_count=225 43 45 240 92 1536 189
internal_value=0.000109612 -0.000888672 0.00372822 0.00638037 -0.00163925 0.00448763
internal_weight=2370 2046 285 324 1761 281
internal_count=2370 2046 285 324 1761 281
is_linear=0
shrinkage=0.04


Tree=15
num_leaves=7
num_cat=0
split_feature=37 35 40 41 59 40
split_gain=9.02578 4.32518 6.50808 3.81825 2.856 1.38578
threshold=1.085969725246712 0.57967160405181517 0.87890063675755215 -0.99513311166931595 1.0086566052599799 -0.92595103770111142
decision_type=2 2 2 2 2 2
left_child=1 2 -1 -2 -5 -3
right_child=3 5 -4 4 -6 -7
leaf_value=-5.0419139564008563e-05 0.001422189504455308 9.2804275273807236e-05 0.001079235113358136 -0.00029888424337922521 0.0007880877781864965 -0.00057446733239007732
leaf_weight=1608 43 48 51 92 189 339
leaf_count=1608 43 48 51 92 189 339
internal_value=7.58853e-05 -0.000908203 -1.80614e-05 0.00625767 0.00448763 -0.00470437
internal_weight=2370 2046 1659 324 281 387
internal_count=2370 2046 1659 324 281 387
is_linear=0
shrinkage=0.04


Tree=16
num_leaves=7
num_cat=0
split_feature=37 35 40 41 28 53
split_gain=8.71933 4.32518 5.97499 3.90722 2.73769 1.14091
threshold=1.085969725246712 0.57967160405181517 0.8961260410778692 -0.99513311166931595 0.20924916191341117 -1.0000000180025095e-35
decision_type=2 2 2 2 2 2
left_child=1 2 -1 -2 -5 -3
right_child=3 5 -4 4 -6 -7
leaf_value=-4.5112044728113646e-05 0.0013653019242770958 -0.00016401589135613571 0.0010261930822727573 -0.00068918529450493155 0.00068631398600902489 -0.0007345956377017846
leaf_weight=1611 43 163 48 49 232 224
leaf_count=1611 43 163 48 49 232 224
internal_value=5.90219e-05 -0.000908203 -1.80614e-05 0.00613497 0.00434629 -0.00470437
internal_weight=2370 2046 1659 324 281 387
internal_count=2370 2046 1659 324 281 387
is_linear=0
shrinkage=0.04


Tree=17
num_leaves=6
num_cat=0
split_feature=37 40 45 41 59
split_gain=8.22918 4.17204 4.26862 3.99712 2.45063
threshold=1.085969725246712 0.98718611894607899 1.1201704816552518 -0.99513311166931595 0.90493398297155847
decision_type=2 2 2 2 2
left_child=1 2 -1 -2 -5
right_child=3 -3 -4 4 -6
leaf_value=-0.00021671999815830816 0.0013106898473060119 0.00080496570439122725 0.00026828482499698689 -0.00037216833165719957 0.00070773821468769673
leaf_weight=1695 43 67 284 75 206
leaf_count=1695 43 67 284 75 206
internal_value=0.000109612 -0.000830078 -0.00116608 0.00601227 0.00420495
internal_weight=2370 2046 1979 324 281
internal_count=2370 2046 1979 324 281
is_linear=0
shrinkage=0.04


Tree=18
num_leaves=7
num_cat=0
split_feature=61 28 26 20 25 36
split_gain=6.35423 8.8005 3.90225 3.88436 3.71417 1.12238
threshold=-0.84302364522560091 1.7314320925526236 -1.3823119764726741 0.29501180575959024 -1.4604361503002512 -0.56071441512404741
decision_type=2 2 2 2 2 2
left_child=3 2 -2 4 -1 -5
right_child=1 -3 -4 5 -6 -7
leaf_value=0.00092758725687875721 0.00049122473721835999 0.0011347842159781546 -0.00019726576898979333 0.0010932681288362864 0.00022336717765246596 0.00049217629141182131
leaf_weight=48 86 44 1820 40 291 41
leaf_count=48 86 44 1820 40 291 41
internal_value=0.000193929 -0.000768443 -0.00118449 0.00464455 0.00272727 0.0124096
internal_weight=2370 1950 1906 420 339 81
internal_count=2370 1950 1906 420 339 81
is_linear=0
shrinkage=0.04


Tree=19
num_leaves=7
num_cat=0
split_feature=37 41 28 39 41 59
split_gain=7.01622 4.08733 4.60032 4.4948 3.63166 2.23199
threshold=1.085969725246712 0.62261500871763364 -0.43168489214777211 -0.67591542404724547 -0.99513311166931595 0.90493398297155847
decision_type=2 2 2 2 2 2
left_child=1 3 -3 -1 -2 -6
right_child=4 2 -4 -5 5 -7
leaf_value=-0.00061715715801838355 0.0012439704151163552 0.00099097271023514317 7.69855969973643e-05 -0.00010486603573198979 -0.00037603196733067875 0.00064659916185047625
leaf_weight=241 43 42 401 1362 75 206
leaf_count=241 43 42 401 1362 75 206
internal_value=0.000193929 -0.000673828 0.0027191 -0.00161371 0.00564417 0.00392226
internal_weight=2370 2046 443 1603 324 281
internal_count=2370 2046 443 1603 324 281
is_linear=0
shrinkage=0.04


Tree=20
num_leaves=6
num_cat=0
split_feature=37 40 41 41 28
split_gain=5.4764 4.03869 3.76132 3.53337 2.53111
threshold=1.085969725246712 0.98718611894607899 0.62261500871763364 -0.99513311166931595 0.20924916191341117
decision_type=2 2 2 2 2
left_child=1 2 -1 -2 -5
right_child=3 -3 -4 4 -6
leaf_value=-0.00026484813059410718 0.0011942115985117011 0.00075457431605050341 0.00014308825850579217 -0.00062379924000562754 0.0005997906113219772
leaf_weight=1562 43 67 417 49 232
leaf_count=1562 43 67 417 49 232
internal_value=9.27487e-05 -0.000673828 -0.00100454 0.00490798 0.00321555
internal_weight=2370 2046 1979 324 281
internal_count=2370 2046 1979 324 281
is_linear=0
shrinkage=0.04


Tree=21
num_leaves=6
num_cat=0
split_feature=61 28 32 7 53
split_gain=4.49406 7.83898 3.86497 3.40602 3.37002
threshold=-0.84302364522560091 1.7314320925526236 0.66107455049125086 -0.71075265245663444 -0.41666666666666657
decision_type=2 2 2 2 2
left_child=2 3 4 -2 -1
right_child=1 -3 -4 -5 -6
leaf_value=0.0011527912143919183 0.00028566743781377696 0.0010731252978767522 0.00075919690053151585 -0.00021935056992126501 0.00011011961341816965
leaf_weight=53 184 44 57 1722 310
leaf_count=53 184 44 57 1722 310
internal_value=0.000143339 -0.000665984 0.00388626 -0.0010587 0.00232877
internal_weight=2370 1950 420 1906 363
internal_count=2370 1950 420 1906 363
is_linear=0
shrinkage=0.04


Tree=22
num_leaves=7
num_cat=0
split_feature=37 45 41 40 13 28
split_gain=5.17404 4.0406 3.19945 2.95198 2.67721 3.36778
threshold=1.085969725246712 3.0426939125311385 0.47179821747183998 0.96003715915666443 1.8931530859517147 0.20924916191341117
decision_type=2 2 2 2 2 2
left_child=1 3 -3 -1 5 -2
right_child=4 2 -4 -5 -6 -7
leaf_value=-0.00016653863217117482 -0.00058429241695965846 8.6584343359479016e-05 0.00092893367430539121 0.00065733777255530892 -0.00043662081604475714 0.00087727606712842637
leaf_weight=1827 50 89 63 67 57 217
leaf_count=1827 50 89 63 67 57 217
internal_value=0.000227656 -0.000517578 0.00571429 -0.00102321 0.00490798 0.00657993
internal_weight=2370 2046 152 1894 324 267
internal_count=2370 2046 152 1894 324 267
is_linear=0
shrinkage=0.04


Tree=23
num_leaves=7
num_cat=0
split_feature=35 40 31 46 13 39
split_gain=5.17068 5.10066 6.64442 4.82438 1.98748 2.22259
threshold=0.57967160405181517 0.87890063675755215 0.47721329381934596 0.51665991627915731 1.2298368479869846 -0.82128568277699754
decision_type=2 2 2 2 2 2
left_child=1 3 -3 -1 5 -2
right_child=4 2 -4 -5 -6 -7
leaf_value=-7.5376511550275939e-05 6.2481399970544529e-06 0.0003606216386639255 0.001000165498976608 0.00074700783293361796 0.00029346560146213316 -0.00079036512761691184
leaf_weight=1420 99 145 41 314 57 294
leaf_count=1420 99 145 41 314 57 294
internal_value=0.000177066 0.00108221 0.00734043 0.000403226 -0.00367257 -0.00468354
internal_weight=2370 1920 186 1734 450 393
internal_count=2370 1920 186 1734 450 393
is_linear=0
shrinkage=0.04


Tree=24
num_leaves=7
num_cat=0
split_feature=35 36 40 53 40 26
split_gain=4.7494 4.86423 4.3084 1.96378 2.28808 1.25998
threshold=0.57967160405181517 0.63621066738141108 0.87890063675755215 -1.0000000180025095e-35 0.86249569005156257 0.69024581638359195
decision_type=2 2 2 2 2 2
left_child=1 2 -1 4 -2 -5
right_child=3 -3 -4 5 -6 -7
leaf_value=1.6208775282007261e-05 -0.0002143583292773206 0.0016230267794129258 0.00050428194767654366 -0.00090475775278056408 0.00044624446261188472 -6.7957520818578843e-05
leaf_weight=1699 158 44 177 191 46 55
leaf_count=1699 158 44 177 191 46 55
internal_value=0.000193929 0.00106139 0.000745474 -0.00349558 -0.000582524 -0.0058871
internal_weight=2370 1920 1876 450 204 246
internal_count=2370 1920 1876 450 204 246
is_linear=0
shrinkage=0.04


Tree=25
num_leaves=8
num_cat=0
split_feature=35 40 31 46 53 40 58
split_gain=4.30464 4.52596 5.33393 4.17505 1.73191 2.28808 1.46978
threshold=0.57967160405181517 0.87890063675755215 0.47721329381934596 1.6928757792655902 -1.0000000180025095e-35 0.86249569005156257 0.98051237906510624
decision_type=2 2 2 2 2 2 2
left_child=1 3 -3 -1 5 -2 -6
right_child=4 2 -4 -5 6 -7 -8
leaf_value=-2.2598897617571444e-05 -0.00020578399610622785 0.00032602549521030698 0.0009399876011104819 0.00093527181114201163 -0.00076425466010413728 0.00042839468410740936 1.2225998951749807e-05
leaf_weight=1581 158 145 41 153 203 46 43
leaf_count=1581 158 145 41 153 203 46 43
internal_value=0.000193929 0.00101977 0.00691489 0.000380184 -0.00331858 -0.000582524 -0.00556452
internal_weight=2370 1920 186 1734 450 204 246
internal_count=2370 1920 186 1734 450 204 246
is_linear=0
shrinkage=0.04


Tree=26
num_leaves=5
num_cat=0
split_feature=15 40 59 35
split_gain=4.00203 3.87728 3.81934 3.29096
threshold=-1.3537826347924622 1.0101144554317261 0.93221876511961599 0.47657311590222279
decision_type=2 2 2 2
left_child=-1 3 -3 -2
right_child=1 2 -4 -5
leaf_value=0.00079553520118982759 2.7937222720835766e-05 0.00082995356713324458 0.00024375650646040831 -0.00032538809651821299
leaf_weight=40 1609 43 182 496
leaf_count=40 1609 43 182 496
internal_value=0.000143339 -7.7187e-05 0.00488987 -0.000612245
internal_weight=2370 2330 225 2105
internal_count=2370 2330 225 2105
is_linear=0
shrinkage=0.04


Tree=27
num_leaves=5
num_cat=0
split_feature=15 40 13 35
split_gain=3.99101 3.5813 3.45392 3.29979
threshold=-1.3537826347924622 1.0101144554317261 1.8931530859517147 0.57967160405181517
decision_type=2 2 2 2
left_child=-1 3 -3 -2
right_child=1 2 -4 -5
leaf_value=0.00076371379314223446 1.6839869401408039e-05 0.00056721170056624442 -0.00070189089595808251 -0.00034559688758378852
leaf_weight=40 1722 164 61 383
leaf_count=40 1722 164 61 383
internal_value=0.000160202 -6.00343e-05 0.00471366 -0.000574276
internal_weight=2370 2330 225 2105
internal_count=2370 2330 225 2105
is_linear=0
shrinkage=0.04


Tree=28
num_leaves=5
num_cat=0
split_feature=15 35 41 13
split_gain=4.05735 3.48905 4.39761 1.79039
threshold=-1.3537826347924622 0.57967160405181517 0.27131968100326459 1.2298368479869846
decision_type=2 2 2 2
left_child=-1 2 -2 -3
right_child=1 3 -4 -5
leaf_value=0.00073316524141654521 -7.6033758153485069e-05 -0.00036124620534466094 0.00038705213383654415 0.00030140581866069135
leaf_weight=40 1313 393 567 57
leaf_count=40 1313 393 567 57
internal_value=5.90219e-05 -0.00016295 0.000595112 -0.00331858
internal_weight=2370 2330 1880 450
internal_count=2370 2330 1880 450
is_linear=0
shrinkage=0.04


Tree=29
num_leaves=5
num_cat=0
split_feature=15 35 37 13
split_gain=3.98001 3.18902 3.18485 1.75457
threshold=-1.3537826347924622 0.59861548837948086 -0.7016961402715135 1.0650418384248306
decision_type=2 2 2 2
left_child=-1 2 -2 -3
right_child=1 3 -4 -5
leaf_value=0.00070383863175988326 0.0004532070927780177 -0.00036157774564385376 1.2815774423695913e-05 0.00021591265617770507
leaf_weight=40 88 349 1819 74
leaf_count=40 88 349 1819 74
internal_value=0.000177066 -4.28816e-05 0.000654793 -0.00317647
internal_weight=2370 2330 1907 423
internal_count=2370 2330 1907 423
is_linear=0
shrinkage=0.04


Tree=30
num_leaves=5
num_cat=0
split_feature=15 40 59 35
split_gain=4.01307 3.11984 3.56221 3.08216
threshold=-1.3537826347924622 1.0101144554317261 0.93221876511961599 0.59861548837948086
decision_type=2 2 2 2
left_child=-1 3 -3 -2
right_child=1 2 -4 -5
leaf_value=0.00067568508648948808 3.6653070232259279e-06 0.00076013720085827796 0.00024232329919786813 -0.00030768666854143342
leaf_weight=40 1747 43 182 358
leaf_count=40 1747 43 182 358
internal_value=0.000126476 -9.43396e-05 0.00436123 -0.000574276
internal_weight=2370 2330 225 2105
internal_count=2370 2330 225 2105
is_linear=0
shrinkage=0.04


Tree=31
num_leaves=5
num_cat=0
split_feature=15 35 41 39
split_gain=3.44416 2.83353 3.65512 1.70228
threshold=-1.3537826347924622 0.59861548837948086 0.27131968100326459 -0.82128568277699754
decision_type=2 2 2 2
left_child=-1 2 -2 -3
right_child=1 3 -4 -5
leaf_value=0.00064865768302990842 -7.7084190513047459e-05 7.72594195426378e-05 0.00035024972695356485 -0.00042457578063925165
leaf_weight=40 1324 92 583 331
leaf_count=40 1324 92 583 331
internal_value=7.58853e-05 -0.000128645 0.000529073 -0.00308235
internal_weight=2370 2330 1907 423
internal_count=2370 2330 1907 423
is_linear=0
shrinkage=0.04


Tree=32
num_leaves=7
num_cat=0
split_feature=23 35 47 28 61 10
split_gain=3.54411 5.77442 6.65294 4.93879 3.94185 3.22713
threshold=-0.24810722327873222 -0.45094124382351347 -0.25483583042091845 1.6271020248907153 -0.31558647800197021 -0.63349816219544774
decision_type=2 2 2 2 2 2
left_child=1 4 -3 5 -1 -2
right_child=3 2 -4 -5 -6 -7
leaf_value=0.00013827561322990554 0.00013296579881263108 0.00085812170750196543 0.00022381321241298131 0.000879904582844904 -0.0008495366549156017 -0.00026877409242701092
leaf_weight=272 305 137 300 45 143 1168
leaf_count=272 305 137 300 45 143 1168
internal_value=9.27487e-05 0.00215457 0.00535308 -0.00106579 -0.00122302 -0.00147119
internal_weight=2370 852 437 1518 415 1473
internal_count=2370 852 437 1518 415 1473
is_linear=0
shrinkage=0.04


Tree=33
num_leaves=8
num_cat=0
split_feature=37 7 61 20 47 14 35
split_gain=3.78986 3.57948 4.82132 3.69871 2.59098 5.06419 4.89285
threshold=0.9854920860044919 -0.035399210925120092 -0.88171764859320156 -1.0145522744373081 -0.29813175924936636 -0.2046440446002751 0.56944216621319577
decision_type=2 2 2 2 2 2 2
left_child=1 2 -1 -3 5 -2 -6
right_child=4 3 -4 -5 6 -7 -8
leaf_value=0.00085235705687780302 0.00081605231149481264 0.00032706782020844956 1.7921625300297977e-05 -0.00042453436962134868 0.00079828710806087878 -0.0012875613438265141 -0.0012465425260389377
leaf_weight=57 45 89 1039 807 220 73 40
leaf_count=57 45 89 1039 807 220 73 40
internal_value=7.58853e-05 -0.000621866 0.000910747 -0.00249443 0.00373684 -0.00116667 0.0059542
internal_weight=2370 1992 1096 896 378 118 260
internal_count=2370 1992 1096 896 378 118 260
is_linear=0
shrinkage=0.04


Tree=34
num_leaves=5
num_cat=0
split_feature=15 40 14 7
split_gain=3.4749 2.75744 3.02802 2.94322
threshold=-1.3537826347924622 1.0101144554317261 -0.44793261729207762 -0.69972917245937272
decision_type=2 2 2 2
left_child=-1 3 -3 -2
right_child=1 2 -4 -5
leaf_value=0.00060121863178874972 0.00024902671263052291 0.00073996582956808283 0.00012140002839649181 -0.00012649990547003158
leaf_weight=40 193 53 172 1912
leaf_count=40 193 53 172 1912
internal_value=2.52951e-05 -0.000180103 0.00400881 -0.000631229
internal_weight=2370 2330 225 2105
internal_count=2370 2330 225 2105
is_linear=0
shrinkage=0.04


Tree=35
num_leaves=4
num_cat=0
split_feature=15 59 35
split_gain=3.42373 2.56127 3.09773
threshold=-1.3537826347924622 2.3053075081778682 0.47657311590222279
decision_type=2 2 2
left_child=-1 2 -2
right_child=1 -3 -4
leaf_value=0.00057716988651719981 3.9952718091879612e-05 0.00075381158585229708 -0.0002709093448259091
leaf_weight=40 1733 45 552
leaf_count=40 1733 45 552
internal_value=0.000109612 -9.43396e-05 -0.000284215
internal_weight=2370 2330 2285
internal_count=2370 2330 2285
is_linear=0
shrinkage=0.04


Tree=36
num_leaves=8
num_cat=0
split_feature=37 7 53 47 47 36 36
split_gain=3.09153 3.40156 3.79123 3.74034 3.15516 2.46847 2.01298
threshold=1.120513032269729 -0.035399210925120092 -0.74999999999999989 -0.67233973928853874 -0.17587224573706037 0.16855362977145846 -0.34386557759668529
decision_type=2 2 2 2 2 2 2
left_child=1 3 -3 -1 6 -6 -2
right_child=4 2 -4 -5 5 -7 -8
leaf_value=0.00087341718566534446 -0.00098936650088978341 0.00029222580187753618 -0.0004243453931463717 1.314417719432446e-05 0.00082751808067012798 -5.7751403502164789e-05 0.00063924270255954346
leaf_weight=102 68 111 849 1002 131 59 48
leaf_count=102 68 111 849 1002 131 59 48
internal_value=9.27487e-05 -0.000464666 -0.00220374 0.00104882 0.00383117 0.00697917 -0.00135593
internal_weight=2370 2064 960 1104 306 190 116
internal_count=2370 2064 960 1104 306 190 116
is_linear=0
shrinkage=0.04


Tree=37
num_leaves=7
num_cat=0
split_feature=37 46 7 39 46 35
split_gain=2.87606 2.90263 3.6384 2.37699 3.21245 2.05078
threshold=1.3148953476411311 4.0492845901851089 -0.77498785029749095 1.9043674126061418 0.051638579354950032 0.17328073496478841
decision_type=2 2 2 2 2 2
left_child=1 2 -1 4 -2 -3
right_child=3 5 -4 -5 -6 -7
leaf_value=0.0003748879932140361 0.0012180428383482087 -0.00014250745691886057 -0.00013353966101024907 -0.00066556355055321368 0.00028387653274593224 0.0010661526183648924
leaf_weight=126 50 43 1924 52 114 61
leaf_count=126 50 43 1924 52 114 61
internal_value=2.52951e-05 -0.00041744 -0.000750487 0.00440367 0.00674699 0.00603774
internal_weight=2370 2154 2050 216 164 104
internal_count=2370 2154 2050 216 164 104
is_linear=0
shrinkage=0.04


Tree=38
num_leaves=4
num_cat=0
split_feature=15 59 35
split_gain=2.89053 2.57077 3.00213
threshold=-1.3537826347924622 2.3053075081778682 0.98359774794335519
decision_type=2 2 2
left_child=-1 2 -2
right_child=1 -3 -4
leaf_value=0.00052864231893693845 -9.8774091301191686e-07 0.00072326344772261466 -0.00097278029813245115
leaf_weight=40 2192 45 93
leaf_count=40 2192 45 93
internal_value=7.58853e-05 -0.000111492 -0.000301705
internal_weight=2370 2330 2285
internal_count=2370 2330 2285
is_linear=0
shrinkage=0.04


Tree=39
num_leaves=8
num_cat=0
split_feature=60 41 40 38 26 45 40
split_gain=2.77177 2.9979 4.7231 4.68805 2.55868 3.20533 1.80618
threshold=-0.79623073444195824 0.62261500871763364 -0.38760909323648124 -0.63919635455024371 -0.17961413860170455 -0.3591006079716752 0.57668039304008401
decision_type=2 2 2 2 2 2 2
left_child=4 2 -2 -3 5 -1 -6
right_child=1 3 -4 -5 6 -7 -8
leaf_value=0.00080350477586106639 -0.00047315684784505943 0.00037334675098826651 2.7713965443550148e-06 -4.5510168462802176e-05 0.0021655780085297663 -0.00015795325561263702 0.00016329502930339078
leaf_weight=73 431 155 1123 301 40 198 49
leaf_count=73 431 155 1123 301 40 198 49
internal_value=9.27487e-05 -0.000487078 -0.00132391 0.00235808 0.00331492 0.00135531 0.00912088
internal_weight=2370 2010 1554 456 360 271 89
internal_count=2370 2010 1554 456 360 271 89
is_linear=0
shrinkage=0.04


Tree=40
num_leaves=4
num_cat=0
split_feature=15 59 10
split_gain=2.88117 2.56127 2.42054
threshold=-1.3537826347924622 2.3053075081778682 -0.88643594608971255
decision_type=2 2 2
left_child=-1 2 -2
right_child=1 -3 -4
leaf_value=0.00048764909182910003 0.00029124405179499615 0.00069422205395193611 -5.9718098387177359e-05
leaf_weight=40 127 45 2158
leaf_count=40 127 45 2158
internal_value=9.27487e-05 -9.43396e-05 -0.000284215
internal_weight=2370 2330 2285
internal_count=2370 2330 2285
is_linear=0
shrinkage=0.04


Tree=41
num_leaves=7
num_cat=0
split_feature=37 7 61 41 44 46
split_gain=2.59781 3.28979 3.31613 2.99484 2.18872 3.19178
threshold=1.3148953476411311 -0.035399210925120092 -0.88171764859320156 -0.76928484805653774 -0.85973937472234707 0.051638579354950032
decision_type=2 2 2 2 2 2
left_child=1 2 -1 -3 -2 -6
right_child=4 3 -4 -5 5 -7
leaf_value=0.00077649297562744585 -0.00068028688559055304 0.00025643646509318442 3.2059601750686097e-05 -0.00029782047773099898 0.0012382798394781373 0.00026894403435169165
leaf_weight=66 41 159 1050 879 58 117
leaf_count=66 41 159 1050 879 58 117
internal_value=5.90219e-05 -0.000361781 0.0011449 -0.00198077 0.00422018 0.00615819
internal_weight=2370 2154 1116 1038 216 175
internal_count=2370 2154 1116 1038 216 175
is_linear=0
shrinkage=0.04


Tree=42
num_leaves=6
num_cat=0
split_feature=35 36 37 40 13
split_gain=2.64617 3.25541 2.82298 2.35232 1.98841
threshold=0.57967160405181517 0.63621066738141108 -0.76610939085817964 -0.92595103770111142 1.2298368479869846
decision_type=2 2 2 2 2
left_child=1 2 -1 -2 -5
right_child=3 -3 -4 4 -6
leaf_value=0.0003997550093184153 0.0001357749190621771 0.0014495896837154398 1.0041954718138791e-05 -0.00047402581256300466 0.00021163581626140434
leaf_weight=55 48 44 1821 345 57
leaf_count=55 48 44 1821 345 57
internal_value=0.000143339 0.000790843 0.000532481 -0.00261062 -0.00361386
internal_weight=2370 1920 1876 450 402
internal_count=2370 1920 1876 450 402
is_linear=0
shrinkage=0.04


Tree=43
num_leaves=6
num_cat=0
split_feature=40 59 7 46 35
split_gain=2.52351 3.56783 2.73377 2.97277 2.2104
threshold=0.87890063675755215 0.71469055115713309 -0.88593682451744371 4.6844530482987947 -0.59329079376411953
decision_type=2 2 2 2 2
left_child=2 -2 -1 -4 -3
right_child=1 4 3 -5 -6
leaf_value=0.0004295843665257923 0.00062570629428876129 -0.00020027107892885753 -0.00011818044527899586 0.0010352055121077533 0.00028823493216424456
leaf_weight=59 51 95 1913 92 160
leaf_count=59 51 95 1913 92 160
internal_value=0.000193929 0.00357143 -0.000309777 -0.000563029 0.00159533
internal_weight=2370 306 2064 2005 255
internal_count=2370 306 2064 2005 255
is_linear=0
shrinkage=0.04


Tree=44
num_leaves=7
num_cat=0
split_feature=35 36 25 25 24 28
split_gain=2.67865 3.24251 2.38907 2.16487 2.97717 0.871421
threshold=0.57967160405181517 0.63621066738141108 0.92672157952119727 0.79066405081951741 0.6125924731054776 0.81062826380865982
decision_type=2 2 2 2 2 2
left_child=1 2 -1 4 -2 -5
right_child=3 -3 -4 5 -6 -7
leaf_value=6.4965301784208624e-05 -0.00023075065891887695 0.0013861676521479728 -0.0010332290699256257 -0.0020035115117767593 0.00020377527259873352 -0.0002655881322667719
leaf_weight=1793 225 44 83 71 80 74
leaf_count=1793 225 44 83 71 80 74
internal_value=0.000160202 0.000811655 0.000553781 -0.00261062 -0.000684039 -0.00659864
internal_weight=2370 1920 1876 450 305 145
internal_count=2370 1920 1876 450 305 145
is_linear=0
shrinkage=0.04


Tree=45
num_leaves=4
num_cat=0
split_feature=15 40 40
split_gain=2.84387 2.61636 3.68662
threshold=-1.3537826347924622 -0.97400064663699559 -0.7179558884619367
decision_type=2 2 2
left_child=-1 -2 -3
right_child=1 2 -4
leaf_value=0.00043015729587172563 0.00030156797159731913 -0.00080902156620880948 9.5861362819141266e-06
leaf_weight=40 50 128 2152
leaf_count=40 50 128 2152
internal_value=0.000160202 -2.5729e-05 -0.00022787
internal_weight=2370 2330 2280
internal_count=2370 2330 2280
is_linear=0
shrinkage=0.04


Tree=46
num_leaves=7
num_cat=0
split_feature=37 7 61 20 44 13
split_gain=2.63935 3.3137 3.60929 3.26564 2.02039 2.81525
threshold=1.085969725246712 -0.035399210925120092 -0.88171764859320156 -1.0382325726543986 1.6674230560717411 1.8931530859517147
decision_type=2 2 2 2 2 2
left_child=1 2 -1 -3 5 -2
right_child=4 3 -4 -5 -6 -7
leaf_value=0.00079914162223537896 0.0005867896605631826 0.00030842271490987564 3.6411149857974934e-05 -0.00036693538820839526 -0.00032707849531276423 -0.0010239417070410923
leaf_weight=57 218 90 1043 856 63 43
leaf_count=57 218 90 1043 856 63 43
internal_value=9.27487e-05 -0.000439453 0.00105263 -0.002173 0.00343558 0.00498099
internal_weight=2370 2046 1100 946 324 261
internal_count=2370 2046 1100 946 324 261
is_linear=0
shrinkage=0.04


Tree=47
num_leaves=5
num_cat=0
split_feature=28 5 35 61
split_gain=2.48539 2.66195 6.76255 2.92225
threshold=2.1290536393452704 -0.25686322478812795 -0.45094124382351347 -1.0325603190260575
decision_type=2 2 2 2
left_child=1 2 -1 -3
right_child=-2 3 -4 -5
leaf_value=-0.00016783731643236691 0.00069913100750765018 0.00039818367714817795 0.00045775409330453374 -0.00015339525356097313
leaf_weight=402 45 111 423 1389
leaf_count=402 45 111 423 1389
internal_value=4.21585e-05 -0.000141813 0.00168077 -0.00114514
internal_weight=2370 2325 825 1500
internal_count=2370 2325 825 1500
is_linear=0
shrinkage=0.04


Tree=48
num_leaves=5
num_cat=0
split_feature=59 35 40 16
split_gain=2.4946 3.0354 3.71515 2.82248
threshold=2.3053075081778682 0.47657311590222279 -0.97400064663699559 0.96241933979893779
decision_type=2 2 2 2
left_child=1 3 -3 -1
right_child=-2 2 -4 -5
leaf_value=2.581197468455476e-05 0.00064611708162507051 0.00029418461688154629 -0.00034766525733445679 0.00061077691236447352
leaf_weight=1713 45 46 506 60
leaf_count=1713 45 46 506 60
internal_value=2.52951e-05 -0.000159003 -0.00274368 0.000647887
internal_weight=2370 2325 552 1773
internal_count=2370 2325 552 1773
is_linear=0
shrinkage=0.04


Tree=49
num_leaves=4
num_cat=0
split_feature=15 40 40
split_gain=2.37688 2.21011 3.64723
threshold=-1.3537826347924622 -0.97400064663699559 -0.7179558884619367
decision_type=2 2 2
left_child=-1 -2 -3
right_child=1 2 -4
leaf_value=0.00037292044435129876 0.00028241723220628434 -0.00076180950143914911 6.140903566560427e-06
leaf_weight=40 50 128 2152
leaf_count=40 50 128 2152
internal_value=9.27487e-05 -7.7187e-05 -0.000262927
internal_weight=2370 2330 2280
internal_count=2370 2330 2280
is_linear=0
shrinkage=0.04


Tree=50
num_leaves=4
num_cat=0
split_feature=15 59 35
split_gain=2.38539 2.11132 2.51462
threshold=-1.3537826347924622 2.3053075081778682 0.99820722300014497
decision_type=2 2 2
left_child=-1 2 -2
right_child=1 -3 -4
leaf_value=0.0003580036265772466 -1.843226187357716e-06 0.00062002676221740549 -0.001206051024004911
leaf_weight=40 2201 45 84
leaf_count=40 2201 45 84
internal_value=7.58853e-05 -9.43396e-05 -0.000266725
internal_weight=2370 2330 2285
internal_count=2370 2330 2285
is_linear=0
shrinkage=0.04


Tree=51
num_leaves=5
num_cat=0
split_feature=28 40 35 40
split_gain=2.06367 3.29686 3.33742 1.23972
threshold=-0.72585518529520709 -0.97400064663699559 0.57967160405181517 -0.58556816250284582
decision_type=2 2 2 2
left_child=3 -2 -3 -1
right_child=1 2 -4 -5
leaf_value=-0.0011973107459452275 0.00035518999102506388 6.8813705405094966e-05 -0.00029020329355929048 -4.2495127407703378e-05
leaf_weight=60 40 1830 400 40
leaf_count=60 40 1830 400 40
internal_value=7.58853e-05 0.000325704 0.000116487 -0.0054902
internal_weight=2370 2270 2230 100
internal_count=2370 2270 2230 100
is_linear=0
shrinkage=0.04


Tree=52
num_leaves=4
num_cat=0
split_feature=15 40 40
split_gain=2.38539 2.2194 3.62761
threshold=-1.3537826347924622 -0.97400064663699559 -0.7179558884619367
decision_type=2 2 2
left_child=-1 -2 -3
right_child=1 2 -4
leaf_value=0.000340930933297953 0.00025698667232452462 -0.00068711919664683427 6.4858021949325273e-06
leaf_weight=40 50 128 2152
leaf_count=40 50 128 2152
internal_value=7.58853e-05 -9.43396e-05 -0.000280456
internal_weight=2370 2330 2280
internal_count=2370 2330 2280
is_linear=0
shrinkage=0.04


Tree=53
num_leaves=8
num_cat=0
split_feature=35 41 37 39 25 13 49
split_gain=2.23447 2.92304 5.72852 5.01995 1.97006 2.59932 0.77514
threshold=0.57967160405181517 0.38616079279740628 -0.46514525068949419 -0.67591542404724547 0.79066405081951741 1.2298368479869846 0.27833344029532164
decision_type=2 2 2 2 2 2 2
left_child=1 3 -3 -1 5 -2 -6
right_child=4 2 -4 -5 6 -7 -8
leaf_value=-0.00059655266404432135 -0.00012086856696983395 0.00065004094671615171 1.907936298114643e-05 5.1290909025197352e-05 -0.0013445727849844642 0.00039239135343879339 -0.00064427184092666139
leaf_weight=160 265 115 345 1300 83 40 62
leaf_count=160 265 115 345 1300 83 40 62
internal_value=8.4317e-06 0.000603538 0.00337662 -0.000273598 -0.00252212 -0.000684039 -0.00632653
internal_weight=2370 1920 460 1460 450 305 145
internal_count=2370 1920 460 1460 450 305 145
is_linear=0
shrinkage=0.04


Tree=54
num_leaves=8
num_cat=0
split_feature=41 28 10 39 41 39 62
split_gain=2.25748 5.75248 6.08522 4.74453 2.77199 2.41876 0.998704
threshold=0.62261500871763364 0.054398683164614568 -0.39998052815321644 -0.67591542404724547 -1.2712620459669848 -0.87336627748643492 -0.097050206184049262
decision_type=2 2 2 2 2 2 2
left_child=3 2 -2 6 -5 -3 -1
right_child=1 5 -4 4 -6 -7 -8
leaf_value=-0.00023429857522945416 0.00051871802981179132 0.00031674961448947451 -0.00019041382215201436 0.00060295666567851045 -7.7364004166004252e-06 -0.00016694490859839317 -0.00068499189412249471
leaf_weight=116 100 50 49 54 1616 260 125
leaf_count=116 100 50 49 54 1616 260 125
internal_value=2.52951e-05 0.00253796 0.0089404 -0.00058024 0.000179426 -0.000576923 -0.00580247
internal_weight=2370 459 149 1911 1670 310 241
internal_count=2370 459 149 1911 1670 310 241
is_linear=0
shrinkage=0.04


Tree=55
num_leaves=7
num_cat=0
split_feature=7 53 40 33 4 4
split_gain=2.14729 2.47094 11.8541 2.49713 2.28494 1.91148
threshold=-0.77498785029749095 -0.74999999999999989 0.28868801009560691 1.4098360564530728 -0.080800297278716168 0.39082116254447169
decision_type=2 2 2 2 2 2
left_child=4 2 -2 -3 -1 -6
right_child=1 3 -4 -5 5 -7
leaf_value=-0.00044549626794944608 -7.9632989417195742e-05 -3.8897906148557818e-05 0.0013509333235833898 -0.001210502952431513 0.00060246630575387097 0.00021526038306038747
leaf_weight=40 168 1961 56 55 41 49
leaf_count=40 168 1961 56 55 41 49
internal_value=4.21585e-05 -0.000249777 0.00371681 -0.000693756 0.005 0.00847826
internal_weight=2370 2240 224 2016 130 90
internal_count=2370 2240 224 2016 130 90
is_linear=0
shrinkage=0.04


Tree=56
num_leaves=5
num_cat=0
split_feature=7 28 11 35
split_gain=2.34867 2.40538 2.14581 2.00315
threshold=-0.88593682451744371 -0.62987877863749631 0.99042658072740497 0.57967160405181517
decision_type=2 2 2 2
left_child=-1 2 -2 -3
right_child=1 3 -4 -5
leaf_value=0.00037023884170724194 -0.00065039416880915025 5.7946485493668851e-05 0.00026426702150665908 -0.00012901341513851694
leaf_weight=60 159 1698 40 413
leaf_count=60 159 1698 40 413
internal_value=5.90219e-05 -0.000147059 -0.00432836 0.000250828
internal_weight=2370 2310 199 2111
internal_count=2370 2310 199 2111
is_linear=0
shrinkage=0.04


Tree=57
num_leaves=8
num_cat=0
split_feature=40 46 40 40 14 26 45
split_gain=2.1805 3.45732 4.25811 2.93269 3.72225 2.13937 1.2821
threshold=0.87890063675755215 -0.27937613956401658 1.5681284240688489 0.67259430609809423 0.75421107943520882 -0.45113763586516886 -0.28940487908244561
decision_type=2 2 2 2 2 2 2
left_child=3 2 -2 4 -1 -3 -5
right_child=1 5 -4 6 -6 -7 -8
leaf_value=-5.7613402758773664e-05 0.00089911258324678136 -0.00053916456240857009 1.023936980370857e-06 -0.00019270990800798139 0.00049731168667158966 0.00018352162993644507 -0.0010418887356892107
leaf_weight=1608 46 65 42 65 276 153 115
leaf_count=1608 46 65 42 65 276 153 115
internal_value=4.21585e-05 0.00318182 0.00977778 -0.000425944 4.24178e-05 0.000454545 -0.00527473
internal_weight=2370 306 88 2064 1884 218 180
internal_count=2370 306 88 2064 1884 218 180
is_linear=0
shrinkage=0.04


Tree=58
num_leaves=8
num_cat=0
split_feature=23 35 47 60 41 13 46
split_gain=2.08877 6.13026 5.74702 3.581 3.19686 3.89665 2.91117
threshold=-0.25344082869901713 -0.45094124382351347 -0.14184621797089036 -0.70329214163039755 0.62261500871763364 -0.77898141360007156 -3.4292304893462942
decision_type=2 2 2 2 2 2 2
left_child=1 3 -3 -1 6 -6 -2
right_child=4 2 -4 -5 5 -7 -8
leaf_value=0.00023962185200300786 0.00078318595781575904 0.00080153135594699916 5.2989457641993004e-05 -0.0007118874209410957 0.00038366083346194624 -3.6473759713535023e-05 -0.00028172942186017037
leaf_weight=230 44 167 263 183 121 326 1036
leaf_count=230 44 167 263 183 121 326 1036
internal_value=2.52951e-05 0.0016213 0.0049537 -0.00185542 -0.000856769 0.00198218 -0.00203327
internal_weight=2370 843 430 413 1527 447 1080
internal_count=2370 843 430 413 1527 447 1080
is_linear=0
shrinkage=0.04


Tree=59
num_leaves=6
num_cat=0
split_feature=53 40 15 33 37
split_gain=2.61667 10.6839 4.14976 2.66029 2.33254
threshold=-0.74999999999999989 0.25674003169789544 -0.41117650095801866 1.4098360564530728 1.3148953476411311
decision_type=2 2 2 2 2
left_child=1 2 -1 4 -2
right_child=3 -3 -4 -5 -6
leaf_value=0.00024300292799675022 -4.5142801856684204e-05 0.001241644092587979 -0.00053156863279135214 -0.0011603894676831537 0.00041522014986998507
leaf_weight=57 1867 68 115 55 208
leaf_count=57 1867 68 115 55 208
internal_value=2.52951e-05 0.00396694 -0.00137931 -0.000422139 -0.000187771
internal_weight=2370 240 172 2130 2075
internal_count=2370 240 172 2130 2075
is_linear=0
shrinkage=0.04


Tree=60
num_leaves=7
num_cat=0
split_feature=53 46 16 25 24 37
split_gain=2.6616 5.64503 3.39718 2.36845 3.91489 2.97298
threshold=-0.74999999999999989 1.3391406615685379 -0.6227743579724504 0.92672157952119727 0.63830510760177084 0.35316630418195177
decision_type=2 2 2 2 2 2
left_child=1 2 -1 4 -2 -5
right_child=3 -3 -4 5 -6 -7
leaf_value=0.00051722728666142646 -4.2824723995185386e-05 0.00068144549900024361 -0.00018420361561446725 -0.0012692043533012248 0.00038615653955692385 0.00021349435071188979
leaf_weight=44 1756 46 150 106 189 79
leaf_count=44 1756 46 150 106 189 79
internal_value=-8.4317e-06 0.00396694 0.000918367 -0.000459662 -4.6225e-05 -0.00475936
internal_weight=2370 240 194 2130 1945 185
internal_count=2370 240 194 2130 1945 185
is_linear=0
shrinkage=0.04


Tree=61
num_leaves=7
num_cat=0
split_feature=53 40 15 25 24 14
split_gain=2.4233 9.16787 2.69593 2.32475 4.12967 3.27773
threshold=-0.74999999999999989 0.28868801009560691 -0.41117650095801866 0.86939992631866492 0.63830510760177084 1.2502422643362261
decision_type=2 2 2 2 2 2
left_child=1 2 -1 4 -2 -5
right_child=3 -3 -4 5 -6 -7
leaf_value=0.00020368329653256954 -3.7530621715139299e-05 0.001204209187209294 -0.00038318006587817022 -0.0011521856283089891 0.00039310901743024084 0.00096533602919880084
leaf_weight=62 1751 59 119 160 170 49
leaf_count=62 1751 59 119 160 170 49
internal_value=8.4317e-06 0.00380165 -0.000710383 -0.000422139 1.56006e-05 -0.00440758
internal_weight=2370 240 181 2130 1921 209
internal_count=2370 240 181 2130 1921 209
is_linear=0
shrinkage=0.04


Tree=62
num_leaves=5
num_cat=0
split_feature=28 5 35 46
split_gain=2.06765 2.44239 6.80424 3.02401
threshold=2.1290536393452704 -0.25139166254033568 -0.45094124382351347 -6.1848534943115494
decision_type=2 2 2 2
left_child=1 2 -1 -3
right_child=-2 3 -4 -5
leaf_value=-0.00018038531477185976 0.00062024812154367725 0.00061047607552700727 0.00038730246153107308 -0.00011241767915603294
leaf_weight=404 45 49 430 1442
leaf_count=404 45 49 430 1442
internal_value=-8.4317e-06 -0.000176193 0.00155502 -0.00114534
internal_weight=2370 2325 834 1491
internal_count=2370 2325 834 1491
is_linear=0
shrinkage=0.04


Tree=63
num_leaves=4
num_cat=0
split_feature=15 12 35
split_gain=1.9749 1.79239 1.84028
threshold=-1.3537826347924622 1.3340070951705287 0.59861548837948086
decision_type=2 2 2
left_child=-1 2 -2
right_child=1 -3 -4
leaf_value=0.00029593550353373586 8.1114941874824153e-06 0.00040711832268956912 -0.00019685379167542623
leaf_weight=40 1865 72 393
leaf_count=40 1865 72 393
internal_value=-2.52951e-05 -0.000180103 -0.000380531
internal_weight=2370 2330 2258
internal_count=2370 2330 2258
is_linear=0
shrinkage=0.04


Tree=64
num_leaves=6
num_cat=0
split_feature=53 40 63 10 42
split_gain=2.21671 8.55796 3.24758 2.05247 2.19627
threshold=-0.74999999999999989 0.25674003169789544 -0.63029072921620788 -0.94273242772449428 0.90324116919116915
decision_type=2 2 2 2 2
left_child=1 2 -1 -2 -5
right_child=3 -3 -4 4 -6
leaf_value=0.00033186675306772688 0.00026765904690567456 0.0011327244140704928 -0.00037429202017656211 -1.1374541544547507e-05 -0.00060256673345806437
leaf_weight=40 74 68 132 1860 196
leaf_count=40 74 68 132 1860 196
internal_value=8.4317e-06 0.00363636 -0.00114943 -0.000403377 -0.000641399
internal_weight=2370 240 172 2130 2056
internal_count=2370 240 172 2130 2056
is_linear=0
shrinkage=0.04


Tree=65
num_leaves=6
num_cat=0
split_feature=53 40 5 33 35
split_gain=2.19617 8.55796 3.30781 2.2619 2.47782
threshold=-0.74999999999999989 0.25674003169789544 -0.46728927200911269 1.4098360564530728 -0.61024213836396257
decision_type=2 2 2 2 2
left_child=1 2 -1 4 -2
right_child=3 -3 -4 -5 -6
leaf_value=0.00024776585770003203 -0.00027137335628497032 0.0010874154375076731 -0.00037403104941901856 -0.0010860802452305367 3.3609738095853604e-05
leaf_weight=43 468 68 129 55 1607
leaf_count=43 468 68 129 55 1607
internal_value=2.52951e-05 0.00363636 -0.00114943 -0.000384615 -0.000168512
internal_weight=2370 240 172 2130 2075
internal_count=2370 240 172 2130 2075
is_linear=0
shrinkage=0.04


Tree=66
num_leaves=7
num_cat=0
split_feature=40 46 40 14 25 45
split_gain=2.15716 3.34798 2.95615 3.44028 2.09857 1.2821
threshold=0.87890063675755215 -0.38293742952723508 0.67259430609809423 0.75421107943520882 -0.053481459409508304 -0.28940487908244561
decision_type=2 2 2 2 2 2
left_child=2 -2 3 -1 -3 -4
right_child=1 4 5 -5 -6 -7
leaf_value=-5.1722262397265947e-05 0.00073906659723181557 -0.00028830491626524361 -0.00012686531559182675 0.0004457093696303763 0.00017817846549246174 -0.00098064124394786514
leaf_weight=1608 73 100 65 276 133 115
leaf_count=1608 73 100 65 276 133 115
internal_value=5.90219e-05 0.00318182 -0.000406583 6.36267e-05 0.000808511 -0.00527473
internal_weight=2370 306 2064 1884 233 180
internal_count=2370 306 2064 1884 233 180
is_linear=0
shrinkage=0.04


Tree=67
num_leaves=7
num_cat=0
split_feature=53 40 63 37 10 39
split_gain=2.19617 7.7491 3.09781 2.05689 2.3179 2.22489
threshold=-0.74999999999999989 0.25674003169789544 -0.63029072921620788 1.3148953476411311 -0.94273242772449428 1.9043674126061418
decision_type=2 2 2 2 2 2
left_child=1 2 -1 4 -2 -5
right_child=3 -3 -4 5 -6 -7
leaf_value=0.00032940424634647885 0.00025767718600150412 0.0010483535370419367 -0.00034229020689684816 0.0005720494425546593 -9.9464579265265415e-05 -0.00071769857480802779
leaf_weight=40 74 68 132 157 1847 52
leaf_count=40 74 68 132 157 1847 52
internal_value=2.52951e-05 0.00363636 -0.00091954 -0.000384615 -0.000795632 0.00336493
internal_weight=2370 240 172 2130 1921 209
internal_count=2370 240 172 2130 1921 209
is_linear=0
shrinkage=0.04


Tree=68
num_leaves=5
num_cat=0
split_feature=15 7 39 61
split_gain=1.9749 2.16201 3.5165 2.75212
threshold=-1.3537826347924622 -0.035399210925120092 0.013910032148010239 -0.88171764859320156
decision_type=2 2 2 2
left_child=-1 3 -3 -2
right_child=1 2 -4 -5
leaf_value=0.00028313451125652213 0.00064930326829404307 -0.00039229721175438855 8.3127823419879009e-06 3.2654548974342252e-05
leaf_weight=40 67 355 873 1035
leaf_count=40 67 355 873 1035
internal_value=-2.52951e-05 -0.000180103 -0.00133333 0.00110507
internal_weight=2370 2330 1228 1102
internal_count=2370 2330 1228 1102
is_linear=0
shrinkage=0.04


Tree=69
num_leaves=7
num_cat=0
split_feature=28 25 39 28 41 62
split_gain=1.92467 2.1324 5.4178 3.44615 1.82573 0.437667
threshold=-0.62987877863749631 0.89925350322972297 -0.93155506027930945 0.89026903245456523 -0.013736106990106809 0.24727149641388585
decision_type=2 2 2 2 2 2
left_child=4 2 -2 -3 5 -1
right_child=1 3 -4 -5 -6 -7
leaf_value=-0.00055826186768575755 0.00047956709022973902 -0.0013087924120277902 1.8523720751852104e-05 0.00022871458503513867 0.0001235776799753205 -7.6316189562188679e-05
leaf_weight=91 62 121 1874 103 79 40
leaf_count=91 62 121 1874 103 79 40
internal_value=-4.21585e-05 0.000314524 0.000743034 -0.00336283 -0.00367925 -0.00654135
internal_weight=2370 2160 1936 224 210 131
internal_count=2370 2160 1936 224 210 131
is_linear=0
shrinkage=0.04


Tree=70
num_leaves=7
num_cat=0
split_feature=60 41 28 40 28 11
split_gain=1.93756 2.66051 4.75707 3.1723 2.61032 2.2127
threshold=-0.79623073444195824 0.61404315678016219 0.054398683164614568 -0.41047427832944439 1.2009959815760116 0.39207323340960049
decision_type=2 2 2 2 2 2
left_child=4 3 -3 -2 5 -1
right_child=1 2 -4 -5 -6 -7
leaf_value=0.00015655179761408871 -0.00042102899033326732 0.00034835707211575904 -4.1560557162645605e-05 -2.6747022429402628e-05 -0.00057696326770264163 0.0015686203621561052
leaf_weight=217 395 154 311 1150 58 85
leaf_count=217 395 154 311 1150 58 85
internal_value=-4.21585e-05 -0.000526839 0.00211991 -0.00132515 0.00265193 0.00414474
internal_weight=2370 2010 465 1545 360 302
internal_count=2370 2010 465 1545 360 302
is_linear=0
shrinkage=0.04


Tree=71
num_leaves=6
num_cat=0
split_feature=53 40 15 33 35
split_gain=2.17572 6.11612 3.07483 2.24574 2.28618
threshold=-0.74999999999999989 0.28868801009560691 -0.090954700827531917 1.48547261530136 -0.61024213836396257
decision_type=2 2 2 2 2
left_child=1 2 -1 4 -2
right_child=3 -3 -4 -5 -6
leaf_value=0.00013904739543635746 -0.00027161188475677045 0.0010127437330281449 -0.00040713772923912667 -0.0013058084634885979 2.9139205105543284e-05
leaf_weight=81 468 59 100 40 1622
leaf_count=81 468 59 100 40 1622
internal_value=4.21585e-05 0.00363636 -5.46448e-05 -0.000365854 -0.000181644
internal_weight=2370 240 181 2130 2090
internal_count=2370 240 181 2130 2090
is_linear=0
shrinkage=0.04


Tree=72
num_leaves=7
num_cat=0
split_feature=53 40 5 37 38 11
split_gain=1.96079 6.302 2.89088 2.20587 2.28992 2.05599
threshold=-0.74999999999999989 0.28868801009560691 -0.46728927200911269 1.3148953476411311 -0.94377705080227348 0.33889154662014076
decision_type=2 2 2 2 2 2
left_child=1 2 -1 4 -2 -5
right_child=3 -3 -4 5 -6 -7
leaf_value=0.00022312674290121348 0.00021678695045888242 0.00097223398370701903 -0.00026096439232632012 0.00010830263654098616 -8.8833085264005405e-05 0.00096247004018556407
leaf_weight=45 74 59 136 149 1847 60
leaf_count=45 74 59 136 149 1847 60
internal_value=5.90219e-05 0.00347107 -0.000273224 -0.00032833 -0.00075403 0.0035545
internal_weight=2370 240 181 2130 1921 209
internal_count=2370 240 181 2130 1921 209
is_linear=0
shrinkage=0.04


Tree=73
num_leaves=7
num_cat=0
split_feature=53 40 63 7 37 47
split_gain=2.11494 5.40574 2.97629 1.93414 3.78424 3.36084
threshold=-0.74999999999999989 0.28868801009560691 -0.63029072921620788 -0.029422188123876491 1.085969725246712 -0.67233973928853874
decision_type=2 2 2 2 2 2
left_child=1 2 -1 5 -5 -2
right_child=3 -3 -4 4 -6 -7
leaf_value=0.00030291944367794298 0.00068592683848360623 0.00093334462435873823 -0.00019600202188848275 -0.00035917875440241525 0.00025917675315314799 5.7593738785303999e-06
leaf_weight=43 100 59 138 827 292 911
leaf_count=43 100 59 138 827 292 911
internal_value=9.27487e-05 0.00363636 0.000163934 -0.000309568 -0.00145406 0.000957552
internal_weight=2370 240 181 2130 1119 1011
internal_count=2370 240 181 2130 1119 1011
is_linear=0
shrinkage=0.04


Tree=74
num_leaves=8
num_cat=0
split_feature=41 28 39 10 61 5 41
split_gain=2.09608 4.1809 3.60718 3.59624 3.00539 2.68787 0.82158
threshold=0.61404315678016219 0.054398683164614568 -0.62684869423140477 -0.39998052815321644 -0.7963096012921923 -0.25139166254033568 -0.0321260482064143
decision_type=2 2 2 2 2 2 2
left_child=2 3 6 -2 -3 -4 -1
right_child=1 4 5 -5 -6 -7 -8
leaf_value=-0.00042231958249023844 0.00045561114386085121 0.0004703011104152316 0.00016640767692069569 -9.3772341772866148e-05 -0.0001681344978931132 -0.00013903011365362663 -0.00024445230820048687
leaf_weight=158 102 45 753 52 269 879 112
leaf_count=158 102 45 753 52 269 879 112
internal_value=7.58853e-05 0.00246809 -0.000514706 0.00782051 -0.000189873 0.000195838 -0.00477941
internal_weight=2370 468 1902 154 314 1632 270
internal_count=2370 468 1902 154 314 1632 270
is_linear=0
shrinkage=0.04


Tree=75
num_leaves=5
num_cat=0
split_feature=15 7 39 8
split_gain=1.93638 1.99881 2.87941 2.39221
threshold=-1.3537826347924622 -0.035399210925120092 0.013910032148010239 -0.61227488454992096
decision_type=2 2 2 2
left_child=-1 3 -3 -2
right_child=1 2 -4 -5
leaf_value=0.00024018564145470781 0.00043414381720308483 -0.00036161307896081905 2.630647657666796e-06 5.0640296973786946e-06
leaf_weight=40 198 355 873 904
leaf_count=40 198 355 873 904
internal_value=5.90219e-05 -9.43396e-05 -0.00120325 0.0011413
internal_weight=2370 2330 1228 1102
internal_count=2370 2330 1228 1102
is_linear=0
shrinkage=0.04


Tree=76
num_leaves=6
num_cat=0
split_feature=53 40 63 10 42
split_gain=2.17572 4.91429 3.12722 2.02874 2.02099
threshold=-0.74999999999999989 0.25674003169789544 -0.63029072921620788 -0.94273242772449428 0.90324116919116915
decision_type=2 2 2 2 2
left_child=1 2 -1 -2 -5
right_child=3 -3 -4 4 -6
leaf_value=0.00030868925727324 0.00021014867273495255 0.00087191789149861142 -0.00029454859268982376 -1.0243958657321917e-05 -0.00053684905801982023
leaf_weight=40 74 68 132 1860 196
leaf_count=40 74 68 132 1860 196
internal_value=4.21585e-05 0.00363636 0 -0.000365854 -0.000602527
internal_weight=2370 240 172 2130 2056
internal_count=2370 240 172 2130 2056
is_linear=0
shrinkage=0.04


Tree=77
num_leaves=7
num_cat=0
split_feature=7 4 47 7 40 4
split_gain=1.73215 1.95029 1.74601 3.36763 2.81411 1.34373
threshold=-0.77498785029749095 -0.080800297278716168 -0.65302974900232458 -0.11099724168640455 0.87890063675755215 0.39082116254447169
decision_type=2 2 2 2 2 2
left_child=1 -1 3 -2 -4 -3
right_child=2 5 4 -5 -6 -7
leaf_value=-0.00040102346189246788 0.00085922886309645007 0.00050517679259157264 -0.00013166639828824492 -1.7202084635183009e-05 0.00020048636487341235 0.00015432265048891599
leaf_weight=40 90 41 1722 170 258 49
leaf_count=40 90 41 1722 170 258 49
internal_value=-5.90219e-05 0.00439394 -0.000321142 0.00274809 -0.000726539 0.0076087
internal_weight=2370 130 2240 260 1980 90
internal_count=2370 130 2240 260 1980 90
is_linear=0
shrinkage=0.04


Tree=78
num_leaves=6
num_cat=0
split_feature=7 36 35 39 35
split_gain=1.90655 2.2601 1.76516 2.80975 2.28265
threshold=-0.77498785029749095 0.10597330012284416 0.47657311590222279 0.59589743512621507 -0.55985405195879723
decision_type=2 2 2 2 2
left_child=1 -1 4 -4 -2
right_child=2 -3 3 -5 -6
leaf_value=-0.00011674866813561835 -0.00014830938149959909 0.00037095226600776439 -0.00032269491772589576 0.00012398202139350195 0.00010141277642718105
leaf_weight=53 564 77 398 139 1139
leaf_count=53 564 77 398 139 1139
internal_value=2.52951e-05 0.00469697 -0.000249777 -0.0022449 0.000381232
internal_weight=2370 130 2240 537 1703
internal_count=2370 130 2240 537 1703
is_linear=0
shrinkage=0.04


Tree=79
num_leaves=7
num_cat=0
split_feature=53 40 16 7 17 37
split_gain=1.7939 4.42498 2.63072 1.90369 3.04977 1.77617
threshold=-0.74999999999999989 0.28868801009560691 -0.50652916676444493 -0.77498785029749095 0.032109179877546697 1.0063254853353634
decision_type=2 2 2 2 2 2
left_child=1 2 -1 4 -2 -5
right_child=3 -3 -4 5 -6 -7
leaf_value=0.00024616424909043561 -0.00080395145909913513 0.00085166211036065333 -0.00024784617530729968 -0.0001186196452339662 0.00045351666875089429 0.00024407772724807528
leaf_weight=48 41 59 133 1673 73 343
leaf_count=48 41 59 133 1673 73 343
internal_value=4.21585e-05 0.00330579 0.000163934 -0.00032833 0.00465517 -0.00061447
internal_weight=2370 240 181 2130 114 2016
internal_count=2370 240 181 2130 114 2016
is_linear=0
shrinkage=0.04


Tree=80
num_leaves=7
num_cat=0
split_feature=41 39 0 58 25 41
split_gain=1.97818 2.89949 2.89336 2.72347 2.15503 1.00496
threshold=0.61404315678016219 -0.62684869423140477 0.95969170361641598 0.10614858554047286 0.94822922352804773 -0.0321260482064143
decision_type=2 2 2 2 2 2
left_child=1 5 4 -3 -2 -1
right_child=2 3 -4 -5 -6 -7
leaf_value=-0.00039662938699343872 0.00025166606864286754 8.1993364968611931e-05 -0.00058392101061450802 -0.00026714518797825454 -0.00023417196896772963 -0.00020960927151307925
leaf_weight=158 342 1093 50 539 76 112
leaf_count=158 342 1093 50 539 76 112
internal_value=5.90219e-05 -0.000514706 0.00238298 0.000122399 0.00347619 -0.00433824
internal_weight=2370 1902 468 1632 418 270
internal_count=2370 1902 468 1632 418 270
is_linear=0
shrinkage=0.04


Tree=81
num_leaves=5
num_cat=0
split_feature=15 47 21 40
split_gain=1.93638 1.8599 3.71908 2.08621
threshold=-1.3537826347924622 -0.65302974900232458 -0.013200904859762972 0.87890063675755215
decision_type=2 2 2 2
left_child=-1 2 -2 -3
right_child=1 3 -4 -5
leaf_value=0.00024426911272561668 -5.11933016131913e-05 -0.00010368138328789724 0.00039116927949790688 0.0001757819107612147
leaf_weight=40 153 1802 117 258
leaf_count=40 153 1802 117 258
internal_value=5.90219e-05 -9.43396e-05 0.00301471 -0.000504365
internal_weight=2370 2330 270 2060
internal_count=2370 2330 270 2060
is_linear=0
shrinkage=0.04


Tree=82
num_leaves=8
num_cat=0
split_feature=7 47 29 39 39 28 31
split_gain=1.61843 3.0453 2.73206 2.59668 4.14138 1.9273 1.87981
threshold=-0.035399210925120092 -0.67233973928853874 -0.028147267632937501 0.020792810473993447 -0.28659569971490073 -0.7499239408899524 0.72681547638532185
decision_type=2 2 2 2 2 2 2
left_child=1 2 -1 4 -2 -3 -5
right_child=3 5 -4 6 -6 -7 -8
leaf_value=7.3866445815273519e-05 4.6932027189024832e-05 -0.0010206051030968669 0.00080662147754620244 -4.1306019072478406e-05 -0.00068324150915386611 3.9564520392840754e-05 0.00026628632959685395
leaf_weight=53 156 53 50 710 212 966 170
leaf_count=53 156 53 50 710 212 966 170
internal_value=0.000126476 0.00122776 0.00771429 -0.000864 -0.00367568 0.000558276 0.00031746
internal_weight=2370 1122 103 1248 368 1019 880
internal_count=2370 1122 103 1248 368 1019 880
is_linear=0
shrinkage=0.04


Tree=83
num_leaves=5
num_cat=0
split_feature=40 40 7 43
split_gain=2.08257 2.83089 1.98021 0.232288
threshold=-0.97400064663699559 -0.78865677532218059 -0.11099724168640455 0.10897725548211053
decision_type=2 2 2 2
left_child=-1 3 -3 -2
right_child=1 2 -4 -5
leaf_value=0.00021366168504725788 -0.00092810470799774866 0.00010074854131879863 -4.995257656122493e-05 -0.00062715347238918276
leaf_weight=50 40 895 1345 40
leaf_count=50 40 895 1345 40
internal_value=0.000160202 -1.72265e-05 0.000249777 -0.00731707
internal_weight=2370 2320 2240 80
internal_count=2370 2320 2240 80
is_linear=0
shrinkage=0.04


Tree=84
num_leaves=5
num_cat=0
split_feature=40 40 39 43
split_gain=2.13613 2.75135 1.9336 0.232288
threshold=-0.97400064663699559 -0.78865677532218059 -0.93155506027930945 0.10897725548211053
decision_type=2 2 2 2
left_child=-1 3 -3 -2
right_child=1 2 -4 -5
leaf_value=0.00020511521764536751 -0.00089098051967783861 0.0003098852029332347 -1.1252609494491472e-06 -0.00060206733349361539
leaf_weight=50 40 57 2183 40
leaf_count=50 40 57 2183 40
internal_value=5.90219e-05 -0.000120586 0.00014273 -0.00731707
internal_weight=2370 2320 2240 80
internal_count=2370 2320 2240 80
is_linear=0
shrinkage=0.04


Tree=85
num_leaves=5
num_cat=0
split_feature=40 35 28 59
split_gain=1.74592 2.516 2.78009 2.34139
threshold=-0.97400064663699559 0.47657311590222279 -0.11784034058039607 -0.22092744130228295
decision_type=2 2 2 2
left_child=-1 3 -3 -2
right_child=1 2 -4 -5
leaf_value=0.00019691060893955287 0.00022772167040934377 -0.00053663586621237379 -3.2558561143654562e-05 -1.8143399751714419e-05
leaf_weight=50 597 172 358 1193
leaf_count=50 597 172 358 1193
internal_value=5.90219e-05 -0.000103359 -0.0025188 0.000613839
internal_weight=2370 2320 530 1790
internal_count=2370 2320 530 1790
is_linear=0
shrinkage=0.04


Tree=86
num_leaves=8
num_cat=0
split_feature=41 39 28 10 58 61 62
split_gain=1.77971 3.09382 3.08512 3.54282 2.43 2.30412 0.995697
threshold=0.61404315678016219 -0.62684869423140477 -0.026322204154837187 -0.39343457271773646 0.7692784339316957 -0.7963096012921923 -0.091675254853124749
decision_type=2 2 2 2 2 2 2
left_child=1 6 3 -2 -3 -4 -1
right_child=2 4 5 -5 -6 -7 -8
leaf_value=-0.00010014117342154675 0.00041853875975015193 2.6701590549536929e-05 0.00039207480188747451 -8.9370986938254178e-05 -0.00069238253750711777 -0.000131827355665479 -0.00048251815219131909
leaf_weight=136 91 1511 45 48 121 284 134
leaf_count=136 91 1511 45 48 121 284 134
internal_value=8.4317e-06 -0.000535714 0.00221277 0.00716312 0.000122399 9.06344e-05 -0.00448529
internal_weight=2370 1902 468 139 1632 329 270
internal_count=2370 1902 468 139 1632 329 270
is_linear=0
shrinkage=0.04


Tree=87
num_leaves=7
num_cat=0
split_feature=7 4 47 11 40 4
split_gain=1.5784 1.95029 1.67714 3.14197 2.71675 1.34373
threshold=-0.77498785029749095 -0.080800297278716168 -0.65302974900232458 0.46573835844318956 0.87890063675755215 0.39082116254447169
decision_type=2 2 2 2 2 2
left_child=1 -1 3 -2 -4 -3
right_child=2 5 4 -5 -6 -7
leaf_value=-0.0003273415100630321 0.00037802840677579581 0.00044752525102361161 -0.00012442533247275587 -0.00043844498499787847 0.00018997040056357336 0.00013702856922203409
leaf_weight=40 197 41 1722 63 258 49
leaf_count=40 197 41 1722 63 258 49
internal_value=0.000143339 0.00439394 -0.000107047 0.00290076 -0.000504541 0.0076087
internal_weight=2370 130 2240 260 1980 90
internal_count=2370 130 2240 260 1980 90
is_linear=0
shrinkage=0.04


Tree=88
num_leaves=5
num_cat=0
split_feature=40 40 7 0
split_gain=2.11821 2.41561 1.9801 0.133566
threshold=-0.97400064663699559 -0.78865677532218059 -0.11099724168640455 -0.079810803805946948
decision_type=2 2 2 2
left_child=-1 3 -3 -2
right_child=1 2 -4 -5
leaf_value=0.0001837050787676642 -0.00058503481795571998 9.2806259894350621e-05 -4.7888092297324046e-05 -0.00088666633100758943
leaf_weight=50 40 895 1345 40
leaf_count=50 40 895 1345 40
internal_value=9.27487e-05 -8.61326e-05 0.000160571 -0.00682927
internal_weight=2370 2320 2240 80
internal_count=2370 2320 2240 80
is_linear=0
shrinkage=0.04


Tree=89
num_leaves=8
num_cat=0
split_feature=41 28 38 39 61 59 61
split_gain=1.67254 3.07059 2.69635 2.55958 2.50386 2.14254 1.69752
threshold=0.61404315678016219 0.11146004361935195 -0.43310051077034672 -0.62684869423140477 -0.7963096012921923 -0.19973433267325505 -0.21461117233148611
decision_type=2 2 2 2 2 2 2
left_child=3 2 -2 6 -3 -5 -1
right_child=1 4 -4 5 -6 -7 -8
leaf_value=4.9034381857826079e-05 0.00038377546588785948 0.00038328434680277883 -1.4141747096135804e-05 0.00025200563189800693 -0.00020582428418817079 -5.4418764028126843e-05 -0.00045549716904326286
leaf_weight=51 105 45 61 444 257 1188 219
leaf_count=51 105 45 61 444 257 1188 219
internal_value=7.58853e-05 0.00221277 0.00654762 -0.000451681 -0.000197368 0.000146879 -0.00404412
internal_weight=2370 468 166 1902 302 1632 270
internal_count=2370 468 166 1902 302 1632 270
is_linear=0
shrinkage=0.04


Tree=90
num_leaves=5
num_cat=0
split_feature=7 36 48 47
split_gain=1.64161 2.05067 1.63378 1.58626
threshold=-0.77498785029749095 0.10597330012284416 -1.3752266336136045 0.098272687087007135
decision_type=2 2 2 2
left_child=1 -1 -2 -4
right_child=2 -3 3 -5
leaf_value=-0.00016436992833687686 0.00025299051035189998 0.0003166591402273522 2.4611386869434483e-05 -0.00012378944248304575
leaf_weight=53 40 77 1229 971
leaf_count=53 40 77 1229 971
internal_value=5.90219e-05 0.00439394 -0.000196253 -0.000345141
internal_weight=2370 130 2240 2200
internal_count=2370 130 2240 2200
is_linear=0
shrinkage=0.04


Tree=91
num_leaves=5
num_cat=0
split_feature=40 40 13 1
split_gain=2.13613 2.05593 1.83071 0.248548
threshold=-0.97400064663699559 -0.78865677532218059 -0.91716746934404247 -0.046964912930534737
decision_type=2 2 2 2
left_child=-1 3 -3 -2
right_child=1 2 -4 -5
leaf_value=0.00018397678090317982 -0.00028951240519363273 0.00026983252279271939 -3.1196894662322353e-06 -0.0011386570965216036
leaf_weight=50 40 58 2182 40
leaf_count=50 40 58 2182 40
internal_value=5.90219e-05 -0.000120586 0.000107047 -0.00634146
internal_weight=2370 2320 2240 80
internal_count=2370 2320 2240 80
is_linear=0
shrinkage=0.04


Tree=92
num_leaves=5
num_cat=0
split_feature=40 40 39 43
split_gain=1.75404 2.05593 1.95296 0.248548
threshold=-0.97400064663699559 -0.78865677532218059 -0.93155506027930945 0.10897725548211053
decision_type=2 2 2 2
left_child=-1 3 -3 -2
right_child=1 2 -4 -5
leaf_value=0.00017661770966705272 -0.00080147318453480251 0.00028228570012962887 -3.2788373093735335e-06 -0.00050717064815959331
leaf_weight=50 40 57 2183 40
leaf_count=50 40 57 2183 40
internal_value=4.21585e-05 -0.000120586 0.000107047 -0.00634146
internal_weight=2370 2320 2240 80
internal_count=2370 2320 2240 80
is_linear=0
shrinkage=0.04


Tree=93
num_leaves=4
num_cat=0
split_feature=15 40 40
split_gain=1.54783 1.47748 2.11136
threshold=-1.3537826347924622 -0.97400064663699559 -0.7179558884619367
decision_type=2 2 2
left_child=-1 -2 -3
right_child=1 2 -4
leaf_value=0.00023606794256434235 0.00016955300128037066 -0.00040618287460182412 1.5087168256623652e-06
leaf_weight=40 50 128 2152
leaf_count=40 50 128 2152
internal_value=8.4317e-06 -0.000128645 -0.000280456
internal_weight=2370 2330 2280
internal_count=2370 2330 2280
is_linear=0
shrinkage=0.04


Tree=94
num_leaves=4
num_cat=0
split_feature=15 40 40
split_gain=1.54783 1.47748 2.11136
threshold=-1.3537826347924622 -0.97400064663699559 -0.7179558884619367
decision_type=2 2 2
left_child=-1 -2 -3
right_child=1 2 -4
leaf_value=0.00022662522486176855 0.00016277088122915596 -0.00038993555961775117 1.4483681526357775e-06
leaf_weight=40 50 128 2152
leaf_count=40 50 128 2152
internal_value=8.4317e-06 -0.000128645 -0.000280456
internal_weight=2370 2330 2280
internal_count=2370 2330 2280
is_linear=0
shrinkage=0.04


Tree=95
num_leaves=5
num_cat=0
split_feature=15 41 28 47
split_gain=1.55469 1.49787 2.88104 2.71614
threshold=-1.3537826347924622 0.61404315678016219 0.11146004361935195 0.21849242659060014
decision_type=2 2 2 2
left_child=-1 3 -3 -2
right_child=1 2 -4 -5
leaf_value=0.00021756021586729778 1.5715935757795243e-05 0.00026382258360156208 -3.1869657708155397e-05 -0.00023924669272315255
leaf_weight=40 1266 166 302 596
leaf_count=40 1266 166 302 596
internal_value=-8.4317e-06 -0.000145798 0.00187234 -0.000654506
internal_weight=2370 2330 468 1862
internal_count=2370 2330 468 1862
is_linear=0
shrinkage=0.04


Tree=96
num_leaves=7
num_cat=0
split_feature=53 40 15 38 39 36
split_gain=1.7939 4.06139 3.13819 1.52888 3.61902 3.20809
threshold=-0.74999999999999989 0.25674003169789544 0.10510679635117819 1.2494151180272173 1.9043674126061418 -0.82992755550818431
decision_type=2 2 2 2 2 2
left_child=1 2 -1 5 -5 -2
right_child=3 -3 -4 4 -6 -7
leaf_value=5.948703974876596e-05 -0.00052504255944170778 0.00075077542631537576 -0.00045047257179647485 0.00060720065970198153 -0.0010071519874758419 -4.6852266573413349e-06
leaf_weight=85 236 68 87 175 50 1669
leaf_count=85 236 68 87 175 50 1669
internal_value=4.21585e-05 0.00330579 0 -0.00032833 0.00277533 -0.000697431
internal_weight=2370 240 172 2130 225 1905
internal_count=2370 240 172 2130 225 1905
is_linear=0
shrinkage=0.04


Tree=97
num_leaves=7
num_cat=0
split_feature=60 25 40 45 25 59
split_gain=1.84183 3.54433 2.83644 2.71209 2.50206 1.21663
threshold=-0.79623073444195824 -0.75077916999405925 -0.06079334062435441 0.89282639348292758 -0.93067895524877164 0.63810488314355507
decision_type=2 2 2 2 2 2
left_child=2 5 -1 -3 -4 -2
right_child=1 3 4 -5 -6 -7
leaf_value=0.00066423543056490122 -0.00064830476443011019 -3.5485006685745805e-05 0.00069338244574470599 0.00019231181619412536 -0.00029541909102640261 -2.3685824974888913e-05
leaf_weight=57 131 1505 152 318 151 56
leaf_count=57 131 1505 152 318 151 56
internal_value=2.52951e-05 -0.000447316 0.00265193 9.31507e-05 0.00108197 -0.00566138
internal_weight=2370 2010 360 1823 303 187
internal_count=2370 2010 360 1823 303 187
is_linear=0
shrinkage=0.04


Tree=98
num_leaves=7
num_cat=0
split_feature=53 40 15 14 40 36
split_gain=1.65216 3.51253 2.01819 1.74014 9.40888 2.6366
threshold=-0.74999999999999989 0.30503459145939943 0.10028836169657872 0.75421107943520882 0.45293143066497982 -0.70684907181403467
decision_type=2 2 2 2 2 2
left_child=1 2 -1 5 -5 -2
right_child=3 -3 -4 4 -6 -7
leaf_value=5.8526958426245169e-05 -0.00041003972825504769 0.00075613640584899723 -0.00036985612328381946 0.00068027446448111083 -0.0010324704051371473 -7.7432075320590937e-06
leaf_weight=93 296 56 91 214 147 1473
leaf_count=93 296 56 91 214 147 1473
internal_value=8.4317e-06 0.0031405 0.000430108 -0.000347092 0.00217631 -0.000863919
internal_weight=2370 240 184 2130 361 1769
internal_count=2370 240 184 2130 361 1769
is_linear=0
shrinkage=0.04


Tree=99
num_leaves=6
num_cat=0
split_feature=53 47 28 33 14
split_gain=1.74223 2.17941 2.99905 1.84665 1.66241
threshold=-0.74999999999999989 -0.42011459509032517 0.07254759567142588 1.4098360564530728 0.75421107943520882
decision_type=2 2 2 2 2
left_child=1 -1 -3 4 -2
right_child=3 2 -4 -5 -6
leaf_value=0.00068280648038103562 -5.0740623604749184e-05 -0.00030881366636479062 0.00021121902827230351 -0.00096100014174805193 0.00017788328935150865
leaf_weight=40 1745 96 104 55 330
leaf_count=40 1745 96 104 55 330
internal_value=-7.58853e-05 0.0031405 0.00138614 -0.000440901 -0.000245546
internal_weight=2370 240 200 2130 2075
internal_count=2370 240 200 2130 2075
is_linear=0
shrinkage=0.04


Tree=100
num_leaves=7
num_cat=0
split_feature=60 25 45 40 40 53
split_gain=1.64253 3.3314 2.79403 2.59734 2.99545 1.41177
threshold=-0.79623073444195824 -0.75077916999405925 0.89282639348292758 -0.06079334062435441 0.30503459145939943 -0.41666666666666657
decision_type=2 2 2 2 2 2
left_child=3 5 -3 -1 -5 -2
right_child=1 2 -4 4 -6 -7
leaf_value=0.00064767748165984681 -6.3099651399684681e-05 -3.7954459316696666e-05 0.00019203996379466682 -0.00039386589185734511 0.0002695422971333688 -0.00092354891164180442
leaf_weight=57 82 1505 318 49 254 105
leaf_count=57 82 1505 318 49 254 105
internal_value=-0.000160202 -0.000606362 -8.21918e-05 0.00232044 0.000819672 -0.00566138
internal_weight=2370 2010 1823 360 303 187
internal_count=2370 2010 1823 360 303 187
is_linear=0
shrinkage=0.04


Tree=101
num_leaves=8
num_cat=0
split_feature=60 40 34 25 45 13 15
split_gain=1.54319 4.04546 3.08361 2.90669 2.95463 2.6844 1.40965
threshold=-0.70329214163039755 -0.06079334062435441 -0.6780424890262482 -0.75077916999405925 0.89282639348292758 0.4947322013383717 0.17095642989108201
decision_type=2 2 2 2 2 2 2
left_child=1 2 -1 6 -5 -3 -2
right_child=3 5 -4 4 -6 -7 -8
leaf_value=0.0009494643624933974 -0.00059601141965108962 -0.0003253159287131588 5.8715105289458558e-05 -4.9499494699703912e-05 0.00018955778286420922 0.00039835913499239149 1.2206267678123231e-05
leaf_weight=41 113 125 40 1464 313 232 42
leaf_count=41 113 125 40 1464 313 232 42
internal_value=-9.27487e-05 0.00204545 0.01 -0.000579111 -0.000118044 0.000194986 -0.00579618
internal_weight=2370 438 81 1932 1777 357 155
internal_count=2370 438 81 1932 1777 357 155
is_linear=0
shrinkage=0.04


Tree=102
num_leaves=5
num_cat=0
split_feature=12 5 46 46
split_gain=1.35741 1.62759 3.67472 2.6116
threshold=1.3806367223965841 -0.25139166254033568 -3.675162954931682 -6.1848534943115494
decision_type=2 2 2 2
left_child=1 2 -1 -3
right_child=-2 3 -4 -5
leaf_value=-0.001410782565446318 0.00022575602512698635 0.00061194510740838202 0.00013362643405135399 -9.7934451505730726e-05
leaf_weight=58 63 45 794 1410
leaf_count=58 63 45 794 1410
internal_value=-8.4317e-06 -0.000168904 0.0012178 -0.000981469
internal_weight=2370 2307 852 1455
internal_count=2370 2307 852 1455
is_linear=0
shrinkage=0.04


Tree=103
num_leaves=7
num_cat=0
split_feature=60 40 28 34 59 46
split_gain=1.44745 3.57005 2.98075 2.72272 2.59338 1.90517
threshold=-0.70329214163039755 -0.06079334062435441 1.7940950981449177 -0.6780424890262482 0.6263693202640116 -6.1848534943115494
decision_type=2 2 2 2 2 2
left_child=1 3 5 -1 -3 -2
right_child=2 4 -4 -5 -6 -7
leaf_value=0.00090614073063160713 0.00049259045263675013 -0.00040073567696960423 0.00044239947717282041 5.1021443715826009e-05 0.00031659738365231088 -5.3191748763209976e-05
leaf_weight=41 52 118 44 40 239 1836
leaf_count=41 52 118 44 40 239 1836
internal_value=-2.52951e-05 0.00204545 -0.000496381 0.00951807 0.000306407 -0.000740741
internal_weight=2370 438 1932 81 357 1888
internal_count=2370 438 1932 81 357 1888
is_linear=0
shrinkage=0.04


Tree=104
num_leaves=4
num_cat=0
split_feature=27 40 40
split_gain=1.61123 1.52908 2.339
threshold=-1.2077357256186763 -0.97400064663699559 -0.72877153396585881
decision_type=2 2 2
left_child=-1 -2 -3
right_child=1 2 -4
leaf_value=0.00013924230198065961 0.00015051775528075072 -0.00039346695746322207 -4.2635534053582505e-06
leaf_weight=70 50 118 2132
leaf_count=70 50 118 2132
internal_value=-5.90219e-05 -0.000243267 -0.000399645
internal_weight=2370 2300 2250
internal_count=2370 2300 2250
is_linear=0
shrinkage=0.04


Tree=105
num_leaves=5
num_cat=0
split_feature=39 60 25 28
split_gain=1.57536 1.69714 3.08758 2.8486
threshold=-1.1048567105723714 -0.79623073444195824 -0.77309708073806516 1.2009959815760116
decision_type=2 2 2 2
left_child=-1 3 -3 -2
right_child=1 2 -4 -5
leaf_value=0.00011747016006986054 0.00029127387595991017 -0.00051599255963739963 -6.4042146288240815e-06 -0.00064699962587725041
leaf_weight=40 302 172 1798 58
leaf_count=40 302 172 1798 58
internal_value=-5.90219e-05 -0.000197256 -0.000659229 0.00232044
internal_weight=2370 2330 1970 360
internal_count=2370 2330 1970 360
is_linear=0
shrinkage=0.04


Tree=106
num_leaves=5
num_cat=0
split_feature=12 5 46 38
split_gain=1.34062 1.43488 3.56796 2.22555
threshold=1.5143268761641779 -0.25139166254033568 -3.675162954931682 1.4919112614337242
decision_type=2 2 2 2
left_child=1 2 -1 -3
right_child=-2 3 -4 -5
leaf_value=-0.0013510061743680646 0.00021321041503105653 -0.00011038981225556536 0.00010411446715547275 0.00036712696304205984
leaf_weight=58 45 1400 794 73
leaf_count=58 45 1400 794 73
internal_value=-9.27487e-05 -0.000227761 0.00107728 -0.000983051
internal_weight=2370 2325 852 1473
internal_count=2370 2325 852 1473
is_linear=0
shrinkage=0.04


Tree=107
num_leaves=4
num_cat=0
split_feature=13 15 40
split_gain=1.58921 1.64734 1.43071
threshold=-1.0910418280413954 -1.3537826347924622 -0.69548316301572066
decision_type=2 2 2
left_child=-1 -2 -3
right_child=1 2 -4
leaf_value=0.00011718694615728862 0.00019114966240890957 -0.00026706590379369356 -1.9375596155352113e-06
leaf_weight=40 40 171 2119
leaf_count=40 40 171 2119
internal_value=-9.27487e-05 -0.000231561 -0.000375218
internal_weight=2370 2330 2290
internal_count=2370 2330 2290
is_linear=0
shrinkage=0.04


Tree=108
num_leaves=5
num_cat=0
split_feature=48 41 28 39
split_gain=1.58921 1.62774 3.18239 3.03634
threshold=-1.3752266336136045 0.61404315678016219 -0.44930245546626785 -0.62684869423140477
decision_type=2 2 2 2
left_child=-1 3 -3 -2
right_child=1 2 -4 -5
leaf_value=0.00022884155985500727 -0.00030871897415699306 0.00060665927512623338 1.4010977565198923e-05 -3.4251030010243321e-06
leaf_weight=40 266 40 428 1596
leaf_count=40 266 40 428 1596
internal_value=-9.27487e-05 -0.000231561 0.00187234 -0.000761803
internal_weight=2370 2330 468 1862
internal_count=2370 2330 468 1862
is_linear=0
shrinkage=0.04


Tree=109
num_leaves=5
num_cat=0
split_feature=50 59 35 29
split_gain=1.48037 1.7026 2.14932 0.693636
threshold=1.4935274585833465 2.1742071132759082 1.039395282782799 0.74010244449414142
decision_type=2 2 2 2
left_child=1 2 -1 -2
right_child=3 -3 -4 -5
leaf_value=7.2747187410912577e-06 -1.8863965326369677e-05 0.00081924662076288677 -0.0013962653538104313 -0.0012444326653843828
leaf_weight=2177 48 47 56 42
leaf_count=2177 48 47 56 42
internal_value=-2.52951e-05 0.000175285 1.34228e-05 -0.005
internal_weight=2370 2280 2233 90
internal_count=2370 2280 2233 90
is_linear=0
shrinkage=0.04


Tree=110
num_leaves=6
num_cat=0
split_feature=35 36 37 41 11
split_gain=1.41994 2.05207 1.85767 1.43727 1.68834
threshold=0.75015110177124245 0.78656006246143195 -0.7016961402715135 0.84445784815310621 -0.59788759195307528
decision_type=2 2 2 2 2
left_child=1 2 -1 4 -2
right_child=3 -3 -4 -5 -6
leaf_value=0.00011594192431815032 0.00013995723649903695 0.00035220026314107929 -7.4180318646682729e-06 5.5055937673081366e-05 -0.00056160373927695588
leaf_weight=117 52 64 1937 65 135
leaf_count=117 52 64 1937 65 135
internal_value=-8.4317e-06 0.000330189 0.000107004 -0.00283465 -0.00460317
internal_weight=2370 2118 2054 252 187
internal_count=2370 2118 2054 252 187
is_linear=0
shrinkage=0.04


Tree=111
num_leaves=5
num_cat=0
split_feature=2 7 47 39
split_gain=1.19068 1.47925 2.63673 1.62387
threshold=-2.1183358713503373 -0.035399210925120092 -0.67233973928853874 0.020792810473993447
decision_type=2 2 2 2
left_child=-1 2 -2 -3
right_child=1 3 -4 -5
leaf_value=0.00061094649944784605 0.00061395664523706628 -0.0002891580285390803 9.1840953698824748e-06 -4.6081662487974796e-06
leaf_weight=40 103 366 1018 843
leaf_count=40 103 366 1018 843
internal_value=-8.4317e-06 -0.000128645 0.000917186 -0.00109827
internal_weight=2370 2330 1121 1209
internal_count=2370 2330 1121 1209
is_linear=0
shrinkage=0.04


Tree=112
num_leaves=5
num_cat=0
split_feature=40 40 39 1
split_gain=1.77854 2.02192 1.62807 0.248548
threshold=-0.97400064663699559 -0.78865677532218059 -0.93155506027930945 -0.046964912930534737
decision_type=2 2 2 2
left_child=-1 3 -3 -2
right_child=1 2 -4 -5
leaf_value=0.00015536115367175332 -0.00021958736753367972 0.00025410425743316865 -4.0530231920683084e-06 -0.00099081397796951516
leaf_weight=50 40 57 2183 40
leaf_count=50 40 57 2183 40
internal_value=-8.4317e-06 -0.000172265 5.35236e-05 -0.00634146
internal_weight=2370 2320 2240 80
internal_count=2370 2320 2240 80
is_linear=0
shrinkage=0.04


Tree=113
num_leaves=7
num_cat=0
split_feature=35 41 37 40 19 1
split_gain=1.49692 1.73553 3.98162 2.1763 1.48384 2.49079
threshold=0.57967160405181517 0.43816316915649423 -0.38289446590793513 -0.33572065967143438 -0.12280244931228074 0.031151862843937585
decision_type=2 2 2 2 2 2
left_child=1 3 -3 -1 -2 -6
right_child=4 2 -4 -5 5 -7
leaf_value=-0.00022283288924204229 -0.0013396827619168946 0.00049824191524341812 -6.9826764685539806e-06 4.5660877872057972e-05 0.00021696451639914905 -0.00020795946839633693
leaf_weight=430 61 134 272 1084 124 265
leaf_count=430 61 134 272 1084 124 265
internal_value=-8.4317e-06 0.000478668 0.00279412 -0.000145119 -0.00207965 -0.0011509
internal_weight=2370 1920 406 1514 450 389
internal_count=2370 1920 406 1514 450 389
is_linear=0
shrinkage=0.04


Tree=114
num_leaves=8
num_cat=0
split_feature=35 35 33 53 26 7 1
split_gain=1.41876 1.7314 4.8653 2.36959 1.65791 2.39872 1.82092
threshold=0.57967160405181517 -0.55985405195879723 -0.81281511003930229 0.75000000000000011 0.69024581638359195 0.17884648756005853 -0.19775807669466527
decision_type=2 2 2 2 2 2 2
left_child=1 3 -3 -1 6 -6 -2
right_child=4 2 -4 -5 5 -7 -8
leaf_value=-1.3942481706783819e-05 0.0001224472139758757 0.0013071277026211914 2.5915526650146932e-05 -0.00077927501464167357 0.00015029945468571853 -0.0006561456425119652 -0.00027395078248457699
leaf_weight=476 102 65 1282 97 45 41 262
leaf_count=476 102 65 1282 97 45 41 262
internal_value=2.52951e-05 0.00049948 0.00128243 -0.00133913 -0.00199115 0.00295455 -0.0031694
internal_weight=2370 1920 1347 573 450 86 364
internal_count=2370 1920 1347 573 450 86 364
is_linear=0
shrinkage=0.04


Tree=115
num_leaves=5
num_cat=0
split_feature=40 35 28 41
split_gain=1.4242 1.83544 2.87619 2.01937
threshold=-0.97400064663699559 0.47657311590222279 -0.11784034058039607 0.41499369437967631
decision_type=2 2 2 2
left_child=-1 3 -3 -2
right_child=1 2 -4 -5
leaf_value=0.00014981265398370438 -1.3589065415090669e-05 -0.00045563964012846638 -2.5043421103490352e-05 0.00023475198066811394
leaf_weight=50 1403 172 358 387
leaf_count=50 1403 172 358 387
internal_value=-8.4317e-06 -0.000155039 -0.00221805 0.000457589
internal_weight=2370 2320 530 1790
internal_count=2370 2320 530 1790
is_linear=0
shrinkage=0.04


Tree=116
num_leaves=7
num_cat=0
split_feature=39 39 25 41 14 40
split_gain=1.47852 4.07843 2.91544 3.5812 2.44594 2.21648
threshold=-0.28659569971490073 0.0075762578440154542 0.92672157952119727 0.62261500871763364 1.0726610165888091 0.040335577809470842
decision_type=2 2 2 2 2 2
left_child=2 4 3 -1 -2 -3
right_child=1 5 -4 -5 -6 -7
leaf_value=6.0399289822019029e-06 -0.00048077111642005275 0.00041449270861517134 -0.00091669546026177577 0.00025192375881648191 0.00050918718177931884 -1.6004990039374112e-05
leaf_weight=589 326 175 42 194 44 1000
leaf_count=589 326 175 42 194 44 1000
internal_value=2.52951e-05 -0.00070459 0.00139057 0.00194904 -0.00435484 0.000450297
internal_weight=2370 1545 825 783 370 1175
internal_count=2370 1545 825 783 370 1175
is_linear=0
shrinkage=0.04


Tree=117
num_leaves=6
num_cat=0
split_feature=53 40 18 13 42
split_gain=1.39938 3.00679 2.13633 1.61705 1.83758
threshold=-0.74999999999999989 0.28868801009560691 -0.21692661587916631 -0.96696516857581816 0.92796669943553722
decision_type=2 2 2 2 2
left_child=1 2 -1 -2 -5
right_child=3 -3 -4 4 -6
leaf_value=0.00012386514044087304 0.00014261415890147415 0.00069856103074200594 -0.00037369503070914563 -5.3257429965531542e-06 -0.00050664276482851819
leaf_weight=74 71 59 107 1892 167
leaf_count=74 71 59 107 1892 167
internal_value=9.27487e-05 0.00297521 0.000382514 -0.000234522 -0.000441533
internal_weight=2370 240 181 2130 2059
internal_count=2370 240 181 2130 2059
is_linear=0
shrinkage=0.04


Tree=118
num_leaves=7
num_cat=0
split_feature=47 11 41 40 5 37
split_gain=1.67736 3.08799 3.36933 2.13244 3.60809 2.23186
threshold=-0.65302974900232458 0.46573835844318956 0.20645732937067413 0.87890063675755215 0.85233492128187427 -0.42016268202164814
decision_type=2 2 2 2 2 2
left_child=1 2 -1 5 -5 -2
right_child=3 -3 -4 4 -6 -7
leaf_value=9.6075676639661054e-05 4.4986026593054066e-05 -0.00043019470630949853 0.00078789721858564814 1.5661622565649876e-05 0.00038180349161240427 -0.00015101029693410429
leaf_weight=136 494 66 68 202 58 1346
leaf_count=136 494 66 68 202 58 1346
internal_value=5.90219e-05 0.00301471 0.00543689 -0.000323501 0.00305344 -0.000803474
internal_weight=2370 270 204 2100 260 1840
internal_count=2370 270 204 2100 260 1840
is_linear=0
shrinkage=0.04


Tree=119
num_leaves=7
num_cat=0
split_feature=39 13 25 28 59 26
split_gain=1.48325 3.54437 2.88758 2.38467 2.23165 2.072
threshold=-0.28659569971490073 -0.0065658688891909569 0.92672157952119727 -0.72585518529520709 0.049292794150470783 -0.41566187212760414
decision_type=2 2 2 2 2 2
left_child=2 4 3 -1 -2 -3
right_child=1 5 -4 -5 -6 -7
leaf_value=-0.00031492639644831671 -0.0001353314441539892 -0.00020418533557881093 -0.00088236855737497985 0.00011167965861445251 -0.0010081610306202019 0.00011611344160421866
leaf_weight=86 245 411 42 697 106 783
leaf_count=86 245 411 42 697 106 783
internal_value=-2.52951e-05 -0.000756303 0.0013422 0.00189809 -0.00427762 0.000284281
internal_weight=2370 1545 825 783 351 1194
internal_count=2370 1545 825 783 351 1194
is_linear=0
shrinkage=0.04


end of trees

feature_importances:
Column_40=88
Column_35=49
Column_41=42
Column_37=35
Column_39=31
Column_28=29
Column_15=28
Column_53=26
Column_7=25
Column_59=22
Column_47=21
Column_45=18
Column_25=16
Column_13=15
Column_46=15
Column_61=14
Column_14=12
Column_36=12
Column_60=11
Column_5=10
Column_11=9
Column_10=8
Column_26=7
Column_4=6
Column_33=6
Column_38=5
Column_1=4
Column_63=4
Column_12=3
Column_16=3
Column_20=3
Column_24=3
Column_31=3
Column_42=3
Column_43=3
Column_50=3
Column_58=3
Column_62=3
Column_0=2
Column_8=2
Column_23=2
Column_29=2
Column_34=2
Column_44=2
Column_48=2
Column_2=1
Column_17=1
Column_18=1
Column_19=1
Column_21=1
Column_27=1
Column_32=1
Column_49=1
Column_57=1

parameters:
[boosting: gbdt]
[objective: quantile]
[metric: quantile]
[tree_learner: serial]
[device_type: cpu]
[data_sample_strategy: bagging]
[data: ]
[valid: ]
[num_iterations: 120]
[learning_rate: 0.04]
[num_leaves: 15]
[num_threads: 2]
[seed: 42]
[deterministic: 0]
[force_col_wise: 0]
[force_row_wise: 0]
[histogram_pool_size: -1]
[max_depth: 3]
[min_data_in_leaf: 40]
[min_sum_hessian_in_leaf: 0.001]
[bagging_fraction: 0.85]
[pos_bagging_fraction: 1]
[neg_bagging_fraction: 1]
[bagging_freq: 0]
[bagging_seed: 400]
[bagging_by_query: 0]
[feature_fraction: 0.8]
[feature_fraction_bynode: 1]
[feature_fraction_seed: 30056]
[extra_trees: 0]
[extra_seed: 12879]
[early_stopping_round: 0]
[early_stopping_min_delta: 0]
[first_metric_only: 0]
[max_delta_step: 0]
[lambda_l1: 0]
[lambda_l2: 2]
[linear_lambda: 0]
[min_gain_to_split: 0]
[drop_rate: 0.1]
[max_drop: 50]
[skip_drop: 0.5]
[xgboost_dart_mode: 0]
[uniform_drop: 0]
[drop_seed: 17869]
[top_rate: 0.2]
[other_rate: 0.1]
[min_data_per_group: 100]
[max_cat_threshold: 32]
[cat_l2: 10]
[cat_smooth: 10]
[max_cat_to_onehot: 4]
[top_k: 20]
[monotone_constraints: ]
[monotone_constraints_method: basic]
[monotone_penalty: 0]
[feature_contri: ]
[forcedsplits_filename: ]
[refit_decay_rate: 0.9]
[cegb_tradeoff: 1]
[cegb_penalty_split: 0]
[cegb_penalty_feature_lazy: ]
[cegb_penalty_feature_coupled: ]
[path_smooth: 0]
[interaction_constraints: ]
[verbosity: -1]
[saved_feature_importance_type: 0]
[use_quantized_grad: 0]
[num_grad_quant_bins: 4]
[quant_train_renew_leaf: 0]
[stochastic_rounding: 1]
[linear_tree: 0]
[max_bin: 255]
[max_bin_by_feature: ]
[min_data_in_bin: 3]
[bin_construct_sample_cnt: 200000]
[data_random_seed: 175]
[is_enable_sparse: 1]
[enable_bundle: 1]
[use_missing: 1]
[zero_as_missing: 0]
[feature_pre_filter: 1]
[pre_partition: 0]
[two_round: 0]
[header: 0]
[label_column: ]
[weight_column: ]
[group_column: ]
[ignore_column: ]
[categorical_feature: ]
[forcedbins_filename: ]
[precise_float_parser: 0]
[parser_config_file: ]
[objective_seed: 16083]
[num_class: 1]
[is_unbalance: 0]
[scale_pos_weight: 1]
[sigmoid: 1]
[boost_from_average: 1]
[reg_sqrt: 0]
[alpha: 0.75]
[fair_c: 1]
[poisson_max_delta_step: 0.7]
[tweedie_variance_power: 1.5]
[lambdarank_truncation_level: 30]
[lambdarank_norm: 1]
[label_gain: ]
[lambdarank_position_bias_regularization: 0]
[eval_at: ]
[multi_error_top_k: 1]
[auc_mu_weights: ]
[num_machines: 1]
[local_listen_port: 12400]
[time_out: 120]
[machine_list_filename: ]
[machines: ]
[gpu_platform_id: -1]
[gpu_device_id: -1]
[gpu_device_id_list: ]
[gpu_use_dp: 0]
[num_gpu: 1]

end of parameters

pandas_categorical:null
