tree
version=v4
num_class=1
num_tree_per_iteration=1
label_index=0
max_feature_idx=118
objective=regression
feature_names=Column_0 Column_1 Column_2 Column_3 Column_4 Column_5 Column_6 Column_7 Column_8 Column_9 Column_10 Column_11 Column_12 Column_13 Column_14 Column_15 Column_16 Column_17 Column_18 Column_19 Column_20 Column_21 Column_22 Column_23 Column_24 Column_25 Column_26 Column_27 Column_28 Column_29 Column_30 Column_31 Column_32 Column_33 Column_34 Column_35 Column_36 Column_37 Column_38 Column_39 Column_40 Column_41 Column_42 Column_43 Column_44 Column_45 Column_46 Column_47 Column_48 Column_49 Column_50 Column_51 Column_52 Column_53 Column_54 Column_55 Column_56 Column_57 Column_58 Column_59 Column_60 Column_61 Column_62 Column_63 Column_64 Column_65 Column_66 Column_67 Column_68 Column_69 Column_70 Column_71 Column_72 Column_73 Column_74 Column_75 Column_76 Column_77 Column_78 Column_79 Column_80 Column_81 Column_82 Column_83 Column_84 Column_85 Column_86 Column_87 Column_88 Column_89 Column_90 Column_91 Column_92 Column_93 Column_94 Column_95 Column_96 Column_97 Column_98 Column_99 Column_100 Column_101 Column_102 Column_103 Column_104 Column_105 Column_106 Column_107 Column_108 Column_109 Column_110 Column_111 Column_112 Column_113 Column_114 Column_115 Column_116 Column_117 Column_118
feature_infos=[-4.5246569796643614:5.8683304951716435] [-3.8483317312919141:4.0611245336775506] [-3.7165608892503164:3.6460980568993127] [-3.471179090487273:3.2470913221419679] [-3.2000898742835249:2.6093591629082535] [-2.2094508562453106:2.5260658110634444] [-3.4167495219691313:3.3103007499864665] [-1.2038586352580145:4.7438745066219639] [-1.6196211720935372:1.5915560085612732] [-3.1254559763453948:2.6736652371830401] [-1.2764595325682329:3.7940579431605443] [-2.375582201444459:2.5793874139849589] [-2.1133671055225531:2.5394927446067146] [-1.363892024810462:2.7452542808903315] [-2.4995040071767329:2.9316533359298353] [-1.6292724910842746:1.4832596839144898] [-1.6706861747807973:1.7810882072124219] [-1.0581345034894849:0.67442788629758321] [-1.1268897310678205:0.70317287560806341] [-1.0581345034894853:0.67442788629758355] [-2.3614500537697323:2.9197845122480479] [-3.2116238564251809:3.5026453439082985] [-2.8839355870667065:2.8561733815724315] [-1.9923875542401346:2.8525739000217816] [-2.2249982887715571:1.864183512388228] [-2.0855611497146658:1.878513144009726] [-3.3088787175464276:2.2457013496027951] [-1.8299960383121703:1.5777171044341509] [-0.95007380532454333:2.8124259000924141] [-3.5629386815198516:3.3445863489141225] [-3.279132089137855:2.9403353669842796] [-2.539750330496819:2.235049279960474] [-2.4931497127214359:2.3863223975962811] [-2.0211792757538567:2.4403659800507729] [-2.1743939418213825:2.2867904515577959] [-1.9611161526943559:2.0497958654422579] [-2.108076804544746:2.3017451579565664] [-1.2170748910810707:3.01182461586989] [-1.2704378374622722:3.6393831521767264] [-1.3877396087921847:2.6882426044158754] [-1.2718167055920624:1.8188043011831037] [-1.8652473891348877:1.6406502390605286] [-1.8308513715556798:1.7005338842116664] [-1.9984221700162703:12.005250762453134] [-584.26025222600413:93.19546959301428] [-501.72022293667891:104.42900508250204] [-667.90182920824236:49.12634747335035] [-1.1314939387644072:3.3924706273238989] [-1.8854563708690788:1.7384977121976941] [-1.1594253330845792:6.209575150288221] [-3.851173048546102:4.5644810841322103] [-9.9145616446653211:8.2215300476964543] [-1:1] [-0.83333333333333337:1] [0:1] [0:1] [-3.4715503978333344:4.1941342628947957] [-4.022138616913101:2.3102140494418046] [-2.2877560963606602:1.5318447975613174] [-0.98987343817054474:2.2321745333393417] [-2.2866728762593382:1.2432735075572485] [-1.6035825507136212:0.35316256307345917] [-3.1765942845691071:3.6298704472903989] [-2.7104668297525052:2.5009705495068344] [-2.1911029386559537:1.7663288322361037] [-3.0223577417344791:3.9551520678124485] [-3.4149498866153079:2.2677137154778295] [-2.3397597373140329:1.6127554831018598] [-0.95075334285663837:2.1562696053678985] [-2.1211140803485597:1.2908735021838265] [-1.3967218143103128:0.36699424482144022] [-4.5360179090540669:7.1240779943370907] [-4.0810519287532969:5.6758859817749876] [-2.4260530297268907:4.1793998134715222] [-1.3231520676798663:4.8272771626131865] [-1.193342813183524:7.8142635476191291] [-1.1005835492302987:2.3037014448182416] [-6.4412327197933017:6.6276857963514502] [-4.5369687106929879:3.5265223255674054] [-2.6884878031148296:3.6774164470140449] [-1.2121277645860722:3.522640958954486] [-1.7023912099759433:4.2894882072743155] [-0.7848562908005825:1.9997905542851755] [-11.175912636043204:10.960345117972413] [-6.1079852054384709:5.3382598349047674] [-3.8380760595729755:4.2594180335562637] [-0.99062914295098914:3.0354538882434343] [-2.2098376328450606:4.2840952943601041] [-1.2082253342092084:0.74552169860627582] [-3.9202121772003609:2.9418874692249117] [-3.411156229408864:2.9640817625433615] [-2.5169913834093207:1.7127557429580238] [-1.2546832809631983:3.0886735393285356] [-2.1028086511259794:1.9119322520528053] [-1.3999657591802337:0.47006187738622468] [-5.3384433480701112:3.1154183721777278] [-4.0665390430363928:3.452512321670846] [-1.8354241965025593:2.7405467020632663] [-1.4155605465935477:4.0738282782536821] [-1.6971639065786672:4.356198212643803] [-1.5224846043701004:1.2308959597987599] [-4.29946168131411:2.5703334447893242] [-3.7815553088359368:3.5014905519357442] [-1.9241366945774216:2.5966542254913163] [-1.4299433179609489:3.8868879609824898] [-1.5578825963456364:3.8160327202357491] [-1.4984199931073048:1.1549561034347979] [-3.3317428228201753:3.5904069879607796] [-2.2265419590332214:2.6479667126294446] [-1.9819735798884239:2.0081819947421939] [-1.4568773298266016:2.056614987280807] [-1.4597756483277293:1.9585136029686425] [-2.1908119086644704:0.58042596422369575] [-3.1091931623032423:3.3396906366953623] [-2.761371798988816:3.5433675804097335] [-1.6896260896227224:2.3785366100307046] [-0.83862440989215081:2.8352357815547671] [-1.4194361986704627:2.2819805083793669] [-1.3638318246701211:0.96370650156641158]
tree_sizes=775 866 873 868 792 788 787 787 788 792 791 789 784 783 787 790 793 791 784 791 884 694 789 790 794 883 694 799 881 700 874 887 610 887 800 706 881 879 611 887 703 888 613 704 794 890 880 612 884 784 883 612 882 799 614 706 880 706 890 612 698 886 614 879 709 796 890 618 884 790 791 619 793 798 699 797 698 525 704 793 800 786 613 525 613 614 617 698 792 794 798 704 601 524 612 697 792 609 801 614 618 613 525 795 710 619 893 621 799 616 792 618 607 614 520 615 615 788 704 615

Tree=0
num_leaves=7
num_cat=0
split_feature=87 68 110 80 28 91
split_gain=0.311078 0.293928 0.155756 0.0800817 0.0645112 0.0437327
threshold=1.5651567663441484 0.28228042891877941 -0.0095364600749388382 0.72132927337634334 0.20301128306819793 0.54604770733814623
decision_type=2 2 2 2 2 2
left_child=1 3 -3 -1 -2 -6
right_child=4 2 -4 -5 5 -7
leaf_value=0.0065564472357934264 0.0065377901295940169 0.0047752914425487018 0.0061150708930238027 0.0074284179487243904 0.0073749878288676424 0.0087214178117433691
leaf_weight=1167 43 219 378 195 63 116
leaf_count=1167 43 219 378 195 63 116
internal_value=0.0065192 0.0063579 0.00561941 0.00668244 0.00793136 0.00826223
internal_weight=2181 1959 597 1362 222 179
internal_count=2181 1959 597 1362 222 179
is_linear=0
shrinkage=1


Tree=1
num_leaves=8
num_cat=0
split_feature=60 106 115 68 73 94 63
split_gain=0.209215 0.239966 0.258424 0.118465 0.0850802 0.0387698 0.0257453
threshold=-1.229304062222941 0.66651724395975342 0.8321538415605797 1.1100332363249346 0.72837980665011759 0.37321332017451508 0.13184644619132166
decision_type=2 2 2 2 2 2 2
left_child=4 2 -2 -3 6 -6 -1
right_child=1 3 -4 -5 5 -7 -8
leaf_value=0.001006141462861452 0.00018495754523479728 -0.00087366584345383979 -0.0016059726797518254 -0.0031897427281364801 0.0028367630529375571 0.0011818247260525824 -0.00038970506007206588
leaf_weight=41 1626 195 138 42 51 48 40
leaf_count=41 1626 195 138 42 51 48 40
internal_value=6.87154e-08 -0.000117916 4.31907e-05 -0.00130737 0.00129855 0.00207366 0.000324054
internal_weight=2181 2001 1764 237 180 99 81
internal_count=2181 2001 1764 237 180 99 81
is_linear=0
shrinkage=0.04


Tree=2
num_leaves=8
num_cat=0
split_feature=87 68 110 109 42 40 110
split_gain=0.276698 0.22698 0.152963 0.0894368 0.0592642 0.0336567 0.0321639
threshold=1.8354878602211164 0.28228042891877941 -0.0095364600749388382 0.53080389622004487 -0.22383777998591323 0.91523902465597262 0.31977599607623114
decision_type=2 2 2 2 2 2 2
left_child=1 3 -3 -1 6 -6 -2
right_child=4 2 -4 -5 5 -7 -8
leaf_value=-3.0755062492254026e-05 0.0012383444389949243 -0.0016039174992848921 -0.0003027002907293419 0.00072396359905384559 -5.9867734332025676e-05 0.0014762549106445578 0.0027951836429669394
leaf_weight=1032 43 222 411 330 46 43 54
leaf_count=1032 43 222 411 330 46 43 54
internal_value=3.48346e-08 -0.000138076 -0.000762666 0.0001529 0.00146709 0.000698438 0.002144
internal_weight=2181 1995 633 1362 186 89 97
internal_count=2181 1995 633 1362 186 89 97
is_linear=0
shrinkage=0.04


Tree=3
num_leaves=8
num_cat=0
split_feature=60 106 115 16 73 94 63
split_gain=0.186588 0.215375 0.229588 0.109688 0.0751856 0.0337848 0.023843
threshold=-1.229304062222941 0.66651724395975342 0.8321538415605797 -0.48060792330298613 0.72837980665011759 0.37321332017451508 0.13184644619132166
decision_type=2 2 2 2 2 2 2
left_child=4 2 -2 -3 6 -6 -1
right_child=1 3 -4 -5 5 -7 -8
leaf_value=0.00096662545825766265 0.00017501761373420199 0.00011745226374270195 -0.0015130356542732834 -0.0017785145400438529 0.0026679903108907761 0.0011212514175102115 -0.00037662819350294912
leaf_weight=41 1626 68 138 169 51 48 40
leaf_count=41 1626 68 138 169 51 48 40
internal_value=1.88696e-07 -0.000111233 4.13951e-05 -0.00123809 0.00122644 0.00195511 0.000310199
internal_weight=2181 2001 1764 237 180 99 81
internal_count=2181 2001 1764 237 180 99 81
is_linear=0
shrinkage=0.04


Tree=4
num_leaves=7
num_cat=0
split_feature=87 68 110 109 28 87
split_gain=0.246826 0.230579 0.123031 0.081598 0.0547532 0.0320182
threshold=1.5651567663441484 0.28228042891877941 -0.0095364600749388382 0.53080389622004487 0.20301128306819793 2.6501706871557222
decision_type=2 2 2 2 2 2
left_child=1 3 -3 -1 -2 -6
right_child=4 2 -4 -5 5 -7
leaf_value=-3.1423685047486653e-05 -2.3830481184025605e-05 -0.0015477493937231066 -0.00035702659918062735 0.00068945902030748813 0.0012204856568303727 0.002487374798573078
leaf_weight=1032 43 219 378 330 134 45
leaf_count=1032 43 219 378 330 134 45
internal_value=2.31733e-07 -0.000143455 -0.000797534 0.000143994 0.00125813 0.00156294
internal_weight=2181 1959 597 1362 222 179
internal_count=2181 1959 597 1362 222 179
is_linear=0
shrinkage=0.04


Tree=5
num_leaves=7
num_cat=0
split_feature=61 112 104 117 85 64
split_gain=0.153488 0.140407 0.279415 0.101391 0.0596185 0.0442857
threshold=-1.1432739678550246 -0.54239626201131907 0.89156713212933625 1.1032116069785298 2.4436747374524965 -0.57565731909523676
decision_type=2 2 2 2 2 2
left_child=4 2 -2 -3 5 -1
right_child=1 3 -4 -5 -6 -7
leaf_value=0.0017732515512034297 -0.0013250277940787783 0.00015785766538848172 0.0011485935266854969 -0.0010564971804528833 0.0023083376022491682 0.00024634112122610372
leaf_weight=40 318 1455 93 117 45 113
leaf_count=40 318 1455 93 117 45 113
internal_value=3.11776e-07 -0.000106104 -0.000762452 6.62487e-05 0.00105649 0.000663263
internal_weight=2181 1983 411 1572 198 153
internal_count=2181 1983 411 1572 198 153
is_linear=0
shrinkage=0.04


Tree=6
num_leaves=7
num_cat=0
split_feature=87 68 110 28 28 42
split_gain=0.215044 0.164027 0.128871 0.0742929 0.0634944 0.0197166
threshold=1.9113730527013935 0.28228042891877941 -0.0095364600749388382 1.2152272784950571 0.31361568248759569 -0.22383777998591323
decision_type=2 2 2 2 2 2
left_child=1 3 -3 -1 -2 -6
right_child=4 2 -4 -5 5 -7
leaf_value=7.310162224610122e-05 -4.3964561962977398e-06 -0.0014139394974439969 -0.00022887059484971492 0.0015485301204311679 0.0022185423936790382 0.0011219961638123078
leaf_weight=1307 41 222 429 55 76 51
leaf_count=1307 41 222 429 55 76 51
internal_value=4.18517e-07 -0.000114843 -0.000636088 0.000134865 0.00136661 0.00180242
internal_weight=2181 2013 651 1362 168 127
internal_count=2181 2013 651 1362 168 127
is_linear=0
shrinkage=0.04


Tree=7
num_leaves=7
num_cat=0
split_feature=87 68 60 114 28 104
split_gain=0.201052 0.18996 0.0802588 0.0789852 0.0473807 0.031091
threshold=1.5651567663441484 0.79229260795431322 -1.2745415572323899 -0.92412755441550387 0.20301128306819793 0.51370112763712095
decision_type=2 2 2 2 2 2
left_child=1 3 -3 -1 -2 -6
right_child=4 2 -4 -5 5 -7
leaf_value=0.00083225654986532663 -5.5230170747058255e-05 0.00031375281823004897 -0.0013834189977114495 -5.9138356881736527e-05 0.00041103472478599067 0.001699589918295734
leaf_weight=176 43 54 237 1492 40 139
leaf_count=176 43 54 237 1492 40 139
internal_value=5.23251e-07 -0.000129158 -0.00106849 3.58018e-05 0.0011358 0.00141937
internal_weight=2181 1959 291 1668 222 179
internal_count=2181 1959 291 1668 222 179
is_linear=0
shrinkage=0.04


Tree=8
num_leaves=7
num_cat=0
split_feature=87 68 110 109 28 117
split_gain=0.18557 0.145092 0.117103 0.0738442 0.0562381 0.0224966
threshold=1.9113730527013935 0.28228042891877941 -0.0095364600749388382 0.53080389622004487 0.53545843026394346 1.2103965392275797
decision_type=2 2 2 2 2 2
left_child=1 3 -3 -1 -2 -6
right_child=4 2 -4 -5 5 -7
leaf_value=-3.851308968103702e-05 0.0001368784353745958 -0.0013382116675438739 -0.00020861703460050743 0.00064725080088442978 0.0012860261401510798 0.0025201460240142689
leaf_weight=1032 50 222 429 330 78 40
leaf_count=1032 50 222 429 330 78 40
internal_value=5.66779e-07 -0.000106506 -0.000596743 0.000128347 0.00126968 0.0017394
internal_weight=2181 2013 651 1362 168 118
internal_count=2181 2013 651 1362 168 118
is_linear=0
shrinkage=0.04


Tree=9
num_leaves=7
num_cat=0
split_feature=87 59 35 114 28 91
split_gain=0.17393 0.153205 0.100579 0.0698865 0.0412195 0.0305405
threshold=1.5651567663441484 0.58839291647923786 -0.2873664119492923 -0.92412755441550387 0.20301128306819793 0.54604770733814623
decision_type=2 2 2 2 2 2
left_child=1 3 -3 -1 -2 -6
right_child=4 2 -4 -5 5 -7
leaf_value=0.00081530387422643861 -5.4193038752095568e-05 -0.0015445638375181131 -0.00024052164294490857 -3.8774143210677256e-05 0.00058622428667373389 0.0017034726949621752
leaf_weight=170 43 173 208 1408 63 116
leaf_count=170 43 173 208 1408 63 116
internal_value=6.54227e-07 -0.000119963 -0.000837619 5.41524e-05 0.00105659 0.00132107
internal_weight=2181 1959 381 1578 222 179
internal_count=2181 1959 381 1578 222 179
is_linear=0
shrinkage=0.04


Tree=10
num_leaves=7
num_cat=0
split_feature=87 59 61 109 41 39
split_gain=0.160533 0.141329 0.108849 0.0786866 0.0423313 0.0316474
threshold=1.5651567663441484 0.58839291647923786 -1.0151856270763993 0.47266176533477955 -0.87949498231383305 1.5877379320416136
decision_type=2 2 2 2 2 2
left_child=1 3 -3 -1 -2 -6
right_child=4 2 -4 -5 5 -7
leaf_value=-0.00011324948437790309 0.0021204893834268056 0.00026705064679580654 -0.0012272518637240866 0.00053368397960643923 0.00038628654229678642 0.0015646524001987508
leaf_weight=1176 43 108 273 402 129 50
leaf_count=1176 43 108 273 402 129 50
internal_value=6.73032e-07 -0.000115206 -0.000804487 5.20256e-05 0.00101512 0.000729091
internal_weight=2181 1959 381 1578 222 179
internal_count=2181 1959 381 1578 222 179
is_linear=0
shrinkage=0.04


Tree=11
num_leaves=7
num_cat=0
split_feature=106 41 37 45 117 44
split_gain=0.132998 0.140388 0.127699 0.110034 0.082737 0.0769105
threshold=0.66651724395975342 -0.61991018242002582 1.0426771765253278 0.28342083635486998 1.3662804318854846 -0.78541262287630165
decision_type=2 2 2 2 2 2
left_child=2 -2 4 -3 -1 -4
right_child=1 3 5 -5 -6 -7
leaf_value=5.8666095574153589e-05 0.00068388619074539754 -0.0021561884037861281 -0.00057843938381189387 -0.00032285614273125173 -0.0013275505367588872 0.0013236098334145469
leaf_weight=1593 74 114 40 97 70 193
leaf_count=1593 74 114 40 97 70 193
internal_value=7.75531e-07 -0.00080176 0.000122128 -0.00132432 -1.20794e-06 0.000994934
internal_weight=2181 285 1896 211 1663 233
internal_count=2181 285 1896 211 1663 233
is_linear=0
shrinkage=0.04


Tree=12
num_leaves=7
num_cat=0
split_feature=87 106 115 41 28 46
split_gain=0.143373 0.100739 0.135113 0.11581 0.0482039 0.0185503
threshold=1.9113730527013935 0.66651724395975342 0.77224715307474401 -0.61991018242002582 0.53545843026394346 0.77346367448163955
decision_type=2 2 2 2 2 2
left_child=1 2 -1 -3 -2 -6
right_child=4 3 -4 -5 5 -7
leaf_value=0.00013534160645641618 6.9848840648774061e-05 0.00059949211802126634 -0.0010613665981552825 -0.0012646865572943683 0.0019244662483628744 0.00081843722818038343
leaf_weight=1569 50 70 165 209 76 42
leaf_count=1569 50 70 165 209 76 42
internal_value=6.59531e-07 -9.34551e-05 2.03764e-05 -0.000796034 0.00111619 0.001551
internal_weight=2181 2013 1734 279 168 118
internal_count=2181 2013 1734 279 168 118
is_linear=0
shrinkage=0.04


Tree=13
num_leaves=7
num_cat=0
split_feature=87 68 64 46 41 97
split_gain=0.133004 0.138538 0.101462 0.0757516 0.0376741 0.0309313
threshold=1.5651567663441484 0.28228042891877941 0.7847604063484398 5.343196711910795 -0.87949498231383305 0.47920859142841354
decision_type=2 2 2 2 2 2
left_child=1 3 -3 -1 -2 -6
right_child=4 2 -4 -5 5 -7
leaf_value=5.6813270893158931e-05 0.0019660859837765908 -0.0007958261933423208 0.00084864569314317228 0.0015722865320064805 0.00097806323461415877 -0.00018482266898410253
leaf_weight=1309 43 531 66 53 129 50
leaf_count=1309 43 531 66 53 129 50
internal_value=6.7791e-07 -0.000104798 -0.000611799 0.000118004 0.00092406 0.000654782
internal_weight=2181 1959 597 1362 222 179
internal_count=2181 1959 597 1362 222 179
is_linear=0
shrinkage=0.04


Tree=14
num_leaves=7
num_cat=0
split_feature=87 106 16 63 28 117
split_gain=0.122848 0.0915627 0.11103 0.0772551 0.0446439 0.0197438
threshold=1.9113730527013935 0.66651724395975342 -0.71350860288052675 0.74952501700927721 0.53545843026394346 1.2103965392275797
decision_type=2 2 2 2 2 2
left_child=1 3 -3 -1 -2 -6
right_child=4 2 -4 -5 5 -7
leaf_value=-9.1177467204686219e-05 2.8071528493175999e-05 0.00078153553705972935 -0.0011630567312532944 0.00064954490526511488 0.0010358798798988573 0.0021749926535856159
leaf_weight=1470 50 58 221 264 78 40
leaf_count=1470 50 58 221 264 78 40
internal_value=8.13557e-07 -8.63046e-05 -0.000756119 2.22153e-05 0.00103341 0.00145183
internal_weight=2181 2013 279 1734 168 118
internal_count=2181 2013 279 1734 168 118
is_linear=0
shrinkage=0.04


Tree=15
num_leaves=7
num_cat=0
split_feature=87 68 110 35 41 40
split_gain=0.114734 0.12629 0.0792149 0.069294 0.0343831 0.0276128
threshold=1.5651567663441484 0.79229260795431322 1.0611726980357938 -0.39070031398125998 -0.87949498231383305 0.91523902465597262
decision_type=2 2 2 2 2 2
left_child=1 2 -1 -3 -2 -6
right_child=4 3 -4 -5 5 -7
leaf_value=-6.3231253687201581e-05 0.0018534717135545282 -0.0015064546643906006 0.00079076768401764965 -0.00027060111735256449 0.00011314040401633432 0.001104140264705462
leaf_weight=1473 43 138 195 153 92 87
leaf_count=1473 43 138 195 153 92 87
internal_value=9.06192e-07 -9.70585e-05 3.74342e-05 -0.000862958 0.000858526 0.000601678
internal_weight=2181 1959 1668 291 222 179
internal_count=2181 1959 1668 291 222 179
is_linear=0
shrinkage=0.04


Tree=16
num_leaves=7
num_cat=0
split_feature=87 68 114 74 42 106
split_gain=0.106086 0.100422 0.0844333 0.0726997 0.0402598 0.0276357
threshold=1.9113730527013935 0.24411109260721311 -1.1026364063356011 0.50494720226288281 -0.3734993090071666 -0.52720479758701932
decision_type=2 2 2 2 2 2
left_child=1 3 -3 -1 -2 -6
right_child=4 2 -4 -5 5 -7
leaf_value=-1.3124917339324348e-05 0.0017972108555647235 0.00059999737394097639 -0.00065366789058513811 0.00076496086865033978 -0.00031817607754884764 0.00097374887569663183
leaf_weight=1095 58 99 588 231 41 69
leaf_count=1095 58 99 588 231 41 69
internal_value=9.44012e-07 -8.00131e-05 -0.000471791 0.000123372 0.000960513 0.00049513
internal_weight=2181 2013 687 1326 168 110
internal_count=2181 2013 687 1326 168 110
is_linear=0
shrinkage=0.04


Tree=17
num_leaves=7
num_cat=0
split_feature=60 106 17 117 73 64
split_gain=0.102422 0.126818 0.096092 0.0755214 0.0426879 0.0242854
threshold=-1.229304062222941 0.60929466778080676 -0.5422890706733331 0.74932633807312388 0.69288044077792754 -0.059743616848203389
decision_type=2 2 2 2 2 2
left_child=4 3 -3 -2 -1 -6
right_child=1 2 -4 -5 5 -7
leaf_value=0.00019671888521406798 0.00012362967055434007 0.00033716173922201915 -0.0013444361197080164 -0.00083601904722822873 0.00070019497640153516 0.0019811881624035915
leaf_weight=78 1590 74 196 141 45 57
leaf_count=78 1590 74 196 141 45 57
internal_value=1.02173e-06 -8.15309e-05 -0.000884463 4.45861e-05 0.000909543 0.00144038
internal_weight=2181 2001 270 1731 180 102
internal_count=2181 2001 270 1731 180 102
is_linear=0
shrinkage=0.04


Tree=18
num_leaves=7
num_cat=0
split_feature=87 68 63 46 28 100
split_gain=0.0952749 0.108266 0.0927772 0.0700863 0.0310637 0.0250666
threshold=1.5651567663441484 0.28228042891877941 0.80614276338546231 5.343196711910795 0.20301128306819793 0.35330341375834845
decision_type=2 2 2 2 2 2
left_child=1 3 -3 -1 -2 -6
right_child=4 2 -4 -5 5 -7
leaf_value=4.9857357319251817e-05 -0.0001763160049708353 -0.00072411971659000431 0.0007740775505570989 0.0015075464138591833 0.0012913763805278648 0.000207726136087535
leaf_weight=1309 43 523 74 53 132 47
leaf_count=1309 43 523 74 53 132 47
internal_value=1.02331e-06 -8.82483e-05 -0.000536449 0.000108708 0.000782539 0.00101228
internal_weight=2181 1959 597 1362 222 179
internal_count=2181 1959 597 1362 222 179
is_linear=0
shrinkage=0.04


Tree=19
num_leaves=7
num_cat=0
split_feature=60 106 9 82 73 44
split_gain=0.0925389 0.115121 0.0914629 0.0708815 0.0378665 0.0293175
threshold=-1.229304062222941 0.60929466778080676 -0.47910835628036152 -0.55804729874609349 0.69288044077792754 0.73214678987672255
decision_type=2 2 2 2 2 2
left_child=4 3 -3 -2 -1 -6
right_child=1 2 -4 -5 5 -7
leaf_value=0.00019306982000125573 -0.00079141481386614033 0.00035990613450606661 -0.0012870461878427609 0.00012109696410302324 0.0019672020768810965 0.00057970610889848705
leaf_weight=78 147 73 197 1584 56 46
leaf_count=78 147 73 197 1584 56 46
internal_value=1.08976e-06 -7.73791e-05 -0.000842387 4.27807e-05 0.000864666 0.00136465
internal_weight=2181 2001 270 1731 180 102
internal_count=2181 2001 270 1731 180 102
is_linear=0
shrinkage=0.04


Tree=20
num_leaves=8
num_cat=0
split_feature=16 106 33 115 73 105 110
split_gain=0.0874945 0.124825 0.0955251 0.0801001 0.042593 0.0156301 0.0152222
threshold=-0.83672506861803864 0.66651724395975342 0.55095571128408904 0.92803246389065452 0.69288044077792754 0.22636191098096434 -0.063348714258906119
decision_type=2 2 2 2 2 2 2
left_child=4 3 -3 -2 6 -6 -1
right_child=1 2 -4 -5 5 -7 -8
leaf_value=-0.00018749430632939744 0.00011594034453022849 -0.0014874635652233304 0.00023194940730493952 -0.00086952029027290547 0.00075425263006417527 0.0018640945707601583 0.00065981380203371188
leaf_weight=60 1578 161 75 142 40 51 74
leaf_count=60 1578 161 75 142 40 51 74
internal_value=1.08804e-06 -8.50979e-05 -0.000943683 3.36671e-05 0.000744479 0.00140296 0.000283244
internal_weight=2181 1956 236 1720 225 91 134
internal_count=2181 1956 236 1720 225 91 134
is_linear=0
shrinkage=0.04


Tree=21
num_leaves=6
num_cat=0
split_feature=70 35 63 99 50
split_gain=0.0838921 0.0794502 0.081687 0.0596454 0.0165794
threshold=-1.2509397603273815 0.93604654611821536 0.7285650832478604 0.65753623020117358 0.10716480669386537
decision_type=2 2 2 2 2
left_child=4 2 -2 -3 -1
right_child=1 3 -4 -5 -6
leaf_value=0.0017403588284634884 -0.00010013860142731454 -0.00036128571652807291 0.0006144400218436926 -0.0022517606633347133 0.00062335752216832979
leaf_weight=43 1677 73 300 41 47
leaf_count=43 1677 73 300 41 47
internal_value=1.08415e-06 -5.0881e-05 8.80656e-06 -0.00106829 0.00118327
internal_weight=2181 2091 1977 114 90
internal_count=2181 2091 1977 114 90
is_linear=0
shrinkage=0.04


Tree=22
num_leaves=7
num_cat=0
split_feature=60 103 115 68 67 36
split_gain=0.0825846 0.0964652 0.108365 0.0679224 0.0357929 0.0377792
threshold=-1.229304062222941 0.65393691299878876 0.8321538415605797 1.2917205145113149 -1.2742655631936139 -0.51700551532402017
decision_type=2 2 2 2 2 2
left_child=4 2 -2 -3 5 -1
right_child=1 3 -4 -5 -6 -7
leaf_value=0.00064993593950930524 0.00015319664766414454 -0.00044795298310291824 -0.0011156459478761777 -0.0021233021218160335 0.00016459696964011528 0.0022358255327812261
leaf_weight=62 1503 342 114 42 78 40
leaf_count=62 1503 342 114 42 78 40
internal_value=1.0505e-06 -7.30779e-05 6.24744e-05 -0.000641246 0.000816859 0.00130289
internal_weight=2181 2001 1617 384 180 102
internal_count=2181 2001 1617 384 180 102
is_linear=0
shrinkage=0.04


Tree=23
num_leaves=7
num_cat=0
split_feature=33 64 64 11 26 96
split_gain=0.0807195 0.0801052 0.0963086 0.0511844 0.0450202 0.0322447
threshold=-1.001887148862683 0.5999265298688331 -0.7508366958608802 0.17472880028635021 0.64996212027002764 0.25833284155013786
decision_type=2 2 2 2 2 2
left_child=3 2 -2 5 -3 -1
right_child=1 4 -4 -5 -6 -7
leaf_value=0.0008690716583206427 0.00042815346285800688 0.00063350464655435282 -0.00034183283188637665 0.0018239689790725446 -0.00057036191000113794 -0.00053332137290474984
leaf_weight=66 322 325 1315 55 57 41
leaf_count=66 322 325 1315 55 57 41
internal_value=9.90763e-07 -6.82669e-05 -0.000190038 0.000854453 0.000451835 0.00033178
internal_weight=2181 2019 1637 162 382 107
internal_count=2181 2019 1637 162 382 107
is_linear=0
shrinkage=0.04


Tree=24
num_leaves=7
num_cat=0
split_feature=87 68 81 46 42 106
split_gain=0.0762407 0.0881177 0.0853132 0.0629014 0.0225962 0.023647
threshold=1.6048991655140792 0.28228042891877941 0.098543602347598416 3.7132288085435445 -0.63870713238213084 -0.57856632809869124
decision_type=2 2 2 2 2 2
left_child=1 3 -3 -1 -2 -6
right_child=4 2 -4 -5 5 -7
leaf_value=3.1068162916426445e-05 0.001530322872567922 -0.00085619679930327443 0.00011446688601856265 0.0011487178166050378 -0.00033762818385314731 0.00075820813396651487
leaf_weight=1278 42 369 237 84 40 131
leaf_count=1278 42 369 237 84 40 131
internal_value=1.03576e-06 -7.70226e-05 -0.000477453 0.000101581 0.000716258 0.000500932
internal_weight=2181 1968 606 1362 213 171
internal_count=2181 1968 606 1362 213 171
is_linear=0
shrinkage=0.04


Tree=25
num_leaves=8
num_cat=0
split_feature=41 106 82 63 37 13 115
split_gain=0.0751509 0.122059 0.0765029 0.0758174 0.0557647 0.0698825 0.033285
threshold=-0.70146536659414582 0.60929466778080676 -0.55804729874609349 -1.0307285070145062 0.9754443561342806 0.97440461985651339 1.0340226459865811
decision_type=2 2 2 2 2 2 2
left_child=4 2 -2 -3 6 -6 -1
right_child=1 3 -4 -5 5 -7 -8
leaf_value=0.0003893808732506725 -0.00088111093863570958 0.00062077238592644077 0.00011189644497480798 -0.0012364659013597598 0.0019938905165237312 -8.2265901312764209e-05 -0.00081354451138229873
leaf_weight=225 134 41 1421 207 71 40 42
leaf_count=225 134 41 1421 207 71 40 42
internal_value=1.08187e-06 -0.000106554 2.53035e-05 -0.000926913 0.000512348 0.00125751 0.000195515
internal_weight=2181 1803 1555 248 378 111 267
internal_count=2181 1803 1555 248 378 111 267
is_linear=0
shrinkage=0.04


Tree=26
num_leaves=6
num_cat=0
split_feature=35 70 63 99 50
split_gain=0.0729866 0.0692609 0.0706378 0.054995 0.013508
threshold=0.93604654611821536 -1.2509397603273815 0.7285650832478604 0.65753623020117358 0.10716480669386537
decision_type=2 2 2 2 2
left_child=1 4 -3 -2 -1
right_child=3 2 -4 -5 -6
leaf_value=0.0016672338723120364 -0.00030330523853081107 -9.2397784232889962e-05 0.00057209798126864645 -0.0020815708463619974 0.00061665912730280651
leaf_weight=42 78 1677 300 42 42
leaf_count=42 78 1677 300 42 42
internal_value=1.04236e-06 5.72608e-05 8.91244e-06 -0.000949619 0.0011685
internal_weight=2181 2061 1977 120 84
internal_count=2181 2061 1977 120 84
is_linear=0
shrinkage=0.04


Tree=27
num_leaves=7
num_cat=0
split_feature=69 106 64 47 16 79
split_gain=0.0704667 0.0938744 0.0581384 0.0525614 0.0519163 0.0391173
threshold=-1.1475351810773846 0.66651724395975342 0.7793691843427738 -0.26413862792125992 -0.48060792330298613 -0.050119903216126367
decision_type=2 2 2 2 2 2
left_child=3 2 -2 -1 -3 -5
right_child=1 4 -4 5 -6 -7
leaf_value=-0.00037413179232093525 -5.8027643294149176e-05 0.00013143888126397808 0.00068291316899520005 -2.3027141361908858e-05 -0.0012502421394606392 0.0014039879801423581
leaf_weight=55 1564 60 188 41 153 120
leaf_count=55 1564 60 188 41 153 120
internal_value=1.01454e-06 -7.46091e-05 2.21677e-05 0.000683353 -0.000863434 0.00104476
internal_weight=2181 1965 1752 216 213 161
internal_count=2181 1965 1752 216 213 161
is_linear=0
shrinkage=0.04


Tree=28
num_leaves=8
num_cat=0
split_feature=16 106 35 115 73 35 17
split_gain=0.0675382 0.0935191 0.0771605 0.0670698 0.0338128 0.0178742 0.014312
threshold=-0.83672506861803864 0.66651724395975342 -0.30708711571803943 0.92803246389065452 0.69288044077792754 -1.1295571678800242 -0.88464013862213975
decision_type=2 2 2 2 2 2 2
left_child=4 3 -3 -2 6 -6 -1
right_child=1 2 -4 -5 5 -7 -8
leaf_value=0.00058239924559731868 0.00010335837584417174 -0.0019125139905534323 -0.00033902608018598543 -0.00079839060256846198 0.00060659161564480095 0.0017619136486202477 -0.00024701838577656369
leaf_weight=79 1578 70 166 142 43 48 55
leaf_count=79 1578 70 166 142 43 48 55
internal_value=9.9276e-07 -7.4729e-05 -0.000817888 2.80708e-05 0.000654126 0.00124078 0.00024334
internal_weight=2181 1956 236 1720 225 91 134
internal_count=2181 1956 236 1720 225 91 134
is_linear=0
shrinkage=0.04


Tree=29
num_leaves=6
num_cat=0
split_feature=35 87 68 99 28
split_gain=0.066503 0.0648772 0.0716396 0.0495594 0.027768
threshold=0.93604654611821536 1.6048991655140792 0.24411109260721311 0.65753623020117358 0.20301128306819793
decision_type=2 2 2 2 2
left_child=1 2 -1 -2 -3
right_child=3 4 -4 -5 -6
leaf_value=0.00015168167801027623 -0.00029282001452520488 -0.00016357592518203133 -0.00037912939620357149 -0.0019811058678897097 0.0010021832343619808
leaf_weight=1275 78 41 595 42 150
leaf_count=1275 78 41 595 42 150
internal_value=9.44151e-07 5.46075e-05 -1.74374e-05 -0.00090651 0.00075284
internal_weight=2181 2061 1870 120 191
internal_count=2181 2061 1870 120 191
is_linear=0
shrinkage=0.04


Tree=30
num_leaves=8
num_cat=0
split_feature=41 106 34 60 37 13 94
split_gain=0.0647385 0.0873253 0.0781063 0.060142 0.0477542 0.0509974 0.0427184
threshold=-0.82141076681082581 0.55267349145603684 0.51562924728789183 0.79614277755775287 0.9754443561342806 0.86402191537353579 0.36991548494206777
decision_type=2 2 2 2 2 2 2
left_child=4 3 -3 -2 6 -6 -1
right_child=1 2 -4 -5 5 -7 -8
leaf_value=0.00054760209528793553 7.8780119924915364e-05 -0.0011844150773177185 0.00026542810743591672 -0.0011452186303804004 0.00213631606553323 0.00027190653444261878 -0.0007801434982409876
leaf_weight=143 1552 191 85 65 50 44 51
leaf_count=143 1552 191 85 65 50 44 51
internal_value=8.45455e-07 -8.43299e-05 -0.000739208 2.8224e-05 0.000557417 0.00128746 0.000194157
internal_weight=2181 1893 276 1617 288 94 194
internal_count=2181 1893 276 1617 288 94 194
is_linear=0
shrinkage=0.04


Tree=31
num_leaves=8
num_cat=0
split_feature=81 40 64 64 61 41 47
split_gain=0.0627475 0.0745171 0.0750936 0.0742603 0.0779754 0.0452629 0.0262613
threshold=0.17943801554322464 -0.29137067614195528 0.19532061809661508 0.7793691843427738 -1.0859606265375774 -1.0214696826900338 0.13474525646504509
decision_type=2 2 2 2 2 2 2
left_child=3 2 -2 4 -1 -3 -5
right_child=1 5 -4 6 -6 -7 -8
leaf_value=0.00067844922663249654 -0.00077197278089463541 0.0016268299883762539 0.00040374637144510175 0.0011663745868676174 -0.00038207861173534071 0.00042922088310120546 -6.7824953192368508e-05
leaf_weight=122 175 55 169 81 1062 476 41
leaf_count=122 175 55 169 81 1062 476 41
internal_value=8.18606e-07 0.000262598 -0.000195372 -0.000174703 -0.000271841 0.000558906 0.000757199
internal_weight=2181 875 344 1306 1184 531 122
internal_count=2181 875 344 1306 1184 531 122
is_linear=0
shrinkage=0.04


Tree=32
num_leaves=5
num_cat=0
split_feature=35 60 24 99
split_gain=0.0617834 0.0559249 0.0544335 0.0456595
threshold=0.93604654611821536 0.79614277755775287 0.6318127781261742 0.65753623020117358
decision_type=2 2 2 2
left_child=1 2 -1 -2
right_child=3 -3 -4 -5
leaf_value=1.2806564868479491e-05 -0.00028460637354601201 -0.0010842072509521091 0.00065047078634484395 -0.0019052418842461936
leaf_weight=1754 78 65 242 42
leaf_count=1754 78 65 242 42
internal_value=8.98837e-07 5.2623e-05 9.06923e-05 -0.000873764
internal_weight=2181 2061 1996 120
internal_count=2181 2061 1996 120
is_linear=0
shrinkage=0.04


Tree=33
num_leaves=8
num_cat=0
split_feature=64 74 64 26 115 13 14
split_gain=0.060095 0.097711 0.0789455 0.0829567 0.061258 0.0498471 0.0466667
threshold=-0.77749891059122433 0.022788870434894297 0.45801049527262966 0.64996212027002764 0.98999247568818272 1.3968678189738173 0.086334132641818412
decision_type=2 2 2 2 2 2 2
left_child=1 6 4 -4 -2 -3 -1
right_child=2 5 3 -5 -6 -7 -8
leaf_value=0.00020630584193576077 -0.00018416333139688681 0.0014551331865769843 0.00051801412840759588 -0.00073434463652411429 -0.0012072131828480292 -9.1525393641657304e-05 -0.0012769837539265295
leaf_weight=109 1162 143 476 101 100 43 47
leaf_count=109 1162 143 476 101 100 43 47
internal_value=7.67204e-07 0.000486056 -8.99123e-05 0.000297018 -0.000267011 0.0011004 -0.00025109
internal_weight=2181 342 1839 577 1262 186 156
internal_count=2181 342 1839 577 1262 186 156
is_linear=0
shrinkage=0.04


Tree=34
num_leaves=7
num_cat=0
split_feature=69 103 115 47 61 79
split_gain=0.0590992 0.0780358 0.081624 0.0447573 0.0344064 0.0326476
threshold=-1.1475351810773846 0.65393691299878876 0.71913446620408461 -0.26413862792125992 -0.61819081931178166 -0.050119903216126367
decision_type=2 2 2 2 2 2
left_child=3 2 -2 -1 -3 -5
right_child=1 4 -4 5 -6 -7
leaf_value=-0.00035012569817665376 0.00013916224273094601 -0.0016534556509842249 -0.00086194602118062598 -1.662158922679441e-05 -0.00045202160091433174 0.0012872652915596474
leaf_weight=55 1467 42 141 41 315 120
leaf_count=55 1467 42 141 41 315 120
internal_value=6.88332e-07 -6.85673e-05 5.04168e-05 0.000625571 -0.000601791 0.00095909
internal_weight=2181 1965 1608 216 357 161
internal_count=2181 1965 1608 216 357 161
is_linear=0
shrinkage=0.04


Tree=35
num_leaves=6
num_cat=0
split_feature=70 64 74 64 11
split_gain=0.0569978 0.0590007 0.0887443 0.0834328 0.0132965
threshold=-1.2509397603273815 -0.77749891059122433 0.022788870434894297 0.5999265298688331 1.0000000180025095e-35
decision_type=2 2 2 2 2
left_child=4 2 -2 -3 -1
right_child=1 3 -4 -5 -6
leaf_value=0.00048889458505436782 -0.00026262005735019732 -0.00028384675192275727 0.001041577194931221 0.00037331423212854135 0.0014831323211307213
leaf_weight=48 153 1360 180 398 42
leaf_count=48 153 1360 180 398 42
internal_value=5.90888e-07 -4.22421e-05 0.000444361 -0.000134815 0.000975028
internal_weight=2181 2091 333 1758 90
internal_count=2181 2091 333 1758 90
is_linear=0
shrinkage=0.04


Tree=36
num_leaves=8
num_cat=0
split_feature=41 99 82 35 13 13 35
split_gain=0.0562224 0.0704758 0.0617853 0.0445639 0.0400035 0.0416852 0.0291486
threshold=-0.88888917358061736 0.67738561930380026 -0.55804729874609349 0.92398864751114729 0.46410937056445573 0.83841159353207595 -0.57495790405071945
decision_type=2 2 2 2 2 2 2
left_child=4 2 -2 -3 6 -6 -1
right_child=1 3 -4 -5 5 -7 -8
leaf_value=-0.00045561693383206148 -0.0007509779133963296 -0.00041233571942751138 0.00011683417457664565 -0.0017719848854467273 0.0021626352938975014 0.00034781769516744785 0.00067835868763116501
leaf_weight=62 142 288 1483 43 41 40 82
leaf_count=62 142 288 1483 43 41 40 82
internal_value=6.7135e-07 -6.84161e-05 4.01708e-05 -0.000598549 0.000596583 0.00129641 0.000190566
internal_weight=2181 1956 1625 331 225 81 144
internal_count=2181 1956 1625 331 225 81 144
is_linear=0
shrinkage=0.04


Tree=37
num_leaves=8
num_cat=0
split_feature=16 106 33 115 73 35 17
split_gain=0.053279 0.0730917 0.0831586 0.0556123 0.0269318 0.0170801 0.013558
threshold=-0.83672506861803864 0.66651724395975342 0.55095571128408904 0.92803246389065452 0.69288044077792754 -1.1295571678800242 -0.88464013862213975
decision_type=2 2 2 2 2 2 2
left_child=4 3 -3 -2 6 -6 -1
right_child=1 2 -4 -5 5 -7 -8
leaf_value=0.00054436889635169029 9.2826293139457649e-05 -0.0012313286445906708 0.00036995516790609272 -0.0007282947353329898 0.00049151111539039345 0.0016116308227181434 -0.00026253325174350225
leaf_weight=79 1578 161 75 142 43 48 55
leaf_count=79 1578 161 75 142 43 48 55
internal_value=6.41368e-07 -6.66133e-05 -0.000723614 2.42689e-05 0.000580745 0.0011043 0.000214187
internal_weight=2181 1956 236 1720 225 91 134
internal_count=2181 1956 236 1720 225 91 134
is_linear=0
shrinkage=0.04


Tree=38
num_leaves=5
num_cat=0
split_feature=60 110 12 114
split_gain=0.0520718 0.0542498 0.0625641 0.0502034
threshold=0.79614277755775287 1.1103605505222791 -0.19895766281485819 1.48206507793946
decision_type=2 2 2 2
left_child=1 3 -3 -1
right_child=-2 2 -4 -5
leaf_value=-3.0046232988482679e-06 -0.001088888488661991 0.0012472398912068458 -3.6525727323383737e-06 -0.001219092018486013
leaf_weight=1806 66 118 137 54
leaf_count=1806 66 118 137 54
internal_value=6.48259e-07 3.56446e-05 0.000580393 -3.95819e-05
internal_weight=2181 2115 255 1860
internal_count=2181 2115 255 1860
is_linear=0
shrinkage=0.04


Tree=39
num_leaves=8
num_cat=0
split_feature=81 105 46 82 63 14 14
split_gain=0.0522135 0.0593343 0.0542439 0.0492787 0.0458177 0.0392737 0.0343471
threshold=0.17943801554322464 0.88287854876479011 0.48150920094523458 0.9852196651266022 0.83653540996411035 0.43032104750172223 -0.40239797552693202
decision_type=2 2 2 2 2 2 2
left_child=1 4 3 -2 -1 -4 -3
right_child=2 6 5 -5 -6 -7 -8
leaf_value=-0.00015178180296135285 0.00031920005840691684 -0.00015525402890548845 0.00034603770154730212 -0.00040095408041076352 0.00064505283272644825 0.0014261922080153495 -0.0014028782999375836
leaf_weight=1031 407 59 141 240 128 87 88
leaf_count=1031 407 59 141 240 128 87 88
internal_value=5.83215e-07 -0.000159528 0.00023938 5.16517e-05 -6.28198e-05 0.00076702 -0.000910937
internal_weight=2181 1306 875 647 1159 228 147
internal_count=2181 1306 875 647 1159 228 147
is_linear=0
shrinkage=0.04


Tree=40
num_leaves=6
num_cat=0
split_feature=70 64 74 64 50
split_gain=0.0500577 0.052144 0.0776166 0.075234 0.0124075
threshold=-1.2509397603273815 -0.77749891059122433 0.022788870434894297 0.5999265298688331 0.10716480669386537
decision_type=2 2 2 2 2
left_child=4 2 -2 -3 -1
right_child=1 3 -4 -5 -6
leaf_value=0.0013932255086385543 -0.00024329980206675827 -0.00026810676009464499 0.00097641112894372468 0.00035592854665010234 0.00043615831917493932
leaf_weight=43 153 1360 180 398 47
leaf_count=43 153 1360 180 398 47
internal_value=5.82809e-07 -3.95579e-05 0.000417897 -0.000126585 0.000913771
internal_weight=2181 2091 333 1758 90
internal_count=2181 2091 333 1758 90
is_linear=0
shrinkage=0.04


Tree=41
num_leaves=8
num_cat=0
split_feature=41 106 45 82 69 94 117
split_gain=0.04982 0.0728101 0.0771258 0.059351 0.0335773 0.0307409 0.025876
threshold=-0.70146536659414582 0.60929466778080676 0.28342083635486998 -0.55804729874609349 -0.6508249531641862 0.36991548494206777 -0.38973899196269007
decision_type=2 2 2 2 2 2 2
left_child=4 3 -3 -2 5 -1 -6
right_child=1 2 -4 -5 6 -7 -8
leaf_value=0.0012671513503724799 -0.00078348976770939774 -0.0013742666386733346 3.3958402128842807e-05 9.1143992094446828e-05 0.00068616077717078823 0.00018821354284882547 -0.00025485593293637145
leaf_weight=101 134 132 116 1421 69 73 135
leaf_count=101 134 132 116 1421 69 73 135
internal_value=6.56625e-07 -8.69814e-05 -0.000720579 1.4864e-05 0.000416934 0.000821776 6.70007e-05
internal_weight=2181 1803 248 1555 378 174 204
internal_count=2181 1803 248 1555 378 174 204
is_linear=0
shrinkage=0.04


Tree=42
num_leaves=5
num_cat=0
split_feature=35 60 109 25
split_gain=0.0507502 0.0489464 0.0489857 0.0410158
threshold=0.93604654611821536 0.79614277755775287 0.47266176533477955 0.79393011121025137
decision_type=2 2 2 2
left_child=1 2 -1 -2
right_child=3 -3 -4 -5
leaf_value=-2.8521767984741536e-05 -7.9739263030485471e-05 -0.0010160311269288259 0.00043437941052336962 -0.0015500559115642287
leaf_weight=1516 63 65 480 57
leaf_count=1516 63 65 480 57
internal_value=6.25009e-07 4.7504e-05 8.31205e-05 -0.000792101
internal_weight=2181 2061 1996 120
internal_count=2181 2061 1996 120
is_linear=0
shrinkage=0.04


Tree=43
num_leaves=6
num_cat=0
split_feature=35 46 14 64 25
split_gain=0.0469578 0.0460018 0.0717375 0.069183 0.0384847
threshold=0.92398864751114729 0.5202146107460438 0.38997169376708357 0.59375195001889824 0.79393011121025137
decision_type=2 2 2 2 2
left_child=1 3 -3 -1 -2
right_child=4 2 -4 -5 -6
leaf_value=-0.00018312743851632137 -8.7038038018107098e-05 3.3907969913130936e-05 0.0010730193934811885 0.00049040844745439343 -0.0014688059885425064
leaf_weight=1287 69 306 161 299 59
leaf_count=1287 69 306 161 299 59
internal_value=5.17922e-07 4.71569e-05 0.000395194 -5.56916e-05 -0.000736745
internal_weight=2181 2053 467 1586 128
internal_count=2181 2053 467 1586 128
is_linear=0
shrinkage=0.04


Tree=44
num_leaves=7
num_cat=0
split_feature=87 112 35 40 28 100
split_gain=0.0473226 0.0574887 0.0787153 0.0491632 0.0203437 0.0179217
threshold=1.5651567663441484 -0.54239626201131907 -1.3170660722771952 0.85116213997419066 0.20301128306819793 0.35330341375834845
decision_type=2 2 2 2 2 2
left_child=1 2 -1 -3 -2 -6
right_child=4 3 -4 -5 5 -7
leaf_value=0.00083840297243099611 -0.00022173334094178346 1.1700403603925151e-05 -0.00069474776482592742 0.0013256840150248498 0.00097313115614772183 6.2546683546649859e-05
leaf_weight=61 43 1488 365 45 132 47
leaf_count=61 43 1488 365 45 132 47
internal_value=4.92015e-07 -6.24234e-05 -0.00047232 5.19484e-05 0.000551278 0.000737372
internal_weight=2181 1959 426 1533 222 179
internal_count=2181 1959 426 1533 222 179
is_linear=0
shrinkage=0.04


Tree=45
num_leaves=8
num_cat=0
split_feature=15 106 35 115 116 60 32
split_gain=0.0458958 0.0567327 0.0772381 0.0560863 0.018088 0.0258488 0.00552569
threshold=-0.80774562291931018 0.66651724395975342 -0.25951200704343963 0.92803246389065452 -0.14240951853740805 -0.40548373450772285 -0.83884045340520841
decision_type=2 2 2 2 2 2 2
left_child=4 3 -3 -2 6 -6 -1
right_child=1 2 -4 -5 5 -7 -8
leaf_value=0.001254276521454387 7.9532549793851149e-05 -0.0017689069862078344 -0.00017178235785248949 -0.00076240199792664497 0.00058444545316532661 -0.00035797636406237468 0.00057170049816539345
leaf_weight=45 1530 68 159 136 131 70 42
leaf_count=45 1530 68 159 136 131 70 42
internal_value=5.56439e-07 -7.11599e-05 -0.000661487 9.97146e-06 0.000469182 0.000255946 0.000945009
internal_weight=2181 1893 227 1666 288 201 87
internal_count=2181 1893 227 1666 288 201 87
is_linear=0
shrinkage=0.04


Tree=46
num_leaves=8
num_cat=0
split_feature=69 115 105 10 35 36 8
split_gain=0.0443289 0.0572987 0.0833024 0.0552203 0.0407084 0.0649898 0.0219451
threshold=-1.1475351810773846 0.80730986311722785 0.88287854876479011 0.085624893253487933 -0.63746879921170063 -1.2612477956814054 -0.17208546774459213
decision_type=2 2 2 2 2 2 2
left_child=4 2 -2 -3 5 -1 -6
right_child=1 3 -4 -5 6 -7 -8
leaf_value=0.00076164283708052391 0.00010630491727932978 -0.0019585201996896 -0.00074861536345001564 -0.00032738117270059603 0.0018450820207085816 -0.0011259501072716841 0.00060123268860103236
leaf_weight=75 1587 43 204 131 40 45 56
leaf_count=75 1587 43 204 131 40 45 56
internal_value=5.13251e-07 -5.94669e-05 8.20064e-06 -0.000748154 0.000541705 4.69413e-05 0.00114658
internal_weight=2181 1965 1791 174 216 120 96
internal_count=2181 1965 1791 174 216 120 96
is_linear=0
shrinkage=0.04


Tree=47
num_leaves=5
num_cat=0
split_feature=60 110 33 12
split_gain=0.044981 0.045792 0.0444435 0.0428689
threshold=0.79614277755775287 1.1476412609100486 -1.001887148862683 -0.19895766281485819
decision_type=2 2 2 2
left_child=1 2 -1 -3
right_child=-2 3 -4 -5
leaf_value=0.00064511287750469313 -0.0010121776172480382 0.001127487976903337 -8.5862906090858443e-05 1.2940087352133659e-05
leaf_weight=142 66 110 1754 109
leaf_count=142 66 110 1754 109
internal_value=4.61712e-07 3.29882e-05 -3.04947e-05 0.000577896
internal_weight=2181 2115 1896 219
internal_count=2181 2115 1896 219
is_linear=0
shrinkage=0.04


Tree=48
num_leaves=8
num_cat=0
split_feature=64 74 64 41 38 53 13
split_gain=0.043561 0.0640136 0.0611614 0.0588094 0.0509187 0.0506037 0.0470212
threshold=-0.7508366958608802 0.022788870434894297 0.45801049527262966 -1.0214696826900338 1.1248028816711966 -1.0000000180025095e-35 1.4319307516865212
decision_type=2 2 2 2 2 2 2
left_child=1 5 3 -2 -4 -1 -3
right_child=2 6 4 -5 -6 -7 -8
leaf_value=-0.00089025125529321777 0.00068936717897044987 0.0012009343144240654 0.00012792406749550877 -0.00031804344107671904 0.0013249737605656264 0.00049913680830667188 -0.0003073157439398211
leaf_weight=80 99 155 515 1145 62 84 41
leaf_count=80 99 155 515 1145 62 84 41
internal_value=4.68435e-07 0.000401263 -7.91194e-05 -0.000236894 0.000260682 -0.000181174 0.000885516
internal_weight=2181 360 1821 1244 577 164 196
internal_count=2181 360 1821 1244 577 164 196
is_linear=0
shrinkage=0.04


Tree=49
num_leaves=7
num_cat=0
split_feature=35 70 63 109 50 8
split_gain=0.0428055 0.0390027 0.04347 0.037131 0.010536 0.00773284
threshold=0.93604654611821536 -1.2509397603273815 0.7285650832478604 -0.33304146724652645 0.10716480669386537 -0.061195463256314593
decision_type=2 2 2 2 2 2
left_child=1 4 -3 -2 -1 -5
right_child=3 2 -4 5 -6 -7
leaf_value=0.001314340611826827 0.00025983401106324371 -7.2168733611678788e-05 0.00044910849527677904 -0.00076034765291426863 0.00040074404434893622 -0.0016127091796980016
leaf_weight=42 40 1677 300 40 42 40
leaf_count=42 40 1677 300 40 42 40
internal_value=5.34965e-07 4.35886e-05 7.30645e-06 -0.000727503 0.000877485 -0.00121547
internal_weight=2181 2061 1977 120 84 80
internal_count=2181 2061 1977 120 84 80
is_linear=0
shrinkage=0.04


Tree=50
num_leaves=8
num_cat=0
split_feature=81 64 88 46 82 14 92
split_gain=0.0421884 0.0555417 0.0589187 0.0429409 0.0408355 0.0337465 0.0263199
threshold=0.17943801554322464 0.7793691843427738 -0.38921772053703835 0.48150920094523458 0.9852196651266022 0.43032104750172223 -0.17646681871821612
decision_type=2 2 2 2 2 2 2
left_child=1 2 -1 4 -2 -5 -3
right_child=3 6 -4 5 -6 -7 -8
leaf_value=0.00026113156131975338 0.00029167761983495653 -0.00014529326417356392 -0.00038977019037285648 0.00029487116662850542 -0.00036388677013807062 0.0012954723906148686 0.0010797844050457791
leaf_weight=295 407 42 889 141 240 87 80
leaf_count=295 407 42 889 141 240 87 80
internal_value=5.12789e-07 -0.00014341 -0.000227428 0.000215164 4.81287e-05 0.000684624 0.000662495
internal_weight=2181 1306 1184 875 647 228 122
internal_count=2181 1306 1184 875 647 228 122
is_linear=0
shrinkage=0.04


Tree=51
num_leaves=5
num_cat=0
split_feature=60 35 117 104
split_gain=0.0421298 0.0422603 0.0816259 0.0623825
threshold=0.79614277755775287 0.63705199525063538 1.3662804318854846 0.87187510824167114
decision_type=2 2 2 2
left_child=1 2 -1 -3
right_child=-2 3 -4 -5
leaf_value=0.0001730652582519051 -0.00097944305415320057 -0.00063989908537220202 -0.0010319902976288608 0.00076765709564149867
leaf_weight=1691 66 271 93 60
leaf_count=1691 66 271 93 60
internal_value=5.77447e-07 3.20561e-05 0.00010916 -0.000381675
internal_weight=2181 2115 1784 331
internal_count=2181 2115 1784 331
is_linear=0
shrinkage=0.04


Tree=52
num_leaves=8
num_cat=0
split_feature=64 116 64 26 115 103 13
split_gain=0.039546 0.0682287 0.0529023 0.0688868 0.0540617 0.0323113 0.0242608
threshold=-0.7508366958608802 0.71812075226431815 0.45801049527262966 0.64996212027002764 0.69808539453922946 -0.48648015035230635 1.0737841516947138
decision_type=2 2 2 2 2 2 2
left_child=1 5 4 -4 -2 -1 -3
right_child=2 6 3 -5 -6 -7 -8
leaf_value=0.0010756967385126234 -0.00011252479699285627 0.002004389099362824 0.00044215059739091358 -0.00069891588911594985 -0.00085718590591886586 -0.0001173943160890311 0.00063989937953327013
leaf_weight=41 1063 43 476 101 181 232 44
leaf_count=41 1063 43 476 101 181 232 44
internal_value=4.91658e-07 0.000382369 -7.53397e-05 0.00024069 -0.000222074 6.8308e-05 0.00134419
internal_weight=2181 360 1821 577 1244 273 87
internal_count=2181 360 1821 577 1244 273 87
is_linear=0
shrinkage=0.04


Tree=53
num_leaves=7
num_cat=0
split_feature=41 64 116 100 110 94
split_gain=0.0399097 0.048367 0.0618266 0.0608263 0.0262476 0.0358742
threshold=-0.8547858767847365 -0.7508366958608802 0.71812075226431815 0.64326712618297477 -0.33085490894385478 0.36991548494206777
decision_type=2 2 2 2 2 2
left_child=4 2 -2 -3 -1 -6
right_child=1 3 -4 -5 5 -7
leaf_value=-0.00020204965504345255 8.6059793261591136e-05 -5.5383175804243791e-05 0.0014088310152993932 -0.00078265916150039108 0.0011199570251399743 -4.2198684288939434e-05
leaf_weight=67 252 1396 71 210 120 65
leaf_count=67 252 1396 71 210 120 65
internal_value=5.59069e-07 -6.14426e-05 0.000383704 -0.000151337 0.000471913 0.000715548
internal_weight=2181 1929 323 1606 252 185
internal_count=2181 1929 323 1606 252 185
is_linear=0
shrinkage=0.04


Tree=54
num_leaves=5
num_cat=0
split_feature=60 114 81 59
split_gain=0.0389959 0.0431375 0.0456178 0.0192279
threshold=0.79614277755775287 -0.92412755441550387 0.17943801554322464 0.60384610426438012
decision_type=2 2 2 2
left_child=1 3 -3 -1
right_child=-2 2 -4 -5
leaf_value=0.0007512290423020854 -0.00094227267949677565 -0.0002000974376924344 0.00020613431237363294 5.2569913608713616e-05
leaf_weight=173 66 1111 732 99
leaf_count=173 66 1111 732 99
internal_value=5.92872e-07 3.0878e-05 -3.87024e-05 0.000499178
internal_weight=2181 2115 1843 272
internal_count=2181 2115 1843 272
is_linear=0
shrinkage=0.04


Tree=55
num_leaves=6
num_cat=0
split_feature=70 114 112 14 11
split_gain=0.0391225 0.0387764 0.0543827 0.0284385 0.010572
threshold=-1.2509397603273815 -0.92412755441550387 -0.4517330627043496 0.20683684372967595 1.0000000180025095e-35
decision_type=2 2 2 2 2
left_child=4 3 -3 -2 -1
right_child=1 2 -4 -5 -6
leaf_value=0.0003779900063294917 0.00070644626882988642 -0.00048702791513368228 2.1936411258819952e-05 -0.00010900916855981839 0.0012596493307501077
leaf_weight=48 177 444 1360 110 42
leaf_count=48 177 444 1360 110 42
internal_value=5.64301e-07 -3.49222e-05 -0.00010373 0.000395311 0.00080787
internal_weight=2181 2091 1804 287 90
internal_count=2181 2091 1804 287 90
is_linear=0
shrinkage=0.04


Tree=56
num_leaves=8
num_cat=0
split_feature=87 59 35 109 42 40 110
split_gain=0.0372901 0.044643 0.0699229 0.053237 0.0176701 0.0251738 0.013307
threshold=1.8354878602211164 0.58839291647923786 -0.39070031398125998 0.47266176533477955 -0.22383777998591323 0.82511266810707584 0.31977599607623114
decision_type=2 2 2 2 2 2 2
left_child=1 3 -3 -1 6 -6 -2
right_child=4 2 -4 -5 5 -7 -8
leaf_value=-8.8788621688193022e-05 0.00035788146716852982 -0.00098715242526614699 5.3931854382629087e-05 0.00044316870347054394 -0.00058558056320518598 0.00073488433891907335 0.0013159981989831846
leaf_weight=1179 43 187 227 402 41 48 54
leaf_count=1179 43 187 227 402 41 48 54
internal_value=6.06596e-07 -5.00955e-05 -0.000418801 4.68609e-05 0.000539175 0.00012708 0.000907076
internal_weight=2181 1995 414 1581 186 89 97
internal_count=2181 1995 414 1581 186 89 97
is_linear=0
shrinkage=0.04


Tree=57
num_leaves=6
num_cat=0
split_feature=35 46 53 64 53
split_gain=0.0373746 0.0371014 0.0615443 0.0576667 0.0344689
threshold=0.92398864751114729 0.5202146107460438 -0.74999999999999989 0.59375195001889824 -1.0000000180025095e-35
decision_type=2 2 2 2 2
left_child=1 3 -3 -1 -2
right_child=4 2 -4 -5 -6
leaf_value=-0.0001664756680187653 5.5547123011506975e-05 0.0017448785324307645 0.00020267038760049378 0.00044845077203759963 -0.0012508939945099641
leaf_weight=1287 59 44 423 299 69
leaf_count=1287 59 44 423 299 69
internal_value=6.27931e-07 4.22364e-05 0.000354796 -5.01281e-05 -0.000657116
internal_weight=2181 2053 467 1586 128
internal_count=2181 2053 467 1586 128
is_linear=0
shrinkage=0.04


Tree=58
num_leaves=8
num_cat=0
split_feature=15 106 35 87 116 37 110
split_gain=0.0367187 0.0465687 0.0675639 0.0526533 0.017196 0.0302583 0.0106394
threshold=-0.80774562291931018 0.66651724395975342 -0.25951200704343963 0.77635159647215224 0.013012414002343127 0.73891062570038613 -0.49991178982836459
decision_type=2 2 2 2 2 2 2
left_child=4 3 -3 -2 6 -6 -1
right_child=1 2 -4 -5 5 -7 -8
leaf_value=0.0001919671123115612 -9.1036257108577403e-05 -0.0016340342959655183 -0.00014061262928345675 0.0005093449518354643 -0.00060956929606107769 0.00054148058133090247 0.00098099952709737029
leaf_weight=40 1387 68 159 279 55 100 93
leaf_count=40 1387 68 159 279 55 100 93
internal_value=6.40714e-07 -6.35063e-05 -0.000598345 9.99794e-06 0.000419804 0.000130481 0.000750056
internal_weight=2181 1893 227 1666 288 155 133
internal_count=2181 1893 227 1666 288 155 133
is_linear=0
shrinkage=0.04


Tree=59
num_leaves=5
num_cat=0
split_feature=60 35 117 117
split_gain=0.0359984 0.0363604 0.0699747 0.0487271
threshold=0.79614277755775287 0.63705199525063538 1.3662804318854846 0.49174707806206763
decision_type=2 2 2 2
left_child=1 2 -1 -3
right_child=-2 3 -4 -5
leaf_value=0.00016039204325906731 -0.0009052984877866145 -0.00064925596761850665 -0.0009553498214012699 0.00043333278196729699
leaf_weight=1691 66 241 93 90
leaf_count=1691 66 241 93 90
internal_value=6.0587e-07 2.97038e-05 0.000101224 -0.000354062
internal_weight=2181 2115 1784 331
internal_count=2181 2115 1784 331
is_linear=0
shrinkage=0.04


Tree=60
num_leaves=6
num_cat=0
split_feature=69 35 115 35 35
split_gain=0.0338045 0.050511 0.0495856 0.0311348 0.0359422
threshold=-1.2910248561314217 1.0679496814723635 0.68933880842728479 -0.57495790405071945 -1.2425534931904387
decision_type=2 2 2 2 2
left_child=3 2 -2 4 -1
right_child=1 -3 -4 -5 -6
leaf_value=0.0007346965468022973 6.458373307932572e-05 -0.0012871569934684566 -0.00053616810961449072 0.0012331482058820817 -0.00078078681927954048
leaf_weight=58 1720 49 250 63 41
leaf_count=58 1720 49 250 63 41
internal_value=5.11411e-07 -4.43079e-05 -1.21203e-05 0.000552821 0.000104039
internal_weight=2181 2019 1970 162 99
internal_count=2181 2019 1970 162 99
is_linear=0
shrinkage=0.04


Tree=61
num_leaves=8
num_cat=0
split_feature=41 105 115 39 69 68 44
split_gain=0.0342943 0.047296 0.0464537 0.0362412 0.0238077 0.0148701 0.010823
threshold=-0.8547858767847365 0.75644685401232625 0.92803246389065452 -0.089686325307370682 -1.0785932669603127 0.35905986003513762 0.51224149811787034
decision_type=2 2 2 2 2 2 2
left_child=4 2 -2 -3 6 -6 -1
right_child=1 3 -4 -5 5 -7 -8
leaf_value=0.0014538023691247439 8.857100036883905e-05 -0.0010458923127792288 -0.00075227582307977497 -0.00016125881933447918 0.00039784051470517643 -0.00041838666354306042 0.00049602614255577686
leaf_weight=40 1507 120 111 191 124 48 40
leaf_count=40 1507 120 111 191 124 48 40
internal_value=4.70008e-07 -5.70043e-05 3.00287e-05 -0.000507098 0.000437407 0.000167865 0.000998693
internal_weight=2181 1929 1618 311 252 172 80
internal_count=2181 1929 1618 311 252 172 80
is_linear=0
shrinkage=0.04


Tree=62
num_leaves=5
num_cat=0
split_feature=60 114 81 7
split_gain=0.0336423 0.034781 0.0385293 0.0217404
threshold=0.79614277755775287 -0.92412755441550387 0.17943801554322464 1.5258713652707503
decision_type=2 2 2 2
left_child=1 3 -3 -1
right_child=-2 2 -4 -5
leaf_value=0.00059921403242240432 -0.00087530246102045673 -0.00018222431288227758 0.00019111293471609915 -0.00038529953583641801
leaf_weight=231 66 1111 732 41
leaf_count=231 66 1111 732 41
internal_value=4.53347e-07 2.8583e-05 -3.38964e-05 0.000449084
internal_weight=2181 2115 1843 272
internal_count=2181 2115 1843 272
is_linear=0
shrinkage=0.04


Tree=63
num_leaves=8
num_cat=0
split_feature=110 40 117 12 59 42 80
split_gain=0.0330635 0.0494911 0.0521464 0.0480231 0.0451513 0.0423694 0.0323018
threshold=1.1103605505222791 0.80983908518614189 1.3384974376654801 -0.19895766281485819 1.1661195039011936 -0.59969249027758675 0.81729968178744039
decision_type=2 2 2 2 2 2 2
left_child=1 2 -1 5 -3 -2 -5
right_child=3 4 -4 6 -6 -7 -8
leaf_value=-9.1115392565773655e-05 -5.5765409567920003e-05 0.0010447990744040631 -0.0011848701682094843 -0.0007782132202973132 2.9263882897794247e-06 0.0015326561236518356 0.00042827768458108254
leaf_weight=1578 40 113 71 59 158 79 83
leaf_count=1578 40 113 71 59 158 79 83
internal_value=4.113e-07 -5.71476e-05 -0.000139587 0.000421048 0.000441832 0.00100664 -7.6857e-05
internal_weight=2181 1920 1649 261 271 119 142
internal_count=2181 1920 1649 261 271 119 142
is_linear=0
shrinkage=0.04


Tree=64
num_leaves=6
num_cat=0
split_feature=70 15 118 116 11
split_gain=0.0322418 0.0329973 0.0428506 0.0134052 0.00939567
threshold=-1.2509397603273815 -0.79015058963597007 0.42133877055163549 0.013012414002343127 1.0000000180025095e-35
decision_type=2 2 2 2 2
left_child=4 3 -3 -2 -1
right_child=1 2 -4 -5 -6
leaf_value=0.00032964945924550198 0.00064014721063854684 2.3711877446655272e-05 -0.0004142196842449803 9.4666423676683937e-05 0.0011586832195859063
leaf_weight=48 141 1314 489 147 42
leaf_count=48 141 1314 489 147 42
internal_value=4.27782e-07 -3.17872e-05 -9.53889e-05 0.000364298 0.00073331
internal_weight=2181 2091 1803 288 90
internal_count=2181 2091 1803 288 90
is_linear=0
shrinkage=0.04


Tree=65
num_leaves=7
num_cat=0
split_feature=82 40 64 39 14 111
split_gain=0.0322997 0.0502979 0.0430081 0.0388211 0.0293603 0.037923
threshold=-0.55804729874609349 0.91523902465597262 -0.77749891059122433 1.9237033390689542 0.46586605653394919 0.49199938535386095
decision_type=2 2 2 2 2 2
left_child=4 2 -2 -3 5 -1
right_child=1 3 -4 -5 -6 -7
leaf_value=-0.00079278995806816963 0.00043601925721504614 0.0009161822199162254 -0.00010851802565503726 -0.00031736983507024973 -0.0013957982498439068 0.00075490290775806425
leaf_weight=62 271 164 1546 53 45 40
leaf_count=62 271 164 1546 53 45 40
internal_value=4.77832e-07 4.20817e-05 -2.69118e-05 0.000614753 -0.000568021 -0.000183006
internal_weight=2181 2034 1817 217 147 102
internal_count=2181 2034 1817 217 147 102
is_linear=0
shrinkage=0.04


Tree=66
num_leaves=8
num_cat=0
split_feature=41 99 115 115 70 117 68
split_gain=0.0311507 0.0493456 0.047344 0.0359354 0.0282617 0.0397956 0.0144049
threshold=-0.70146536659414582 0.67738561930380026 0.80730986311722785 -0.21907166327230157 0.014440436444972693 1.3384974376654801 -0.41317740431243294
decision_type=2 2 2 2 2 2 2
left_child=4 2 -2 -3 5 -1 -6
right_child=1 3 -4 -5 6 -7 -8
leaf_value=0.00083104099426067543 9.1135671333205892e-05 -0.0016241257269645022 -0.00073079468152664946 -0.00035721540624780718 0.0003835765804440059 -0.0004699974039450605 -0.0004505838167063112
leaf_weight=197 1384 40 120 259 52 45 84
leaf_count=197 1384 40 120 259 52 45 84
internal_value=4.40126e-07 -6.88584e-05 2.46727e-05 -0.000536367 0.000329606 0.000587243 -0.000130703
internal_weight=2181 1803 1504 299 378 242 136
internal_count=2181 1803 1504 299 378 242 136
is_linear=0
shrinkage=0.04


Tree=67
num_leaves=5
num_cat=0
split_feature=60 35 117 53
split_gain=0.0311496 0.0318129 0.0555317 0.0531532
threshold=0.79614277755775287 0.63705199525063538 1.3662804318854846 -1.0000000180025095e-35
decision_type=2 2 2 2
left_child=1 2 -1 -3
right_child=-2 3 -4 -5
leaf_value=0.00014700867360568074 -0.00084235111155601993 0.00021735762314743955 -0.00084694748499283671 -0.0007949318499265763
leaf_weight=1691 66 152 93 179
leaf_count=1691 66 152 93 179
internal_value=3.37245e-07 2.74049e-05 9.43033e-05 -0.00033156
internal_weight=2181 2115 1784 331
internal_count=2181 2115 1784 331
is_linear=0
shrinkage=0.04


Tree=68
num_leaves=8
num_cat=0
split_feature=110 40 98 12 59 42 80
split_gain=0.0297108 0.0441667 0.0460534 0.0414171 0.0405371 0.0396724 0.0291432
threshold=1.1103605505222791 0.80983908518614189 0.70400570872634416 -0.19895766281485819 1.1661195039011936 -0.59969249027758675 0.81729968178744039
decision_type=2 2 2 2 2 2 2
left_child=1 2 -1 5 -3 -2 -5
right_child=3 4 -4 6 -6 -7 -8
leaf_value=-5.683805886509238e-05 -8.3809484383978318e-05 0.00098838616022333997 -0.00072511822995429309 -0.00072980516330629105 1.2048141070408748e-06 0.0014518372453375501 0.00041614955051730198
leaf_weight=1465 40 113 184 59 158 79 83
leaf_count=1465 40 113 184 59 158 79 83
internal_value=2.4607e-07 -5.43165e-05 -0.000132195 0.000398986 0.000417059 0.0009428 -6.35097e-05
internal_weight=2181 1920 1649 261 271 119 142
internal_count=2181 1920 1649 261 271 119 142
is_linear=0
shrinkage=0.04


Tree=69
num_leaves=7
num_cat=0
split_feature=82 40 35 47 39 93
split_gain=0.0307853 0.0443057 0.0411762 0.0386611 0.035328 0.0214367
threshold=-0.55804729874609349 0.91523902465597262 1.0679496814723635 -0.43639452042392807 1.9237033390689542 -0.79110259913190306
decision_type=2 2 2 2 2 2
left_child=3 2 -2 -1 -3 -5
right_child=1 4 -4 5 -6 -7
leaf_value=-0.0013075347014542093 6.7911376891855298e-06 0.00086595011275424332 -0.001205379526743301 0.00065684443115883147 -0.00031060533551499246 -0.00058057029653961457
leaf_weight=61 1773 164 44 40 53 46
leaf_count=61 1773 164 44 40 53 46
internal_value=2.82475e-07 4.08994e-05 -2.38555e-05 -0.000554729 0.000578376 -3.18077e-06
internal_weight=2181 2034 1817 147 217 86
internal_count=2181 2034 1817 147 217 86
is_linear=0
shrinkage=0.04


Tree=70
num_leaves=7
num_cat=0
split_feature=41 64 64 116 37 41
split_gain=0.0299465 0.0373816 0.0490756 0.045702 0.024767 0.00989945
threshold=-1.0214696826900338 -0.7508366958608802 0.45801049527262966 0.71812075226431815 0.9754443561342806 -1.2800085422489962
decision_type=2 2 2 2 2 2
left_child=4 3 -3 -2 5 -1
right_child=1 2 -4 -5 -6 -7
leaf_value=0.00068259566847700631 7.6258848246652634e-05 -0.00026623828976588964 0.00019485591198616756 0.0011511508817784487 0.0013401427270781081 -8.3149310175172046e-05
leaf_weight=42 258 1145 543 82 42 69
leaf_count=42 258 1145 543 82 42 69
internal_value=2.02481e-07 -4.07167e-05 -0.000117857 0.000340713 0.000536109 0.000213545
internal_weight=2181 2028 1688 340 153 111
internal_count=2181 2028 1688 340 153 111
is_linear=0
shrinkage=0.04


Tree=71
num_leaves=5
num_cat=0
split_feature=60 35 117 53
split_gain=0.0284073 0.029091 0.0504847 0.0488087
threshold=0.79614277755775287 0.63705199525063538 1.3662804318854846 -1.0000000180025095e-35
decision_type=2 2 2 2
left_child=1 2 -1 -3
right_child=-2 3 -4 -5
leaf_value=0.00014038217228781475 -0.00080443148203331093 0.00020889174532562544 -0.00080733118622906906 -0.00076114118822788544
leaf_weight=1691 66 152 93 179
leaf_count=1691 66 152 93 179
internal_value=3.07828e-07 2.61565e-05 9.01291e-05 -0.000317109
internal_weight=2181 2115 1784 331
internal_count=2181 2115 1784 331
is_linear=0
shrinkage=0.04


Tree=72
num_leaves=7
num_cat=0
split_feature=82 47 97 28 115 115
split_gain=0.0281066 0.0352474 0.0351017 0.0664071 0.0321926 0.020109
threshold=-0.55804729874609349 -0.43639452042392807 0.49010557996491649 1.7257312401745482 0.98999247568818272 -0.44806887989380584
decision_type=2 2 2 2 2 2
left_child=1 -1 4 -4 -2 -3
right_child=2 5 3 -5 -6 -7
leaf_value=-0.0012488968364362206 0.00018156029287833537 0.0006358172068194974 -0.00042027564411927464 0.0012312719334176808 -0.00048760218508541586 -0.00056266499023574089
leaf_weight=61 1452 40 418 41 123 46
leaf_count=61 1452 40 418 41 123 46
internal_value=2.21355e-07 -0.000530095 3.90311e-05 -0.00026805 0.00012875 -3.44996e-06
internal_weight=2181 147 2034 459 1575 86
internal_count=2181 147 2034 459 1575 86
is_linear=0
shrinkage=0.04


Tree=73
num_leaves=7
num_cat=0
split_feature=41 64 106 74 37 106
split_gain=0.0277384 0.0339611 0.0451953 0.0387784 0.0226172 0.0116871
threshold=-1.0214696826900338 -0.7508366958608802 0.47628647378799999 0.022788870434894297 0.9754443561342806 0.42038155464851984
decision_type=2 2 2 2 2 2
left_child=4 3 -3 -2 5 -1
right_child=1 2 -4 -5 -6 -7
leaf_value=-0.00010253105618774074 -0.00014179575454913989 -1.5432745374547329e-05 -0.00055263833211867289 0.00071227588235116745 0.0012843373426320878 0.00073684777731874171
leaf_weight=71 155 1384 304 185 42 40
leaf_count=71 155 1384 304 185 42 40
internal_value=1.87918e-07 -3.91938e-05 -0.00011272 0.000324367 0.000515959 0.000207636
internal_weight=2181 2028 1688 340 153 111
internal_count=2181 2028 1688 340 153 111
is_linear=0
shrinkage=0.04


Tree=74
num_leaves=6
num_cat=0
split_feature=64 73 110 104 48
split_gain=0.027197 0.0357422 0.0367549 0.0214313 0.00867742
threshold=1.097968735230727 -1.1896239851443213 1.1210116007806892 0.0086501553472389872 0.38854103125351719
decision_type=2 2 2 2 2
left_child=1 4 -3 -2 -1
right_child=3 2 -4 -5 -6
leaf_value=-0.0011761380310113332 -0.00010055330648486103 -5.6869694681261822e-05 0.00049236669737877088 0.001068153802065574 -0.00035669642500579357
leaf_weight=47 40 1773 217 64 40
leaf_count=47 40 1773 217 64 40
internal_value=2.508e-07 -3.16149e-05 3.45612e-06 0.000625235 -0.000815865
internal_weight=2181 2077 1990 104 87
internal_count=2181 2077 1990 104 87
is_linear=0
shrinkage=0.04


Tree=75
num_leaves=7
num_cat=0
split_feature=15 106 33 87 73 116
split_gain=0.0274342 0.0347552 0.063927 0.0399029 0.0170276 0.0216822
threshold=-0.81929382966995445 0.66651724395975342 0.55095571128408904 0.77635159647215224 0.84337501582389662 0.013012414002343127
decision_type=2 2 2 2 2 2
left_child=4 3 -3 -2 5 -1
right_child=1 2 -4 -5 -6 -7
leaf_value=0.00056821924166764479 -7.8844670506102849e-05 -0.0009836779167711608 0.00043153566284129371 0.00044205301323397146 0.00089059068732485927 -0.0002442405822440189
leaf_weight=108 1394 152 75 281 72 99
leaf_count=108 1394 152 75 281 72 99
internal_value=2.36014e-07 -5.42144e-05 -0.000516411 8.96472e-06 0.00036918 0.000181033
internal_weight=2181 1902 227 1675 279 207
internal_count=2181 1902 227 1675 279 207
is_linear=0
shrinkage=0.04


Tree=76
num_leaves=6
num_cat=0
split_feature=35 24 82 26 25
split_gain=0.0262418 0.0349241 0.0639012 0.0452376 0.0294199
threshold=0.99207147427651943 0.61017948453458326 1.2050476861933126 0.64062297271882795 0.76902454259455144
decision_type=2 2 2 2 2
left_child=1 3 -3 -1 -2
right_child=4 2 -4 -5 -6
leaf_value=4.9435047173656085e-05 0.00016996579851175466 0.00013690284491897994 0.0015971690737642348 -0.00050576076524796152 -0.0012276087400683187
leaf_weight=1510 41 241 58 276 55
leaf_count=1510 41 241 58 276 55
internal_value=2.64162e-07 3.03027e-05 0.000428895 -3.6832e-05 -0.00063944
internal_weight=2181 2085 299 1786 96
internal_count=2181 2085 299 1786 96
is_linear=0
shrinkage=0.04


Tree=77
num_leaves=4
num_cat=0
split_feature=28 60 106
split_gain=0.0269196 0.026511 0.0257951
threshold=-0.78834809333326239 0.79614277755775287 0.66651724395975342
decision_type=2 2 2
left_child=-1 2 -2
right_child=1 -3 -4
leaf_value=-0.00094668050177712396 0.00010260270010207144 -0.00076206924706530667 -0.00030714036891923139
leaf_weight=45 1788 65 283
leaf_count=45 1788 65 283
internal_value=2.61661e-07 2.10782e-05 4.63694e-05
internal_weight=2181 2136 2071
internal_count=2181 2136 2071
is_linear=0
shrinkage=0.04


Tree=78
num_leaves=6
num_cat=0
split_feature=70 63 60 94 11
split_gain=0.0259791 0.02846 0.0478764 0.0231916 0.00764846
threshold=-1.2509397603273815 0.80614276338546231 0.75566469005608072 -0.13106524055794747 1.0000000180025095e-35
decision_type=2 2 2 2 2
left_child=4 2 -2 -3 -1
right_child=1 3 -4 -5 -6
leaf_value=0.00029404609957709913 -5.2742524340466449e-05 2.4059561577936014e-05 -0.0013884682470763272 0.00077618314203129445 0.0010417713194196536
leaf_weight=48 1785 148 42 116 42
leaf_count=48 1785 148 42 116 42
internal_value=1.81078e-07 -2.87362e-05 -8.49336e-05 0.000357889 0.000658046
internal_weight=2181 2091 1827 264 90
internal_count=2181 2091 1827 264 90
is_linear=0
shrinkage=0.04


Tree=79
num_leaves=7
num_cat=0
split_feature=82 47 97 28 14 115
split_gain=0.0251256 0.0316226 0.0283803 0.0572044 0.0303917 0.0188192
threshold=-0.55804729874609349 -0.43639452042392807 0.49010557996491649 1.7257312401745482 0.90170990843553922 -0.44806887989380584
decision_type=2 2 2 2 2 2
left_child=1 -1 4 -4 -2 -3
right_child=2 5 3 -5 -6 -7
leaf_value=-0.0011820454129742252 5.5841338719906367e-05 0.0006160097292740829 -0.00038054798646702521 0.001152220435202295 0.00061784079181793482 -0.00054339963399494689
leaf_weight=61 1404 40 418 41 171 46
leaf_count=61 1404 40 418 41 171 46
internal_value=1.99299e-07 -0.000501206 3.68933e-05 -0.000239229 0.000117565 -2.39516e-06
internal_weight=2181 147 2034 459 1575 86
internal_count=2181 147 2034 459 1575 86
is_linear=0
shrinkage=0.04


Tree=80
num_leaves=7
num_cat=0
split_feature=15 106 35 87 73 116
split_gain=0.0250673 0.0292166 0.060395 0.0362341 0.0154956 0.0197568
threshold=-0.81929382966995445 0.66651724395975342 -0.25951200704343963 0.77635159647215224 0.84337501582389662 0.013012414002343127
decision_type=2 2 2 2 2 2
left_child=4 3 -3 -2 5 -1
right_child=1 2 -4 -5 -6 -7
leaf_value=0.00054297424763949083 -7.7588182864988902e-05 -0.0014546570048800537 -4.4037486594286029e-05 0.00041878530396006233 0.00085027986892020782 -0.00023257876361379087
leaf_weight=108 1394 68 159 281 72 99
leaf_count=108 1394 68 159 281 72 99
internal_value=2.03635e-07 -5.1845e-05 -0.000475616 6.08416e-06 0.000352873 0.000173381
internal_weight=2181 1902 227 1675 279 207
internal_count=2181 1902 227 1675 279 207
is_linear=0
shrinkage=0.04


Tree=81
num_leaves=7
num_cat=0
split_feature=35 24 82 26 76 24
split_gain=0.0243599 0.0339613 0.0609021 0.038079 0.0274871 0.0109348
threshold=0.92398864751114729 0.6318127781261742 1.1844839309133002 0.64062297271882795 0.64885527095315287 0.7147058312606579
decision_type=2 2 2 2 2 2
left_child=1 3 -3 -1 5 -2
right_child=4 2 -4 -5 -6 -7
leaf_value=5.0456135003968196e-05 -0.00045457210369585527 0.00014422361320767427 0.001641898216510361 -0.00045804149738269256 0.00024560992023907601 -0.001402357787063176
leaf_weight=1514 40 209 53 277 46 42
leaf_count=1514 40 209 53 277 46 42
internal_value=1.95608e-07 3.37876e-05 0.000457332 -2.86124e-05 -0.000530819 -0.000961854
internal_weight=2181 2053 262 1791 128 82
internal_count=2181 2053 262 1791 128 82
is_linear=0
shrinkage=0.04


Tree=82
num_leaves=5
num_cat=0
split_feature=41 64 116 64
split_gain=0.0241995 0.0267838 0.0396716 0.0396086
threshold=-1.2800085422489962 -0.7508366958608802 0.71812075226431815 0.45801049527262966
decision_type=2 2 2 2
left_child=-1 2 -2 -3
right_child=1 3 -4 -5
leaf_value=0.00082096781361282666 5.160305724969835e-05 -0.0002146534798474899 0.0010262780138186776 0.00019045896609947102
leaf_weight=54 269 1205 87 566
leaf_count=54 269 1205 87 566
internal_value=1.79254e-07 -2.14105e-05 0.000294199 -8.51134e-05
internal_weight=2181 2127 356 1771
internal_count=2181 2127 356 1771
is_linear=0
shrinkage=0.04


Tree=83
num_leaves=4
num_cat=0
split_feature=28 18 114
split_gain=0.0238415 0.0227182 0.0236263
threshold=-0.78834809333326239 -1.0287926366022508 -1.1026364063356011
decision_type=2 2 2
left_child=-1 -2 -3
right_child=1 2 -4
leaf_value=-0.00089092031913868934 0.00088953538223149927 0.00041722868598151368 -4.2994377851996926e-05
leaf_weight=45 45 195 1896
leaf_count=45 45 195 1896
internal_value=2.40783e-07 1.98311e-05 2.82237e-07
internal_weight=2181 2136 2091
internal_count=2181 2136 2091
is_linear=0
shrinkage=0.04


Tree=84
num_leaves=5
num_cat=0
split_feature=70 63 63 116
split_gain=0.0237407 0.0247834 0.029342 0.0289974
threshold=-1.2954425639514924 -1.284844850452233 0.80614276338546231 -0.32549319865335946
decision_type=2 2 2 2
left_child=-1 3 -3 -2
right_child=1 2 -4 -5
leaf_value=0.00075324032928508061 -7.8623148320700918e-05 -0.00011593566361210301 0.00033519346856939277 0.0011677813598633571
leaf_weight=63 60 1737 264 57
leaf_count=63 60 1737 264 57
internal_value=2.44815e-07 -2.28425e-05 -5.61411e-05 0.000538021
internal_weight=2181 2118 2001 117
internal_count=2181 2118 2001 117
is_linear=0
shrinkage=0.04


Tree=85
num_leaves=5
num_cat=0
split_feature=42 110 40 40
split_gain=0.0233198 0.0252606 0.040386 0.0346946
threshold=-1.2996287234364992 1.1103605505222791 0.80983908518614189 0.58771855002815909
decision_type=2 2 2 2
left_child=-1 2 -2 -3
right_child=1 3 -4 -5
leaf_value=0.00088166590958358132 -0.00014655005551157414 0.00064169993820814369 0.00038134089597080734 -0.0003647319456108679
leaf_weight=45 1606 185 269 76
leaf_count=45 1606 185 269 76
internal_value=3.10576e-07 -1.90647e-05 -7.04897e-05 0.000348094
internal_weight=2181 2136 1875 261
internal_count=2181 2136 1875 261
is_linear=0
shrinkage=0.04


Tree=86
num_leaves=5
num_cat=0
split_feature=60 35 109 104
split_gain=0.0228202 0.0247228 0.0438336 0.040328
threshold=0.79614277755775287 0.63705199525063538 0.47266176533477955 0.87187510824167114
decision_type=2 2 2 2
left_child=1 2 -1 -3
right_child=-2 3 -4 -5
leaf_value=-2.9739725194537658e-05 -0.00072092527016887769 -0.00050060429854656234 0.00043225324571097518 0.00063096631975514028
leaf_weight=1352 66 271 432 60
leaf_count=1352 66 271 432 60
internal_value=3.49217e-07 2.35169e-05 8.24918e-05 -0.000292928
internal_weight=2181 2115 1784 331
internal_count=2181 2115 1784 331
is_linear=0
shrinkage=0.04


Tree=87
num_leaves=6
num_cat=0
split_feature=64 73 110 80 48
split_gain=0.022494 0.0322417 0.0283529 0.0132342 0.00828675
threshold=1.1854402241645416 -1.1896239851443213 1.1210116007806892 -0.20673565749419262 0.38854103125351719
decision_type=2 2 2 2 2
left_child=1 4 -3 -2 -1
right_child=3 2 -4 -5 -6
leaf_value=-0.0011240462123948548 0.0011302106239877287 -4.7338578580574326e-05 0.00043301696386962614 0.00018284911065009134 -0.00032537543758822031
leaf_weight=47 40 1779 219 56 40
leaf_count=47 40 1779 219 56 40
internal_value=3.28357e-07 -2.74831e-05 5.69337e-06 0.000592593 -0.000772405
internal_weight=2181 2085 1998 96 87
internal_count=2181 2085 1998 96 87
is_linear=0
shrinkage=0.04


Tree=88
num_leaves=7
num_cat=0
split_feature=82 40 98 39 14 111
split_gain=0.022315 0.0329404 0.035538 0.0324438 0.0251539 0.0282755
threshold=-0.55804729874609349 0.91523902465597262 0.70400570872634416 1.9237033390689542 0.46586605653394919 0.49199938535386095
decision_type=2 2 2 2 2 2
left_child=4 2 -2 -3 5 -1
right_child=1 3 -4 -5 -6 -7
leaf_value=-0.0006441796985745896 4.9093761382190137e-05 0.00077412519128663537 -0.00046698261276245694 -0.00035212713507247495 -0.0012381043663605097 0.00069190044599097404
leaf_weight=62 1572 164 245 53 45 40
leaf_count=62 1572 164 245 53 45 40
internal_value=3.2436e-07 3.4905e-05 -2.09297e-05 0.000498346 -0.000472205 -0.000116997
internal_weight=2181 2034 1817 217 147 102
internal_count=2181 2034 1817 217 147 102
is_linear=0
shrinkage=0.04


Tree=89
num_leaves=7
num_cat=0
split_feature=41 64 14 116 37 106
split_gain=0.0225724 0.0264561 0.0406193 0.0323496 0.018672 0.0114237
threshold=-1.0214696826900338 -0.77749891059122433 -0.85345825606344061 0.71812075226431815 0.9754443561342806 0.42038155464851984
decision_type=2 2 2 2 2 2
left_child=4 3 -3 -2 5 -1
right_child=1 2 -4 -5 -6 -7
leaf_value=-0.00012071978201936575 7.0514346018993117e-05 0.00046014846804531752 -0.00016608960382048584 0.0010060503239480731 0.0011636615445075387 0.00070880349459392683
leaf_weight=71 246 184 1522 76 42 40
leaf_count=71 246 184 1522 76 42 40
internal_value=2.67912e-07 -3.52579e-05 -9.80872e-05 0.000296171 0.000465537 0.000185462
internal_weight=2181 2028 1706 322 153 111
internal_count=2181 2028 1706 322 153 111
is_linear=0
shrinkage=0.04


Tree=90
num_leaves=7
num_cat=0
split_feature=42 115 34 104 28 80
split_gain=0.0214572 0.0308331 0.069116 0.0467149 0.0265433 0.0297847
threshold=-0.7965551205785778 1.0340226459865811 0.40865575537417204 0.89156713212933625 -0.56547672211704769 -0.23237030192095579
decision_type=2 2 2 2 2 2
left_child=4 3 -3 -2 -1 -6
right_child=1 2 -4 -5 5 -7
leaf_value=-0.00057867252563786073 -6.0593049989374769e-05 -0.0011228425511150459 0.00079309226418401864 0.00067920144200450021 -1.3747645983178364e-05 0.00093794457597103868
leaf_weight=40 1635 107 40 147 93 119
leaf_count=40 1635 107 40 147 93 119
internal_value=3.71622e-07 -4.50905e-05 -0.000597852 1.12679e-06 0.000345988 0.00052423
internal_weight=2181 1929 147 1782 252 212
internal_count=2181 1929 147 1782 252 212
is_linear=0
shrinkage=0.04


Tree=91
num_leaves=6
num_cat=0
split_feature=35 41 118 110 25
split_gain=0.0222908 0.0305469 0.0400658 0.034529 0.024559
threshold=0.99207147427651943 0.57178351756465939 -0.5765073385486873 1.1103605505222791 0.76902454259455144
decision_type=2 2 2 2 2
left_child=1 3 -3 -1 -2
right_child=4 2 -4 -5 -6
leaf_value=-0.00011527066105005181 0.00015052231245262678 -0.00032828137123336397 0.00058447716743103228 0.00042296120998998213 -0.0011265691021751416
leaf_weight=1475 41 103 290 217 55
leaf_count=1475 41 103 290 217 55
internal_value=3.80004e-07 2.80649e-05 0.000344805 -4.58242e-05 -0.000589204
internal_weight=2181 2085 393 1692 96
internal_count=2181 2085 393 1692 96
is_linear=0
shrinkage=0.04


Tree=92
num_leaves=5
num_cat=0
split_feature=41 45 114 14
split_gain=0.0212232 0.0228496 0.041599 0.0316735
threshold=-1.2800085422489962 5.9088167615006713 1.48206507793946 0.38997169376708357
decision_type=2 2 2 2
left_child=-1 2 -2 -3
right_child=1 3 -4 -5
leaf_value=0.0007690086678069617 -1.5958165424249418e-05 -0.00019827540037627129 -0.0010601211121926705 0.0012520889740643235
leaf_weight=54 1972 44 61 50
leaf_count=54 1972 44 61 50
internal_value=3.497e-07 -1.9869e-05 -4.82993e-05 0.000583208
internal_weight=2181 2127 2033 94
internal_count=2181 2127 2033 94
is_linear=0
shrinkage=0.04


Tree=93
num_leaves=4
num_cat=0
split_feature=40 40 42
split_gain=0.0212258 0.0338848 0.0245844
threshold=-1.0928614119894047 -0.94460249130374974 -0.7965551205785778
decision_type=2 2 2
left_child=-1 -2 -3
right_child=1 2 -4
leaf_value=0.0008412184968016091 -0.00098909057443961499 0.00038267198016490932 -4.2346700508147288e-05
leaf_weight=45 54 245 1837
leaf_count=45 54 245 1837
internal_value=3.63076e-07 -1.81219e-05 7.98675e-06
internal_weight=2181 2136 2082
internal_count=2181 2136 2082
is_linear=0
shrinkage=0.04


Tree=94
num_leaves=5
num_cat=0
split_feature=85 35 53 69
split_gain=0.0206549 0.0238829 0.052558 0.042399
threshold=2.533159181688343 -0.60466331410763052 0.41666666666666669 -1.1190671234559912
decision_type=2 2 2 2
left_child=1 2 -1 -3
right_child=-2 3 -4 -5
leaf_value=3.9408664167103921e-06 0.00075865205202717333 0.00090550909972410981 -0.00092776233359894626 3.3814869275420798e-06
leaf_weight=325 54 86 136 1580
leaf_count=325 54 86 136 1580
internal_value=3.55607e-07 -1.95905e-05 -0.000273742 5.09798e-05
internal_weight=2181 2127 461 1666
internal_count=2181 2127 461 1666
is_linear=0
shrinkage=0.04


Tree=95
num_leaves=6
num_cat=0
split_feature=64 73 60 80 48
split_gain=0.0206796 0.0282535 0.0276703 0.0120054 0.00691742
threshold=1.1854402241645416 -1.1896239851443213 0.79614277755775287 -0.20673565749419262 0.38854103125351719
decision_type=2 2 2 2 2
left_child=1 4 -3 -2 -1
right_child=3 2 -4 -5 -6
leaf_value=-0.0010452102852643145 0.0010803309157268986 2.9514297233472314e-05 -0.00088841185555254393 0.00017782830585051198 -0.00031398830145397893
leaf_weight=47 40 1946 52 56 40
leaf_count=47 40 1946 52 56 40
internal_value=3.68639e-07 -2.62977e-05 4.75981e-06 0.000568244 -0.000723627
internal_weight=2181 2085 1998 96 87
internal_count=2181 2085 1998 96 87
is_linear=0
shrinkage=0.04


Tree=96
num_leaves=7
num_cat=0
split_feature=35 24 82 26 109 11
split_gain=0.0206314 0.0286284 0.0508934 0.0388056 0.0268392 0.0129155
threshold=0.93604654611821536 0.61017948453458326 1.2050476861933126 0.64062297271882795 -0.33304146724652645 -0.40120971958839319
decision_type=2 2 2 2 2 2
left_child=1 3 -3 -1 -2 -6
right_child=4 2 -4 -5 5 -7
leaf_value=5.0697315235984234e-05 0.00033009380811736697 0.00013099362319167582 0.0014600877394971984 -0.00046448276825909024 -0.00038320458771306132 -0.0014141418288151422
leaf_weight=1503 40 227 56 275 40 40
leaf_count=1503 40 227 56 275 40 40
internal_value=3.18714e-07 3.02086e-05 0.000402395 -2.9417e-05 -0.00050512 -0.000920592
internal_weight=2181 2061 283 1778 120 80
internal_count=2181 2061 283 1778 120 80
is_linear=0
shrinkage=0.04


Tree=97
num_leaves=5
num_cat=0
split_feature=28 35 41 109
split_gain=0.0203224 0.0195141 0.024599 0.0199575
threshold=-0.78834809333326239 1.0186170990237431 0.57178351756465939 -0.061951437224267464
decision_type=2 2 2 2
left_child=-1 2 -2 -3
right_child=1 3 -4 -5
leaf_value=-0.00082247139767129376 -2.5420149399566534e-05 5.022004379757813e-05 0.0003240324265869276 -0.0011958067058142096
leaf_weight=45 1658 40 398 40
leaf_count=45 1658 40 398 40
internal_value=2.9534e-07 1.83821e-05 4.2476e-05 -0.000586764
internal_weight=2181 2136 2056 80
internal_count=2181 2136 2056 80
is_linear=0
shrinkage=0.04


Tree=98
num_leaves=7
num_cat=0
split_feature=41 99 115 115 110 13
split_gain=0.0201725 0.0302172 0.0352899 0.0298468 0.019814 0.0252846
threshold=-0.8547858767847365 0.67738561930380026 0.71913446620408461 -0.21907166327230157 -0.35438785038517051 0.86402191537353579
decision_type=2 2 2 2 2 2
left_child=4 2 -2 -3 -1 -6
right_child=1 3 -4 -5 5 -7
leaf_value=-0.00025446965297519725 9.265562579900154e-05 -0.0013784905217674582 -0.00050901503253262485 -0.00024400467513388183 0.00079828148858685942 -0.00029493936917020214
leaf_weight=66 1433 41 173 282 143 43
leaf_count=66 1433 41 173 282 143 43
internal_value=2.22345e-07 -4.38577e-05 2.72905e-05 -0.000395607 0.000335333 0.000545099
internal_weight=2181 1929 1606 323 252 186
internal_count=2181 1929 1606 323 252 186
is_linear=0
shrinkage=0.04


Tree=99
num_leaves=5
num_cat=0
split_feature=18 64 26 46
split_gain=0.0198073 0.0217237 0.0389918 0.0367045
threshold=-1.0287926366022508 0.51794716638041016 0.64996212027002764 0.71442172794871583
decision_type=2 2 2 2
left_child=-1 3 -3 -2
right_child=1 2 -4 -5
leaf_value=0.0008124209577316775 -0.00018415322348435098 0.0003754876573270626 -0.00058602553366878885 0.00027768537419498566
leaf_weight=45 1304 406 79 347
leaf_count=45 1304 406 79 347
internal_value=1.47855e-07 -1.77086e-05 0.000217107 -8.68675e-05
internal_weight=2181 2136 485 1651
internal_count=2181 2136 485 1651
is_linear=0
shrinkage=0.04


Tree=100
num_leaves=5
num_cat=0
split_feature=70 114 112 10
split_gain=0.019737 0.0213241 0.0303294 0.0144314
threshold=-1.2954425639514924 -1.1026364063356011 -0.4517330627043496 0.92565226204145956
decision_type=2 2 2 2
left_child=-1 3 -3 -2
right_child=1 2 -4 -5
leaf_value=0.00068673882017341941 0.00056878312097784754 -0.00033193007001850323 3.1647548945736663e-05 -0.00020908737573056266
leaf_weight=63 148 492 1428 50
leaf_count=63 148 492 1428 50
internal_value=1.67425e-07 -2.08833e-05 -6.17677e-05 0.000372225
internal_weight=2181 2118 1920 198
internal_count=2181 2118 1920 198
is_linear=0
shrinkage=0.04


Tree=101
num_leaves=5
num_cat=0
split_feature=85 35 86 69
split_gain=0.0194385 0.0209202 0.0570607 0.0408568
threshold=2.533159181688343 -0.63746879921170063 0.68416176149228181 -1.1190671234559912
decision_type=2 2 2 2
left_child=1 2 -1 -3
right_child=-2 3 -4 -5
leaf_value=8.338001188937271e-05 0.00073581766052874243 0.00087452064992652996 -0.00085323021627228823 -1.4499946086500982e-06
leaf_weight=281 54 88 163 1595
leaf_count=281 54 88 163 1595
internal_value=1.88073e-07 -1.91617e-05 -0.00026275 4.5336e-05
internal_weight=2181 2127 444 1683
internal_count=2181 2127 444 1683
is_linear=0
shrinkage=0.04


Tree=102
num_leaves=4
num_cat=0
split_feature=40 40 42
split_gain=0.0192646 0.0407429 0.0215203
threshold=-1.0219615724144127 -0.94460249130374974 -0.7965551205785778
decision_type=2 2 2
left_child=-1 -2 -3
right_child=1 2 -4
leaf_value=0.00073254411233522523 -0.0011836869923516791 0.00035779171994098312 -3.9859966056057658e-05
leaf_weight=54 45 245 1837
leaf_count=54 45 245 1837
internal_value=2.11296e-07 -1.90518e-05 7.23228e-06
internal_weight=2181 2127 2082
internal_count=2181 2127 2082
is_linear=0
shrinkage=0.04


Tree=103
num_leaves=7
num_cat=0
split_feature=87 14 112 78 14 118
split_gain=0.0184795 0.0228772 0.022483 0.0560782 0.0261934 0.00960939
threshold=2.1242102196936568 -0.09263850902121902 -0.4517330627043496 -0.3942104237723924 0.60081398982467127 0.53804445923272726
decision_type=2 2 2 2 2 2
left_child=2 -2 3 -1 -4 -3
right_child=1 5 4 -5 -6 -7
leaf_value=-0.00091285079433238957 -0.00023169037139148644 0.00033091713707627992 -4.0445047820184827e-05 3.401201769807621e-06 0.00036106288185255397 0.0011782581951522914
leaf_weight=147 51 40 1184 378 331 50
leaf_count=147 51 40 1184 378 331 50
internal_value=1.97965e-07 0.000439779 -3.05858e-05 -0.00025564 4.76375e-05 0.000817043
internal_weight=2181 141 2040 525 1515 90
internal_count=2181 141 2040 525 1515 90
is_linear=0
shrinkage=0.04


Tree=104
num_leaves=6
num_cat=0
split_feature=63 64 26 111 112
split_gain=0.0188084 0.0235439 0.0353287 0.0351755 0.0214888
threshold=-1.284844850452233 0.51794716638041016 0.64996212027002764 0.42653182277265561 -0.036460260419047867
decision_type=2 2 2 2 2
left_child=4 3 -3 -2 -1
right_child=1 2 -4 -5 -6
leaf_value=-0.00021635159739849365 -0.00024225098623215758 0.00035882536200826642 -0.00055445061145741265 0.00015489424775349465 0.00089409758064185128
leaf_weight=43 1022 417 79 546 74
leaf_count=43 1022 417 79 546 74
internal_value=2.15281e-07 -2.79505e-05 0.000211722 -0.000103938 0.000489207
internal_weight=2181 2064 496 1568 117
internal_count=2181 2064 496 1568 117
is_linear=0
shrinkage=0.04


Tree=105
num_leaves=5
num_cat=0
split_feature=28 7 87 37
split_gain=0.0183647 0.0184333 0.0270207 0.0247117
threshold=-0.78834809333326239 -0.093986023653419168 1.9113730527013935 0.31012352279725891
decision_type=2 2 2 2
left_child=-1 3 -3 -2
right_child=1 2 -4 -5
leaf_value=-0.00078191322948228806 7.6763320724818513e-05 -0.00015637506317728103 0.00041724572614766658 0.00072323726023934684
leaf_weight=45 823 1060 148 105
leaf_count=45 823 1060 148 105
internal_value=2.21139e-07 1.74147e-05 -8.55235e-05 0.000151308
internal_weight=2181 2136 1208 928
internal_count=2181 2136 1208 928
is_linear=0
shrinkage=0.04


Tree=106
num_leaves=8
num_cat=0
split_feature=15 106 35 115 116 37 104
split_gain=0.0181899 0.0248845 0.0510654 0.0282806 0.0131234 0.0202762 0.00767174
threshold=-0.81929382966995445 0.66651724395975342 -0.25951200704343963 0.92803246389065452 0.013012414002343127 0.73891062570038613 -0.51942177675575862
decision_type=2 2 2 2 2 2 2
left_child=4 3 -3 -2 6 -6 -1
right_child=1 2 -4 -5 5 -7 -8
leaf_value=0.00022077043475419804 5.8652173026060853e-05 -0.001335459419659206 -3.8389844837257215e-05 -0.00053709553594855097 -0.00057250317114151343 0.00038718132833161445 0.00084987790731247512
leaf_weight=55 1538 68 159 137 53 96 75
leaf_count=55 1538 68 159 137 53 96 75
internal_value=2.22516e-07 -4.41149e-05 -0.000435209 9.34291e-06 0.000300643 4.27556e-05 0.000591095
internal_weight=2181 1902 227 1675 279 149 130
internal_count=2181 1902 227 1675 279 149 130
is_linear=0
shrinkage=0.04


Tree=107
num_leaves=5
num_cat=0
split_feature=60 35 53 117
split_gain=0.0179358 0.0220098 0.039134 0.0367977
threshold=0.79614277755775287 0.63705199525063538 -1.0000000180025095e-35 1.3384974376654801
decision_type=2 2 2 2
left_child=1 3 -3 -1
right_child=-2 2 -4 -5
leaf_value=0.00012091593198407068 -0.00063926362514714981 0.00019307351939897233 -0.00067547032392830774 -0.0006615545709306996
leaf_weight=1684 66 152 179 100
leaf_count=1684 66 152 179 100
internal_value=1.78178e-07 2.07175e-05 -0.000277858 7.63638e-05
internal_weight=2181 2115 331 1784
internal_count=2181 2115 331 1784
is_linear=0
shrinkage=0.04


Tree=108
num_leaves=7
num_cat=0
split_feature=41 105 115 63 110 94
split_gain=0.0176213 0.0259515 0.0317033 0.0290053 0.0183126 0.0168821
threshold=-0.8547858767847365 0.88287854876479011 1.0340226459865811 -0.1511666237680741 -0.33085490894385478 0.36991548494206777
decision_type=2 2 2 2 2 2
left_child=4 2 -2 -3 -1 -6
right_child=1 3 -4 -5 5 -7
leaf_value=-0.00024792513612698276 5.7447313126679825e-05 0.00016450081562810657 -0.00072677146434655478 -0.00072042793592931153 0.00079446633747152855 -3.525085969647365e-06
leaf_weight=67 1586 90 85 168 120 65
leaf_count=67 1586 90 85 168 120 65
internal_value=1.10133e-07 -4.10883e-05 1.67347e-05 -0.000412841 0.000313314 0.000517052
internal_weight=2181 1929 1671 258 252 185
internal_count=2181 1929 1671 258 252 185
is_linear=0
shrinkage=0.04


Tree=109
num_leaves=5
num_cat=0
split_feature=79 81 40 25
split_gain=0.017751 0.0213334 0.0486485 0.0346199
threshold=-1.9446777707103235 0.17943801554322464 -0.3752397865077361 1.0466999085620394
decision_type=2 2 2 2
left_child=-1 3 -3 -2
right_child=1 2 -4 -5
leaf_value=0.00076903481363378311 -6.3926604704256731e-05 -0.00026880514530855561 0.00035414517813456221 -0.00087815176594206918
leaf_weight=45 1173 308 567 88
leaf_count=45 1173 308 567 88
internal_value=8.07275e-08 -1.68234e-05 0.000134754 -0.000122049
internal_weight=2181 2136 875 1261
internal_count=2181 2136 875 1261
is_linear=0
shrinkage=0.04


Tree=110
num_leaves=7
num_cat=0
split_feature=64 46 53 61 31 112
split_gain=0.0178275 0.0339486 0.0439101 0.0380691 0.0296925 0.031739
threshold=0.5999265298688331 0.71442172794871583 -0.74999999999999989 -1.1432739678550246 0.78714434016017332 0.33910348535720186
decision_type=2 2 2 2 2 2
left_child=1 3 -3 -1 5 -2
right_child=4 2 -4 -5 -6 -7
leaf_value=0.00048564786646106833 0.00055117470047257987 0.0014996082841285639 0.0001282836707862283 -0.00021428804142671417 -0.00065377328947831227 -0.00042394969083199444
leaf_weight=136 286 40 343 1262 50 64
leaf_count=136 286 40 343 1262 50 64
internal_value=7.42825e-08 -5.41779e-05 0.000278549 -0.0001456 0.0002407 0.000371471
internal_weight=2181 1781 383 1398 400 350
internal_count=2181 1781 383 1398 400 350
is_linear=0
shrinkage=0.04


Tree=111
num_leaves=5
num_cat=0
split_feature=42 114 35 11
split_gain=0.0173069 0.0182954 0.0214129 0.0129685
threshold=-1.2996287234364992 -1.1026364063356011 -0.63746879921170063 -0.55553637636623787
decision_type=2 2 2 2
left_child=-1 3 -3 -2
right_child=1 2 -4 -5
leaf_value=0.00075939680422418461 0.00093901118056079289 -0.00031144767961343271 1.458183000409008e-05 0.00016917071241716094
leaf_weight=45 44 406 1534 152
leaf_count=45 44 406 1534 152
internal_value=1.21618e-07 -1.65698e-05 -5.38996e-05 0.000349731
internal_weight=2181 2136 1940 196
internal_count=2181 2136 1940 196
is_linear=0
shrinkage=0.04


Tree=112
num_leaves=5
num_cat=0
split_feature=45 114 33 69
split_gain=0.017206 0.0374479 0.0263183 0.0257601
threshold=5.9088167615006713 1.48206507793946 0.15746060511950988 -1.2910248561314217
decision_type=2 2 2 2
left_child=1 3 -2 -1
right_child=2 -3 -4 -5
leaf_value=0.00056220999290701001 -0.00013222465247107561 -0.00097677179801394223 0.0011739533660667283 -3.057969815936772e-05
leaf_weight=123 49 62 47 1900
leaf_count=123 49 62 47 1900
internal_value=1.74313e-07 -2.41494e-05 0.000518166 5.98206e-06
internal_weight=2181 2085 96 2023
internal_count=2181 2085 96 2023
is_linear=0
shrinkage=0.04


Tree=113
num_leaves=5
num_cat=0
split_feature=80 98 106 28
split_gain=0.0168613 0.0196418 0.0382082 0.0300795
threshold=3.192342685606544 0.086650509864798386 0.66651724395975342 1.6079616617059127
decision_type=2 2 2 2
left_child=1 3 -3 -1
right_child=-2 2 -4 -5
leaf_value=-0.00017375000449992395 0.00057016984029905867 0.00018711978315288927 -0.00072588603809708736 0.00090501343907225271
leaf_weight=1101 78 883 78 41
leaf_count=1101 78 883 78 41
internal_value=1.89205e-07 -2.14729e-05 0.000111662 -0.000133506
internal_weight=2181 2103 961 1142
internal_count=2181 2103 961 1142
is_linear=0
shrinkage=0.04


Tree=114
num_leaves=4
num_cat=0
split_feature=40 40 64
split_gain=0.017557 0.0362513 0.0191737
threshold=-1.0219615724144127 -0.94460249130374974 1.1854402241645416
decision_type=2 2 2
left_child=-1 -2 -3
right_child=1 2 -4
leaf_value=0.00069933227049269974 -0.0011167444241173723 -1.8387507188145183e-05 0.00059500358587897878
leaf_weight=54 45 1999 83
leaf_count=54 45 1999 83
internal_value=2.09584e-07 -1.81799e-05 6.6132e-06
internal_weight=2181 2127 2082
internal_count=2181 2127 2082
is_linear=0
shrinkage=0.04


Tree=115
num_leaves=5
num_cat=0
split_feature=18 64 46 26
split_gain=0.01679 0.0176306 0.0304227 0.0300165
threshold=-1.0287926366022508 0.51794716638041016 0.71442172794871583 0.64996212027002764
decision_type=2 2 2 2
left_child=-1 2 -2 -3
right_child=1 3 -4 -5
leaf_value=0.00074805595396839567 -0.00016710760436607503 0.00033425480347753313 0.00025335617960706879 -0.00050940005039727242
leaf_weight=45 1304 406 347 79
leaf_count=45 1304 406 347 79
internal_value=2.07037e-07 -1.62332e-05 -7.85367e-05 0.000195307
internal_weight=2181 2136 1651 485
internal_count=2181 2136 1651 485
is_linear=0
shrinkage=0.04


Tree=116
num_leaves=5
num_cat=0
split_feature=63 116 33 24
split_gain=0.016477 0.0284073 0.0209339 0.0214701
threshold=-1.2282249064179489 -0.32549319865335946 1.4532987087128997 0.61017948453458326
decision_type=2 2 2 2
left_child=1 -1 3 -2
right_child=2 -3 -4 -5
leaf_value=-0.00014300169574070566 -6.4518363247252557e-05 0.0010053958045318722 -0.00087186020424427548 0.00029847587799530946
leaf_weight=69 1696 66 44 306
leaf_count=69 1696 66 44 306
internal_value=2.22911e-07 0.000424918 -2.81871e-05 -8.79322e-06
internal_weight=2181 135 2046 2002
internal_count=2181 135 2046 2002
is_linear=0
shrinkage=0.04


Tree=117
num_leaves=7
num_cat=0
split_feature=82 40 14 47 25 98
split_gain=0.0163865 0.0291332 0.0271614 0.0254816 0.0315405 0.0246102
threshold=-0.55804729874609349 1.449356658865357 0.51016953150667399 -0.22236636019534203 0.19168359475780855 0.56149174256884049
decision_type=2 2 2 2 2 2
left_child=3 2 -2 4 -1 -3
right_child=1 5 -4 -5 -6 -7
leaf_value=-0.001613753654582556 -8.7268705451081887e-05 8.5573575259851556e-06 0.00025971826614892872 0.00022568542486330824 -0.00010211831468041055 0.0013523964604246431
leaf_weight=41 1472 40 476 60 46 46
leaf_count=41 1472 40 476 60 46 46
internal_value=2.22221e-07 2.98555e-05 -2.30192e-06 -0.000404702 -0.000834754 0.000741755
internal_weight=2181 2034 1948 147 87 86
internal_count=2181 2034 1948 147 87 86
is_linear=0
shrinkage=0.04


Tree=118
num_leaves=6
num_cat=0
split_feature=50 78 80 81 45
split_gain=0.0161785 0.0192963 0.0234857 0.0170273 0.0112357
threshold=-1.1432513613608317 1.7823026578163164 -0.46452314189776739 0.17943801554322464 -0.090009858309652566
decision_type=2 2 2 2 2
left_child=3 2 -2 4 -1
right_child=1 -3 -4 -5 -6
leaf_value=-0.00042126276211965145 0.00017489584768638731 0.0006792031552137459 -0.0001393670668786784 0.00081650783758193844 0.00036856404598802333
leaf_weight=47 518 57 1417 74 68
leaf_count=47 518 57 1417 74 68
internal_value=2.14916e-07 -3.34719e-05 -5.51451e-05 0.000351896 4.40821e-05
internal_weight=2181 1992 1935 189 115
internal_count=2181 1992 1935 189 115
is_linear=0
shrinkage=0.04


Tree=119
num_leaves=5
num_cat=0
split_feature=28 7 41 14
split_gain=0.0159723 0.0171951 0.0247507 0.0221218
threshold=-0.78834809333326239 -0.093986023653419168 -0.61991018242002582 1.2248183861626545
decision_type=2 2 2 2
left_child=-1 3 -3 -2
right_child=1 2 -4 -5
leaf_value=-0.00072915193723871354 8.7615906010383789e-05 0.00023223258996149523 -0.00018667900115408549 0.0008044461669012283
leaf_weight=45 855 298 910 73
leaf_count=45 855 298 910 73
internal_value=2.60504e-07 1.62951e-05 -8.31252e-05 0.000145613
internal_weight=2181 2136 1208 928
internal_count=2181 2136 1208 928
is_linear=0
shrinkage=0.04


end of trees

feature_importances:
Column_35=40
Column_64=37
Column_106=26
Column_41=25
Column_115=25
Column_87=24
Column_60=23
Column_28=21
Column_110=21
Column_40=20
Column_68=16
Column_14=15
Column_63=15
Column_82=15
Column_117=14
Column_116=13
Column_42=12
Column_73=12
Column_114=12
Column_46=11
Column_70=11
Column_109=10
Column_26=9
Column_37=9
Column_69=9
Column_13=8
Column_53=8
Column_80=8
Column_81=8
Column_11=7
Column_33=7
Column_47=7
Column_94=7
Column_99=7
Column_104=7
Column_112=7
Column_15=6
Column_16=6
Column_24=6
Column_25=6
Column_59=6
Column_74=6
Column_39=5
Column_45=5
Column_50=5
Column_61=5
Column_105=5
Column_12=4
Column_98=4
Column_7=3
Column_17=3
Column_18=3
Column_44=3
Column_48=3
Column_79=3
Column_85=3
Column_97=3
Column_100=3
Column_103=3
Column_111=3
Column_118=3
Column_8=2
Column_10=2
Column_34=2
Column_36=2
Column_78=2
Column_91=2
Column_9=1
Column_31=1
Column_32=1
Column_38=1
Column_67=1
Column_76=1
Column_86=1
Column_88=1
Column_92=1
Column_93=1
Column_96=1

parameters:
[boosting: gbdt]
[objective: regression]
[metric: l2]
[tree_learner: serial]
[device_type: cpu]
[data_sample_strategy: bagging]
[data: ]
[valid: ]
[num_iterations: 120]
[learning_rate: 0.04]
[num_leaves: 15]
[num_threads: 2]
[seed: 42]
[deterministic: 1]
[force_col_wise: 1]
[force_row_wise: 0]
[histogram_pool_size: -1]
[max_depth: 3]
[min_data_in_leaf: 40]
[min_sum_hessian_in_leaf: 0.001]
[bagging_fraction: 0.85]
[pos_bagging_fraction: 1]
[neg_bagging_fraction: 1]
[bagging_freq: 0]
[bagging_seed: 400]
[bagging_by_query: 0]
[feature_fraction: 0.8]
[feature_fraction_bynode: 1]
[feature_fraction_seed: 30056]
[extra_trees: 0]
[extra_seed: 12879]
[early_stopping_round: 0]
[early_stopping_min_delta: 0]
[first_metric_only: 0]
[max_delta_step: 0]
[lambda_l1: 0]
[lambda_l2: 2]
[linear_lambda: 0]
[min_gain_to_split: 0]
[drop_rate: 0.1]
[max_drop: 50]
[skip_drop: 0.5]
[xgboost_dart_mode: 0]
[uniform_drop: 0]
[drop_seed: 17869]
[top_rate: 0.2]
[other_rate: 0.1]
[min_data_per_group: 100]
[max_cat_threshold: 32]
[cat_l2: 10]
[cat_smooth: 10]
[max_cat_to_onehot: 4]
[top_k: 20]
[monotone_constraints: ]
[monotone_constraints_method: basic]
[monotone_penalty: 0]
[feature_contri: ]
[forcedsplits_filename: ]
[refit_decay_rate: 0.9]
[cegb_tradeoff: 1]
[cegb_penalty_split: 0]
[cegb_penalty_feature_lazy: ]
[cegb_penalty_feature_coupled: ]
[path_smooth: 0]
[interaction_constraints: ]
[verbosity: -1]
[saved_feature_importance_type: 0]
[use_quantized_grad: 0]
[num_grad_quant_bins: 4]
[quant_train_renew_leaf: 0]
[stochastic_rounding: 1]
[linear_tree: 0]
[max_bin: 255]
[max_bin_by_feature: ]
[min_data_in_bin: 3]
[bin_construct_sample_cnt: 200000]
[data_random_seed: 175]
[is_enable_sparse: 1]
[enable_bundle: 1]
[use_missing: 1]
[zero_as_missing: 0]
[feature_pre_filter: 1]
[pre_partition: 0]
[two_round: 0]
[header: 0]
[label_column: ]
[weight_column: ]
[group_column: ]
[ignore_column: ]
[categorical_feature: ]
[forcedbins_filename: ]
[precise_float_parser: 0]
[parser_config_file: ]
[objective_seed: 16083]
[num_class: 1]
[is_unbalance: 0]
[scale_pos_weight: 1]
[sigmoid: 1]
[boost_from_average: 1]
[reg_sqrt: 0]
[alpha: 0.9]
[fair_c: 1]
[poisson_max_delta_step: 0.7]
[tweedie_variance_power: 1.5]
[lambdarank_truncation_level: 30]
[lambdarank_norm: 1]
[label_gain: ]
[lambdarank_position_bias_regularization: 0]
[eval_at: ]
[multi_error_top_k: 1]
[auc_mu_weights: ]
[num_machines: 1]
[local_listen_port: 12400]
[time_out: 120]
[machine_list_filename: ]
[machines: ]
[gpu_platform_id: -1]
[gpu_device_id: -1]
[gpu_device_id_list: ]
[gpu_use_dp: 0]
[num_gpu: 1]

end of parameters

pandas_categorical:null
