tree
version=v4
num_class=1
num_tree_per_iteration=1
label_index=0
max_feature_idx=109
objective=quantile
feature_names=Column_0 Column_1 Column_2 Column_3 Column_4 Column_5 Column_6 Column_7 Column_8 Column_9 Column_10 Column_11 Column_12 Column_13 Column_14 Column_15 Column_16 Column_17 Column_18 Column_19 Column_20 Column_21 Column_22 Column_23 Column_24 Column_25 Column_26 Column_27 Column_28 Column_29 Column_30 Column_31 Column_32 Column_33 Column_34 Column_35 Column_36 Column_37 Column_38 Column_39 Column_40 Column_41 Column_42 Column_43 Column_44 Column_45 Column_46 Column_47 Column_48 Column_49 Column_50 Column_51 Column_52 Column_53 Column_54 Column_55 Column_56 Column_57 Column_58 Column_59 Column_60 Column_61 Column_62 Column_63 Column_64 Column_65 Column_66 Column_67 Column_68 Column_69 Column_70 Column_71 Column_72 Column_73 Column_74 Column_75 Column_76 Column_77 Column_78 Column_79 Column_80 Column_81 Column_82 Column_83 Column_84 Column_85 Column_86 Column_87 Column_88 Column_89 Column_90 Column_91 Column_92 Column_93 Column_94 Column_95 Column_96 Column_97 Column_98 Column_99 Column_100 Column_101 Column_102 Column_103 Column_104 Column_105 Column_106 Column_107 Column_108 Column_109
feature_infos=[-6.1470889621568237:6.6085334624415317] [-5.6868662360094424:5.5188025627223904] [-4.8903377163837964:4.1766959434154636] [-4.3840380260650003:3.8632850215278194] [-3.6185944028833767:2.147476047296172] [-2.593121919217531:2.3785670177461387] [-4.2629770085719194:4.0022300509899749] [-1.356408361143147:6.6038182852760441] [-1.6815273779077256:1.6445507049619854] [-3.5850443902578837:2.1966618447908539] [-1.4742475803554214:5.1945658945151836] [-2.4747739510981686:2.161846374576986] [-2.5615233881713197:2.4638842693866843] [-1.4333210553959304:3.8917604591587778] [-2.8102617654088422:2.6131393258519906] [-1.5824836976295074:1.6256444228677198] [-1.787157547858965:1.7964712559403115] [-0.95738730394300808:0.77127858473964572] [-1.0015621269791557:0.77999005169461988] [-0.95738730394300764:0.77127858473964561] [-2.2521273089091189:1.668178181778375] [-4.051997698337888:4.1557092212443445] [-3.2729312871786189:2.2869915493025088] [-2.3369118042475812:2.6128102202105321] [-2.1827699018646238:1.5942543837385135] [-2.2037366471011031:1.5932976369606975] [-3.3387849019662146:2.0185305412564696] [-1.7898570705905124:1.4172974713339079] [-1.1624076749298404:3.5633942697227794] [-3.7636951945302957:4.3348818113353369] [-3.7247300812010979:4.5379359608249823] [-3.0636164746169299:3.2630093862338634] [-3.2138683558578776:3.4604896310482736] [-1.9997960476375132:2.1061630836425222] [-2.2533156056142762:2.2787739309831681] [-1.7463663448087534:1.7671611237196012] [-1.8188300184628314:1.8575401817407178] [-1.5457296273131012:3.8063698006407014] [-1.4812379153083293:5.0544528578633088] [-1.4232830920171682:3.755048269035195] [-1.1452280150019307:3.0576953768042165] [-1.6772604593684353:1.4307485318595907] [-1.9790812489342557:1.7068230323282287] [-1.7356034209547544:13.899398120442207] [-177.41472948145241:158.39957316500787] [-385.37966849365927:127.29546600218845] [-316.0465662787588:74.17975374911245] [-1.3622384481579659:2.8309657201347913] [-1.9424098718324967:1.9969763129414704] [-1.1937765016917168:9.092474649820554] [-4.8849531188679114:4.4499445477968749] [-9.0414338231741365:6.7108740868510202] [-1:1] [-0.83333333333333337:1] [0:1] [0:1] [-3.0001638099821868:3.9370867602298922] [-3.3805689285521519:2.2559619518169134] [-2.2381961274110811:1.5597953019131945] [-0.94265341213836584:2.024084517279952] [-2.015300202300947:1.2341472973391723] [-1.3361973675646641:0.3781311320485361] [-4.5557251621494776:7.155559176609783] [-4.2167743152427191:5.895557102597504] [-2.4771259843627478:4.2630785807378366] [-1.2831670436054741:4.8823765494493561] [-1.198822348954738:7.9108586421849623] [-1.0234098190834582:2.276371728421914] [-6.5293192557956541:6.7148176497204588] [-4.5878425854338998:3.5596661189406058] [-3.3341619820328439:3.7248839862703624] [-1.1874954157041191:3.4450524385758197] [-1.7353810844277437:4.4007632497838163] [-0.76922791354941167:1.9692536032335393] [-10.939472278111145:10.722361254270158] [-5.7834977208000629:5.0630519532097589] [-3.4071120888378177:3.7886657705729201] [-1.0084809610294849:3.0842008689864158] [-2.0831200997288932:4.0845230216832409] [-1.334770785186302:0.75745652238859462] [-3.9886417753579968:2.9928574877741849] [-3.4165570523466813:3.0245783120219372] [-2.5352223752255787:1.7753159611320175] [-1.2534260057850894:3.0623140938843489] [-1.9925660128173706:1.8712771884781529] [-1.3804474030228335:0.49708127453365197] [-5.2542769763447845:2.6276600579552536] [-4.0655707503829968:3.4653189516965952] [-1.812486014476532:2.6917617017383382] [-1.4102677746047336:4.1605942769798174] [-1.6286318879203048:4.2590344791956758] [-1.4285971945589144:1.1426013667594417] [-4.2531948684837353:2.4368701735741731] [-3.7700410380071792:3.4969083511678032] [-1.9100942845548479:2.5587681506983277] [-1.4499787695655768:3.9507544296418331] [-1.4932563538566228:3.693400468969696] [-1.4046360294074369:1.0805969942596771] [-2.7901579382621335:3.7380586372606208] [-2.244223369469533:2.6707749366488174] [-1.9892916074863571:2.0622405163684281] [-1.4834541585827734:2.1039939058107882] [-1.4365343856128012:1.8759030801492864] [-2.1532367756355693:0.5752507928483489] [-3.0485412739137736:3.2378009663734781] [-2.6744126827190922:3.4415460112361389] [-1.6012606442056347:2.3584767784752372] [-0.90536404569275719:3.0135028159713215] [-1.3997529721083182:2.3606120234704839] [-1.3381068230257143:0.98155019551460265]
tree_sizes=655 584 681 769 681 588 858 678 768 762 762 856 592 771 680 677 682 780 863 764 603 600 599 684 862 779 865 688 771 865 775 684 601 608 688 682 856 611 602 784 602 599 608 862 610 606 864 607 602 689 607 778 859 867 603 789 774 867 695 691 786 790 691 865 782 791 692 785 866 786 695 603 685 695 787 789 603 870 786 783 790 788 785 611 695 783 863 784 695 871 692 607 693 874 692 779 868 781 781 782 781 777 781 691 789 784 701 782 775 872 878 870 693 786 687 781 698 783 605 608

Tree=0
num_leaves=6
num_cat=0
split_feature=78 77 72 2 37
split_gain=37.9335 31.0464 11.9358 2.42394 0.0547081
threshold=2.0383729656725182 1.7820653140873486 2.0911557454632428 0.48848744197496058 0.57010835778924174
decision_type=2 2 2 2 2
left_child=1 2 -1 4 -2
right_child=3 -3 -4 -5 -6
leaf_value=0.04460779942572117 0.047158455401659014 0.047017327174544335 0.047196162194013597 0.046070748120546338 0.04688268452882767
leaf_weight=1815 44 60 75 47 41
leaf_count=1815 44 60 75 47 41
internal_value=0.0451434 0.0437301 0.0428188 0.0657308 0.0698465
internal_weight=2082 1950 1890 132 85
internal_count=2082 1950 1890 132 85
is_linear=0
shrinkage=1


Tree=1
num_leaves=5
num_cat=0
split_feature=78 77 72 3
split_gain=35.6283 29.447 11.7735 2.47613
threshold=2.0383729656725182 1.7820653140873486 2.0911557454632428 0.20915052744545745
decision_type=2 2 2 2
left_child=1 2 -1 -2
right_child=3 -3 -4 -5
leaf_value=-0.00050496704578399665 0.0020173661142587661 0.0018081795930862427 0.0019798612117767336 0.00084054404348134996
leaf_weight=1815 70 60 75 62
leaf_count=1815 70 60 75 62
internal_value=4.79846e-05 -0.00132172 -0.0022093 0.02
internal_weight=2082 1950 1890 132
internal_count=2082 1950 1890 132
is_linear=0
shrinkage=0.04


Tree=2
num_leaves=6
num_cat=0
split_feature=78 77 61 59 29
split_gain=32.5668 30.528 12.3205 7.29783 5.00468
threshold=1.4789583704600828 1.7820653140873486 0.29639176898652447 1.3618287087518175 0.53907415003813719
decision_type=2 2 2 2 2
left_child=1 2 -1 4 -2
right_child=3 -3 -4 -5 -6
leaf_value=-0.00094620379370450984 0.0018173316757678984 0.0017736800501346589 0.00043545485723018641 -0.00014497651469707495 0.00066671572379767893
leaf_weight=1287 118 54 519 42 62
leaf_count=1287 118 54 519 42 62
internal_value=0.000143954 -0.00158969 -0.00248894 0.0145536 0.018022
internal_weight=2082 1860 1806 222 180
internal_count=2082 1860 1806 222 180
is_linear=0
shrinkage=0.04


Tree=3
num_leaves=7
num_cat=0
split_feature=78 61 28 105 29 76
split_gain=31.2987 14.0722 15.4894 8.85529 3.05548 1.01076
threshold=2.0383729656725182 0.27979104531310905 0.10199166817202704 -1.1568948178131513 0.48877824502130235 2.0596725659192825
decision_type=2 2 2 2 2 2
left_child=1 3 -3 -1 5 -2
right_child=4 2 -4 -5 -6 -7
leaf_value=0.00074834552736759185 0.0013880261793899535 0.0011909466320323945 -0.00082038314774155613 -0.00090476092308282849 0.00063657602027952678 0.0020884066328573227
leaf_weight=138 43 358 227 1227 44 45
leaf_count=138 43 358 227 1227 44 45
internal_value=0.000105566 -0.00117828 0.00400341 -0.00340161 0.018806 0.0231111
internal_weight=2082 1950 585 1365 132 88
internal_count=2082 1950 585 1365 132 88
is_linear=0
shrinkage=0.04


Tree=4
num_leaves=6
num_cat=0
split_feature=78 77 61 59 29
split_gain=30.1904 27.4746 10.4179 7.70593 4.6627
threshold=1.4789583704600828 1.7820653140873486 0.29639176898652447 1.3618287087518175 0.48877824502130235
decision_type=2 2 2 2 2
left_child=1 2 -1 4 -2
right_child=3 -3 -4 -5 -6
leaf_value=-0.00087761377637226581 0.0016900992735784529 0.0016728035228107453 0.0003974825432733774 -0.00010298701718587877 0.00068656035017939808
leaf_weight=1287 113 54 519 42 67
leaf_count=1287 113 54 519 42 67
internal_value=0.000143954 -0.00152524 -0.00237832 0.0140179 0.0175824
internal_weight=2082 1860 1806 222 180
internal_count=2082 1860 1806 222 180
is_linear=0
shrinkage=0.04


Tree=5
num_leaves=5
num_cat=0
split_feature=78 77 72 65
split_gain=27.4895 24.9841 11.3566 3.15045
threshold=2.0383729656725182 1.7820653140873486 2.0911557454632428 -0.19333120352425373
decision_type=2 2 2 2
left_child=1 2 -1 -2
right_child=3 -3 -4 -5
leaf_value=-0.00042215862394286819 0.00172539125593293 0.0015995177827266768 0.001859937997599705 0.0011060368310390738
leaf_weight=1815 69 60 75 63
leaf_count=1815 69 60 75 63
internal_value=8.63724e-05 -0.0011168 -0.00193446 0.0176119
internal_weight=2082 1950 1890 132
internal_count=2082 1950 1890 132
is_linear=0
shrinkage=0.04


Tree=6
num_leaves=8
num_cat=0
split_feature=77 59 101 101 36 76 37
split_gain=23.0139 22.797 11.9424 8.53048 7.05286 6.8554 2.17835
threshold=0.9293063591687073 1.0388729549534605 0.28307326827784879 0.90501439914778203 0.27153597664623075 1.7419225474532136 1.0544943462379088
decision_type=2 2 2 2 2 2 2
left_child=2 3 5 -2 -4 -1 -3
right_child=1 6 4 -5 -6 -7 -8
leaf_value=-0.00094451222566927569 0.0015468443705547253 -0.0013237884683783164 0.00071918429940425268 0.00031627763620938656 -0.00038179965556181555 0.0015328976738385037 0.00011569520663256166
leaf_weight=1089 183 68 358 48 251 45 40
leaf_count=1089 183 68 358 48 251 45 40
internal_value=0.000143954 0.00964809 -0.00171347 0.0166953 0.00279869 -0.00413732 -0.00545455
internal_weight=2082 339 1743 231 609 1134 108
internal_count=2082 339 1743 231 609 1134 108
is_linear=0
shrinkage=0.04


Tree=7
num_leaves=6
num_cat=0
split_feature=76 90 73 71 3
split_gain=15.5204 10.7775 17.6312 10.7049 3.49752
threshold=2.0393133526142022 -0.018214240956022195 0.23810313043402029 1.7317572244373631 0.12332964361020717
decision_type=2 2 2 2 2
left_child=1 2 -1 -3 -2
right_child=4 3 -4 -5 -6
leaf_value=-0.0001563472025448523 0.0017583538855891763 -0.00092757909670520254 0.0011798558769751542 0.001355687642096674 0.00074005302145132461
leaf_weight=669 44 915 309 105 40
leaf_count=669 44 915 309 105 40
internal_value=0.000105566 -0.00061 0.00238776 -0.00348337 0.0167442
internal_weight=2082 1998 978 1020 84
internal_count=2082 1998 978 1020 84
is_linear=0
shrinkage=0.04


Tree=8
num_leaves=7
num_cat=0
split_feature=77 73 95 71 101 3
split_gain=21.6209 14.9926 14.4446 13.8304 14.999 7.97006
threshold=0.9293063591687073 -0.36482818643881132 0.86691898143195723 -0.89825468853486579 0.25522735109261818 0.13737864618586079
decision_type=2 2 2 2 2 2
left_child=3 -2 -3 5 -5 -1
right_child=1 2 -4 4 -6 -7
leaf_value=0.0016001424162861355 -0.0011208016905086455 0.0014327816404329644 0.00016180823391147937 -0.0010910295949629807 0.00040317361521964633 0.00010258464386494249
leaf_weight=46 54 183 102 999 645 53
leaf_count=46 54 183 102 999 645 53
internal_value=0.000201536 0.00941349 0.0130662 -0.00159885 -0.00247874 0.0127723
internal_weight=2082 339 285 1743 1644 99
internal_count=2082 339 285 1743 1644 99
is_linear=0
shrinkage=0.04


Tree=9
num_leaves=7
num_cat=0
split_feature=78 77 61 6 79 65
split_gain=23.1393 22.7881 10.4122 4.61348 3.27802 3.04981
threshold=1.5980308604296181 1.7820653140873486 0.27013941635562044 0.25991816634072445 0.56158451997861525 0.041048755047574249
decision_type=2 2 2 2 2 2
left_child=1 2 -1 5 -5 -2
right_child=3 -3 -4 4 -6 -7
leaf_value=-0.00081074737897382488 0.0014597749154942798 0.0013755313950707345 0.00038750000830107965 0.00064015214786046937 -8.7538675413136594e-05 0.0012190451576173367
leaf_weight=1257 60 54 573 41 44 53
leaf_count=1257 60 54 573 41 44 53
internal_value=0.000163148 -0.00120891 -0.00197598 0.0131 0.00586207 0.0183478
internal_weight=2082 1884 1830 198 85 113
internal_count=2082 1884 1830 198 85 113
is_linear=0
shrinkage=0.04


Tree=10
num_leaves=7
num_cat=0
split_feature=78 77 72 3 73 77
split_gain=23.0023 21.4369 9.39326 4.68121 4.47797 3.15033
threshold=1.5980308604296181 1.7820653140873486 0.16171127484555028 0.23067472711569253 0.34510478830205621 1.0244186351979889
decision_type=2 2 2 2 2 2
left_child=1 2 -1 4 -2 -5
right_child=3 -3 -4 5 -6 -7
leaf_value=-0.00077514132903230783 0.0014708861310853091 0.0013205101392679054 0.00027837856843358441 -9.0528573294005324e-05 0.00075042024185703301 0.00062569916947643079
leaf_weight=1104 60 54 726 41 51 46
leaf_count=1104 60 54 726 41 51 46
internal_value=0.000201536 -0.00116649 -0.00191048 0.0131 0.0184956 0.00595506
internal_weight=2082 1884 1830 198 111 87
internal_count=2082 1884 1830 198 111 87
is_linear=0
shrinkage=0.04


Tree=11
num_leaves=8
num_cat=0
split_feature=77 59 36 108 40 59 37
split_gain=18.7873 21.4578 12.4242 14.1453 7.5939 4.81528 1.82511
threshold=0.9293063591687073 1.0388729549534605 0.27153597664623075 0.21855781507408023 0.26578164952091698 -0.74785113794206348 1.0544943462379088
decision_type=2 2 2 2 2 2 2
left_child=2 4 3 -1 -2 -4 -3
right_child=1 6 5 -5 -6 -7 -8
leaf_value=0.00055382766800940453 0.0012719239890408645 -0.0011331784687759877 0.00070303782980584665 -0.0006134005012759442 0.0007973798819135658 -0.0011760524517750186 3.3533113552897817e-05
leaf_weight=577 155 68 63 536 76 567 40
leaf_count=577 155 68 63 536 76 567 40
internal_value=0.000239923 0.00882698 -0.0014384 0.00110314 0.0156652 -0.00591772 -0.00581818
internal_weight=2082 339 1743 1113 231 630 108
internal_count=2082 339 1743 1113 231 630 108
is_linear=0
shrinkage=0.04


Tree=12
num_leaves=5
num_cat=0
split_feature=78 77 72 3
split_gain=21.0611 19.652 8.67527 3.48437
threshold=2.0383729656725182 1.7820653140873486 2.0911557454632428 0.089972430551397961
decision_type=2 2 2 2
left_child=1 2 -1 -2
right_child=3 -3 -4 -5
leaf_value=-0.00036805160651658136 0.0015046768171105538 0.001210439174963916 0.0016446636762419914 0.00050020172461338289
leaf_weight=1815 60 60 75 72
leaf_count=1815 60 60 75 72
internal_value=0.000182342 -0.000870902 -0.00159619 0.0155224
internal_weight=2082 1950 1890 132
internal_count=2082 1950 1890 132
is_linear=0
shrinkage=0.04


Tree=13
num_leaves=7
num_cat=0
split_feature=78 61 40 70 59 21
split_gain=20.8847 13.6254 17.5768 6.99689 5.71554 5.43613
threshold=1.4789583704600828 0.27013941635562044 -0.26702047824353159 -0.1555001460848868 1.3618287087518175 0.23187455919484104
decision_type=2 2 2 2 2 2
left_child=1 3 -3 -1 5 -2
right_child=4 2 -4 -5 -6 -7
leaf_value=-0.001090566417785922 0.0013020351611637913 0.0011695467688740584 -0.00044918809738655362 -0.00011209784489554855 -7.7335739309489365e-05 0.00042372768946695785
leaf_weight=540 97 256 353 711 42 83
leaf_count=540 97 256 353 711 42 83
internal_value=0.000335893 -0.00105263 0.00384615 -0.00343974 0.011875 0.0149451
internal_weight=2082 1860 609 1251 222 180
internal_count=2082 1860 609 1251 222 180
is_linear=0
shrinkage=0.04


Tree=14
num_leaves=6
num_cat=0
split_feature=78 77 72 59 3
split_gain=19.0568 19.9407 8.6559 5.26431 5.19047
threshold=1.4789583704600828 1.7820653140873486 0.16171127484555028 1.3618287087518175 0.23067472711569253
decision_type=2 2 2 2 2
left_child=1 2 -1 4 -2
right_child=3 -3 -4 -5 -6
leaf_value=-0.00068343341600209855 0.0012499537547172397 0.0011249459810830397 0.00026068472495574936 -7.4242309737109914e-05 0.00040677858188827964
leaf_weight=1095 97 54 711 42 83
leaf_count=1095 97 54 711 42 83
internal_value=0.000316699 -0.00100967 -0.00173673 0.0113393 0.0142857
internal_weight=2082 1860 1806 222 180
internal_count=2082 1860 1806 222 180
is_linear=0
shrinkage=0.04


Tree=15
num_leaves=6
num_cat=0
split_feature=78 77 59 59 3
split_gain=18.9906 19.9044 8.50797 5.26431 5.19047
threshold=1.4789583704600828 1.7820653140873486 0.021443681180511029 1.3618287087518175 0.23067472711569253
decision_type=2 2 2 2 2
left_child=1 2 -1 4 -2
right_child=3 -3 -4 -5 -6
leaf_value=7.8313914329080568e-05 0.00119995560452855 0.0010799481418397184 -0.00090670627526444228 -7.127261734762539e-05 0.00039050743861274856
leaf_weight=996 97 54 810 42 83
leaf_count=996 97 54 810 42 83
internal_value=0.000335893 -0.000988185 -0.0017146 0.0113393 0.0142857
internal_weight=2082 1860 1806 222 180
internal_count=2082 1860 1806 222 180
is_linear=0
shrinkage=0.04


Tree=16
num_leaves=6
num_cat=0
split_feature=78 77 61 59 3
split_gain=16.0946 18.5715 8.50671 5.02498 5.46988
threshold=1.4789583704600828 1.7820653140873486 0.27013941635562044 1.2962351362482709 0.23067472711569253
decision_type=2 2 2 2 2
left_child=1 2 -1 4 -2
right_child=3 -3 -4 -5 -6
leaf_value=-0.00068052580217098846 0.0011697731382249964 0.0010367502161661296 0.00036560475887316424 -2.5620085433745167e-05 0.00039419564496322743
leaf_weight=1233 91 54 573 51 80
leaf_count=1233 91 54 573 51 80
internal_value=0.000316699 -0.000902256 -0.00160398 0.0104464 0.0136994
internal_weight=2082 1860 1806 222 171
internal_count=2082 1860 1806 222 171
is_linear=0
shrinkage=0.04


Tree=17
num_leaves=7
num_cat=0
split_feature=77 72 36 106 40 101
split_gain=15.2147 14.6329 11.1453 16.1788 10.6476 4.37591
threshold=0.9293063591687073 -0.93676266315069567 0.27153597664623075 0.38947273480434169 0.26578164952091698 0.90501439914778203
decision_type=2 2 2 2 2 2
left_child=2 -2 3 -1 -3 -4
right_child=1 4 5 -5 -6 -7
leaf_value=0.00048125691128099435 -0.00087781420540200387 0.00099801829588885404 -0.0012443216549408412 -0.00078826084402023851 0.0005772573340968001 7.814448750103134e-05
leaf_weight=666 60 158 494 447 121 136
leaf_count=666 60 158 494 447 121 136
internal_value=0.000278311 0.00800587 -0.00123209 0.00117489 0.0118505 -0.00547468
internal_weight=2082 339 1743 1113 279 630
internal_count=2082 339 1743 1113 279 630
is_linear=0
shrinkage=0.04


Tree=18
num_leaves=8
num_cat=0
split_feature=77 107 67 90 106 28 41
split_gain=13.6567 15.8598 12.4442 11.3826 9.03787 4.80923 3.77343
threshold=0.91491509353238143 0.41662348808918176 1.5340929110852153 0.21071107792165236 0.37269018517942859 -0.69278560533371458 -0.091838287423657447
decision_type=2 2 2 2 2 2 2
left_child=3 6 -3 4 -1 -5 -2
right_child=1 2 -4 5 -6 -7 -8
leaf_value=0.0003982056419433161 0.0013924619701746711 -0.00081388769950699053 0.001733721041732853 0.00035664916616997639 -0.00066846584715503257 -0.0012136527434312059 0.00090650400705313936
leaf_weight=747 41 153 57 70 279 638 97
leaf_count=747 41 153 57 70 279 638 97
internal_value=0.000220729 0.00742857 0.000471698 -0.00123272 0.00145914 -0.00512676 0.0178571
internal_weight=2082 348 210 1734 1026 708 138
internal_count=2082 348 210 1734 1026 708 138
is_linear=0
shrinkage=0.04


Tree=19
num_leaves=7
num_cat=0
split_feature=78 77 72 3 73 77
split_gain=15.6522 14.2188 8.23563 4.20912 4.97713 2.91587
threshold=1.4789583704600828 1.7820653140873486 0.16410975262615066 0.2561970653825158 0.34510478830205621 1.0244186351979889
decision_type=2 2 2 2 2 2
left_child=1 2 -1 4 -2 -5
right_child=3 -3 -4 5 -6 -7
leaf_value=-0.00057410975614122673 0.0011187866441581102 0.00091909931540180454 0.0002327209525998432 -0.00019164364368412935 0.00078336028897395325 0.00045406217331105309
leaf_weight=1104 65 54 702 42 66 49
leaf_count=1104 65 54 702 42 66 49
internal_value=0.000278311 -0.000923738 -0.00153761 0.0102679 0.014812 0.00354839
internal_weight=2082 1860 1806 222 131 91
internal_count=2082 1860 1806 222 131 91
is_linear=0
shrinkage=0.04


Tree=20
num_leaves=5
num_cat=0
split_feature=77 78 106 59
split_gain=11.7193 12.2392 8.22253 4.07922
threshold=1.9251318488582942 1.4789583704600828 0.38947273480434169 1.2962351362482709
decision_type=2 2 2 2
left_child=1 2 -1 -3
right_child=-2 3 -4 -5
leaf_value=2.0614895862411804e-05 0.00088419165494145577 0.00080077249157127484 -0.0010252826395008893 -3.3979637676143512e-05
leaf_weight=1263 54 168 546 51
leaf_count=1263 54 168 546 51
internal_value=0.000163148 -0.000334975 -0.00141911 0.00855204
internal_weight=2082 2028 1809 219
internal_count=2082 2028 1809 219
is_linear=0
shrinkage=0.04


Tree=21
num_leaves=5
num_cat=0
split_feature=77 78 106 19
split_gain=10.8341 11.3143 7.75886 3.7173
threshold=1.9251318488582942 2.1249368450050605 0.38947273480434169 -0.17922466037727919
decision_type=2 2 2 2
left_child=1 2 -1 -3
right_child=-2 3 -4 -5
leaf_value=5.0488223429232535e-05 0.00084882398874379763 0.0010137128982171326 -0.00094852182334932147 0.00026603576607713171
leaf_weight=1344 54 50 564 70
leaf_count=1344 54 50 564 70
internal_value=0.000143954 -0.000334975 -0.00108901 0.0114754
internal_weight=2082 2028 1908 120
internal_count=2082 2028 1908 120
is_linear=0
shrinkage=0.04


Tree=22
num_leaves=5
num_cat=0
split_feature=77 78 106 29
split_gain=10.8581 10.7315 7.75886 4.12343
threshold=1.9251318488582942 2.1249368450050605 0.38947273480434169 -0.13484997630511306
decision_type=2 2 2 2
left_child=1 2 -1 -3
right_child=-2 3 -4 -5
leaf_value=4.8468694492063146e-05 0.00081487102919404583 0.0011099625371503751 -0.00091058095041534866 0.00041433163587938901
leaf_weight=1344 54 41 564 79
leaf_count=1344 54 41 564 79
internal_value=0.00012476 -0.00035468 -0.00108901 0.0111475
internal_weight=2082 2028 1908 120
internal_count=2082 2028 1908 120
is_linear=0
shrinkage=0.04


Tree=23
num_leaves=6
num_cat=0
split_feature=78 77 72 17 14
split_gain=10.087 10.3414 7.7663 4.8392 3.71902
threshold=1.4789583704600828 1.7820653140873486 0.16410975262615066 -0.44025463326653969 0.011268176150283395
decision_type=2 2 2 2 2
left_child=1 2 -1 -2 -5
right_child=3 -3 -4 4 -6
leaf_value=-0.0005291732360213487 0.00098029149431236241 0.00078041987587056051 0.00024477529927561896 -3.0030821443020882e-05 0.00075013337008153665
leaf_weight=1104 67 54 702 93 62
leaf_count=1104 67 54 702 93 62
internal_value=0.000105566 -0.000859291 -0.00138274 0.008125 0.00414013
internal_weight=2082 1860 1806 222 155
internal_count=2082 1860 1806 222 155
is_linear=0
shrinkage=0.04


Tree=24
num_leaves=8
num_cat=0
split_feature=77 59 36 106 39 101 108
split_gain=9.72793 15.5455 10.7694 14.7046 4.32609 4.2091 2.88686
threshold=0.9293063591687073 0.99574094979634442 0.27469762337067294 0.38947273480434169 1.1518049866643898 0.89388521814756594 0.35249650498537305
decision_type=2 2 2 2 2 2 2
left_child=2 5 3 -1 -4 -2 -3
right_child=1 6 4 -5 -6 -7 -8
leaf_value=0.00043119204889483257 0.00089898073845695473 -0.00092656739952100471 -0.0010676730664429545 -0.00064995399042503614 0.00049256950709338149 0.00032263630908021558 0.00037256827134265867
leaf_weight=671 171 81 550 450 72 42 45
leaf_count=671 171 81 550 450 72 42 45
internal_value=6.71785e-05 0.00624633 -0.0011404 0.00120214 -0.00535256 0.0127907 -0.00484375
internal_weight=2082 339 1743 1121 622 213 126
internal_count=2082 339 1743 1121 622 213 126
is_linear=0
shrinkage=0.04


Tree=25
num_leaves=7
num_cat=0
split_feature=78 61 40 70 15 89
split_gain=9.68998 9.76751 14.0563 6.08878 4.72026 3.50178
threshold=1.4789583704600828 0.29639176898652447 -0.26702047824353159 -0.1555001460848868 -0.36839950620900208 0.27542550343695921
decision_type=2 2 2 2 2 2
left_child=1 3 -3 -1 -2 -6
right_child=4 2 -4 -5 5 -7
leaf_value=-0.00077554486603398365 0.0009127770178577689 0.00099096172677315278 -0.00037112851831510473 -4.7496099874207165e-05 0.00043907426670866835 -4.0822233909425659e-05
leaf_weight=558 78 233 316 753 45 99
leaf_count=558 78 233 316 753 45 99
internal_value=8.63724e-05 -0.000859291 0.00361162 -0.0027342 0.00794643 0.00356164
internal_weight=2082 1860 549 1311 222 144
internal_count=2082 1860 549 1311 222 144
is_linear=0
shrinkage=0.04


Tree=26
num_leaves=8
num_cat=0
split_feature=78 59 96 70 17 108 14
split_gain=8.22522 9.30264 14.4119 6.50135 4.74448 5.4096 5.40228
threshold=1.4789583704600828 0.021443681180511029 0.0065027599492547576 0.14681008055150563 -0.17922466037727922 0.30009491551052891 0.011268176150283395
decision_type=2 2 2 2 2 2 2
left_child=1 2 -1 -3 5 -2 -6
right_child=4 3 -4 -5 6 -7 -8
leaf_value=0.00066596265115601515 0.0011498139640880379 -0.0011268582432670995 -0.00042782571699719762 3.5487160776230681e-05 -0.00021041133632999741 0.00046358878319099992 0.00075174447614469598
leaf_weight=471 40 474 576 339 76 54 52
leaf_count=471 40 474 576 339 76 54 52
internal_value=-9.59693e-06 -0.000880773 0.00161106 -0.00408589 0.00723214 0.0139583 0.00215385
internal_weight=2082 1860 1047 813 222 94 128
internal_count=2082 1860 1047 813 222 94 128
is_linear=0
shrinkage=0.04


Tree=27
num_leaves=6
num_cat=0
split_feature=78 77 101 33 12
split_gain=8.0519 8.59791 7.33018 4.66692 3.62572
threshold=1.4789583704600828 1.7820653140873486 0.075929741786314606 -0.73659153465635907 -0.01469557703146886
decision_type=2 2 2 2 2
left_child=1 2 -1 -2 -5
right_child=3 -3 -4 4 -6
leaf_value=-0.00061779087551312143 0.00078089385654271258 0.00064970496454966277 0.00018011483588729332 -0.00010370314250484223 0.0004654412297529592
leaf_weight=996 77 54 810 79 66
leaf_count=996 77 54 810 79 66
internal_value=6.71785e-05 -0.000794844 -0.00127212 0.00723214 0.00292517
internal_weight=2082 1860 1806 222 145
internal_count=2082 1860 1806 222 145
is_linear=0
shrinkage=0.04


Tree=28
num_leaves=7
num_cat=0
split_feature=36 106 53 24 83 39
split_gain=7.78499 11.095 10.9295 8.66722 6.70681 5.58899
threshold=0.28887423291148923 0.38947273480434169 -0.74999999999999989 0.56151398503433214 1.3001340392591019 1.1518049866643898
decision_type=2 2 2 2 2 2
left_child=1 3 -2 -1 -3 -4
right_child=2 4 5 -5 -6 -7
leaf_value=0.00053024701361368664 0.0011636648673716392 -0.00078461879894577786 -0.0010179873963988063 -0.00060485599543136067 0.00057896172139730335 0.00062410456577741938
leaf_weight=768 76 473 526 92 69 78
leaf_count=768 76 473 526 92 69 78
internal_value=0.000163148 0.0018661 -0.00334311 0.00468677 -0.00261029 -0.00514851
internal_weight=2082 1402 680 860 542 604
internal_count=2082 1402 680 860 542 604
is_linear=0
shrinkage=0.04


Tree=29
num_leaves=8
num_cat=0
split_feature=77 59 101 71 36 35 106
split_gain=8.07855 14.0279 9.23334 13.0076 5.91896 4.08611 3.23817
threshold=0.9293063591687073 0.98974650790108187 0.25522735109261818 -0.89825468853486579 0.087029781821924043 0.3380961565961707 -0.20263048343566445
decision_type=2 2 2 2 2 2 2
left_child=2 5 3 -1 -4 -2 -3
right_child=1 6 4 -5 -6 -7 -8
leaf_value=0.00078530625351156964 0.00060250688542312864 -0.00077989367674766055 0.00075936388543245889 -0.00078124580552543137 -9.8196357196023295e-05 0.0017886438293451298 0.00026543178561641735
leaf_weight=96 162 81 305 999 343 42 54
leaf_count=96 162 81 305 999 343 42 54
internal_value=2.87908e-05 0.00565982 -0.00107163 -0.00330902 0.00270769 0.012233 -0.00430657
internal_weight=2082 339 1743 1095 648 204 135
internal_count=2082 339 1743 1095 648 204 135
is_linear=0
shrinkage=0.04


Tree=30
num_leaves=7
num_cat=0
split_feature=36 108 24 53 83 13
split_gain=7.80501 8.83865 8.65044 8.28872 6.40632 5.77251
threshold=0.28887423291148923 0.21855781507408023 0.56151398503433214 -0.74999999999999989 1.3988256083346571 1.1626177508911091
decision_type=2 2 2 2 2 2
left_child=1 2 -1 -2 -3 -5
right_child=3 4 -4 5 -6 -7
leaf_value=0.00057840661000620349 0.0010455725195029682 -0.00054142306640841682 -0.00069967602332123122 -0.00099582770124647551 0.00047148814451443758 0.00041771114039992316
leaf_weight=638 76 586 95 523 83 81
leaf_count=638 76 586 95 523 83 81
internal_value=-6.71785e-05 0.00163818 0.00466667 -0.00357771 -0.00168405 -0.00514851
internal_weight=2082 1402 733 680 669 604
internal_count=2082 1402 733 680 669 604
is_linear=0
shrinkage=0.04


Tree=31
num_leaves=6
num_cat=0
split_feature=72 97 34 35 35
split_gain=7.59245 8.36265 8.54747 3.46858 2.60369
threshold=2.0911557454632428 0.42669224994491345 0.30579003908088215 -0.24870834273072609 -0.96426873391473311
decision_type=2 2 2 2 2
left_child=1 2 -1 -2 -3
right_child=3 4 -4 -5 -6
leaf_value=0.00031122618845670581 0.0022188557267932229 0.00026534742462964691 -0.00037734473293447884 0.00038078386759628311 -0.0010762351884430884
leaf_weight=961 44 48 611 40 378
leaf_count=961 44 48 611 40 378
internal_value=-9.59693e-06 -0.00051 0.000838628 0.0116279 -0.00546729
internal_weight=2082 1998 1572 84 426
internal_count=2082 1998 1572 84 426
is_linear=0
shrinkage=0.04


Tree=32
num_leaves=5
num_cat=0
split_feature=36 77 59 101
split_gain=7.68008 7.21756 11.6764 9.05765
threshold=-1.4199267400100681 0.9293063591687073 0.98974650790108187 0.3979664440953356
decision_type=2 2 2 2
left_child=-1 3 -3 -2
right_child=1 2 -4 -5
leaf_value=0.0010231066719118729 -0.00044880739746726571 0.0006137181782377971 -0.00026500024545619144 0.00026616539386785642
leaf_weight=45 1189 198 132 518
leaf_count=45 1189 198 132 518
internal_value=-2.87908e-05 -0.000397254 0.005 -0.00144529
internal_weight=2082 2037 330 1707
internal_count=2082 2037 330 1707
is_linear=0
shrinkage=0.04


Tree=33
num_leaves=5
num_cat=0
split_feature=36 90 59 28
split_gain=7.62491 6.76281 9.23202 6.29437
threshold=-1.4199267400100681 0.27945401725578028 1.0000000180025095e-35 -0.69278560533371458
decision_type=2 2 2 2
left_child=-1 2 -2 -3
right_child=1 3 -4 -5
leaf_value=0.00098218240503539808 0.00050582823869616325 0.00047323329780099441 -0.00020498733711318948 -0.00084674651569431245
leaf_weight=45 600 67 667 703
leaf_count=45 600 67 667 703
internal_value=2.87908e-05 -0.000338401 0.00145784 -0.00329016
internal_weight=2082 2037 1267 770
internal_count=2082 2037 1267 770
is_linear=0
shrinkage=0.04


Tree=34
num_leaves=6
num_cat=0
split_feature=72 97 34 39 42
split_gain=7.59245 7.44351 7.61756 2.70047 2.00214
threshold=2.0911557454632428 0.42669224994491345 0.30579003908088215 -0.020689699256484454 0.21747683645124113
decision_type=2 2 2 2 2
left_child=1 2 -1 -2 -3
right_child=3 4 -4 -5 -6
leaf_value=0.00030068587249612062 0.00021744791016621232 -0.00098536306212196247 -0.00034652805509807912 0.0018679571202573284 -0.00039266708923125577
leaf_weight=961 40 290 611 44 136
leaf_count=961 40 290 611 44 136
internal_value=-9.59693e-06 -0.00051 0.000762389 0.0116279 -0.00518692
internal_weight=2082 1998 1572 84 426
internal_count=2082 1998 1572 84 426
is_linear=0
shrinkage=0.04


Tree=35
num_leaves=6
num_cat=0
split_feature=72 97 24 43 94
split_gain=7.41829 6.94055 6.11385 2.74392 1.92384
threshold=2.0911557454632428 0.60787242488530002 0.56151398503433214 0.24696012751343269 0.63994107221180896
decision_type=2 2 2 2 2
left_child=1 2 -1 -2 -3
right_child=3 4 -4 -5 -6
leaf_value=0.0001344414948048183 0.00022176688879179188 -0.00054750273336682794 -0.00043968853940998899 0.0018458944274800837 -0.0017458514246885516
leaf_weight=1315 42 84 422 42 177
leaf_count=1315 42 84 422 42 177
internal_value=0.00012476 -0.00037 0.000546291 0.0116279 -0.00642586
internal_weight=2082 1998 1737 84 261
internal_count=2082 1998 1737 84 261
is_linear=0
shrinkage=0.04


Tree=36
num_leaves=8
num_cat=0
split_feature=77 107 66 71 101 3 44
split_gain=7.0489 8.2927 8.30426 7.5023 10.1135 5.56894 3.88009
threshold=0.9293063591687073 0.41662348808918176 1.229054037433946 -0.89825468853486579 0.25522735109261818 0.43830735163313933 -0.21251887339002787
decision_type=2 2 2 2 2 2 2
left_child=3 6 -3 5 -5 -1 -2
right_child=1 2 -4 4 -6 -7 -8
leaf_value=0.00086524556734733139 9.8446855489317528e-05 -0.00036379389889139025 0.001425432833358668 -0.00069367659519844029 0.00022509346699025907 -6.2775753223814559e-05 0.00083842893873139872
leaf_weight=59 49 156 48 999 645 40 86
leaf_count=59 49 156 48 999 645 40 86
internal_value=4.79846e-05 0.00530792 0.000194175 -0.000979943 -0.00162819 0.00960396 0.0129197
internal_weight=2082 339 204 1743 1644 99 135
internal_count=2082 339 204 1743 1644 99 135
is_linear=0
shrinkage=0.04


Tree=37
num_leaves=5
num_cat=0
split_feature=35 77 103 36
split_gain=6.88412 6.70318 8.70986 7.01275
threshold=-1.3751847525717253 0.9293063591687073 -0.027129541809048953 0.30171639290616364
decision_type=2 2 2 2
left_child=-1 3 -3 -2
right_child=1 2 -4 -5
leaf_value=0.00095347182819574756 5.8320232087231558e-05 -5.1883667806610667e-05 0.00061674236951872073 -0.00078052474957557392
leaf_weight=45 1116 184 151 586
leaf_count=45 1116 184 151 586
internal_value=-2.87908e-05 -0.000377636 0.00477745 -0.00139671
internal_weight=2082 2037 335 1702
internal_count=2082 2037 335 1702
is_linear=0
shrinkage=0.04


Tree=38
num_leaves=5
num_cat=0
split_feature=35 72 47 35
split_gain=6.93654 6.23824 6.55975 3.23431
threshold=-1.3751847525717253 2.0911557454632428 -0.36552016584712455 -0.24870834273072609
decision_type=2 2 2 2
left_child=-1 2 -2 -3
right_child=1 3 -4 -5
leaf_value=0.00091533295506791758 0.00029837322816072322 0.0015809237383115748 -0.00022180265780699586 0.00031442788501742452
leaf_weight=45 565 42 1390 40
leaf_count=45 565 42 1390 40
internal_value=-8.63724e-05 -0.000436488 -0.000894226 0.0102381
internal_weight=2082 2037 1955 82
internal_count=2082 2037 1955 82
is_linear=0
shrinkage=0.04


Tree=39
num_leaves=7
num_cat=0
split_feature=78 61 28 70 33 25
split_gain=6.04585 7.87593 12.0175 5.36955 4.74396 3.85929
threshold=1.4789583704600828 0.27013941635562044 0.54992423885122899 -0.1555001460848868 -0.73659153465635907 -0.64499662898326415
decision_type=2 2 2 2 2 2
left_child=1 3 -3 -1 -2 -6
right_child=4 2 -4 -5 5 -7
leaf_value=-0.00073625447470376001 0.00060540267320644936 0.00059413707546600498 -0.00092100224370047449 -6.5287555177986415e-05 -0.00050860076475635937 0.00040176853973964311
leaf_weight=540 77 457 152 711 44 101
leaf_count=540 77 457 152 711 44 101
internal_value=-4.79846e-05 -0.000794844 0.00292962 -0.00260974 0.00616071 0.00183673
internal_weight=2082 1860 609 1251 222 145
internal_count=2082 1860 609 1251 222 145
is_linear=0
shrinkage=0.04


Tree=40
num_leaves=5
num_cat=0
split_feature=35 28 61 76
split_gain=6.90157 5.68693 10.8827 7.94342
threshold=-1.3751847525717253 0.093926854233473869 0.2737149961991327 2.1751190043501132
decision_type=2 2 2 2
left_child=-1 2 -2 -3
right_child=1 3 -4 -5
leaf_value=0.00088133113907232024 -0.0001324274783755959 -0.00040966539379268528 0.00064904568967836553 0.00064938084488568384
leaf_weight=45 753 879 365 40
leaf_count=45 753 879 365 40
internal_value=-4.79846e-05 -0.000397254 0.00151786 -0.0027253
internal_weight=2082 2037 1118 919
internal_count=2082 2037 1118 919
is_linear=0
shrinkage=0.04


Tree=41
num_leaves=5
num_cat=0
split_feature=35 72 97 35
split_gain=6.77984 5.49892 5.96436 2.87067
threshold=-1.3751847525717253 2.0911557454632428 0.60787242488530002 -0.24870834273072609
decision_type=2 2 2 2
left_child=-1 2 -2 -3
right_child=1 3 -4 -5
leaf_value=0.00084607789350942735 6.3572193929580662e-06 0.0014812044319607348 -0.0011769342874929879 0.00025212345901095271
leaf_weight=45 1699 42 256 40
leaf_count=45 1699 42 256 40
internal_value=8.63724e-05 -0.000259931 -0.000689831 0.0097619
internal_weight=2082 2037 1955 82
internal_count=2082 2037 1955 82
is_linear=0
shrinkage=0.04


Tree=42
num_leaves=5
num_cat=0
split_feature=36 90 59 28
split_gain=6.79717 5.65716 8.05077 5.96244
threshold=-1.4199267400100681 0.27945401725578028 1.0000000180025095e-35 -0.69278560533371458
decision_type=2 2 2 2
left_child=-1 2 -2 -3
right_child=1 3 -4 -5
leaf_value=0.00081223477776905034 0.00040268431787636623 0.00052820698269314423 -0.00017208583116624473 -0.00073744434845194609
leaf_weight=45 600 67 667 703
leaf_count=45 600 67 667 703
internal_value=6.71785e-05 -0.000279549 0.00136328 -0.00297927
internal_weight=2082 2037 1267 770
internal_count=2082 2037 1267 770
is_linear=0
shrinkage=0.04


Tree=43
num_leaves=8
num_cat=0
split_feature=78 59 90 70 17 14 95
split_gain=7.05329 6.2806 8.64748 4.53053 4.33496 4.18959 3.87384
threshold=1.4789583704600828 0.046409293015830043 0.20224424043194381 0.14681008055150563 -0.17922466037727922 0.035331312275443588 1.1167192090601972
decision_type=2 2 2 2 2 2 2
left_child=1 2 -1 -3 6 -6 -2
right_child=4 3 -4 -5 5 -7 -8
leaf_value=0.00038657694516131165 0.00019188726305486848 -0.00091371726262546628 -0.00043062526612695692 -1.3855221570498177e-05 -0.00016458107456076987 0.00063818199927187448 0.0012320728499487922
leaf_weight=576 53 450 507 327 82 46 41
leaf_count=576 53 450 507 327 82 46 41
internal_value=-9.59693e-06 -0.000816327 0.00115207 -0.00355584 0.00669643 0.00184615 0.013125
internal_weight=2082 1860 1083 777 222 128 94
internal_count=2082 1860 1083 777 222 128 94
is_linear=0
shrinkage=0.04


Tree=44
num_leaves=5
num_cat=0
split_feature=71 101 71 28
split_gain=6.52158 7.72016 7.20344 7.11795
threshold=-0.93605500849073564 0.075929741786314606 -0.5415466324813546 -0.69278560533371458
decision_type=2 2 2 2
left_child=-1 3 -3 -2
right_child=1 2 -4 -5
leaf_value=0.00061807053459534355 0.0003809373648334971 -0.00040635921951341088 0.00031883141818047484 -0.00054862369405098426
leaf_weight=63 119 144 822 934
leaf_count=63 119 144 822 934
internal_value=-9.59693e-06 -0.000410688 0.00216942 -0.00277725
internal_weight=2082 2019 966 1053
internal_count=2082 2019 966 1053
is_linear=0
shrinkage=0.04


Tree=45
num_leaves=5
num_cat=0
split_feature=35 77 59 36
split_gain=6.88412 5.2485 8.28852 6.41223
threshold=-1.3751847525717253 0.9293063591687073 1.0388729549534605 0.30171639290616364
decision_type=2 2 2 2
left_child=-1 3 -3 -2
right_child=1 2 -4 -5
leaf_value=0.00076702911383644821 4.9199188105719417e-05 0.00048382161815895084 -0.00036740464475248566 -0.00071381116362671359
leaf_weight=45 1116 229 106 586
leaf_count=45 1116 229 106 586
internal_value=-2.87908e-05 -0.000377636 0.00418398 -0.00127934
internal_weight=2082 2037 335 1702
internal_count=2082 2037 335 1702
is_linear=0
shrinkage=0.04


Tree=46
num_leaves=8
num_cat=0
split_feature=35 13 72 73 72 91 71
split_gain=6.0024 7.59353 8.19057 6.37568 4.84535 7.31753 4.87348
threshold=-0.14724734864537833 -0.39099816838753793 1.6204042334970465 -0.094193645388047947 0.37237898795299584 0.14394045953223933 0.86335589441246385
decision_type=2 2 2 2 2 2 2
left_child=1 3 -3 -1 6 -6 -2
right_child=4 2 -4 -5 5 -7 -8
leaf_value=0.00027418441935589389 -0.00050748946746668631 -3.9558989255143036e-05 0.0014676088258889337 0.00066954556757183189 0.0006585395967905769 -0.00043080876687793813 0.0010869900753771769
leaf_weight=102 742 651 61 59 198 149 120
leaf_count=102 742 651 61 59 198 149 120
internal_value=-6.71785e-05 0.00245714 0.000672269 0.0102454 -0.001891 0.00209169 -0.00349537
internal_weight=2082 873 712 161 1209 347 862
internal_count=2082 873 712 161 1209 347 862
is_linear=0
shrinkage=0.04


Tree=47
num_leaves=5
num_cat=0
split_feature=71 101 77 71
split_gain=6.02803 7.4433 8.79298 6.45249
threshold=-0.93605500849073564 0.075929741786314606 0.89246285010985971 -0.5415466324813546
decision_type=2 2 2 2
left_child=-1 2 -2 -3
right_child=1 3 -4 -5
leaf_value=0.00060232071482173755 -0.00059518834525569488 -0.00041143341626826904 0.00029802135389983358 0.000296992317652012
leaf_weight=63 930 144 123 822
leaf_count=63 930 144 123 822
internal_value=-0.000143954 -0.000529441 -0.00285308 0.00200413
internal_weight=2082 2019 1053 966
internal_count=2082 2019 1053 966
is_linear=0
shrinkage=0.04


Tree=48
num_leaves=5
num_cat=0
split_feature=35 97 40 71
split_gain=6.86668 4.91489 6.99443 4.5176
threshold=-1.3751847525717253 0.42669224994491345 -0.86740264331858208 1.7317572244373631
decision_type=2 2 2 2
left_child=-1 2 -2 -3
right_child=1 3 -4 -5
leaf_value=0.00072605061614711586 0.001787229834109369 -0.00079964764318887435 2.0447399045956105e-05 0.00091825349375621241
leaf_weight=45 43 374 1553 67
leaf_count=45 43 374 1553 67
internal_value=-9.59693e-06 -0.000358019 0.000675845 -0.00408578
internal_weight=2082 2037 1596 441
internal_count=2082 2037 1596 441
is_linear=0
shrinkage=0.04


Tree=49
num_leaves=6
num_cat=0
split_feature=71 101 77 40 26
split_gain=5.80147 6.92334 6.55691 5.8203 4.98652
threshold=-0.89825468853486579 -0.15907273996368879 0.9293063591687073 0.54610065862315438 0.24330321242812311
decision_type=2 2 2 2 2
left_child=4 2 -2 -3 -1
right_child=1 3 -4 -5 -6
leaf_value=0.00074549749232607045 -0.0006719235316677355 0.00022596379370250859 0.00029480414419091747 -0.00053108491574692374 -3.145451896504045e-05
leaf_weight=55 666 851 75 391 44
leaf_count=55 666 851 75 391 44
internal_value=-0.000143954 -0.000619647 -0.00367429 0.00120579 0.00920792
internal_weight=2082 1983 741 1242 99
internal_count=2082 1983 741 1242 99
is_linear=0
shrinkage=0.04


Tree=50
num_leaves=5
num_cat=0
split_feature=35 97 73 71
split_gain=5.45378 4.62938 5.91446 3.89686
threshold=-1.3751847525717253 0.42669224994491345 -0.42897098040377107 1.7317572244373631
decision_type=2 2 2 2
left_child=-1 2 -2 -3
right_child=1 3 -4 -5
leaf_value=0.00071825198813110834 -0.00037063761550801489 -0.0007611058028234273 0.00016750604132084103 0.00090276675063584097
leaf_weight=45 297 374 1299 67
leaf_count=45 297 374 1299 67
internal_value=-6.71785e-05 -0.000377636 0.000625782 -0.00399549
internal_weight=2082 2037 1596 441
internal_count=2082 2037 1596 441
is_linear=0
shrinkage=0.04


Tree=51
num_leaves=7
num_cat=0
split_feature=90 28 13 40 71 90
split_gain=4.9968 6.22796 5.36528 8.46088 5.31347 4.62869
threshold=0.29800193719323881 -0.69278560533371458 1.0788440910282755 0.51741318577867146 1.7317572244373631 -0.024187030406559503
decision_type=2 2 2 2 2 2
left_child=2 -2 3 -1 -3 -4
right_child=1 4 5 -5 -6 -7
leaf_value=0.00015356341807882848 0.00060742427909929149 -0.00074556495059698621 0.00087455388046442015 -0.00094575671349717949 0.00082244097562185123 -0.00019367912768556095
leaf_weight=998 64 605 88 179 96 52
leaf_count=998 64 605 88 179 96 52
internal_value=-0.000105566 -0.00267275 0.00138741 0.000500424 -0.00376956 0.00873239
internal_weight=2082 765 1317 1177 701 140
internal_count=2082 765 1317 1177 701 140
is_linear=0
shrinkage=0.04


Tree=52
num_leaves=8
num_cat=0
split_feature=35 13 73 44 53 36 101
split_gain=5.02849 7.38406 6.68951 5.14247 4.39253 5.53425 4.85124
threshold=-0.14724734864537833 -0.39099816838753793 -0.094193645388047947 -1.9290645814182039 -0.74999999999999989 0.4468770281045456 0.77083285529303314
decision_type=2 2 2 2 2 2 2
left_child=1 2 -1 -3 5 -2 -6
right_child=4 3 -4 -5 6 -7 -8
leaf_value=0.0002643253503059605 -0.00012786492343029205 0.00080406063016597506 0.00066087885589875329 -4.9835195369833124e-05 -0.00045612859076053894 0.0015026343236541689 0.00029821911087683702
leaf_weight=102 54 68 59 644 814 56 285
leaf_count=102 54 68 59 644 814 56 285
internal_value=9.59693e-06 0.00232 0.01 0.000560224 -0.00165979 0.00589286 -0.00242507
internal_weight=2082 873 161 712 1209 110 1099
internal_count=2082 873 161 712 1209 110 1099
is_linear=0
shrinkage=0.04


Tree=53
num_leaves=8
num_cat=0
split_feature=25 107 72 14 103 38 78
split_gain=4.79088 8.91577 7.63413 6.64598 6.12568 4.70884 3.91283
threshold=-0.023668929868672504 -0.099008153312969721 0.36745867754424816 0.68605943928628343 0.24950117536055058 2.2861277103342696 1.1339964320664395
decision_type=2 2 2 2 2 2 2
left_child=3 2 -2 5 -5 -1 -3
right_child=1 6 -4 4 -6 -7 -8
leaf_value=8.5430988913638353e-06 -3.9432569984348305e-05 -0.00078845319359069062 0.0010424756412524051 0.00016723329386387903 0.00087107257424275661 0.00083393521187962501 0.00046798368971618732
leaf_weight=870 342 548 131 65 41 41 44
leaf_count=870 342 548 131 65 41 41 44
internal_value=-4.79846e-05 -0.00192127 0.00216842 0.00191364 0.0112963 0.000799562 -0.00518519
internal_weight=2082 1065 473 1017 106 911 592
internal_count=2082 1065 473 1017 106 911 592
is_linear=0
shrinkage=0.04


Tree=54
num_leaves=5
num_cat=0
split_feature=35 28 61 76
split_gain=4.78646 4.59329 7.56533 5.52252
threshold=-1.3751847525717253 0.20517047736113667 0.2737149961991327 2.0920871862089188
decision_type=2 2 2 2
left_child=-1 2 -2 -3
right_child=1 3 -4 -5
leaf_value=0.00070108510342768997 -0.00010872196183736055 -0.00037270003180279998 0.00050796216584243997 0.00049106601319552721
leaf_weight=45 845 762 390 40
leaf_count=45 845 762 390 40
internal_value=-6.71785e-05 -0.000358019 0.00117219 -0.00271144
internal_weight=2082 2037 1235 802
internal_count=2082 2037 1235 802
is_linear=0
shrinkage=0.04


Tree=55
num_leaves=7
num_cat=0
split_feature=97 36 106 107 35 102
split_gain=4.91994 6.1479 6.18965 5.39948 3.61097 2.06203
threshold=0.44171670969361371 0.081741301049126552 0.38947273480434169 -0.099008153312969721 -0.96426873391473311 -0.035608845926037198
decision_type=2 2 2 2 2 2
left_child=1 2 -1 -3 -2 -6
right_child=4 3 -4 -5 5 -7
leaf_value=0.00036307177855745469 0.00068176287845806815 9.7895185374783405e-05 -0.00014536541103411571 -0.00052599856069827076 -0.0014565756679925787 -0.0001816470915560401
leaf_weight=524 56 452 289 382 195 184
leaf_count=524 56 452 289 382 195 184
internal_value=-4.79846e-05 0.000952092 0.00342331 -0.00145933 -0.00382151 -0.0052231
internal_weight=2082 1647 813 834 435 379
internal_count=2082 1647 813 834 435 379
is_linear=0
shrinkage=0.04


Tree=56
num_leaves=7
num_cat=0
split_feature=97 36 53 106 71 42
split_gain=4.53569 5.21 6.12236 5.74837 3.34536 1.7617
threshold=0.60787242488530002 0.081741301049126552 -0.74999999999999989 0.38947273480434169 1.7317572244373631 0.32793264849112086
decision_type=2 2 2 2 2 2
left_child=1 3 -3 -1 5 -2
right_child=4 2 -4 -5 -6 -7
leaf_value=0.00032636270133837601 -0.0011669786091359593 0.0008486992508478147 -0.00035021625620091013 -0.0001449880768622816 0.0010113150694428489 -0.00046186792080435684
leaf_weight=567 180 85 806 336 48 60
leaf_count=567 180 85 806 336 48 60
internal_value=-4.79846e-05 0.000701559 -0.00146697 0.00283978 -0.00468966 -0.00661157
internal_weight=2082 1794 891 903 288 240
internal_count=2082 1794 891 903 288 240
is_linear=0
shrinkage=0.04


Tree=57
num_leaves=8
num_cat=0
split_feature=101 77 71 35 47 40 87
split_gain=5.0213 6.35192 7.18619 4.72894 3.69366 4.35782 2.73538
threshold=0.80752522124009485 0.91491509353238143 -0.87147482617615146 0.54448215665675581 0.56160412312799413 -0.29852510342805161 -0.22108669505869816
decision_type=2 2 2 2 2 2 2
left_child=1 2 -1 -3 5 -2 -6
right_child=4 3 -4 -5 6 -7 -8
leaf_value=0.00056923935056669647 0.0021424009823444745 7.2090048370907766e-05 -0.00030898230090925153 0.0013778741488811141 0.00030457179028596721 0.00033216994027075204 -0.00089120559162689933
leaf_weight=117 40 184 1329 44 44 257 67
leaf_count=117 40 184 1329 44 44 257 67
internal_value=-0.000163148 -0.00113365 -0.00211326 0.00504348 0.00380488 0.0061204 -0.00238938
internal_weight=2082 1674 1446 228 408 297 111
internal_count=2082 1674 1446 228 408 297 111
is_linear=0
shrinkage=0.04


Tree=58
num_leaves=6
num_cat=0
split_feature=78 101 37 71 2
split_gain=4.47516 4.48461 8.64905 5.01721 3.65019
threshold=2.1249368450050605 0.075929741786314606 -0.77395534536118682 -0.5415466324813546 0.26413491551977414
decision_type=2 2 2 2 2
left_child=1 2 -1 -3 -2
right_child=4 3 -4 -5 -6
leaf_value=0.00039177516975081624 0.00047411966186058918 -0.00035466259426420637 -0.00050880938106690669 0.00029584877975486493 -2.4715398570990254e-06
leaf_weight=187 63 147 881 747 57
leaf_count=187 63 147 881 747 57
internal_value=-0.000220729 -0.000682281 -0.00242991 0.00140625 0.00721311
internal_weight=2082 1962 1068 894 120
internal_count=2082 1962 1068 894 120
is_linear=0
shrinkage=0.04


Tree=59
num_leaves=6
num_cat=0
split_feature=71 101 28 26 71
split_gain=4.19295 5.6671 6.84068 4.29741 4.18295
threshold=-0.87147482617615146 0.075929741786314606 -0.74881333106264858 0.33698473552865599 -0.41854223860495804
decision_type=2 2 2 2 2
left_child=3 2 -2 -1 -3
right_child=1 4 -4 -5 -6
leaf_value=0.00083235939275633219 0.00052966163339463238 -0.00021214671626111455 -0.0004384648266233021 -0.00019227605078740939 0.000294467235055278
leaf_weight=75 74 186 925 42 780
leaf_count=75 74 186 925 42 780
internal_value=-0.000316699 -0.000757499 -0.00286713 0.00697479 0.00142562
internal_weight=2082 1965 999 117 966
internal_count=2082 1965 999 117 966
is_linear=0
shrinkage=0.04


Tree=60
num_leaves=7
num_cat=0
split_feature=97 73 44 35 58 102
split_gain=4.34882 5.86869 5.24365 3.54123 2.44454 1.92208
threshold=0.44171670969361371 -0.42897098040377107 -1.9290645814182039 -0.96426873391473311 -0.36898026304456172 -0.035608845926037198
decision_type=2 2 2 2 2 2
left_child=1 4 -3 -2 -1 -5
right_child=3 2 -4 5 -6 -7
leaf_value=0.00017620541481966687 0.00065854493315646307 0.00059109549434813397 7.3999253716928171e-05 -0.001342405977674937 -0.00049870869246149618 -0.00017631433865580284
leaf_weight=63 56 85 1265 195 234 184
leaf_count=63 56 85 1265 195 234 184
internal_value=-0.000182342 0.000758035 0.0018787 -0.00372998 -0.00431438 -0.00511811
internal_weight=2082 1647 1350 435 297 379
internal_count=2082 1647 1350 435 297 379
is_linear=0
shrinkage=0.04


Tree=61
num_leaves=7
num_cat=0
split_feature=97 73 17 35 58 102
split_gain=4.20891 5.10769 4.70165 3.54123 2.26091 1.92208
threshold=0.44171670969361371 -0.42897098040377107 0.59301761875254388 -0.96426873391473311 -0.36898026304456172 -0.035608845926037198
decision_type=2 2 2 2 2 2
left_child=1 4 -3 -2 -1 -5
right_child=3 2 -4 5 -6 -7
leaf_value=0.00016915719822688024 0.00063220313583020442 0.00018913034179821598 -0.00022724447941911214 -0.0012887097385679397 -0.00047876034476303632 -0.0001692617651095707
leaf_weight=63 56 1126 224 195 234 184
leaf_count=63 56 1126 224 195 234 184
internal_value=-0.000239923 0.000685264 0.00173077 -0.00372998 -0.00404682 -0.00511811
internal_weight=2082 1647 1350 435 297 379
internal_count=2082 1647 1350 435 297 379
is_linear=0
shrinkage=0.04


Tree=62
num_leaves=6
num_cat=0
split_feature=97 40 34 35 71
split_gain=4.48838 5.40128 5.94522 3.90963 1.89693
threshold=0.42669224994491345 -0.86740264331858208 0.30579003908088215 -0.96426873391473311 1.890921475025545
decision_type=2 2 2 2 2
left_child=1 -1 -3 -2 -5
right_child=3 2 -4 4 -6
leaf_value=0.0015741478059289916 0.00060136262966893118 0.00013457304256602604 -0.00029264277370191397 -0.00066079416541771157 0.00046227033905371634
leaf_weight=43 57 993 593 342 54
leaf_count=43 57 993 593 342 54
internal_value=-0.000201536 0.000778663 0.000390428 -0.00371429 -0.00512563
internal_weight=2082 1629 1586 453 396
internal_count=2082 1629 1586 453 396
is_linear=0
shrinkage=0.04


Tree=63
num_leaves=8
num_cat=0
split_feature=101 28 10 42 10 90 71
split_gain=4.29148 4.47081 5.04755 4.09682 6.11857 4.8347 3.79221
threshold=-0.17028736349159262 -0.67311063015489014 -0.60753747017223048 -0.40022247599602606 1.7611540646355515 0.48898646160079345 -0.89825468853486579
decision_type=2 2 2 2 2 2 2
left_child=1 2 -1 5 -5 -2 -3
right_child=3 6 -4 4 -6 -7 -8
leaf_value=0.0006972371319459564 0.0005049827965734184 0.00032008408658213078 -0.00010068886742714945 -6.0379896650617943e-05 0.00094412761332019791 -0.00083802535842534989 -0.0005189863281104953
leaf_weight=48 310 60 68 835 64 54 643
leaf_count=48 310 60 68 835 64 54 643
internal_value=-0.000220729 -0.00247259 0.00474576 0.00124111 -0.000210877 0.00480874 -0.00367376
internal_weight=2082 819 116 1263 899 364 703
internal_count=2082 819 116 1263 899 364 703
is_linear=0
shrinkage=0.04


Tree=64
num_leaves=7
num_cat=0
split_feature=97 73 40 102 42 65
split_gain=4.09024 4.27477 5.32177 2.93318 1.93927 1.33244
threshold=0.60787242488530002 -0.53710491344498978 0.49246091285386745 0.2270446242375663 0.33761458748013867 -0.15225592353934511
decision_type=2 2 2 2 2 2
left_child=1 5 -3 4 -2 -1
right_child=3 2 -4 -5 -6 -7
leaf_value=-0.001008649859251838 -0.0012063563129215396 0.00015327793863252381 -0.00028752549304150292 0.00043414621113362323 -0.00021651144175116154 -0.00034601710393945037
leaf_weight=96 159 1130 505 75 54 63
leaf_count=96 159 1130 505 75 54 63
internal_value=-0.000143954 0.000567929 0.00117899 -0.00455172 -0.00693023 -0.00565217
internal_weight=2082 1794 1635 288 213 159
internal_count=2082 1794 1635 288 213 159
is_linear=0
shrinkage=0.04


Tree=65
num_leaves=7
num_cat=0
split_feature=97 34 107 106 35 102
split_gain=4.25529 3.93118 5.81778 4.42091 3.54123 1.92208
threshold=0.44171670969361371 0.30579003908088215 -0.093156543947499157 -0.85616962397947038 -0.96426873391473311 -0.035608845926037198
decision_type=2 2 2 2 2 2
left_child=1 3 -3 -1 -2 -6
right_child=4 2 -4 -5 5 -7
leaf_value=0.00042307946907298887 0.00058899267232697316 0.0002166618094885703 -0.00049907932737286572 8.155883508558004e-05 -0.0011581020604046783 -0.00012472659663328135
leaf_weight=121 56 246 378 902 195 184
leaf_count=121 56 246 378 902 195 184
internal_value=-0.000220729 0.000709521 -0.00178914 0.00223415 -0.00372998 -0.00511811
internal_weight=2082 1647 624 1023 435 379
internal_count=2082 1647 624 1023 435 379
is_linear=0
shrinkage=0.04


Tree=66
num_leaves=6
num_cat=0
split_feature=97 40 36 71 42
split_gain=4.24079 4.11901 4.30698 3.34536 1.7617
threshold=0.60787242488530002 -0.88854913466810304 0.081741301049126552 1.7317572244373631 0.32793264849112086
decision_type=2 2 2 2 2
left_child=1 -1 -3 4 -2
right_child=3 2 -4 -5 -6
leaf_value=0.0010799502686790164 -0.00087177708519335856 0.00011155823277655298 -0.00022350219556824301 0.00091497754293824978 -0.00025264401873297145
leaf_weight=46 180 888 860 48 60
leaf_count=46 180 888 860 48 60
internal_value=-0.000201536 0.000523385 0.000205714 -0.00468966 -0.00661157
internal_weight=2082 1794 1748 288 240
internal_count=2082 1794 1748 288 240
is_linear=0
shrinkage=0.04


Tree=67
num_leaves=7
num_cat=0
split_feature=101 28 59 61 28 102
split_gain=3.89955 7.65562 4.56461 5.11859 4.89685 1.05833
threshold=-0.60400693565772523 -0.69278560533371458 0.043422467089751671 -1.0235173620891929 0.70021228977547845 -0.38935097959000414
decision_type=2 2 2 2 2 2
left_child=1 -1 4 -4 -2 -3
right_child=2 5 3 -5 -6 -7
leaf_value=0.00074679268557305452 0.00034867744381052634 -0.00046592917597009317 0.00016876368672776815 -0.00036099595701943681 -0.00074458718410937781 -0.0009037274331890505
leaf_weight=42 674 93 282 693 115 183
leaf_count=42 674 93 282 693 115 183
internal_value=-0.00012476 -0.0041875 0.000611552 -0.00121801 0.00286979 -0.00661871
internal_weight=2082 318 1764 975 789 276
internal_count=2082 318 1764 975 789 276
is_linear=0
shrinkage=0.04


Tree=68
num_leaves=8
num_cat=0
split_feature=108 37 25 97 83 53 2
split_gain=3.8 7.40796 11.1373 5.29876 5.00221 3.41006 3.32616
threshold=-0.15043465975219236 -0.77395534536118682 -0.21575504344526514 -0.18793981674484292 1.4558793425990031 -0.41666666666666657 0.62309436211404956
decision_type=2 2 2 2 2 2 2
left_child=3 2 -2 5 -3 -1 -5
right_child=1 4 -4 6 -6 -7 -8
leaf_value=0.00047869974352361975 -0.00040543871458806943 -0.00039952754085835983 0.00091785245656513166 0.00049671204012699424 0.00024788374327160747 -0.00029320891270580822 -2.694616184007327e-05
leaf_weight=126 62 966 73 337 81 321 116
leaf_count=126 62 966 73 337 81 321 116
internal_value=-0.000182342 -0.0016723 0.00708029 0.00177384 -0.0028122 -0.00131403 0.00481319
internal_weight=2082 1182 135 900 1047 447 453
internal_count=2082 1182 135 900 1047 447 453
is_linear=0
shrinkage=0.04


Tree=69
num_leaves=7
num_cat=0
split_feature=101 28 59 61 28 11
split_gain=4.03013 5.29563 4.14453 5.02667 4.28612 1.17658
threshold=-0.60400693565772523 -0.69278560533371458 0.043422467089751671 -1.0235173620891929 0.38532378692121744 0.39453665117879844
decision_type=2 2 2 2 2 2
left_child=1 -1 4 -4 -2 -3
right_child=2 5 3 -5 -6 -7
leaf_value=0.00068020687988752692 0.00037516760630409117 -0.0011400355159011031 0.00016087289762894627 -0.00033369082255084339 -0.00023349063868790778 -0.00029211586966521318
leaf_weight=42 572 175 282 693 217 101
leaf_count=42 572 175 282 693 217 101
internal_value=-0.000182342 -0.0043125 0.000566251 -0.00117707 0.00271808 -0.00633094
internal_weight=2082 318 1764 975 789 276
internal_count=2082 318 1764 975 789 276
is_linear=0
shrinkage=0.04


Tree=70
num_leaves=6
num_cat=0
split_feature=71 3 71 45 90
split_gain=4.04203 4.63473 3.87474 5.90421 4.708
threshold=-0.89825468853486579 0.11535543957282689 0.86335589441246385 -0.053280915066445243 0.82973167867336939
decision_type=2 2 2 2 2
left_child=1 -1 4 -4 -2
right_child=2 -3 3 -5 -6
leaf_value=0.00076902915705503007 -2.7632277261594972e-05 -5.4671619080197756e-05 0.00078944738347271558 -0.00030052519127109103 -0.00081288836540731432
leaf_weight=45 1410 54 149 205 219
leaf_count=45 1410 54 149 205 219
internal_value=-0.000182342 0.00762376 -0.000579345 0.00320225 -0.00140405
internal_weight=2082 99 1983 354 1629
internal_count=2082 99 1983 354 1629
is_linear=0
shrinkage=0.04


Tree=71
num_leaves=5
num_cat=0
split_feature=40 101 77 44
split_gain=3.72207 3.89903 4.2444 3.14497
threshold=-0.92264095853926109 0.80752522124009485 0.91491509353238143 1.5665317631620674
decision_type=2 2 2 2
left_child=-1 2 -2 -3
right_child=1 3 -4 -5
leaf_value=0.0010506855072127041 -0.00020154556425253461 0.00012969629384660674 0.00011265601249056956 0.001017947557407262
leaf_weight=45 1409 367 221 40
leaf_count=45 1409 367 221 40
internal_value=-0.000278311 -0.000534576 -0.00140931 0.00295844
internal_weight=2082 2037 1630 407
internal_count=2082 2037 1630 407
is_linear=0
shrinkage=0.04


Tree=72
num_leaves=6
num_cat=0
split_feature=71 3 72 97 35
split_gain=3.33507 3.76176 3.67965 4.37899 3.21376
threshold=-0.89825468853486579 0.11535543957282689 1.8926969256435808 0.60787242488530002 -0.14724734864537833
decision_type=2 2 2 2 2
left_child=1 -1 3 -2 -4
right_child=2 -3 4 -5 -6
leaf_value=0.00074632981334293023 -1.8389165709632901e-05 -4.44229317468884e-05 0.001415718934629063 -0.00069973451444527992 -0.00035263309260345435
leaf_weight=45 1644 54 54 243 42
leaf_count=45 1644 54 54 243 42
internal_value=-0.000259117 0.00683168 -0.000619647 -0.00101112 0.00693878
internal_weight=2082 99 1983 1887 96
internal_count=2082 99 1983 1887 96
is_linear=0
shrinkage=0.04


Tree=73
num_leaves=6
num_cat=0
split_feature=101 28 40 14 102
split_gain=3.64608 5.19518 3.8257 3.12275 1.08292
threshold=-0.60400693565772523 -0.69278560533371458 -0.92264095853926109 1.6391454036113295 -0.44494255020273038
decision_type=2 2 2 2 2
left_child=1 -1 -2 -4 -3
right_child=2 4 3 -5 -6
leaf_value=0.00070743005916597593 0.0013376515183297602 -0.00036624961717091325 -8.9341591557058615e-06 0.00020952678842716809 -0.00078713795276665033
leaf_weight=42 40 84 1672 52 192
leaf_count=42 40 84 1672 52 192
internal_value=-0.000259117 -0.0041875 0.000453001 0.000162225 -0.00618705
internal_weight=2082 318 1764 1724 276
internal_count=2082 318 1764 1724 276
is_linear=0
shrinkage=0.04


Tree=74
num_leaves=7
num_cat=0
split_feature=101 28 106 78 2 102
split_gain=3.34914 4.38803 3.60864 3.36744 3.32763 1.19598
threshold=-0.60400693565772523 -0.69278560533371458 0.38947273480434169 0.75302706500012018 0.3122497919961888 -0.44494255020273038
decision_type=2 2 2 2 2 2
left_child=1 -1 4 -4 -2 -3
right_child=2 5 3 -5 -6 -7
leaf_value=0.00067913285679933682 0.00027725896817138221 -0.00035159963248407663 -0.00045754420569165842 9.6899364872556765e-05 -4.6600619247828546e-05 -0.00075565243465598427
leaf_weight=42 766 84 384 171 443 192
leaf_count=42 766 84 384 171 443 192
internal_value=-0.000297505 -0.0040625 0.000385051 -0.00228007 0.00161024 -0.00589928
internal_weight=2082 318 1764 555 1209 276
internal_count=2082 318 1764 555 1209 276
is_linear=0
shrinkage=0.04


Tree=75
num_leaves=7
num_cat=0
split_feature=101 28 35 13 59 102
split_gain=3.40107 3.81814 3.21595 8.46941 4.12205 1.19598
threshold=-0.60400693565772523 -0.69278560533371458 -0.88077142591814839 -0.08276883313108048 -0.40037509062905613 -0.44494255020273038
decision_type=2 2 2 2 2 2
left_child=1 -1 3 -2 -4 -3
right_child=2 5 4 -5 -6 -7
leaf_value=0.00065196754252736346 0.00059368923268468348 -0.00033753564718471362 0.00034226598728367161 3.2235305378578855e-05 -0.0001047569930556569 -0.00072542633726974495
leaf_weight=42 54 84 426 187 1097 192
leaf_count=42 54 84 426 187 1097 192
internal_value=-0.000393474 -0.0041875 0.000294451 0.0045679 -0.000386885 -0.00589928
internal_weight=2082 318 1764 241 1523 276
internal_count=2082 318 1764 241 1523 276
is_linear=0
shrinkage=0.04


Tree=76
num_leaves=5
num_cat=0
split_feature=35 101 26 94
split_gain=3.24593 3.19433 3.78481 3.2119
threshold=-1.3751847525717253 1.324403497320721 0.47963976702034994 0.64539587898710371
decision_type=2 2 2 2
left_child=-1 3 -3 -2
right_child=1 2 -4 -5
leaf_value=0.0006011551081044911 -1.6344211098128156e-05 0.00085413183863520625 -8.4213588001286064e-05 -0.00046059302534528655
leaf_weight=45 1531 69 80 357
leaf_count=45 1531 69 80 357
internal_value=-0.000393474 -0.000632663 0.00496689 -0.00107937
internal_weight=2082 2037 149 1888
internal_count=2082 2037 149 1888
is_linear=0
shrinkage=0.04


Tree=77
num_leaves=8
num_cat=0
split_feature=101 37 100 106 40 59 73
split_gain=2.9356 3.43319 4.73184 3.12382 3.66221 3.13568 0.922147
threshold=-0.60400693565772523 -0.45291551112682299 -0.35257288937087627 0.28256401813516246 0.54610065862315438 0.80923345562725746 0.27366092278651227
decision_type=2 2 2 2 2 2 2
left_child=1 2 -1 4 -2 -5 -3
right_child=3 6 -4 5 -6 -7 -8
leaf_value=0.00056161342249626408 0.00022201969125522906 -0.0010012160703081619 -0.00032710341851417246 -0.00037675597422695203 -0.00022487829543960835 0.00018463414747498072 -0.0003183411547897757
leaf_weight=53 815 141 83 426 325 198 41
leaf_count=53 815 141 83 426 325 198 41
internal_value=-0.000412668 -0.0039375 0.000869565 0.000226501 0.0014711 -0.00204473 -0.0075
internal_weight=2082 318 136 1764 1140 624 182
internal_count=2082 318 136 1764 1140 624 182
is_linear=0
shrinkage=0.04


Tree=78
num_leaves=7
num_cat=0
split_feature=101 28 73 40 39 11
split_gain=3.11448 3.73302 2.97335 3.89517 1.41336 1.33459
threshold=-0.60400693565772523 -0.69278560533371458 -0.55944178639215159 0.54610065862315438 0.032857954963339965 0.39453665117879844
decision_type=2 2 2 2 2 2
left_child=1 -1 4 -4 -2 -3
right_child=2 5 3 -5 -6 -7
leaf_value=0.00062691726266758977 -0.001445416720311608 -0.00098652411761327146 0.00013347040937731385 -0.00023399614524959034 2.8935638047016006e-05 -0.00018121579877503139
leaf_weight=42 87 175 1098 537 42 101
leaf_count=42 87 175 1098 537 42 101
internal_value=-0.000431862 -0.0040625 0.000226501 0.000690287 -0.00557252 -0.0057554
internal_weight=2082 318 1764 1635 129 276
internal_count=2082 318 1764 1635 129 276
is_linear=0
shrinkage=0.04


Tree=79
num_leaves=7
num_cat=0
split_feature=13 40 35 101 82 77
split_gain=3.23313 4.38786 6.84605 5.28639 4.22289 3.60252
threshold=1.6739503943713023 0.55350417835884735 -0.90963145134833046 -0.17762009741360754 0.61447250194950531 0.0059147865057458393
decision_type=2 2 2 2 2 2
left_child=1 3 -3 -1 5 -2
right_child=4 2 -4 -5 -6 -7
leaf_value=-0.00023755546736811792 0.0006901607282817512 0.00030535825710276105 -0.00084847189987387415 0.00016085470969442344 0.00073358752475827596 -0.0015290480989133238
leaf_weight=632 44 107 313 870 64 52
leaf_count=632 44 107 313 870 64 52
internal_value=-0.000489443 -0.000945946 -0.00454976 6.64894e-05 0.00493827 -0.000408163
internal_weight=2082 1922 420 1502 160 96
internal_count=2082 1922 420 1502 160 96
is_linear=0
shrinkage=0.04


Tree=80
num_leaves=7
num_cat=0
split_feature=85 108 37 100 14 11
split_gain=2.96957 3.28762 4.60477 3.69979 0.766808 0.0341283
threshold=-1.0812731549738519 -0.15043465975219236 -0.77395534536118682 0.026763009631852627 0.52267139701310528 -0.29201521423002053
decision_type=2 2 2 2 2 2
left_child=4 3 -3 -2 5 -1
right_child=1 2 -4 -5 -6 -7
leaf_value=-0.0011679514815051695 0.00036582594341190108 0.00046089517167509749 -0.0002351374177255041 2.7046861019821427e-06 -3.5626684150546762e-05 -0.00047576024937498462
leaf_weight=40 252 131 1000 567 45 47
leaf_count=40 252 131 1000 567 45 47
internal_value=-0.000508637 -0.000112705 -0.00150927 0.00181486 -0.00626866 -0.00842697
internal_weight=2082 1950 1131 819 132 87
internal_count=2082 1950 1131 819 132 87
is_linear=0
shrinkage=0.04


Tree=81
num_leaves=7
num_cat=0
split_feature=85 108 37 53 14 5
split_gain=2.93011 2.78342 4.51265 3.9861 0.766808 0.0341283
threshold=-1.0812731549738519 -0.15043465975219236 -0.77395534536118682 0.25000000000000006 0.52267139701310528 0.32856594214557716
decision_type=2 2 2 2 2 2
left_child=4 3 -3 -2 5 -1
right_child=1 2 -4 -5 -6 -7
leaf_value=-0.00057863869584320199 0.00038908751885105217 0.00044245936480809354 -0.00022573192101648398 -7.5254075453566621e-05 -3.4201616784524936e-05 -0.00075811461112488046
leaf_weight=47 435 131 1000 384 45 40
leaf_count=47 435 131 1000 384 45 40
internal_value=-0.000547025 -0.000153689 -0.00143866 0.00161998 -0.00626866 -0.00842697
internal_weight=2082 1950 1131 819 132 87
internal_count=2082 1950 1131 819 132 87
is_linear=0
shrinkage=0.04


Tree=82
num_leaves=7
num_cat=0
split_feature=101 28 73 45 39 11
split_gain=3.29866 3.20859 2.97335 3.19615 1.41336 1.33459
threshold=-0.60400693565772523 -0.69278560533371458 -0.55944178639215159 -1.3335822199778302 0.032857954963339965 0.39453665117879844
decision_type=2 2 2 2 2 2
left_child=1 -1 4 -4 -2 -3
right_child=2 5 3 -5 -6 -7
leaf_value=0.00057835733240888801 -0.0013924508926576992 -0.00093415498479834267 0.00055588947240667666 2.1160140336699134e-06 2.4245999711421887e-05 -0.0001616718160919025
leaf_weight=42 87 175 168 1467 42 101
leaf_count=42 87 175 168 1467 42 101
internal_value=-0.000451056 -0.0041875 0.000226501 0.000690287 -0.00557252 -0.0057554
internal_weight=2082 318 1764 1635 129 276
internal_count=2082 318 1764 1635 129 276
is_linear=0
shrinkage=0.04


Tree=83
num_leaves=5
num_cat=0
split_feature=35 101 37 59
split_gain=3.2819 3.02673 3.51464 2.95704
threshold=-1.3751847525717253 -0.60400693565772523 -0.45291551112682299 0.043422467089751671
decision_type=2 2 2 2
left_child=-1 2 -2 -3
right_child=1 3 -4 -5
leaf_value=0.00059907964951637696 3.1214371213490539e-05 0.00012309640255433492 -0.0007596948602551579 -0.00012102357391439695
leaf_weight=45 136 784 180 937
leaf_count=45 136 784 180 937
internal_value=-0.000451056 -0.000691515 -0.00427673 -2.90192e-05
internal_weight=2082 2037 316 1721
internal_count=2082 2037 316 1721
is_linear=0
shrinkage=0.04


Tree=84
num_leaves=6
num_cat=0
split_feature=14 39 48 101 39
split_gain=2.87262 5.16407 4.31237 4.27346 3.19951
threshold=-0.56693672273119178 -0.63227500511145129 -1.1721831426839564 1.1162966591486965 1.8157385287051271
decision_type=2 2 2 2 2
left_child=1 -1 -2 -4 -3
right_child=2 4 3 -5 -6
leaf_value=0.00057517162270315453 0.00094914851443312666 -0.00065071419674276546 -3.7679392154216228e-05 0.00065348743919101712 0.00022080705571187132
leaf_weight=45 51 317 1432 174 63
leaf_count=45 51 317 1432 174 63
internal_value=-0.00047025 -0.00339578 0.000283303 -8.70647e-05 -0.00492147
internal_weight=2082 425 1657 1606 380
internal_count=2082 425 1657 1606 380
is_linear=0
shrinkage=0.04


Tree=85
num_leaves=7
num_cat=0
split_feature=101 37 100 71 40 73
split_gain=2.98419 3.19695 3.64668 3.03621 2.92359 0.922147
threshold=-0.60400693565772523 -0.45291551112682299 -0.23990072469032517 -0.87147482617615146 0.54610065862315438 0.27366092278651227
decision_type=2 2 2 2 2 2
left_child=1 2 -1 -2 -5 -3
right_child=3 5 -4 4 -6 -7
leaf_value=0.00023098392407855633 0.00040226150725274567 -0.00086307195684169396 -0.00052390123052257489 4.5020962539150387e-05 -0.00030007098829519074 -0.00020762338436249798
leaf_weight=83 78 141 53 1173 513 41
leaf_count=83 78 141 53 1173 513 41
internal_value=-0.000508637 -0.0040625 0.00057971 0.0001359 -0.000225118 -0.0075
internal_weight=2082 318 136 1764 1686 182
internal_count=2082 318 136 1764 1686 182
is_linear=0
shrinkage=0.04


Tree=86
num_leaves=8
num_cat=0
split_feature=71 45 96 44 17 28 94
split_gain=2.85203 3.78824 3.5543 3.49141 3.39629 3.389 1.69991
threshold=1.4139272787354995 -0.053280915066445243 0.69601107359009751 -1.9290645814182039 0.30087480018926888 0.18989167978358437 0.62950857828029239
decision_type=2 2 2 2 2 2 2
left_child=2 5 3 -1 -3 -2 -4
right_child=1 4 6 -5 -6 -7 -8
leaf_value=0.00041916230123253051 0.0018562698452630863 0.00094009946124144241 4.2840061229732218e-05 -3.5074292100862185e-05 -0.0014072190191486156 0.00029713025588925233 -0.00058188913516399798
leaf_weight=116 41 84 72 1435 52 42 240
leaf_count=116 41 84 72 1435 52 42 240
internal_value=-0.000451056 0.00384615 -0.000959786 -0.000173857 -0.000289855 0.0104706 -0.00484076
internal_weight=2082 219 1863 1551 136 83 312
internal_count=2082 219 1863 1551 136 83 312
is_linear=0
shrinkage=0.04


Tree=87
num_leaves=7
num_cat=0
split_feature=35 13 101 37 35 44
split_gain=2.76975 8.05727 3.66641 3.88555 3.56175 3.45669
threshold=-0.88077142591814839 -0.08276883313108048 0.25522735109261818 -0.77395534536118682 -1.3751847525717253 1.6229778528096206
decision_type=2 2 2 2 2 2
left_child=1 -1 3 -2 -3 -4
right_child=2 4 5 -5 -6 -7
leaf_value=0.00048765308668695774 0.00016128360915486877 0.00060069037950041598 4.1841826844835059e-06 -0.00032365476272186005 -0.00033881301718994119 0.00077590937311633576
leaf_weight=65 198 45 685 852 163 74
leaf_count=65 198 45 685 852 163 74
internal_value=-0.000431862 0.00330909 -0.000999448 -0.00252852 -0.000571429 0.00111695
internal_weight=2082 273 1809 1050 208 759
internal_count=2082 273 1809 1050 208 759
is_linear=0
shrinkage=0.04


Tree=88
num_leaves=6
num_cat=0
split_feature=14 37 71 13 15
split_gain=2.68731 7.10798 5.51329 4.15931 3.61067
threshold=-0.56693672273119178 -0.70174983767748689 2.8903518024562258 1.7323199569254075 -0.32421797690473364
decision_type=2 2 2 2 2
left_child=1 -1 4 -3 -2
right_child=2 3 -4 -5 -6
leaf_value=0.00067832549318687428 0.00024523242842088732 -0.00060901033805406163 0.0020328636560295265 0.00020502194878135426 -6.9508713997836968e-05
leaf_weight=56 485 306 54 63 1118
leaf_count=56 485 306 54 63 1118
internal_value=-0.000566219 -0.00339578 0.000162749 -0.00541779 -0.000267913
internal_weight=2082 425 1657 369 1603
internal_count=2082 425 1657 369 1603
is_linear=0
shrinkage=0.04


Tree=89
num_leaves=8
num_cat=0
split_feature=101 37 100 40 13 13 2
split_gain=2.54924 2.88373 3.00829 2.67104 7.61743 4.0642 0.723749
threshold=-0.60400693565772523 -0.26684153712990427 -0.23342421585488562 0.54610065862315438 0.79926894044306518 1.6393692109939162 -0.18860303224578956
decision_type=2 2 2 2 2 2 2
left_child=1 2 -1 4 -2 -5 -3
right_child=3 6 -4 5 -6 -7 -8
leaf_value=0.00019364087037266594 1.9055892652145543e-05 -0.00037575010662696485 -0.00047772583821375483 -0.00049309424738073289 0.00088842488167389293 0.00035341870730514922 -0.0010088276861230626
leaf_weight=92 1167 71 62 389 58 150 93
leaf_count=92 1167 71 62 389 58 150 93
internal_value=-0.000527831 -0.0038125 0.000128205 6.79502e-05 0.00110024 -0.00227357 -0.00746988
internal_weight=2082 318 154 1764 1225 539 164
internal_count=2082 318 154 1764 1225 539 164
is_linear=0
shrinkage=0.04


Tree=90
num_leaves=6
num_cat=0
split_feature=71 101 45 44 53
split_gain=3.00887 3.71193 3.2604 2.96198 2.64008
threshold=-0.87147482617615146 0.075929741786314606 -0.064744043005052765 -1.7235905971444396 0.75000000000000011
decision_type=2 2 2 2 2
left_child=2 4 -1 -3 -2
right_child=1 3 -4 -5 -6
leaf_value=0.00062696027794549906 -0.00027941219109076137 0.00046006872614679227 -7.2190292333656832e-05 8.3360647209829161e-06 6.5329356386350238e-05
leaf_weight=51 933 81 66 885 66
leaf_count=51 933 81 66 885 66
internal_value=-0.000547025 -0.000920183 0.00563025 0.000847107 -0.00262737
internal_weight=2082 1965 117 966 999
internal_count=2082 1965 117 966 999
is_linear=0
shrinkage=0.04


Tree=91
num_leaves=5
num_cat=0
split_feature=35 40 44 94
split_gain=2.81343 2.86694 4.25839 4.14438
threshold=-1.3751847525717253 0.55350417835884735 -1.9290645814182039 0.84899358638148137
decision_type=2 2 2 2
left_child=-1 3 -3 -2
right_child=1 2 -4 -5
leaf_value=0.00059893490752363553 5.1407391220657281e-05 0.0005529044057526472 -0.00046322164775911841 -0.00035594679323379527
leaf_weight=45 1332 59 476 170
leaf_count=45 1332 59 476 170
internal_value=-0.000527831 -0.000750368 -0.00325885 0.000146277
internal_weight=2082 2037 535 1502
internal_count=2082 2037 535 1502
is_linear=0
shrinkage=0.04


Tree=92
num_leaves=6
num_cat=0
split_feature=14 37 71 105 15
split_gain=2.48135 6.90719 5.10648 3.9354 3.63244
threshold=-0.56693672273119178 -0.70174983767748689 2.9052040433853246 -0.80543837317131206 -0.32421797690473364
decision_type=2 2 2 2 2
left_child=1 -1 4 -3 -2
right_child=2 3 -4 -5 -6
leaf_value=0.000624244223787297 0.0002457188909212598 0.00014754084220607193 0.0019091700862126798 -0.00056677985535192991 -7.0757072941922685e-05
leaf_weight=56 488 54 48 315 1121
leaf_count=56 488 54 48 315 1121
internal_value=-0.000489443 -0.00320843 0.00021097 -0.00520216 -0.000180012
internal_weight=2082 425 1657 369 1609
internal_count=2082 425 1657 369 1609
is_linear=0
shrinkage=0.04


Tree=93
num_leaves=8
num_cat=0
split_feature=101 37 28 106 41 28 2
split_gain=2.68546 2.68998 2.83156 2.62362 3.52619 0.839257 0.723749
threshold=-0.60400693565772523 -0.26684153712990427 -0.22166354801588239 1.2970128631629645 0.87898768259133642 0.72423554684077407 -0.18860303224578956
decision_type=2 2 2 2 2 2 2
left_child=1 2 -1 4 -2 -5 -3
right_child=3 6 -4 5 -6 -7 -8
leaf_value=0.00024451742096233474 5.904078770342481e-05 -0.00033665948225798426 -0.00047172044655683775 -0.00094113908681921514 -0.00040592044857940267 -0.00068473478778297708 -0.0009449336252216298
leaf_weight=101 1558 71 53 53 113 40 93
leaf_count=101 1558 71 53 53 113 40 93
internal_value=-0.000566219 -0.0039375 -0.000128205 4.53001e-05 0.000412433 -0.00642105 -0.00746988
internal_weight=2082 318 154 1764 1671 93 164
internal_count=2082 318 154 1764 1671 93 164
is_linear=0
shrinkage=0.04


Tree=94
num_leaves=6
num_cat=0
split_feature=14 37 71 13 15
split_gain=2.34726 6.80786 4.4781 4.43463 3.17256
threshold=-0.56693672273119178 -0.70174983767748689 2.9052040433853246 1.7323199569254075 -0.32421797690473364
decision_type=2 2 2 2 2
left_child=1 -1 4 -3 -2
right_child=2 3 -4 -5 -6
leaf_value=0.00059134852432990079 0.00023352850377627248 -0.00054207744476080584 0.0018304416512560356 0.00020153962603815983 -6.2908580223495974e-05
leaf_weight=56 488 306 48 63 1121
leaf_count=56 488 306 48 63 1121
internal_value=-0.00047025 -0.00311475 0.00021097 -0.00509434 -0.000155183
internal_weight=2082 425 1657 369 1609
internal_count=2082 425 1657 369 1609
is_linear=0
shrinkage=0.04


Tree=95
num_leaves=7
num_cat=0
split_feature=44 36 97 40 101 102
split_gain=2.74128 4.25806 4.38793 2.95979 4.23402 3.51957
threshold=-1.9290645814182039 -0.60494345901207436 0.65415570287845937 0.55350417835884735 -0.17028736349159262 -0.80246536435709415
decision_type=2 2 2 2 2 2
left_child=1 -1 -3 4 -2 -5
right_child=3 2 -4 5 -6 -7
leaf_value=0.00061720660775256 -0.00017425183831318734 0.0003298822988300984 -0.0014436598278830873 0.00025303154032196276 0.0001132955877557397 -0.00048010534999640169
leaf_weight=51 592 93 45 66 795 440
leaf_count=51 592 93 45 66 795 440
internal_value=-0.000431862 0.00413613 0.000428571 -0.000891821 6.47948e-05 -0.00350394
internal_weight=2082 189 138 1893 1387 506
internal_count=2082 189 138 1893 1387 506
is_linear=0
shrinkage=0.04


Tree=96
num_leaves=8
num_cat=0
split_feature=101 59 14 32 37 100 47
split_gain=2.50436 2.90236 3.79036 3.38305 2.70376 3.00829 0.90134
threshold=-0.60400693565772523 0.043422467089751671 -1.3065119910596457 -1.5023898247862661 -0.26684153712990427 -0.23342421585488562 0.79467693672466921
decision_type=2 2 2 2 2 2 2
left_child=4 2 -2 -3 5 -1 -6
right_child=1 3 -4 -5 6 -7 -8
leaf_value=0.00019542477147359462 -0.00095709364915085753 0.0014276378230843056 0.00020243550464508979 -0.00010317629068169882 -0.00083801462540090271 -0.00040201692779080463 -0.00014268417593672034
leaf_weight=92 53 42 736 933 115 62 49
leaf_count=92 53 42 736 933 115 62 49
internal_value=-0.000431862 0.00015855 0.00195954 -0.0012999 -0.0036875 0.000128205 -0.00722892
internal_weight=2082 1764 789 975 318 154 164
internal_count=2082 1764 789 975 318 154 164
is_linear=0
shrinkage=0.04


Tree=97
num_leaves=7
num_cat=0
split_feature=44 36 97 87 94 65
split_gain=2.93227 4.087 5.40612 2.70107 2.75948 0.944002
threshold=-1.305344079188407 -0.58681313684605851 0.57859672610139379 -1.1827564895008253 0.62950857828029239 0.010956860765575843
decision_type=2 2 2 2 2 2
left_child=1 -1 -3 5 -5 -2
right_child=3 2 -4 4 -6 -7
leaf_value=0.00049342253674417133 -8.3295974075752317e-05 0.00023134653787279606 -0.001202141400945763 9.1142951630085462e-06 -0.00023793896175717811 -0.0010338963522652472
leaf_weight=69 53 131 57 1329 341 102
leaf_count=69 53 131 57 1329 341 102
internal_value=-0.00047025 0.00351351 0.000421053 -0.00103448 -0.000562201 -0.00605096
internal_weight=2082 257 188 1825 1670 155
internal_count=2082 257 188 1825 1670 155
is_linear=0
shrinkage=0.04


Tree=98
num_leaves=7
num_cat=0
split_feature=36 77 10 28 14 44
split_gain=2.62467 7.11703 5.86545 3.52335 3.67627 3.50802
threshold=0.30171639290616364 0.97370032187034372 1.6387382265889323 -0.71979938038391966 -0.51544097410441536 0.19710309184307129
decision_type=2 2 2 2 2 2
left_child=3 2 -2 5 -5 -1
right_child=1 -3 -4 4 -6 -7
leaf_value=0.00067450724299487647 -0.00047796638863263104 0.00072907651789471295 0.00073793712190751537 -0.00020419981866097632 5.2718836729524249e-05 -0.0001919164680594901
leaf_weight=67 552 72 40 289 1022 40
leaf_count=67 552 72 40 289 1022 40
internal_value=-0.000451056 -0.00252252 -0.00397306 0.000521127 -5.3313e-05 0.00743119
internal_weight=2082 664 592 1418 1311 107
internal_count=2082 664 592 1418 1311 107
is_linear=0
shrinkage=0.04


Tree=99
num_leaves=7
num_cat=0
split_feature=44 36 97 59 12 14
split_gain=2.90578 3.4002 4.57166 2.85323 6.10715 3.30128
threshold=-1.305344079188407 -0.58681313684605851 0.65415570287845937 -0.72873297938666071 0.88269022595305835 -0.56693672273119178
decision_type=2 2 2 2 2 2
left_child=1 -1 -3 4 -2 -5
right_child=3 2 -4 5 -6 -7
leaf_value=0.00047157688180522354 0.00090894449468754631 0.00021766509398322438 -0.0012393206488313822 -0.00039447128379563811 -0.00052130927055991038 -2.1750553858292803e-05
leaf_weight=69 57 135 53 344 45 1379
leaf_count=69 57 135 53 344 45 1379
internal_value=-0.000297505 0.00366795 0.000842105 -0.000859332 0.00557692 -0.00124638
internal_weight=2082 257 188 1825 102 1723
internal_count=2082 257 188 1825 102 1723
is_linear=0
shrinkage=0.04


Tree=100
num_leaves=7
num_cat=0
split_feature=73 28 59 84 58 28
split_gain=2.73215 2.86532 7.42518 4.46112 2.17177 2.15936
threshold=-0.42897098040377107 0.20517047736113667 -0.62238732905733418 0.96634658939994311 -0.36898026304456172 0.29556162206268383
decision_type=2 2 2 2 2 2
left_child=4 2 -2 -3 -1 -6
right_child=1 3 -4 -5 5 -7
leaf_value=0.00027463999426051612 0.00097748232322516322 -0.00018065327547375277 1.7571122115642297e-05 0.00037394478622742341 -0.00066735680165653025 1.6447598822709742e-05
leaf_weight=63 80 698 920 87 193 41
leaf_count=63 80 698 920 87 193 41
internal_value=-0.00037428 0.000218243 0.00163673 -0.00158831 -0.00391304 -0.00567797
internal_weight=2082 1785 1000 785 297 234
internal_count=2082 1785 1000 785 297 234
is_linear=0
shrinkage=0.04


Tree=101
num_leaves=7
num_cat=0
split_feature=36 77 10 37 71 84
split_gain=2.96914 5.21722 5.65118 3.38495 5.88581 2.96584
threshold=0.30171639290616364 0.97370032187034372 1.6387382265889323 -0.1150797137795794 0.44265479440649003 0.96634658939994311
decision_type=2 2 2 2 2 2
left_child=3 2 -2 4 -1 -5
right_child=1 -3 -4 5 -6 -7
leaf_value=5.3520465731404738e-05 -0.00045484809139049786 0.00070206287842452446 0.00066459899617889813 -0.00011471087996409556 0.0010357530315874633 0.00029687450078434626
leaf_weight=568 552 72 40 692 54 104
leaf_count=568 552 72 40 692 54 104
internal_value=-0.000259117 -0.00246246 -0.0037037 0.000774648 0.00298077 -0.000952381
internal_weight=2082 664 592 1418 622 796
internal_count=2082 664 592 1418 622 796
is_linear=0
shrinkage=0.04


Tree=102
num_leaves=7
num_cat=0
split_feature=35 71 25 14 24 7
split_gain=3.09639 3.92572 6.41632 3.23331 3.04423 0.7729
threshold=0.88917530592910576 1.4139272787354995 -0.43547983498457393 -0.84270421158651621 1.1399103773828612 0.14631432549525392
decision_type=2 2 2 2 2 2
left_child=1 3 -3 -1 5 -2
right_child=4 2 -4 -5 -6 -7
leaf_value=-0.00028741333247884484 -0.00087122199402202283 -0.00036781187354432239 0.0010550365295609707 4.6673285277570865e-06 0.00012561329286595702 -0.00012906344484593367
leaf_weight=185 105 60 132 1465 61 74
leaf_count=185 105 60 132 1465 61 74
internal_value=-0.00037428 0.000184382 0.00556701 -0.000447942 -0.0046281 -0.00723757
internal_weight=2082 1842 192 1650 240 179
internal_count=2082 1842 192 1650 240 179
is_linear=0
shrinkage=0.04


Tree=103
num_leaves=6
num_cat=0
split_feature=24 40 65 71 25
split_gain=2.80854 4.35386 3.89868 3.45093 3.30132
threshold=0.49707049361435746 -0.81615401287307787 -0.91728345951393309 2.8903518024562258 1.1116906136625262
decision_type=2 2 2 2 2
left_child=2 -2 -1 -4 -3
right_child=1 4 3 -5 -6
leaf_value=0.00020794758401428937 0.0013036042062619078 -0.00047623577045132707 -1.4052806063266366e-05 0.0010513006454461625 0.00022570918517171245
leaf_weight=47 43 400 1421 78 93
leaf_count=47 43 400 1421 78 93
internal_value=-0.000335893 -0.00282528 0.000529716 0.000166556 -0.00389899
internal_weight=2082 536 1546 1499 493
internal_count=2082 536 1546 1499 493
is_linear=0
shrinkage=0.04


Tree=104
num_leaves=7
num_cat=0
split_feature=44 36 97 108 37 85
split_gain=2.58263 3.56668 3.94993 2.72154 4.60364 3.75463
threshold=-1.9290645814182039 -0.5451670710136477 -0.023232358878423526 -0.15043465975219236 -0.77395534536118682 -0.19656261240477521
decision_type=2 2 2 2 2 2
left_child=1 -1 -3 5 -5 -2
right_child=3 2 -4 4 -6 -7
leaf_value=0.00053111019936882223 -9.9933355816476116e-05 0.00034539363757056692 -0.00075378181704569675 0.00040324667120454898 -0.00022592159073982849 0.00020160375686332103
leaf_weight=56 384 66 67 124 925 460
leaf_count=56 384 66 67 124 925 460
internal_value=-0.000297505 0.00413613 0.000518519 -0.000744063 -0.00210276 0.000945626
internal_weight=2082 189 133 1893 1049 844
internal_count=2082 189 133 1893 1049 844
is_linear=0
shrinkage=0.04


Tree=105
num_leaves=7
num_cat=0
split_feature=41 106 51 104 35 41
split_gain=2.74348 2.81156 3.17263 1.07645 0.395108 0.302702
threshold=0.87898768259133642 1.2970128631629645 -1.0776394840562349 -0.25193681287590847 -0.32725918799474563 1.019259734600843
decision_type=2 2 2 2 2 2
left_child=1 2 -1 -2 -3 -5
right_child=3 4 -4 5 -6 -7
leaf_value=0.00043077616697747309 -1.0407652044272451e-05 -0.00059455652096103927 -6.7837316432529762e-06 -0.00032306956846241646 -0.0015228266249098133 -0.00064817670559042168
leaf_weight=184 52 40 1662 40 44 60
leaf_count=184 52 40 1662 40 44 60
internal_value=-0.000316699 9.31677e-05 0.000422078 -0.00545455 -0.00697674 -0.00784314
internal_weight=2082 1930 1846 152 84 100
internal_count=2082 1930 1846 152 84 100
is_linear=0
shrinkage=0.04


Tree=106
num_leaves=6
num_cat=0
split_feature=71 45 101 40 79
split_gain=2.48268 3.56292 2.74598 3.94064 3.11509
threshold=-0.87147482617615146 -0.064744043005052765 -0.085253559876913396 0.54610065862315438 -0.59800893079415662
decision_type=2 2 2 2 2
left_child=1 -1 4 -4 -2
right_child=2 -3 3 -5 -6
leaf_value=0.00053123340814140814 9.9458678073461592e-05 -5.9769555572438616e-05 0.00010507382510425392 -0.0002984195456095492 -0.00031853157446681775
leaf_weight=51 189 66 787 368 621
leaf_count=51 189 66 787 368 621
internal_value=-0.000316699 0.00529412 -0.000655821 0.00059637 -0.00243842
internal_weight=2082 117 1965 1155 810
internal_count=2082 117 1965 1155 810
is_linear=0
shrinkage=0.04


Tree=107
num_leaves=7
num_cat=0
split_feature=35 61 28 48 24 65
split_gain=2.40189 2.8071 5.16438 3.22882 1.96598 0.773567
threshold=0.98001424411546878 0.26519374792495648 0.5144147354176849 -1.2378918190955004 1.1868709723775692 -0.39504128869137917
decision_type=2 2 2 2 2 2
left_child=1 3 -3 -1 5 -2
right_child=4 2 -4 -5 -6 -7
leaf_value=0.00083757194892493424 -0.00023873573348180091 0.00041943190642402043 -0.00035045856857496879 -5.6567153016872098e-05 0.00013761846000713552 -0.0011064162822419421
leaf_weight=41 60 397 107 1345 48 84
leaf_count=41 60 397 107 1345 48 84
internal_value=-0.000297505 0.000137421 0.00268775 -0.000792507 -0.00453608 -0.00684932
internal_weight=2082 1890 504 1386 192 144
internal_count=2082 1890 504 1386 192 144
is_linear=0
shrinkage=0.04


Tree=108
num_leaves=7
num_cat=0
split_feature=35 59 24 14 24 7
split_gain=2.3586 2.78921 4.87965 4.03866 1.96598 0.618627
threshold=0.98001424411546878 -0.74785113794206348 0.67319755281250837 -0.56693672273119178 1.1868709723775692 0.12950773128062337
decision_type=2 2 2 2 2 2
left_child=1 2 -1 -3 5 -2
right_child=4 3 -4 -5 -6 -7
leaf_value=0.000882846195469192 -0.0010292654919257876 -0.00029759446419958815 -0.00039109423421618939 2.1619204084218428e-05 0.00013211372160685009 -0.00027002638819453363
leaf_weight=43 78 376 40 1431 48 66
leaf_count=43 78 376 40 1431 48 66
internal_value=-0.000335893 9.51374e-05 0.00717647 -0.0002377 -0.00453608 -0.00684932
internal_weight=2082 1890 83 1807 192 144
internal_count=2082 1890 83 1807 192 144
is_linear=0
shrinkage=0.04


Tree=109
num_leaves=8
num_cat=0
split_feature=51 73 97 73 106 38 8
split_gain=2.45414 3.88823 2.20232 2.80032 1.79402 1.41455 1.40761
threshold=-1.0776394840562349 0.30238287539015646 0.44873731084794216 -0.55944178639215159 0.67860648972599247 -0.062668410139252437 -0.24593945115594054
decision_type=2 2 2 2 2 2 2
left_child=1 4 3 -2 -1 -4 -3
right_child=2 6 5 -5 -6 -7 -8
leaf_value=0.00019185759145160547 -0.00069362726210022525 0.00019673590089489435 -6.5776624396031259e-05 1.4950172242117685e-05 -0.00095902769602345577 -0.00077106278976718664 0.0010206820079696705
leaf_weight=71 129 49 143 1396 46 198 50
leaf_count=71 129 49 143 1396 46 198 50
internal_value=-0.000163148 0.00385321 -0.000631692 1.96464e-05 -0.00109244 -0.0035277 0.00960396
internal_weight=2082 216 1866 1525 117 341 99
internal_count=2082 216 1866 1525 117 341 99
is_linear=0
shrinkage=0.04


Tree=110
num_leaves=8
num_cat=0
split_feature=16 107 100 14 94 96 63
split_gain=2.27402 3.19899 4.20042 3.03192 5.75235 5.4451 1.99309
threshold=0.1721240507905972 -0.037499915145432508 0.15444453908747868 -0.12746637210925163 -0.032013895422530726 -0.4882132166034005 -0.87817689386925546
decision_type=2 2 2 2 2 2 2
left_child=3 2 -2 5 -5 -1 -3
right_child=1 6 -4 4 -6 -7 -8
leaf_value=0.0002057427865665528 0.0002284165296488241 0.00022514880309835368 -0.00026935302781344204 -5.5731106577479527e-05 0.00049383077517989196 -0.0002389797180216728 -0.00041740722259604279
leaf_weight=146 242 43 157 284 299 528 383
leaf_count=146 242 43 157 284 299 528 383
internal_value=-0.000220729 -0.00185006 0.000723192 0.000849881 0.00295726 -0.000976331 -0.00425234
internal_weight=2082 825 399 1257 583 674 426
internal_count=2082 825 399 1257 583 674 426
is_linear=0
shrinkage=0.04


Tree=111
num_leaves=8
num_cat=0
split_feature=45 53 24 76 36 47 109
split_gain=2.42625 4.86689 4.55155 3.98975 3.28053 5.57836 2.82703
threshold=-0.1988658004362451 -0.74999999999999989 0.48866763740572394 -1.2623325449342777 -0.64135728052611485 -0.11101562843433836 0.052609739650806779
decision_type=2 2 2 2 2 2 2
left_child=4 3 -3 -2 5 -1 -6
right_child=1 2 -4 -5 6 -7 -8
leaf_value=0.00063105556168145227 -0.00027430473633472031 -2.1149592983056924e-05 -0.00066115550669786245 0.0012328019091083543 0.0001210238112207726 1.24355266054842e-05 -0.00016943068633988324
leaf_weight=61 40 912 284 61 313 111 300
leaf_count=61 40 912 284 61 313 111 300
internal_value=-0.000393474 -0.00145497 -0.00217028 0.0068932 0.00135959 0.0062069 -1.62602e-05
internal_weight=2082 1297 1196 101 785 172 613
internal_count=2082 1297 1196 101 785 172 613
is_linear=0
shrinkage=0.04


Tree=112
num_leaves=6
num_cat=0
split_feature=3 59 25 45 102
split_gain=2.42078 2.56882 6.17098 2.42367 0.862304
threshold=1.3203334798735276 -0.74785113794206348 0.56946639528622167 -0.1988658004362451 0.18469730342024751
decision_type=2 2 2 2 2
left_child=1 2 -1 -3 -2
right_child=4 3 -4 -5 -6
leaf_value=0.00094611673209995476 -0.00060324759506392804 5.4412384110155975e-05 -0.00043801042608683369 -8.4423257089670802e-05 -2.1490804532333531e-05
leaf_weight=41 56 725 45 1175 40
leaf_count=41 56 725 45 1175 40
internal_value=-0.000393474 -9.05433e-05 0.00659091 -0.000399579 -0.00653061
internal_weight=2082 1986 86 1900 96
internal_count=2082 1986 86 1900 96
is_linear=0
shrinkage=0.04


Tree=113
num_leaves=7
num_cat=0
split_feature=44 66 77 93 61 68
split_gain=2.52276 3.20416 4.43235 2.77596 2.79536 0.351798
threshold=-1.305344079188407 0.70727286485853347 -0.10428243035770272 -1.3566878928314747 -1.0563271508361749 -0.098536181971901837
decision_type=2 2 2 2 2 2
left_child=1 2 -1 5 -5 -2
right_child=3 -3 -4 4 -6 -7
leaf_value=0.00050895295822676629 -0.00043273084823326784 0.00046851178679946837 -0.00020059668992623438 0.00021597399487427964 -5.3545097931758104e-05 -0.00086170224617158192
leaf_weight=47 45 74 136 183 1545 52
leaf_count=47 45 74 136 183 1545 52
internal_value=-0.000335893 0.00335907 0.000486486 -0.000859332 -0.000485549 -0.00737374
internal_weight=2082 257 183 1825 1728 97
internal_count=2082 257 183 1825 1728 97
is_linear=0
shrinkage=0.04


Tree=114
num_leaves=6
num_cat=0
split_feature=3 71 40 29 102
split_gain=2.46642 2.22334 2.24343 1.73794 0.862304
threshold=1.3203334798735276 2.8903518024562258 -0.92264095853926109 0.33491024576801826 0.18469730342024751
decision_type=2 2 2 2 2
left_child=1 2 -1 -3 -2
right_child=4 3 -4 -5 -6
leaf_value=0.00081442932996368786 -0.00057697588734410073 0.001305599074676972 -1.9494660704137966e-05 1.6245421285344257e-05 -1.2607304753990828e-05
leaf_weight=45 56 51 1846 44 40
leaf_count=45 56 51 1846 44 40
internal_value=-0.000335893 -3.01811e-05 -0.000332805 0.00587629 -0.00653061
internal_weight=2082 1986 1891 95 96
internal_count=2082 1986 1891 95 96
is_linear=0
shrinkage=0.04


Tree=115
num_leaves=7
num_cat=0
split_feature=2 89 95 47 26 45
split_gain=2.13119 2.95449 5.71798 2.22328 3.47936 1.94771
threshold=0.028142921118566974 1.6886528797383435 1.1395731358584706 -0.39324284401575377 0.014596753113985663 -0.1988658004362451
decision_type=2 2 2 2 2 2
left_child=1 2 -1 4 -2 -5
right_child=3 -3 -4 5 -6 -7
leaf_value=3.5854899285353709e-05 -0.00046888239633841695 -0.0015907098048654738 0.00070154979737889033 -1.21030125638312e-05 0.00025135264376168533 -0.00030319516085785278
leaf_weight=996 82 40 41 304 196 423
leaf_count=996 82 40 41 304 196 423
internal_value=-0.000355086 0.000880445 0.00129933 -0.00167825 0.00135714 -0.00283951
internal_weight=2082 1077 1037 1005 278 727
internal_count=2082 1077 1037 1005 278 727
is_linear=0
shrinkage=0.04


Tree=116
num_leaves=6
num_cat=0
split_feature=71 8 101 0 79
split_gain=2.22608 2.57123 2.25255 2.72967 2.54091
threshold=-0.87147482617615146 0.30274196391084407 -0.085253559876913396 -1.5368309501391773 -0.58057323397633809
decision_type=2 2 2 2 2
left_child=1 -1 4 -4 -2
right_child=2 -3 3 -5 -6
leaf_value=0.00046679720827771574 6.1178688522093156e-05 -0.00013341219091594025 0.00065025751954403562 2.7148541719054786e-06 -0.00029103127620330591
leaf_weight=76 195 41 48 1107 615
leaf_count=76 195 41 48 1107 615
internal_value=-0.000355086 0.00495798 -0.000676157 0.000458081 -0.00229064
internal_weight=2082 117 1965 1155 810
internal_count=2082 117 1965 1155 810
is_linear=0
shrinkage=0.04


Tree=117
num_leaves=7
num_cat=0
split_feature=44 47 42 40 13 101
split_gain=2.17875 3.04643 3.20215 2.59999 3.92286 3.83252
threshold=-1.9290645814182039 -0.12895712945514856 -0.46689676670161218 0.56885703267388521 1.6393692109939162 1.0616955205287908
decision_type=2 2 2 2 2 2
left_child=1 -1 -3 5 -5 -2
right_child=3 2 -4 4 -6 -7
leaf_value=0.00064168055166919985 -1.634892795347176e-05 0.00041624572946715192 -0.00033785385756818041 -0.00048259565059739009 0.00028251854453807993 0.00058251144307850636
leaf_weight=73 1269 40 76 379 119 126
leaf_count=73 1269 40 76 379 119 126
internal_value=-0.000355086 0.00371728 -0.000338983 -0.000765172 -0.00324 0.000121689
internal_weight=2082 189 116 1893 498 1395
internal_count=2082 189 116 1893 498 1395
is_linear=0
shrinkage=0.04


Tree=118
num_leaves=5
num_cat=0
split_feature=14 32 106 93
split_gain=2.28354 3.0385 3.00147 2.80548
threshold=1.6391454036113295 0.077804338146648402 -0.86824294351565279 0.89297286119447838
decision_type=2 2 2 2
left_child=1 2 -1 -3
right_child=-2 3 -4 -5
leaf_value=0.00055439766799126819 0.00012856290758029849 -0.00015822231983492695 1.111701541023271e-05 0.0001976275741248168
leaf_weight=80 56 822 1044 80
leaf_count=80 56 822 1044 80
internal_value=-0.000239923 -0.000463511 0.000923623 -0.00219027
internal_weight=2082 2026 1124 902
internal_count=2082 2026 1124 902
is_linear=0
shrinkage=0.04


Tree=119
num_leaves=5
num_cat=0
split_feature=40 32 14 12
split_gain=2.24978 2.30943 2.77134 2.5102
threshold=-0.92264095853926109 0.086774367387050119 1.7053195606299452 -0.17709722626407096
decision_type=2 2 2 2
left_child=-1 3 -3 -2
right_child=1 2 -4 -5
leaf_value=0.00078051864312857937 -2.2545780819907546e-05 -0.00013330244537681891 0.00015215921362806377 0.00024307594439730882
leaf_weight=45 749 879 45 364
leaf_count=45 749 879 45 364
internal_value=-0.000355086 -0.000554193 -0.00203024 0.000672646
internal_weight=2082 2037 924 1113
internal_count=2082 2037 924 1113
is_linear=0
shrinkage=0.04


end of trees

feature_importances:
Column_101=40
Column_77=38
Column_71=36
Column_35=33
Column_59=29
Column_28=27
Column_78=26
Column_40=25
Column_36=23
Column_97=21
Column_14=19
Column_37=19
Column_72=18
Column_73=17
Column_106=17
Column_44=15
Column_3=14
Column_61=14
Column_13=12
Column_102=12
Column_24=9
Column_90=9
Column_45=8
Column_53=8
Column_108=8
Column_2=7
Column_39=7
Column_25=6
Column_42=6
Column_47=6
Column_65=6
Column_76=6
Column_94=6
Column_100=6
Column_107=6
Column_17=5
Column_29=5
Column_70=5
Column_10=4
Column_11=4
Column_15=4
Column_26=4
Column_34=4
Column_41=4
Column_12=3
Column_32=3
Column_58=3
Column_79=3
Column_83=3
Column_85=3
Column_95=3
Column_96=3
Column_7=2
Column_8=2
Column_33=2
Column_38=2
Column_48=2
Column_51=2
Column_66=2
Column_84=2
Column_87=2
Column_89=2
Column_93=2
Column_103=2
Column_105=2
Column_0=1
Column_5=1
Column_6=1
Column_16=1
Column_19=1
Column_21=1
Column_43=1
Column_63=1
Column_67=1
Column_68=1
Column_82=1
Column_91=1
Column_104=1
Column_109=1

parameters:
[boosting: gbdt]
[objective: quantile]
[metric: quantile]
[tree_learner: serial]
[device_type: cpu]
[data_sample_strategy: bagging]
[data: ]
[valid: ]
[num_iterations: 120]
[learning_rate: 0.04]
[num_leaves: 15]
[num_threads: 2]
[seed: 42]
[deterministic: 0]
[force_col_wise: 0]
[force_row_wise: 0]
[histogram_pool_size: -1]
[max_depth: 3]
[min_data_in_leaf: 40]
[min_sum_hessian_in_leaf: 0.001]
[bagging_fraction: 0.85]
[pos_bagging_fraction: 1]
[neg_bagging_fraction: 1]
[bagging_freq: 0]
[bagging_seed: 400]
[bagging_by_query: 0]
[feature_fraction: 0.8]
[feature_fraction_bynode: 1]
[feature_fraction_seed: 30056]
[extra_trees: 0]
[extra_seed: 12879]
[early_stopping_round: 0]
[early_stopping_min_delta: 0]
[first_metric_only: 0]
[max_delta_step: 0]
[lambda_l1: 0]
[lambda_l2: 2]
[linear_lambda: 0]
[min_gain_to_split: 0]
[drop_rate: 0.1]
[max_drop: 50]
[skip_drop: 0.5]
[xgboost_dart_mode: 0]
[uniform_drop: 0]
[drop_seed: 17869]
[top_rate: 0.2]
[other_rate: 0.1]
[min_data_per_group: 100]
[max_cat_threshold: 32]
[cat_l2: 10]
[cat_smooth: 10]
[max_cat_to_onehot: 4]
[top_k: 20]
[monotone_constraints: ]
[monotone_constraints_method: basic]
[monotone_penalty: 0]
[feature_contri: ]
[forcedsplits_filename: ]
[refit_decay_rate: 0.9]
[cegb_tradeoff: 1]
[cegb_penalty_split: 0]
[cegb_penalty_feature_lazy: ]
[cegb_penalty_feature_coupled: ]
[path_smooth: 0]
[interaction_constraints: ]
[verbosity: -1]
[saved_feature_importance_type: 0]
[use_quantized_grad: 0]
[num_grad_quant_bins: 4]
[quant_train_renew_leaf: 0]
[stochastic_rounding: 1]
[linear_tree: 0]
[max_bin: 255]
[max_bin_by_feature: ]
[min_data_in_bin: 3]
[bin_construct_sample_cnt: 200000]
[data_random_seed: 175]
[is_enable_sparse: 1]
[enable_bundle: 1]
[use_missing: 1]
[zero_as_missing: 0]
[feature_pre_filter: 1]
[pre_partition: 0]
[two_round: 0]
[header: 0]
[label_column: ]
[weight_column: ]
[group_column: ]
[ignore_column: ]
[categorical_feature: ]
[forcedbins_filename: ]
[precise_float_parser: 0]
[parser_config_file: ]
[objective_seed: 16083]
[num_class: 1]
[is_unbalance: 0]
[scale_pos_weight: 1]
[sigmoid: 1]
[boost_from_average: 1]
[reg_sqrt: 0]
[alpha: 0.75]
[fair_c: 1]
[poisson_max_delta_step: 0.7]
[tweedie_variance_power: 1.5]
[lambdarank_truncation_level: 30]
[lambdarank_norm: 1]
[label_gain: ]
[lambdarank_position_bias_regularization: 0]
[eval_at: ]
[multi_error_top_k: 1]
[auc_mu_weights: ]
[num_machines: 1]
[local_listen_port: 12400]
[time_out: 120]
[machine_list_filename: ]
[machines: ]
[gpu_platform_id: -1]
[gpu_device_id: -1]
[gpu_device_id_list: ]
[gpu_use_dp: 0]
[num_gpu: 1]

end of parameters

pandas_categorical:null
