tree
version=v4
num_class=1
num_tree_per_iteration=1
label_index=0
max_feature_idx=118
objective=binary sigmoid:1
feature_names=Column_0 Column_1 Column_2 Column_3 Column_4 Column_5 Column_6 Column_7 Column_8 Column_9 Column_10 Column_11 Column_12 Column_13 Column_14 Column_15 Column_16 Column_17 Column_18 Column_19 Column_20 Column_21 Column_22 Column_23 Column_24 Column_25 Column_26 Column_27 Column_28 Column_29 Column_30 Column_31 Column_32 Column_33 Column_34 Column_35 Column_36 Column_37 Column_38 Column_39 Column_40 Column_41 Column_42 Column_43 Column_44 Column_45 Column_46 Column_47 Column_48 Column_49 Column_50 Column_51 Column_52 Column_53 Column_54 Column_55 Column_56 Column_57 Column_58 Column_59 Column_60 Column_61 Column_62 Column_63 Column_64 Column_65 Column_66 Column_67 Column_68 Column_69 Column_70 Column_71 Column_72 Column_73 Column_74 Column_75 Column_76 Column_77 Column_78 Column_79 Column_80 Column_81 Column_82 Column_83 Column_84 Column_85 Column_86 Column_87 Column_88 Column_89 Column_90 Column_91 Column_92 Column_93 Column_94 Column_95 Column_96 Column_97 Column_98 Column_99 Column_100 Column_101 Column_102 Column_103 Column_104 Column_105 Column_106 Column_107 Column_108 Column_109 Column_110 Column_111 Column_112 Column_113 Column_114 Column_115 Column_116 Column_117 Column_118
feature_infos=[-4.587254505021324:5.9534509962848157] [-3.8606233526781897:4.0809545878843059] [-3.7150668951008048:3.6467035710272557] [-3.4625472534965631:3.2404398641990255] [-3.1966293581440901:2.6069895121258075] [-2.2009279705599143:2.505990029070321] [-3.392563776337012:3.2934798262638978] [-1.1870422530926414:4.7312158377476932] [-1.610640357143287:1.5957470085933372] [-3.1198151551423017:2.6717482352147282] [-1.2516569720831578:3.7722530622933306] [-2.4044888192858433:2.6171782910818928] [-2.1143964840384513:2.5250822919607003] [-1.339315040512929:2.7284791597602589] [-2.4958226840994442:2.9417588247660142] [-1.6130114491981262:1.4745953476395546] [-1.6698804108796492:1.7712430470655496] [-1.0480761279239519:0.67621705598304205] [-1.1171487812228773:0.69954594913511803] [-1.0480761279239517:0.67621705598304194] [-2.3574933506772382:2.9148922976570231] [-3.203879775068597:3.4957378038410765] [-2.8807154015321332:2.8534805492164668] [-1.9834871131530534:2.8281224014350821] [-2.2240451641468888:1.8584326418773309] [-2.0925128565534639:1.8812392535333653] [-3.2680760755400118:2.2198084917284828] [-1.8260850422231187:1.5780135006494755] [-0.95350180399992868:2.8258432691031952] [-3.5527100308885164:3.3415606679809295] [-3.2824154934139891:2.947552914449608] [-2.5353548574459257:2.2319004091283854] [-2.4916319748342279:2.3833020094734003] [-2.0202540819043007:2.4346537475242287] [-2.1698506007128593:2.2774462302466896] [-1.9685416248693826:2.0515273008875736] [-2.1039962192610164:2.2892222280684131] [-1.2098951056545151:3.0465107941496115] [-1.2526482985127552:3.6498116163561938] [-1.3627003393125834:2.6703568211798752] [-1.2562236253073324:1.8082318162979931] [-1.8535435686573292:1.627865913589595] [-1.8003313040723843:1.6899524584370604] [-2.0009698359848627:12.020788627985478] [-583.47975673398196:93.074240510460413] [-496.04335236142583:103.24957474903138] [-664.85528030495436:48.90001412484844] [-1.1358395509995931:3.3870974731115382] [-1.8754772794999746:1.7276920265667735] [-1.1484711308268405:6.2234347069121911] [-3.8592350533124229:4.5820526394444601] [-10.008124418969476:8.2891952133121549] [-1:1] [-1:1.2] [0:1] [0:1] [-3.5528901170989826:4.2899637338858829] [-4.0635850526503319:2.3199034506631682] [-2.3055394746941063:1.5358628253233939] [-0.99254077042560451:2.2567637252378447] [-2.3509397398579162:1.2644532342341244] [-1.6152728293170404:0.34650210604321802] [-3.1610620486331817:3.615848441172993] [-2.7016268623128403:2.492552617935849] [-2.1895469557509424:1.764260997905353] [-3.0724666828699778:4.0190504225933052] [-3.4477571143407379:2.2733607982707644] [-2.3781152260624556:1.6219753078053003] [-0.95062419272884535:2.1960143758360458] [-2.141981787627707:1.2711356562915481] [-1.4145630104832934:0.36001393392513936] [-4.5554104631945478:7.1415184850531332] [-4.1499502866624045:5.7822927341474335] [-2.4182456641988077:4.2044248336797443] [-1.3315250380599231:4.8513821512666446] [-1.1870143020749218:7.8954702221458737] [-1.2491009928154833:2.3047424765703677] [-6.6107643511167051:6.7950302620718359] [-4.569151927221502:3.5830719681149641] [-2.7273577330268859:3.7473772036056126] [-1.2213081449787615:3.5791919514670631] [-1.7227791118975313:4.2895444267398952] [-0.79789020944857947:2.0508988617837582] [-11.31594643431035:11.096266020879515] [-6.1203589037153909:5.3375635623582314] [-3.9063031702642417:4.3054671139401393] [-0.97578366208323941:3.0238369846713442] [-2.2336860072765199:4.3105901753900602] [-1.1986754871175709:0.72546935680272062] [-3.9217386254809048:2.9430329784131821] [-3.4097795936217632:2.9718598990646172] [-2.5382703111902312:1.7096256409582509] [-1.265126976440337:3.0786853439367179] [-2.1158494055957844:1.9044047483004838] [-1.4372760610637376:0.46618311108634719] [-5.3159800186787391:3.1278088471934304] [-4.1427777039986458:3.5310659996498361] [-1.8854069329042829:2.8290569553871778] [-1.4184699700410217:4.1785293662454794] [-1.7052262745886235:4.4652180481010708] [-1.5358571053809074:1.2552251059176043] [-4.3212163838017297:2.603481620005204] [-3.8025489641074008:3.5241380821916395] [-1.9311444190155571:2.6191983750417296] [-1.4413025015396801:3.9449840148110979] [-1.5861783522980422:3.9070259325417185] [-1.5347901108510646:1.22089849029724] [-3.3546198455499439:3.5920197052505465] [-2.2246462275891785:2.6457121700013375] [-1.9412721479866413:2.0086597713454442] [-1.4394635169911907:1.9897504176422718] [-1.461142384949915:1.9862747962089509] [-2.2568063416247339:0.60357180410371247] [-3.1235842147467294:3.3551485579594447] [-2.7849543755952819:3.605525571041051] [-1.6918708344134428:2.4242587004269534] [-0.8373225982113679:2.858320643730953] [-1.4254764335219154:2.3150528100985257] [-1.3964404897655887:0.96469534481147823]
tree_sizes=966 788 1000 789 997 791 1004 787 783 999 1000 789 684 898 788 994 892 789 684 888 1000 685 895 996 892 787 894 789 896 893 891 885 890 1003 686 787 687 894 893 893 682 1001 682 781 683 891 684 894 1003 894 1002 679 886 890 680 886 1003 891 682 688 1001 787 887 786 685 1001 894 886 1002 682 681 999 682 1000 883 889 890 1001 684 786

Tree=0
num_leaves=8
num_cat=0
split_feature=41 26 105 91 94 41 28
split_gain=23.7901 31.053 28.6951 24.2415 17.8893 16.639 12.9609
threshold=0.091864842111504308 0.66874824960285351 -0.90098932165073464 0.6721241189130106 -0.83132812772942632 0.9363344459726789 0.1474143037927412
decision_type=2 2 2 2 2 2 2
left_child=2 3 6 -2 -4 -3 -1
right_child=1 5 4 -5 -6 -7 -8
leaf_value=0.057391477849770861 0.15359966138824915 0.10656472381395456 0.10574512659601099 0.10242835438345148 0.13083268416459298 0.14853579164228961 0.11630458120734227
leaf_weight=14.937254190444948 150.36835885047913 56.263657450675964 57.010520160198212 16.430979609489441 224.80567556619644 20.663201630115509 9.9581694602966291
leaf_count=60 604 226 229 66 903 83 40
internal_value=0.129534 0.138863 0.122121 0.148559 0.125758 0.117839 0.0809567
internal_weight=550.438 243.726 306.712 166.799 281.816 76.9269 24.8954
internal_count=2211 979 1232 670 1132 309 100
is_linear=0
shrinkage=1


Tree=1
num_leaves=6
num_cat=0
split_feature=99 105 25 79 102
split_gain=22.8645 23.6648 27.9124 18.3029 4.68991
threshold=1.9828748095621485 -0.91084708534036174 0.64605862224894384 0.035177796340803771 2.0361436423098214
decision_type=2 2 2 2 2
left_child=1 2 -1 -3 -2
right_child=4 3 -4 -5 -6
leaf_value=-0.036408240753943479 -0.031792588387889793 0.011223327033692991 0.05111722655683381 -0.0042691473368490617 -0.085365098562422914
leaf_weight=44.112649038434029 5.2291566580533964 255.84112326800823 6.7174850553274146 233.24683998525143 5.2291388511657715
leaf_count=177 21 1028 27 937 21
internal_value=5.52985e-07 0.00113524 -0.0248413 0.00383494 -0.0585788
internal_weight=550.376 539.918 50.8301 489.088 10.4583
internal_count=2211 2169 204 1965 42
is_linear=0
shrinkage=0.04


Tree=2
num_leaves=8
num_cat=0
split_feature=41 26 105 91 94 24 73
split_gain=21.5714 28.3804 24.6092 22.1719 16.5089 15.7561 11.9625
threshold=0.091864842111504308 0.66874824960285351 -0.90098932165073464 0.6721241189130106 -0.83132812772942632 0.43239191007866451 0.27413819392476663
decision_type=2 2 2 2 2 2 2
left_child=2 3 6 -2 -4 -3 -1
right_child=1 5 4 -5 -6 -7 -8
leaf_value=-0.063218442936951641 0.023008790675683528 -0.029341421642619603 -0.022891205103964928 -0.025899578512929851 0.0011973589436306933 0.006853884557606194 -0.0028054566721045365
leaf_weight=17.490827724337581 150.06259220838547 38.382754176855087 57.083069205284119 16.456912413239479 224.75622954964638 38.588512614369392 7.4898987263441077
leaf_count=70 604 154 229 66 903 155 30
internal_value=8.47647e-07 0.00889072 -0.00705411 0.0181752 -0.00368148 -0.0111954 -0.045105
internal_weight=550.311 243.491 306.82 166.52 281.839 76.9713 24.9807
internal_count=2211 979 1232 670 1132 309 100
is_linear=0
shrinkage=0.04


Tree=3
num_leaves=6
num_cat=0
split_feature=99 99 79 68 102
split_gain=20.8835 21.2726 19.2275 16.8712 4.31792
threshold=1.9828748095621485 -0.085455923184189611 -0.35045607622020869 -0.041357315901695273 2.0361436423098214
decision_type=2 2 2 2 2
left_child=1 3 -3 -1 -2
right_child=4 2 -4 -5 -6
leaf_value=-0.019415668975849239 -0.03021700885357367 0.021854279644841254 0.0004931269871416721 0.001505492352840355 -0.081551945337989706
leaf_weight=107.2515471726656 5.2388367652893049 108.10003411769867 179.16165280342102 145.12373335659504 5.2476241290569305
leaf_count=431 21 435 720 583 21
internal_value=1.20704e-06 0.00108762 0.00853159 -0.00738534 -0.055906
internal_weight=550.123 539.637 287.262 252.375 10.4865
internal_count=2211 2169 1155 1014 42
is_linear=0
shrinkage=0.04


Tree=4
num_leaves=8
num_cat=0
split_feature=41 26 105 104 41 68 28
split_gain=19.8036 31.9712 21.1751 19.87 15.9356 15.6214 11.2308
threshold=0.18572835556953413 0.66874824960285351 -0.87855166756140513 -0.4429073429355842 0.9363344459726789 -0.25039620849347882 0.1474143037927412
decision_type=2 2 2 2 2 2 2
left_child=2 3 6 -2 -3 -4 -1
right_child=1 4 5 -5 -6 -7 -8
leaf_value=-0.061473318079109655 0.039898978569520106 -0.023278883270628579 -0.013738251701639699 0.0090559834557576054 0.018042940951415867 0.0046233901040307257 -0.0096182345634556483
leaf_weight=15.985824584960939 52.784440353512764 54.11766292154789 128.23838400840759 91.096784546971321 20.622749462723732 175.71095798909664 11.482824847102163
leaf_count=64 213 217 515 367 83 706 46
internal_value=1.4098e-06 0.00934634 -0.00616302 0.0203711 -0.0118772 -0.00312352 -0.0397961
internal_weight=550.04 218.622 331.418 143.881 74.7404 303.949 27.4686
internal_count=2211 880 1331 580 300 1221 110
is_linear=0
shrinkage=0.04


Tree=5
num_leaves=6
num_cat=0
split_feature=99 99 79 14 102
split_gain=19.2841 18.9613 17.654 15.6275 3.99731
threshold=1.9828748095621485 -0.085455923184189611 -0.01092281440441319 0.55867439712525069 2.0361436423098214
decision_type=2 2 2 2 2
left_child=1 3 -3 -1 -2
right_child=4 2 -4 -5 -6
leaf_value=-0.0016645040251956971 -0.029011568802996768 0.017201436527711257 -0.0027134903885784197 -0.025692851065326133 -0.078393560162830958
leaf_weight=196.87637564539909 5.2438142299652082 155.5181735008955 131.39289997518063 55.520215645432472 5.2470369935035706
leaf_count=791 21 627 528 223 21
internal_value=1.75206e-06 0.00104658 0.00808126 -0.00695007 -0.0537101
internal_weight=549.799 539.308 286.911 252.397 10.4909
internal_count=2211 2169 1155 1014 42
is_linear=0
shrinkage=0.04


Tree=6
num_leaves=8
num_cat=0
split_feature=41 26 97 79 14 13 24
split_gain=18.0703 29.4823 19.6473 21.2916 19.8414 18.7951 14.8599
threshold=0.18572835556953413 0.66874824960285351 -0.089969558706143662 -1.0000000180025095e-35 0.43821144251788408 0.3843681302908159 0.45004128070346644
decision_type=2 2 2 2 2 2 2
left_child=2 5 4 -4 -1 -2 -3
right_child=1 6 3 -5 -6 -7 -8
leaf_value=-0.0075028863005458038 0.026317261502258368 -0.029237373808638695 0.019072775547916074 -0.0099276164196903383 -0.039120295184057519 -0.011391135695548442 0.006434928513597238
leaf_weight=126.76623694598675 117.76498797535896 37.439659580588341 78.24982550740242 83.97687178850174 42.371761426329613 25.778439834713936 37.297485336661339
leaf_count=509 476 150 315 337 170 104 150
internal_value=1.85268e-06 0.00893793 -0.00588463 0.00406068 -0.0154236 0.0195453 -0.0114352
internal_weight=549.645 218.281 331.365 162.227 169.138 143.543 74.7371
internal_count=2211 880 1331 652 679 580 300
is_linear=0
shrinkage=0.04


Tree=7
num_leaves=6
num_cat=0
split_feature=105 24 105 86 25
split_gain=17.5569 19.8869 28.2872 28.1604 9.18126
threshold=1.5822124430678037 0.61988162962460891 -0.91084708534036174 0.93430246339629008 -0.26319112290535673
decision_type=2 2 2 2 2
left_child=1 2 -1 -3 -2
right_child=4 3 -4 -5 -6
leaf_value=-0.03301515717872805 -0.017164591736627748 0.031166576228029565 0.0010746007964871273 -0.022583770645441308 -0.081146270801864415
leaf_weight=43.101366445422173 8.975649029016493 67.008481368422508 403.95924693346024 20.325997158885002 5.9788397848606101
leaf_count=173 36 271 1625 82 24
internal_value=2.29348e-06 0.00119852 -0.00221201 0.0186569 -0.0427446
internal_weight=549.35 534.395 447.061 87.3345 14.9545
internal_count=2211 2151 1798 353 60
is_linear=0
shrinkage=0.04


Tree=8
num_leaves=6
num_cat=0
split_feature=99 64 74 53 102
split_gain=16.493 17.1841 29.3188 24.2172 3.76596
threshold=1.9828748095621485 0.96666705068388215 -1.0024743019720923 -0.69999999999999984 2.0361436423098214
decision_type=2 2 2 2 2
left_child=1 2 -1 -3 -2
right_child=4 3 -4 -5 -6
leaf_value=-0.051131546251375698 -0.025829396824348497 -0.044029848013529237 0.0010521711458570887 0.047287098791588281 -0.073839618194108753
leaf_weight=17.85369747877121 5.2461475282907468 5.720587536692622 490.3369048833847 24.751931473612785 5.2105208039283752
leaf_count=72 21 23 1974 100 21
internal_value=2.46562e-06 0.000968326 -0.000781142 0.0301442 -0.0497527
internal_weight=549.12 538.663 508.191 30.4725 10.4567
internal_count=2211 2169 2046 123 42
is_linear=0
shrinkage=0.04


Tree=9
num_leaves=8
num_cat=0
split_feature=104 64 68 53 79 26 37
split_gain=16.0907 20.3012 25.8787 21.0306 19.2462 18.9568 15.967
threshold=-0.3816357631975848 0.96666705068388215 -0.53288401413264641 -0.49999999999999994 -0.6638581725605226 0.61923757831969584 -0.65072444983829436
decision_type=2 2 2 2 2 2 2
left_child=4 2 -2 -3 5 -1 -6
right_child=1 3 -4 -5 6 -7 -8
leaf_value=0.046177704413699269 -0.046792811941406047 -0.032050242041008717 -0.0044125444252524817 0.048359313911427892 0.039474369718024281 -0.037640887719978013 -0.0017638995393460342
leaf_weight=32.775406092405319 24.882454335689545 6.9539755284786251 313.62663847208023 20.683192729949951 17.019069075584412 4.972157657146453 128.05673044919968
leaf_count=133 100 28 1261 84 69 20 516
internal_value=2.57088e-06 -0.00483649 -0.00752775 0.0281269 0.00969392 0.035137 0.00307383
internal_weight=548.97 366.146 338.509 27.6372 182.823 37.7476 145.076
internal_count=2211 1473 1361 112 738 153 585
is_linear=0
shrinkage=0.04


Tree=10
num_leaves=8
num_cat=0
split_feature=41 26 103 59 82 13 79
split_gain=15.4494 25.9097 17.8865 19.5335 18.2955 16.7999 14.4862
threshold=0.18572835556953413 0.66874824960285351 0.03309935329152406 -0.45186930090783467 1.5468553078322094 0.3843681302908159 0.24385534394431105
decision_type=2 2 2 2 2 2 2
left_child=2 5 3 -1 -4 -2 -3
right_child=1 6 4 -5 -6 -7 -8
leaf_value=-0.050191588159937586 0.024700418780624466 -0.00071892456004560474 0.010124748098860541 -0.0090979483257575666 -0.033249206044300698 -0.010986861700618257 -0.041567408212191265
leaf_weight=20.883826047182083 117.09067566692829 56.270019352436066 129.91593155264854 162.66182926297188 17.67708994448185 25.746517032384872 18.443587943911552
leaf_count=84 476 226 523 653 71 104 74
internal_value=3.17997e-06 0.00828408 -0.00543719 -0.0137736 0.00492989 0.0182678 -0.0108027
internal_weight=548.689 217.551 331.139 183.546 147.593 142.837 74.7136
internal_count=2211 880 1331 737 594 580 300
is_linear=0
shrinkage=0.04


Tree=11
num_leaves=6
num_cat=0
split_feature=99 105 25 100 102
split_gain=14.9473 15.8363 22.4697 13.0622 3.47933
threshold=1.9828748095621485 -0.92044159403064618 0.64605862224894384 -1.2624273498654071 2.0361436423098214
decision_type=2 2 2 2 2
left_child=1 2 -1 -3 -2
right_child=4 3 -4 -5 -6
leaf_value=-0.031766702499650162 -0.024548139107143943 -0.022211264695192311 0.047537294518465056 0.0047671644750287238 -0.070826615258455961
leaf_weight=41.757009893655777 5.2414176911115629 30.631263166666031 6.6231742054224005 458.92865243554115 5.1565010398626328
leaf_count=168 21 123 27 1851 21
internal_value=3.48322e-06 0.000921654 -0.0209101 0.00307915 -0.0474984
internal_weight=548.338 537.94 48.3802 489.56 10.3979
internal_count=2211 2169 195 1974 42
is_linear=0
shrinkage=0.04


Tree=12
num_leaves=5
num_cat=0
split_feature=14 16 74 80
split_gain=14.2569 14.6144 19.7033 14.2654
threshold=-1.9267299698962315 1.1149726910014632 -1.0024743019720923 -0.082948815946188012
decision_type=2 2 2 2
left_child=-1 2 -2 -3
right_child=1 3 -4 -5
leaf_value=0.050218384950116962 -0.042151684810824389 0.052860682436542183 -0.00069856937913650432 -0.01263306792670886
leaf_weight=8.8995075821876508 19.049803599715233 15.284291759133341 496.65818281471729 8.1630274057388288
leaf_count=36 77 63 2002 33
internal_value=3.28689e-06 -0.000825583 -0.00222981 0.0300595
internal_weight=548.055 539.155 515.708 23.4473
internal_count=2211 2175 2079 96
is_linear=0
shrinkage=0.04


Tree=13
num_leaves=7
num_cat=0
split_feature=41 7 105 26 94 41
split_gain=13.9075 20.379 16.6045 15.7594 14.3451 10.3141
threshold=0.091864842111504308 1.5749464379746747 -0.90098932165073464 0.66874824960285351 0.15525440950206718 -0.68694176635736615
decision_type=2 2 2 2 2 2
left_child=2 3 5 -2 -4 -1
right_child=1 -3 4 -5 -6 -7
leaf_value=-0.0041891222746629599 0.016484761684256631 -0.049564926472464466 -0.0099247676158389104 -0.0061470802358153465 0.0086988276038223577 -0.057365607234961445
leaf_weight=9.4356241971254367 160.88524840772152 9.7185436785221082 175.32549548149109 70.933408945798874 106.29554551839828 15.297337204217909
leaf_count=38 655 39 704 285 428 62
internal_value=3.5345e-06 0.00718077 -0.00565518 0.00955972 -0.00289544 -0.0370788
internal_weight=547.891 241.537 306.354 231.819 281.621 24.733
internal_count=2211 979 1232 940 1132 100
is_linear=0
shrinkage=0.04


Tree=14
num_leaves=6
num_cat=0
split_feature=105 24 86 105 25
split_gain=13.9338 15.7902 23.583 22.0568 8.45155
threshold=1.5822124430678037 0.61988162962460891 0.93430246339629008 -0.91084708534036174 -0.26319112290535673
decision_type=2 2 2 2 2
left_child=1 3 -3 -1 -2
right_child=4 2 -4 -5 -6
leaf_value=-0.029262499735727955 -0.013623650446776365 0.028284647770954782 -0.020931718165520589 0.00093253884370178911 -0.075280346511464091
leaf_weight=42.816472470760345 8.9096347987651807 66.19324953854084 20.371765717864037 403.30040764808655 5.9210138022899619
leaf_count=173 36 271 82 1625 24
internal_value=3.46156e-06 0.0010682 0.0167023 -0.00196546 -0.0382396
internal_weight=547.513 532.682 86.565 446.117 14.8306
internal_count=2211 2151 353 1798 60
is_linear=0
shrinkage=0.04


Tree=15
num_leaves=8
num_cat=0
split_feature=81 35 80 112 99 78 44
split_gain=13.306 19.102 25.2658 19.0648 15.337 15.0036 7.72122
threshold=0.11817415574997379 -0.3280212793817926 -0.71033601730297369 0.54593108881223329 0.57104656521275377 1.7634593748378851 -0.3701555677739839
decision_type=2 2 2 2 2 2 2
left_child=1 2 -1 5 -3 -2 -5
right_child=3 4 -4 6 -6 -7 -8
leaf_value=-0.049220742862078039 -0.0062515602298771266 0.0066872047370045967 0.0011601776595389494 -0.0021743002944682884 0.033333250217919198 0.037431192960299425 -0.056199029372622639
leaf_weight=20.168052852153778 199.55985087156296 172.78248128294945 75.728984728455544 5.6843349039554623 43.203560516238213 13.42683733999729 16.574960261583328
leaf_count=81 805 699 305 23 177 54 67
internal_value=3.44605e-06 0.005421 -0.00943541 -0.00717901 0.0120172 -0.00349777 -0.0424028
internal_weight=547.129 311.883 95.897 235.246 215.986 212.987 22.2593
internal_count=2211 1262 386 949 876 859 90
is_linear=0
shrinkage=0.04


Tree=16
num_leaves=7
num_cat=0
split_feature=43 100 13 81 14 44
split_gain=12.9615 15.9561 16.3024 14.4371 13.5998 13.4733
threshold=0.67428959677612366 -1.2747730323220758 -0.22983613981953255 0.37379144131572567 -1.1636485599896618 -0.53046843838016511
decision_type=2 2 2 2 2 2
left_child=1 2 -1 -3 -2 -6
right_child=4 3 -4 -5 5 -7
leaf_value=0.018732970651460713 0.041498156932884236 0.010345662447215387 -0.0457125775501947 -0.0060208522761803452 0.0077941383916733022 -0.024023177100680443
leaf_weight=9.1682507693767565 7.1548234671354285 277.2634661346674 19.93852025270462 125.16480615735054 29.155231043696404 78.980319455265999
leaf_count=37 29 1123 80 505 118 319
internal_value=3.61456e-06 0.00318672 -0.0254131 0.00525529 -0.0119108 -0.0154447
internal_weight=546.825 431.535 29.1068 402.428 115.29 108.136
internal_count=2211 1745 117 1628 466 437
is_linear=0
shrinkage=0.04


Tree=17
num_leaves=6
num_cat=0
split_feature=99 64 74 53 102
split_gain=12.5014 13.4794 23.2316 20.2775 3.25608
threshold=1.9828748095621485 0.96666705068388215 -1.0024743019720923 -0.69999999999999984 2.0361436423098214
decision_type=2 2 2 2 2
left_child=1 2 -1 -3 -2
right_child=4 3 -4 -5 -6
leaf_value=-0.045670502067677615 -0.021623178817006053 -0.040715892793872478 0.00092839747409377256 0.042876445404657536 -0.066731546195455127
leaf_weight=17.739261656999588 5.2157374024391157 5.7413255423307445 488.62890911102295 24.271418765187263 5.029104933142662
leaf_count=72 21 23 1974 100 21
internal_value=3.67537e-06 0.000839683 -0.000704071 0.0268855 -0.0437665
internal_weight=546.626 536.381 506.368 30.0127 10.2448
internal_count=2211 2169 2046 123 42
is_linear=0
shrinkage=0.04


Tree=18
num_leaves=5
num_cat=0
split_feature=14 43 16 44
split_gain=12.4001 13.3109 14.8264 12.6278
threshold=-1.9267299698962315 0.67428959677612366 1.0895342573698572 -0.27306476845621958
decision_type=2 2 2 2
left_child=-1 2 -2 -3
right_child=1 3 -4 -5
leaf_value=0.047123460539810209 0.0009654801559543304 0.0034105311947383579 0.039346221151833595 -0.023877360318405073
leaf_weight=8.7920515984296781 407.70203849673271 45.219271540641785 16.766112834215164 67.841678336262703
leaf_count=36 1648 183 70 274
internal_value=3.5965e-06 -0.000767116 0.00248149 -0.0129634
internal_weight=546.321 537.529 424.468 113.061
internal_count=2211 2175 1718 457
is_linear=0
shrinkage=0.04


Tree=19
num_leaves=7
num_cat=0
split_feature=81 104 45 63 8 26
split_gain=12.0407 17.6822 16.8986 14.4403 11.1297 6.07164
threshold=2.3331048541368866 -1.028981038284019 -1.0260764534130258 -1.3938588765974249 -0.055461217967518024 -0.3452150662855395
decision_type=2 2 2 2 2 2
left_child=1 2 -1 -3 -2 -6
right_child=4 3 -4 -5 5 -7
leaf_value=-0.023775072433385735 0.014575941051427932 0.033766164005652535 0.037198916804224956 -0.0024895599797684258 -0.020040977848595928 -0.074780092185949373
leaf_weight=9.0925904363393766 5.8963657319545772 18.270104169845581 36.330256715416908 463.30084984004498 5.6455965787172326 7.615569889545438
leaf_count=37 24 74 149 1873 23 31
internal_value=3.7976e-06 0.00113619 0.0249934 -0.00111407 -0.0311466 -0.0514763
internal_weight=546.151 526.994 45.4228 481.571 19.1575 13.2612
internal_count=2211 2133 186 1947 78 54
is_linear=0
shrinkage=0.04


Tree=20
num_leaves=8
num_cat=0
split_feature=104 79 26 64 68 53 5
split_gain=11.3224 15.7427 16.6416 15.5189 22.3047 17.056 13.5884
threshold=-0.3816357631975848 -0.6638581725605226 0.61923757831969584 0.96666705068388215 -0.42607671250469409 -0.49999999999999994 -0.96343860145993721
decision_type=2 2 2 2 2 2 2
left_child=1 2 -1 4 -2 -5 -3
right_child=3 6 -4 5 -6 -7 -8
leaf_value=0.041985203265843554 -0.032026347398919096 0.04730278221282555 -0.036641760676508803 -0.029089513767710615 -0.0022711507337587616 0.043668348694331199 -0.0011407827633403923
leaf_weight=32.078648522496223 46.796903133392334 9.9505384564399701 4.9749292731285086 6.9255078434944179 290.69144083559513 20.165959626436234 134.35505932569504
leaf_count=133 189 40 20 28 1172 84 545
internal_value=3.98062e-06 0.00817139 0.0314285 -0.00405887 -0.00639707 0.0250689 0.00219963
internal_weight=545.939 181.359 37.0536 364.58 337.488 27.0915 144.306
internal_count=2211 738 153 1473 1361 112 585
is_linear=0
shrinkage=0.04


Tree=21
num_leaves=5
num_cat=0
split_feature=14 44 81 6
split_gain=11.2088 12.5598 15.1471 13.8097
threshold=-1.9267299698962315 0.22257801957701936 -0.042315421603405949 -0.16125878738351848
decision_type=2 2 2 2
left_child=-1 3 -3 -2
right_child=1 2 -4 -5
leaf_value=0.045059420249661288 -0.005629764540165322 0.0028962985299240723 -0.019274781434014582 0.010750189968289922
leaf_weight=8.6939571946859342 140.8642810434103 93.95166702568531 103.7468805462122 198.26182460784912
leaf_count=36 569 382 419 805
internal_value=4.54218e-06 -0.000725128 -0.00873849 0.00394638
internal_weight=545.519 536.825 197.699 339.126
internal_count=2211 2175 801 1374
is_linear=0
shrinkage=0.04


Tree=22
num_leaves=7
num_cat=0
split_feature=105 25 81 104 8 91
split_gain=10.9789 18.3015 12.2555 12.9974 10.2805 10.2558
threshold=-0.92044159403064618 0.64605862224894384 2.3331048541368866 -1.028981038284019 -0.055461217967518024 -0.46080710096077332
decision_type=2 2 2 2 2 2
left_child=1 5 3 -2 -4 -1
right_child=2 -3 4 -5 -6 -7
leaf_value=-0.053153657630660912 0.023463311218938649 0.044222240131547588 0.014303783325553909 0.00089260055548889329 -0.049230204451198301 -0.012254575895784861
leaf_weight=16.013564899563789 45.066533789038658 6.4756253808736792 5.8906787633895901 433.33962506055832 13.220266252756117 25.322327345609665
leaf_count=66 186 27 24 1752 54 102
internal_value=4.59285e-06 -0.0183037 0.00176402 0.00301879 -0.0296468 -0.0280989
internal_weight=545.329 47.8115 497.517 478.406 19.1109 41.3359
internal_count=2211 195 2016 1938 78 168
is_linear=0
shrinkage=0.04


Tree=23
num_leaves=8
num_cat=0
split_feature=41 26 5 35 46 104 79
split_gain=10.7688 17.9546 15.3057 17.0822 17.056 14.7867 13.8596
threshold=0.24259701212884957 0.66874824960285351 0.13844715322796816 0.20104461869281898 2.4244430141808109 -0.4429073429355842 0.24385534394431105
decision_type=2 2 2 2 2 2 2
left_child=2 5 3 -1 -4 -2 -3
right_child=1 6 4 -5 -6 -7 -8
leaf_value=-0.0045608283821782962 0.034106907138705823 0.0015881341135963116 -0.02603779719260305 0.02175336549294166 0.042229780207843376 0.0060220137808688172 -0.038608473713773711
leaf_weight=219.43970414996147 47.17651641368866 54.084544777870178 68.931726559996605 48.128420829772949 6.3991476297378531 82.358441159129143 18.391256630420685
leaf_count=885 197 218 279 195 26 337 74
internal_value=4.36123e-06 0.00733052 -0.00431167 0.000172398 -0.0202387 0.0162505 -0.00861204
internal_weight=544.91 202.011 342.899 267.568 75.3309 129.535 72.4758
internal_count=2211 826 1385 1080 305 534 292
is_linear=0
shrinkage=0.04


Tree=24
num_leaves=7
num_cat=0
split_feature=43 97 14 100 44 65
split_gain=10.7012 14.2489 11.7016 11.2728 10.9924 10.1736
threshold=0.67428959677612366 -1.1384159464496222 -1.1636485599896618 -1.2747730323220758 -0.53046843838016511 0.027041189965628886
decision_type=2 2 2 2 2 2
left_child=1 5 -2 -3 -4 -1
right_child=2 3 4 -5 -6 -7
leaf_value=-0.052529291975341452 0.039070730119965431 -0.02287392057587025 0.0069511435745570052 0.0061865805352671489 -0.021850113482372181 0.003121621109845514
leaf_weight=12.344834193587305 7.0547035783529273 22.609939366579056 29.003233566880226 385.5027839243412 78.833485051989555 9.1528308689594251
leaf_count=50 29 91 118 1567 319 37
internal_value=4.75627e-06 0.00290466 -0.0108388 0.00457659 -0.0141039 -0.0288354
internal_weight=544.502 429.61 114.891 408.113 107.837 21.4977
internal_count=2211 1745 466 1658 437 87
is_linear=0
shrinkage=0.04


Tree=25
num_leaves=6
num_cat=0
split_feature=99 64 74 53 102
split_gain=10.587 11.2265 20.4797 17.4361 2.82427
threshold=1.9828748095621485 0.96666705068388215 -1.0024743019720923 -0.69999999999999984 2.0361436423098214
decision_type=2 2 2 2 2
left_child=1 2 -1 -3 -2
right_child=4 3 -4 -5 -6
leaf_value=-0.043050743964304188 -0.02027501128325811 -0.037843368507614376 0.00089641553539702556 0.039818910596453726 -0.062768629077019897
leaf_weight=17.578379303216934 5.2007600367069227 5.7405769824981716 487.11426487565041 23.809946849942207 4.8235420882701874
leaf_count=72 21 23 1974 100 21
internal_value=4.63976e-06 0.000768822 -0.000634258 0.024732 -0.0407223
internal_weight=544.267 534.243 504.693 29.5505 10.0243
internal_count=2211 2169 2046 123 42
is_linear=0
shrinkage=0.04


Tree=26
num_leaves=7
num_cat=0
split_feature=87 37 79 39 46 43
split_gain=10.2574 11.1941 18.9331 18.4417 8.38923 5.66514
threshold=-1.1312420917314863 -0.65072444983829436 0.062484289698725562 -0.67881278888405228 -0.35473926849531662 0.61844204691893145
decision_type=2 2 2 2 2 2
left_child=4 2 -2 -3 -1 -6
right_child=1 3 -4 -5 5 -7
leaf_value=-0.006427317505295578 0.041671343699268899 -0.027338984180964795 -0.0078410115664576726 -0.00045490546023357512 0.063254978089952521 0.010360033264423764
leaf_weight=7.9102708995342281 24.781272888183594 45.140221044421196 24.647245943546295 427.10954336822033 9.3409232944250089 4.9599126726388922
leaf_count=32 104 184 102 1731 38 20
internal_value=4.46834e-06 -0.001129 0.0169823 -0.00302463 0.0266265 0.0449096
internal_weight=543.889 521.678 49.4285 472.25 22.2111 14.3008
internal_count=2211 2121 206 1915 90 58
is_linear=0
shrinkage=0.04


Tree=27
num_leaves=6
num_cat=0
split_feature=105 24 5 79 25
split_gain=9.94843 12.1122 15.9898 15.3899 8.18074
threshold=1.5822124430678037 0.54250387063998318 0.3233371178461501 0.24385534394431105 -0.26319112290535673
decision_type=2 2 2 2 2
left_child=1 2 -1 -3 -2
right_child=4 3 -4 -5 -6
leaf_value=0.0014674970136850929 -0.0083745379820206432 0.022751400473168575 -0.018850607098806711 -0.009819544473302395 -0.069989232459725853
leaf_weight=344.5339171141386 8.7029635012149793 75.716524913907051 75.563839986920357 33.472030863165855 5.7098738849163047
leaf_count=1394 36 314 306 137 24
internal_value=4.85955e-06 0.000897728 -0.00218716 0.0127667 -0.0327842
internal_weight=543.699 529.286 420.098 109.189 14.4128
internal_count=2211 2151 1700 451 60
is_linear=0
shrinkage=0.04


Tree=28
num_leaves=7
num_cat=0
split_feature=44 41 81 6 106 37
split_gain=9.85378 15.9258 14.462 13.7252 17.8322 13.3801
threshold=0.22257801957701936 -1.2767915909596483 -0.054433751372583869 -0.13390777807313936 -1.0859194785439945 -0.34467841996995285
decision_type=2 2 2 2 2 2
left_child=3 -2 -3 5 -5 -1
right_child=1 2 -4 4 -6 -7
leaf_value=-0.026595896534500486 0.059346723673143711 0.0025205385046809833 -0.019291042535658356 -0.022382957506469119 0.015389938939649383 0.0016732373015734708
leaf_weight=35.297237053513527 5.6208112835884085 92.512146085500717 102.55667592585087 22.598931014537811 173.67847667634487 111.13299594819546
leaf_count=143 23 378 416 91 710 450
internal_value=4.77075e-06 -0.00703409 -0.00894682 0.00412673 0.0110409 -0.00514108
internal_weight=543.397 200.69 195.069 342.708 196.277 146.43
internal_count=2211 817 794 1394 801 593
is_linear=0
shrinkage=0.04


Tree=29
num_leaves=7
num_cat=0
split_feature=105 25 81 104 91 8
split_gain=9.69164 16.3349 10.4999 11.2841 9.20409 9.18011
threshold=-0.92044159403064618 0.64605862224894384 2.3331048541368866 -1.028981038284019 -0.46080710096077332 -0.055461217967518024
decision_type=2 2 2 2 2 2
left_child=1 4 3 -2 -1 -4
right_child=2 -3 5 -5 -6 -7
leaf_value=-0.050517498165048233 0.021973984709342295 0.042252509367686868 0.014034389650599752 0.00083958251773579267 -0.011568204005570012 -0.046275024679287673
leaf_weight=15.764157876372336 44.590957745909691 6.3832366317510596 5.8506149649620083 432.24360945820808 25.265597522258759 13.036567777395247
leaf_count=66 186 27 24 1752 102 54
internal_value=4.88254e-06 -0.0172724 0.00165736 0.00281596 -0.026533 -0.0275932
internal_weight=543.135 47.413 495.722 476.835 41.0298 18.8872
internal_count=2211 195 2016 1938 168 78
is_linear=0
shrinkage=0.04


Tree=30
num_leaves=7
num_cat=0
split_feature=43 97 14 94 110 65
split_gain=9.47481 12.8701 10.6906 10.1384 10.1129 9.33176
threshold=0.67428959677612366 -1.1384159464496222 -1.1636485599896618 0.14033658100065657 0.95496685298325745 0.027041189965628886
decision_type=2 2 2 2 2 2
left_child=1 5 -2 -3 -4 -1
right_child=2 3 4 -5 -6 -7
leaf_value=-0.050269554770455561 0.037707055194003629 -0.0002733219938344926 -0.017712568641733397 0.012994382209659852 0.021031439958190096 0.0031235229983328718
leaf_weight=12.27559705078602 6.9930377602577201 265.65310269594193 95.358760416507721 141.09287595748901 12.152961030602453 9.1346751600503904
leaf_count=50 29 1083 388 575 49 37
internal_value=4.57382e-06 0.0027379 -0.0102159 0.00432901 -0.013333 -0.0274894
internal_weight=542.661 428.156 114.505 406.746 107.512 21.4103
internal_count=2211 1745 466 1658 437 87
is_linear=0
shrinkage=0.04


Tree=31
num_leaves=7
num_cat=0
split_feature=16 74 78 44 8 79
split_gain=9.40254 14.8161 10.4235 10.3849 6.56006 4.31919
threshold=1.1149726910014632 -1.0024743019720923 -0.6427774685963773 0.22257801957701936 -0.44421415885059284 0.33290816504222936
decision_type=2 2 2 2 2 2
left_child=1 4 -2 -3 -1 -4
right_child=2 3 5 -5 -6 -7
leaf_value=0.0024631558921421599 -0.027575706501086743 0.0045337442716406615 0.055748817965137726 -0.0074562447313082326 -0.050718874093737119 0.015337152008972304
leaf_weight=5.1160682290792492 4.6873128116130856 320.88861893117428 10.55125840008259 180.64870305359364 13.513095602393149 7.0651577413082114
leaf_count=21 20 1304 46 734 56 30
internal_value=4.46531e-06 -0.001086 0.0254363 0.000215071 -0.0361137 0.0395415
internal_weight=542.47 520.166 22.3037 501.537 18.6292 17.6164
internal_count=2211 2115 96 2038 77 76
is_linear=0
shrinkage=0.04


Tree=32
num_leaves=7
num_cat=0
split_feature=87 37 78 39 46 43
split_gain=9.27646 9.96239 16.6002 16.5949 7.76175 5.18544
threshold=-1.1312420917314863 -0.65072444983829436 0.37932942141002118 -0.67881278888405228 -0.35473926849531662 0.61844204691893145
decision_type=2 2 2 2 2 2
left_child=4 2 -2 -3 -1 -6
right_child=1 3 -4 -5 5 -7
leaf_value=-0.0063698578534667092 0.02991292100071263 -0.02593299374661083 -0.023280950627586096 -0.00041494613347144437 0.06079221388994583 0.010066096429484863
leaf_weight=7.9073318094015148 36.193623557686806 45.089959129691124 12.673438191413878 426.13521991670132 9.2364979386329633 4.9535961598157874
leaf_count=32 153 184 53 1731 38 20
internal_value=4.5528e-06 -0.00107391 0.0161173 -0.00285668 0.0253877 0.0430843
internal_weight=542.19 520.092 48.8671 471.225 22.0974 14.1901
internal_count=2211 2121 206 1915 90 58
is_linear=0
shrinkage=0.04


Tree=33
num_leaves=8
num_cat=0
split_feature=36 73 91 81 13 112 63
split_gain=9.10631 23.102 15.5929 15.3284 15.0775 12.1554 9.87992
threshold=-0.32702780442647111 -0.80779969738277846 -0.81445776478828535 0.11817415574997379 -0.63173953936272931 -1.340916727497359 -0.29615240709454566
decision_type=2 2 2 2 2 2 2
left_child=1 6 5 -4 -3 -2 -1
right_child=2 4 3 -5 -6 -7 -8
leaf_value=-0.0063782841364538783 -0.022477083103392657 -0.048378725283204867 0.0083509818945342856 -0.0089620325785214981 0.0009007259335228209 0.037645398866506995 -0.069829667451099767
leaf_weight=5.7010153383016613 6.4615359902381888 10.679421335458754 185.9194313287735 146.13570688664913 142.28878845274448 32.157390564680099 12.613371685147284
leaf_count=23 26 44 765 595 575 132 51
internal_value=4.86075e-06 -0.00762275 0.00352946 0.000731616 -0.0025397 0.027586 -0.0500781
internal_weight=541.957 171.283 370.674 332.055 152.968 38.6189 18.3144
internal_count=2211 693 1518 1360 619 158 74
is_linear=0
shrinkage=0.04


Tree=34
num_leaves=5
num_cat=0
split_feature=14 44 46 93
split_gain=8.94265 9.74224 14.2034 11.4508
threshold=-1.9267299698962315 0.22257801957701936 0.51574443965843275 1.1877064647636864
decision_type=2 2 2 2
left_child=-1 3 -3 -2
right_child=1 2 -4 -5
leaf_value=0.040907674752043911 0.0045731219502328649 -0.017214899596748216 0.0044716086833658129 -0.046576733821201553
leaf_weight=8.4192842096090299 329.70925740897655 110.40391990542412 85.929395660758018 7.1546971499919882
leaf_count=36 1345 447 354 29
internal_value=4.84068e-06 -0.000641023 -0.00772334 0.00348674
internal_weight=541.617 533.197 196.333 336.864
internal_count=2211 2175 801 1374
is_linear=0
shrinkage=0.04


Tree=35
num_leaves=6
num_cat=0
split_feature=99 94 41 93 47
split_gain=8.94158 10.332 15.6189 12.6879 2.72205
threshold=1.9828748095621485 0.14432504975154761 0.0047782880012207426 1.1877064647636864 0.35171746156362688
decision_type=2 2 2 2 2
left_child=1 2 -1 -3 -2
right_child=4 3 -4 -5 -6
leaf_value=-0.012036729852771043 -0.057993842143373116 0.011826695325266774 0.0049130702428344013 -0.023722647560644274 -0.015705398447203461
leaf_weight=169.66642440855503 5.1309052854776365 165.74611043930054 178.49432881176472 17.787624061107635 4.635839506983757
leaf_count=687 22 675 735 72 20
internal_value=4.83295e-06 0.000701503 -0.00334694 0.00838134 -0.0379214
internal_weight=541.461 531.694 348.161 183.534 9.76674
internal_count=2211 2169 1422 747 42
is_linear=0
shrinkage=0.04


Tree=36
num_leaves=5
num_cat=0
split_feature=78 79 63 112
split_gain=8.75381 11.0659 17.9046 15.8556
threshold=2.1513893923051035 0.24385534394431105 -0.073237962210027749 0.54593108881223329
decision_type=2 2 2 2
left_child=1 2 -1 -3
right_child=-2 3 -4 -5
leaf_value=0.012936036146740684 0.03943165670735737 -0.0044108531855694914 -0.0050936602406543982 -0.04137542140424294
leaf_weight=167.49578730762005 8.8624967336654645 157.72985604405403 185.97717221081257 21.043576419353485
leaf_count=684 36 641 763 87
internal_value=4.58296e-06 -0.000651922 0.00344985 -0.00876198
internal_weight=541.109 532.246 353.473 178.773
internal_count=2211 2175 1447 728
is_linear=0
shrinkage=0.04


Tree=37
num_leaves=7
num_cat=0
split_feature=43 100 13 87 63 44
split_gain=8.63001 11.7114 14.2292 11.3642 10.1304 11.0092
threshold=0.67428959677612366 -1.2747730323220758 -0.22983613981953255 -0.90432679052908704 -1.3351337814913891 -0.53046843838016511
decision_type=2 2 2 2 2 2
left_child=1 2 -1 -3 -2 -6
right_child=4 3 -4 -5 5 -7
leaf_value=0.019369364243277027 0.040206944646017082 0.028499710956174332 -0.04100052716716468 0.002507558152603694 0.0078437688673813726 -0.020579629229809632
leaf_weight=9.1256465017795581 6.141793265938758 29.032417699694633 19.801970928907394 368.82080428302288 30.305701076984406 77.71486297249794
leaf_count=37 25 119 80 1509 124 317
internal_value=4.49667e-06 0.00261755 -0.0219559 0.00440428 -0.00976407 -0.0126053
internal_weight=540.943 426.781 28.9276 397.853 114.162 108.021
internal_count=2211 1745 117 1628 466 441
is_linear=0
shrinkage=0.04


Tree=38
num_leaves=7
num_cat=0
split_feature=64 53 74 117 106 56
split_gain=8.35435 16.655 16.3901 10.5181 7.23666 6.59851
threshold=0.96666705068388215 -0.49999999999999994 -1.0024743019720923 1.8931868164319232 -0.43699077140438741 -0.29511488597615471
decision_type=2 2 2 2 2 2
left_child=2 -2 4 -4 -1 -3
right_child=1 5 3 -5 -6 -7
leaf_value=-0.0071111608772609636 -0.026776579104317293 0.0019124865955962593 0.00085579033138559522 -0.047114255839128476 -0.060217632520048303 0.052099112838758392
leaf_weight=6.7273170202970531 8.5854995697736758 5.669404789805415 485.61655902862549 7.4251676797866812 10.534117773175238 16.081946030259132
leaf_count=27 35 24 1981 30 45 69
internal_value=4.40869e-06 0.0203979 -0.00120796 0.000133365 -0.0395204 0.0390182
internal_weight=540.64 30.3369 510.303 493.042 17.2614 21.7514
internal_count=2211 128 2083 2011 72 93
is_linear=0
shrinkage=0.04


Tree=39
num_leaves=7
num_cat=0
split_feature=105 25 81 104 8 86
split_gain=8.30892 13.7876 9.06542 9.67415 8.43283 8.0157
threshold=-0.91084708534036174 0.64605862224894384 2.3331048541368866 -1.028981038284019 -0.055461217967518024 0.29404190228839405
decision_type=2 2 2 2 2 2
left_child=1 5 3 -2 -4 -1
right_child=2 -3 4 -5 -6 -7
leaf_value=-0.045305607455475023 0.020491549080364248 0.039806101826894376 0.014163459083636688 0.00081403624149836847 -0.043849798027151971 -0.0098348132766742317
leaf_weight=16.848746135830879 44.087026312947273 6.2415657937526694 5.8255954086780575 428.63237023353577 12.856642693281172 25.805773451924324
leaf_count=72 186 27 24 1743 54 105
internal_value=4.43812e-06 -0.0157208 0.00156915 0.00264921 -0.0257598 -0.023846
internal_weight=540.298 48.8961 491.402 472.719 18.6822 42.6545
internal_count=2211 204 2007 1929 78 177
is_linear=0
shrinkage=0.04


Tree=40
num_leaves=5
num_cat=0
split_feature=78 81 63 24
split_gain=8.06093 9.77772 17.7149 14.5184
threshold=2.1513893923051035 0.605799458560493 0.18487207724516519 0.54250387063998318
decision_type=2 2 2 2
left_child=1 3 -3 -1
right_child=-2 2 -4 -5
leaf_value=-0.0017447041226241404 0.037936706998804776 -0.027716914642313503 0.0061374622920775989 0.016433445440388769
leaf_weight=343.18369314074516 8.8171416670083982 53.058813899755478 46.319394424557686 88.406693950295448
leaf_count=1395 36 216 193 371
internal_value=4.11796e-06 -0.000625782 -0.0119377 0.0019789
internal_weight=539.786 530.969 99.3782 431.59
internal_count=2211 2175 409 1766
is_linear=0
shrinkage=0.04


Tree=41
num_leaves=8
num_cat=0
split_feature=86 24 74 44 25 47 26
split_gain=8.08194 16.2006 24.2426 15.7913 15.6634 12.5022 6.36887
threshold=0.93430246339629008 0.61988162962460891 0.83763539385781327 0.47813531762542644 -1.2708253684290405 -0.58701913853817267 -0.80694404654783269
decision_type=2 2 2 2 2 2 2
left_child=1 4 -3 5 -1 -2 -5
right_child=3 2 -4 6 -6 -7 -8
leaf_value=0.037335697930638914 -0.052099762930710343 0.028801543049183621 -0.051988829407654688 0.0030132879205793123 -0.0026501090728430821 0.0064730773325978683 -0.048327162194992716
leaf_weight=16.357829362154007 6.5716725140810004 58.403088063001633 6.6158341020345679 4.8013851344585445 375.22449903190136 51.703838869929314 19.844653248786926
leaf_count=66 27 250 27 20 1529 210 82
internal_value=4.1282e-06 0.00209043 0.0205809 -0.011484 -0.000979755 -0.000132125 -0.0383253
internal_weight=539.523 456.601 65.0189 82.9215 391.582 58.2755 24.646
internal_count=2211 1872 277 339 1595 237 102
is_linear=0
shrinkage=0.04


Tree=42
num_leaves=5
num_cat=0
split_feature=14 43 97 74
split_gain=8.00744 8.74161 10.636 9.88992
threshold=-1.9267299698962315 0.67428959677612366 -1.2406413838668573 0.91051666136151999
decision_type=2 2 2 2
left_child=-1 2 -2 -3
right_child=1 3 -4 -5
leaf_value=0.039053484216931736 -0.02957293583829549 -0.0051037214798433997 0.0033304390089743652 -0.036570126811434692
leaf_weight=8.2732115536928159 16.35707825422287 92.412590056657791 402.7310693114996 19.323223203420639
leaf_count=36 67 377 1651 80
internal_value=4.34306e-06 -0.000604261 0.00204621 -0.0105454
internal_weight=539.097 530.824 419.088 111.736
internal_count=2211 2175 1718 457
is_linear=0
shrinkage=0.04


Tree=43
num_leaves=6
num_cat=0
split_feature=63 32 16 91 35
split_gain=7.80227 10.7684 15.9524 10.715 11.1447
threshold=-1.3351337814913891 1.5817918365259434 1.0895342573698572 0.62994296895604907 0.61342023580205518
decision_type=2 2 2 2 2
left_child=3 2 -2 4 -1
right_child=1 -3 -4 -5 -6
leaf_value=0.054632707718642662 -0.001887818868612683 -0.060712261398795563 0.03622434461910725 -0.024938147168617118 -0.010925311805819416
leaf_weight=14.185297638177877 489.62622267007828 4.8003800064325324 18.226024746894836 6.139028698205947 5.8641020357608786
leaf_count=59 2001 20 82 25 24
internal_value=4.22449e-06 -0.00108366 -0.000520033 0.0213002 0.0354581
internal_weight=538.841 512.653 507.852 26.1884 20.0494
internal_count=2211 2103 2083 108 83
is_linear=0
shrinkage=0.04


Tree=44
num_leaves=5
num_cat=0
split_feature=78 79 63 112
split_gain=7.55997 8.62407 16.1813 14.633
threshold=2.3486685612749088 0.24385534394431105 -0.073237962210027749 0.54593108881223329
decision_type=2 2 2 2
left_child=1 2 -1 -3
right_child=-2 3 -4 -5
leaf_value=0.01220307699197944 0.045315089888922688 -0.00348577476035791 -0.004977593042940571 -0.039133153008606231
leaf_weight=166.60609857738018 5.8279614001512519 160.07304839789867 185.22167886793613 20.821121945977211
leaf_count=684 24 653 763 87
internal_value=4.58409e-06 -0.000491111 0.00315822 -0.00758883
internal_weight=538.55 532.722 351.828 180.894
internal_count=2211 2187 1447 740
is_linear=0
shrinkage=0.04


Tree=45
num_leaves=7
num_cat=0
split_feature=64 53 74 117 106 56
split_gain=7.47892 15.3385 14.917 9.35135 6.65699 6.08659
threshold=0.96666705068388215 -0.49999999999999994 -1.0024743019720923 1.8931868164319232 -0.43699077140438741 -0.29511488597615471
decision_type=2 2 2 2 2 2
left_child=2 -2 4 -4 -1 -3
right_child=1 5 3 -5 -6 -7
leaf_value=-0.0069196766280710973 -0.025815844757634498 0.0019660440409813343 0.00082027868131247564 -0.04439638865281402 -0.05806376407582544 0.050323634422298556
leaf_weight=6.7188394516706493 8.56409400701523 5.6630492955446288 483.89262700080872 7.4304562956094733 10.336476221680639 15.738012641668316
leaf_count=27 35 24 1981 30 45 69
internal_value=4.48217e-06 0.0194238 -0.00114015 0.000136451 -0.0379159 0.0375275
internal_weight=538.344 29.9652 508.378 491.323 17.0553 21.4011
internal_count=2211 128 2083 2011 72 93
is_linear=0
shrinkage=0.04


Tree=46
num_leaves=5
num_cat=0
split_feature=14 44 46 68
split_gain=7.44865 8.08809 12.7977 9.93876
threshold=-1.9267299698962315 0.22257801957701936 0.51574443965843275 -0.34501992702181233
decision_type=2 2 2 2
left_child=-1 3 -3 -2
right_child=1 2 -4 -5
leaf_value=0.037894168719456965 -0.0069659887169273736 -0.016055493040548218 0.0046120819956587782 0.0078678700734353176
leaf_weight=8.1753159463405591 105.53630420565605 110.09021939337254 84.910004824399948 229.25083097815514
leaf_count=36 438 447 354 936
internal_value=4.47429e-06 -0.000580214 -0.0070561 0.00319173
internal_weight=537.963 529.787 195 334.787
internal_count=2211 2175 801 1374
is_linear=0
shrinkage=0.04


Tree=47
num_leaves=7
num_cat=0
split_feature=105 25 105 94 46 25
split_gain=7.45421 11.852 7.92766 9.75963 7.70358 7.66582
threshold=-0.91084708534036174 0.64605862224894384 1.5822124430678037 0.15525440950206718 0.41839790737695687 -0.26319112290535673
decision_type=2 2 2 2 2 2
left_child=1 4 3 -2 -1 -4
right_child=2 -3 5 -5 -6 -7
leaf_value=-0.014160085144097541 -0.0016652687004505746 0.037290661670296252 -0.0045564037563365165 0.010523156319895905 -0.057502655502801793 -0.065516482306511761
leaf_weight=34.107701033353806 318.82064199447632 6.0669753253459922 8.4672904014587385 156.8141958117485 8.1239861100912076 5.4089865684509268
leaf_count=142 1305 27 36 642 35 24
internal_value=4.50511e-06 -0.0149875 0.00148373 0.00235319 -0.0224978 -0.0283187
internal_weight=537.81 48.2987 489.511 475.635 42.2317 13.8763
internal_count=2211 204 2007 1947 177 60
is_linear=0
shrinkage=0.04


Tree=48
num_leaves=8
num_cat=0
split_feature=36 73 91 100 13 3 63
split_gain=7.3441 20.6374 13.5815 13.5057 13.3799 11.3654 8.43795
threshold=-0.32702780442647111 -0.80779969738277846 -0.81445776478828535 0.45360381369700792 -0.63173953936272931 0.26302671994068855 -0.29615240709454566
decision_type=2 2 2 2 2 2 2
left_child=1 6 5 -4 -3 -2 -1
right_child=2 4 3 -5 -6 -7 -8
leaf_value=-0.0066753976404052831 0.045128250830665781 -0.045581587510947791 -0.0037742338776433778 0.015694721671476904 0.0011860995757563733 0.0011347394291602924 -0.065478957667447629
leaf_weight=5.6752244085073498 21.36963777244091 10.514417737722395 255.53364984691143 73.381428584456444 141.60997478663921 16.768177419900894 12.512569040060042
leaf_count=23 88 44 1048 312 575 70 51
internal_value=4.02807e-06 -0.0068609 0.00318935 0.000569318 -0.00204635 0.0257855 -0.0471302
internal_weight=537.365 170.312 367.053 328.915 152.124 38.1378 18.1878
internal_count=2211 693 1518 1360 619 158 74
is_linear=0
shrinkage=0.04


Tree=49
num_leaves=7
num_cat=0
split_feature=43 100 13 87 14 57
split_gain=7.1771 10.3928 12.8116 10.043 9.34672 9.36878
threshold=0.67428959677612366 -1.2747730323220758 -0.22983613981953255 -0.90432679052908704 -1.1636485599896618 0.13038790029672606
decision_type=2 2 2 2 2 2
left_child=1 2 -1 -3 -2 -6
right_child=4 3 -4 -5 5 -7
leaf_value=0.018497801435097095 0.036295990151842719 0.026837976005583509 -0.038962668908800929 0.0022962043114224933 -0.021139378124103464 0.0033284492033379123
leaf_weight=9.0714249312877673 6.8644958138465872 28.775089800357819 19.672005832195282 366.27384597063065 66.034056961536407 40.331606209278107
leaf_count=37 29 119 80 1509 271 166
internal_value=3.92683e-06 0.00239417 -0.0208281 0.00408381 -0.00894217 -0.0118617
internal_weight=537.023 423.792 28.7434 395.049 113.23 106.366
internal_count=2211 1745 117 1628 466 437
is_linear=0
shrinkage=0.04


Tree=50
num_leaves=8
num_cat=0
split_feature=86 24 74 68 44 47 26
split_gain=7.15473 13.8373 21.9636 14.3086 13.6554 11.1147 6.7546
threshold=0.93430246339629008 0.61988162962460891 0.83763539385781327 -0.77907037683275893 0.47813531762542644 -0.58701913853817267 -0.82120583502869648
decision_type=2 2 2 2 2 2 2
left_child=1 3 -3 -1 5 -2 -6
right_child=4 2 -4 -5 6 -7 -8
leaf_value=-0.056667567096996024 -0.049522869616520304 0.027126955629120195 -0.049878050624060165 0.00019233367989708038 0.0081229128941662163 0.0059380540248047632 -0.0460151094808285
leaf_weight=7.2145625054836264 6.5123440623283377 57.511057615280151 6.6071671396493903 382.94700239598751 4.5284613668918636 51.520315662026405 19.852421283721924
leaf_count=30 27 250 27 1565 19 210 83
internal_value=3.84317e-06 0.00197096 0.0191918 -0.000859075 -0.0108393 -0.000285693 -0.0359596
internal_weight=536.693 454.28 64.1182 390.162 82.4135 58.0327 24.3809
internal_count=2211 1872 277 1595 339 237 102
is_linear=0
shrinkage=0.04


Tree=51
num_leaves=5
num_cat=0
split_feature=20 16 74 35
split_gain=7.16002 9.0968 11.0583 9.76296
threshold=1.0930910069047515 1.1149726910014632 -1.0024743019720923 0.67629002265735416
decision_type=2 2 2 2
left_child=1 2 -1 -3
right_child=-2 3 -4 -5
leaf_value=-0.031362075809550291 -0.044394733783884019 0.04946417088758312 0.00058000860355148138 -0.0083509979261929407
leaf_weight=17.973825141787529 5.7492851316928855 12.105420783162119 492.73358511924744 7.6116953194141379
leaf_count=77 24 57 2020 33
internal_value=3.8693e-06 0.000485107 -0.00054416 0.0271449
internal_weight=536.174 530.425 510.707 19.7171
internal_count=2211 2187 2097 90
is_linear=0
shrinkage=0.04


Tree=52
num_leaves=7
num_cat=0
split_feature=81 104 45 63 62 0
split_gain=6.91902 8.9732 15.8857 10.2867 7.67263 4.72707
threshold=2.3331048541368866 -1.028981038284019 -1.0260764534130258 -1.3938588765974249 -0.1088863115310351 0.34217583776120813
decision_type=2 2 2 2 2 2
left_child=1 2 -1 -3 -2 -6
right_child=4 3 -4 -5 5 -7
leaf_value=-0.029579257990453429 0.0051285884379317264 0.029123491223445576 0.030593235820136799 -0.0018923310179299608 -0.073652757627143406 -0.019446111296880814
leaf_weight=8.8203597813844663 8.046604275703432 17.775363817811012 34.389601469039917 456.53324599564075 5.2354754507541639 5.0633618086576462
leaf_count=37 34 74 149 1873 22 22
internal_value=4.0233e-06 0.000859792 0.0183103 -0.000729971 -0.0241369 -0.0470024
internal_weight=535.864 517.519 43.21 474.309 18.3454 10.2988
internal_count=2211 2133 186 1947 78 44
is_linear=0
shrinkage=0.04


Tree=53
num_leaves=7
num_cat=0
split_feature=64 53 74 37 106 56
split_gain=6.8609 13.8094 12.3702 8.764 6.1957 5.65506
threshold=0.96666705068388215 -0.49999999999999994 -1.0024743019720923 -0.65072444983829436 -0.43699077140438741 -0.29511488597615471
decision_type=2 2 2 2 2 2
left_child=2 -2 4 -4 -1 -3
right_child=1 5 3 -5 -6 -7
leaf_value=-0.0051666687865816385 -0.024241136126490523 0.0019321395753564461 0.018764271590904512 -0.0014667106872570774 -0.054868110556588814 0.048722949388030366
leaf_weight=6.6999338716268566 8.5124161094427127 5.6520778387785002 37.068270027637482 452.23584938049316 10.006707504391668 15.3738839328289
leaf_count=27 35 24 160 1851 45 69
internal_value=4.15535e-06 0.0187428 -0.00108971 6.59302e-05 -0.0349361 0.0361449
internal_weight=535.549 29.5384 506.011 489.304 16.7066 21.026
internal_count=2211 128 2083 2011 72 93
is_linear=0
shrinkage=0.04


Tree=54
num_leaves=5
num_cat=0
split_feature=78 79 46 35
split_gain=6.85284 7.89352 15.0462 14.6714
threshold=2.1513893923051035 0.24385534394431105 1.0597614712092611 -1.3987154359730907
decision_type=2 2 2 2
left_child=1 2 -1 -3
right_child=-2 3 -4 -5
leaf_value=-0.00045781203980195593 0.035247786734683817 0.040843691282368887 0.023379865039271943 -0.010220797133443175
leaf_weight=300.43289647996426 8.6841003298759443 9.5148463249206525 49.321332037448883 167.1141295582056
leaf_count=1240 36 39 207 689
internal_value=4.22645e-06 -0.00057721 0.00290371 -0.00747
internal_weight=535.067 526.383 349.754 176.629
internal_count=2211 2175 1447 728
is_linear=0
shrinkage=0.04


Tree=55
num_leaves=7
num_cat=0
split_feature=9 28 59 68 64 37
split_gain=6.74516 13.6687 9.68663 13.3168 12.7328 7.90465
threshold=1.2681042124974964 1.5753450854320394 1.4729983225420518 0.89627747779403433 0.60782859529818756 0.49103858971012576
decision_type=2 2 2 2 2 2
left_child=2 5 3 -1 -4 -2
right_child=1 -3 4 -5 -6 -7
leaf_value=0.0015437033857361672 -0.01423791952822941 0.037756792851640027 0.028062854654724207 -0.02079145293537641 -0.038806418563067678 -0.069852354555808835
leaf_weight=425.06546860933304 9.0898279398679787 4.7467322349548331 35.822955280542374 47.482323110103607 5.2199774235486975 7.4327499121427527
leaf_count=1760 37 20 146 196 21 31
internal_value=4.26343e-06 -0.0220691 0.000918386 -0.000700567 0.0195582 -0.0392563
internal_weight=534.86 21.2693 513.591 472.548 41.0429 16.5226
internal_count=2211 88 2123 1956 167 68
is_linear=0
shrinkage=0.04


Tree=56
num_leaves=8
num_cat=0
split_feature=83 97 11 43 44 81 61
split_gain=6.70793 10.4463 13.9273 10.5838 10.176 13.3925 11.4306
threshold=-0.051470996641557874 0.049052976632146202 0.48524981388693583 -0.85522831907574182 -0.16347136940340126 0.38107701804059729 -1.015424446529541
decision_type=2 2 2 2 2 2 2
left_child=4 2 -2 -3 6 -6 -1
right_child=1 3 -4 -5 5 -7 -8
leaf_value=0.049827127842272015 -0.0040235533616137884 -0.0361967121361748 -0.030844687055262197 0.0080861954021381154 0.0055638113619872441 -0.02156039403864532 0.0095590764172569353
leaf_weight=13.057497784495352 125.52225850522518 9.3451653569936735 41.125589460134506 113.71801467239857 109.32770869135857 39.701623514294624 82.807072147727013
leaf_count=53 516 39 170 474 452 164 343
internal_value=4.12123e-06 -0.00411538 -0.0106425 0.00472344 0.00487751 -0.00166212 0.0150439
internal_weight=534.605 289.711 166.648 123.063 244.894 149.029 95.8646
internal_count=2211 1199 686 513 1012 616 396
is_linear=0
shrinkage=0.04


Tree=57
num_leaves=7
num_cat=0
split_feature=43 103 58 57 26 88
split_gain=6.53662 9.63487 9.73039 8.49641 11.6059 9.60876
threshold=0.67428959677612366 -1.5508129697699571 -1.2700901392295691 0.13038790029672606 0.70940141040345395 0.63021682338471763
decision_type=2 2 2 2 2 2
left_child=1 -1 -3 5 -5 -2
right_child=3 2 -4 4 -6 -7
leaf_value=-0.046437905304057947 -0.01025124795325497 0.024426709686218431 0.0012874710085133999 0.016698107636473874 -0.035011713746880203 -0.049190480064454256
leaf_weight=6.3940456658601752 58.645020976662636 31.460052788257599 383.8895405381918 32.872781798243523 8.8048060685396177 12.25890016555786
leaf_count=27 242 128 1590 137 36 51
internal_value=4.1589e-06 0.00228998 0.00304012 -0.00855881 0.00577389 -0.0169836
internal_weight=534.325 421.744 415.35 112.582 41.6776 70.9039
internal_count=2211 1745 1718 466 173 293
is_linear=0
shrinkage=0.04


Tree=58
num_leaves=5
num_cat=0
split_feature=78 64 53 74
split_gain=6.45813 7.21528 11.967 10.979
threshold=2.3486685612749088 0.96666705068388215 -0.49999999999999994 -1.0024743019720923
decision_type=2 2 2 2
left_child=1 3 -3 -1
right_child=-2 2 -4 -5
leaf_value=-0.033638526360778825 0.042264677506821266 -0.021818827589564702 0.035119882709726061 -0.00048352985409993472
leaf_weight=16.527363851666451 5.7236376702785483 8.2517803609371203 20.775176078081131 482.82353422045708
leaf_count=72 24 34 93 1988
internal_value=3.87476e-06 -0.000453914 0.0189334 -0.00158088
internal_weight=534.101 528.378 29.027 499.351
internal_count=2211 2187 127 2060
is_linear=0
shrinkage=0.04


Tree=59
num_leaves=5
num_cat=0
split_feature=14 43 100 74
split_gain=6.41652 6.87119 9.16676 8.61092
threshold=-1.9267299698962315 0.67428959677612366 -1.2747730323220758 0.91051666136151999
decision_type=2 2 2 2
left_child=-1 2 -2 -3
right_child=1 3 -4 -5
leaf_value=0.035682671659810851 -0.020037314456512953 -0.0043038077258704876 0.0034387586953519016 -0.03386682171280285
leaf_weight=7.9448838979005805 28.579090341925621 91.434088453650475 386.73164370656013 19.048332870006561
leaf_count=36 117 377 1601 80
internal_value=3.93833e-06 -0.000535177 0.00182328 -0.00940078
internal_weight=533.738 525.793 415.311 110.482
internal_count=2211 2175 1718 457
is_linear=0
shrinkage=0.04


Tree=60
num_leaves=8
num_cat=0
split_feature=16 104 5 5 70 74 13
split_gain=6.27532 13.2885 13.8877 13.2518 19.8631 16.6816 4.49769
threshold=-0.56965762633241435 -1.0221106936963997 -0.90591932198105585 -0.06629084316850703 0.21763105809013375 0.7945297795189048 -0.063316922818993884
decision_type=2 2 2 2 2 2 2
left_child=1 6 -3 4 -2 -5 -1
right_child=3 2 -4 5 -6 -7 -8
leaf_value=0.062476704677479795 0.021743389660662131 0.0034385848897530227 -0.025326000561468578 0.0014382976486150656 -0.013347240062848835 -0.026025911771137458 0.0090742636445283395
leaf_weight=5.0466486215591431 99.57684089243412 49.355060011148453 58.910838037729263 239.14546212553978 34.840228959918022 41.530488476157188 5.0469858944416028
leaf_count=21 407 201 242 1002 144 172 22
internal_value=3.82786e-06 -0.00812075 -0.0122131 0.00232047 0.0126481 -0.00262547 0.0357746
internal_weight=533.453 118.36 108.266 415.093 134.417 280.676 10.0936
internal_count=2211 486 443 1725 551 1174 43
is_linear=0
shrinkage=0.04


Tree=61
num_leaves=6
num_cat=0
split_feature=99 94 40 41 47
split_gain=6.28398 8.27913 13.3333 10.1764 2.71635
threshold=1.9828748095621485 0.15525440950206718 1.1791133629854211 -1.2767915909596483 0.35171746156362688
decision_type=2 2 2 2 2
left_child=1 2 -1 -3 -2
right_child=4 3 -4 -5 -6
leaf_value=-0.0012557874798843187 -0.053534081686429265 0.054542398919307608 -0.037663436984830594 0.0056258078107716582 -0.0098595915265348739
leaf_weight=328.33724051713943 4.8171706199645978 7.0854079127311698 16.923860892653465 171.68444477021694 4.3235137015581131
leaf_count=1362 22 30 69 708 20
internal_value=3.89253e-06 0.000577421 -0.0030404 0.00756458 -0.0328762
internal_weight=533.172 524.031 345.261 178.77 9.14068
internal_count=2211 2169 1431 738 42
is_linear=0
shrinkage=0.04


Tree=62
num_leaves=7
num_cat=0
split_feature=87 4 46 4 46 43
split_gain=6.20441 7.72989 8.82055 8.44352 7.19195 4.1411
threshold=-1.1312420917314863 1.344612507881868 -0.20776404533995349 0.20225073189081391 -0.35473926849531662 0.61844204691893145
decision_type=2 2 2 2 2 2
left_child=4 3 -3 -2 -1 -6
right_child=1 2 -4 -5 5 -7
leaf_value=-0.0096030959864140519 -0.0038742719818726013 0.011304913850752416 -0.056313331836268542 0.0070673439856487764 0.054920437383153289 0.0090719780643111342
leaf_weight=7.8059324622154262 325.50978483259678 4.9225027859210959 8.276306100189684 172.72211848199368 8.7984763830900174 4.9115293473005286
leaf_count=32 1341 20 35 725 38 20
internal_value=3.69197e-06 -0.000881536 -0.0310951 -8.11406e-05 0.0210454 0.0384955
internal_weight=532.947 511.431 13.1988 498.232 21.5159 13.71
internal_count=2211 2121 55 2066 90 58
is_linear=0
shrinkage=0.04


Tree=63
num_leaves=6
num_cat=0
split_feature=105 33 46 118 40
split_gain=6.13726 10.1021 7.4076 6.89559 6.98977
threshold=-0.91084708534036174 0.75794181812766992 0.2253151437625768 -1.2902153559867238 1.6337557918349659
decision_type=2 2 2 2 2
left_child=1 2 -1 -2 -5
right_child=3 -3 -4 4 -6
leaf_value=-0.0081606740798684622 0.061983335384993996 0.044274036476798784 -0.043694974824734709 0.0003399140672648981 0.037841401965420018
leaf_weight=29.029094666242599 2.9819356501102439 4.3571616411209098 13.87188784778118 474.35302602499723 8.0877590179443342
leaf_count=124 12 20 60 1962 33
internal_value=3.75851e-06 -0.0137568 -0.0196506 0.00134341 0.000968598
internal_weight=532.681 47.2581 42.901 485.423 482.441
internal_count=2211 204 184 2007 1995
is_linear=0
shrinkage=0.04


Tree=64
num_leaves=5
num_cat=0
split_feature=78 96 44 28
split_gain=6.06319 6.88668 12.7683 11.0003
threshold=2.1513893923051035 0.083970900724052763 0.65885577559207975 0.35932370973472122
decision_type=2 2 2 2
left_child=1 3 -3 -1
right_child=-2 2 -4 -5
leaf_value=-0.01009690452017473 0.033331262893791208 0.0096409292476716708 -0.012085370380336571 0.0067799263738230059
leaf_weight=194.63486911356449 8.5930019766092283 181.85724671185017 56.795955210924149 90.53748182952404
leaf_count=806 36 756 238 375
internal_value=3.59881e-06 -0.000543119 0.00447039 -0.00473879
internal_weight=532.419 523.826 238.653 285.172
internal_count=2211 2175 994 1181
is_linear=0
shrinkage=0.04


Tree=65
num_leaves=8
num_cat=0
split_feature=36 73 80 91 32 51 63
split_gain=6.04239 17.7288 12.462 12.2618 11.3156 11.0649 7.47733
threshold=-0.32702780442647111 -0.80779969738277846 -0.68401864953076774 -0.81445776478828535 0.5866817534010037 1.7378182016214594 -0.29615240709454566
decision_type=2 2 2 2 2 2 2
left_child=1 6 -3 4 -2 -5 -1
right_child=3 2 -4 5 -6 -7 -8
leaf_value=-0.005719962183275207 0.039269547980960245 -0.034908490202116997 0.0022036062986591724 0.0018646024378949858 -0.0080527650634703712 -0.036990058346261491 -0.061341266955749693
leaf_weight=5.6418428421020534 25.928758278489113 16.218044593930244 134.84736604988575 313.36925522983074 11.74780662357807 12.182718604803084 12.29326047003269
leaf_count=23 108 67 552 1309 50 51 51
internal_value=3.61809e-06 -0.00624467 -0.00178067 0.00291078 0.0245141 0.000410594 -0.0438445
internal_weight=532.229 169.001 151.065 363.229 37.6766 325.552 17.9351
internal_count=2211 693 619 1518 158 1360 74
is_linear=0
shrinkage=0.04


Tree=66
num_leaves=7
num_cat=0
split_feature=64 53 74 117 106 71
split_gain=5.96398 11.765 10.299 8.36893 5.81686 5.38094
threshold=0.96666705068388215 -0.49999999999999994 -1.0024743019720923 1.8931868164319232 -0.43699077140438741 0.44664060074559692
decision_type=2 2 2 2 2 2
left_child=2 -2 4 -4 -1 -3
right_child=1 5 3 -5 -6 -7
leaf_value=-0.0035278663804446777 -0.022085500692647694 0.046570187598702149 0.00068642420995962655 -0.042266612305586246 -0.052090199905466462 0.00056791508573646296
leaf_weight=6.6712923645973232 8.4419612288475054 14.911780953407289 479.21150244772434 7.3693677186965934 9.6623307615518552 5.5947721898555747
leaf_count=27 35 69 1981 30 45 24
internal_value=3.37089e-06 0.0176581 -0.00101286 3.58916e-05 -0.0322554 0.0340195
internal_weight=531.863 28.9485 502.914 486.581 16.3336 20.5066
internal_count=2211 128 2083 2011 72 93
is_linear=0
shrinkage=0.04


Tree=67
num_leaves=7
num_cat=0
split_feature=63 91 35 92 44 25
split_gain=5.91527 9.56692 10.1831 8.88779 9.62645 5.9587
threshold=-1.3351337814913891 0.62994296895604907 0.61342023580205518 -0.83634249178234255 0.24575732647334605 0.57468156546093307
decision_type=2 2 2 2 2 2
left_child=1 2 -1 5 -5 -2
right_child=3 -3 -4 4 -6 -7
leaf_value=0.051147276716708233 -0.045016758794501212 -0.024916623210453306 -0.01195099494001795 0.0041852782167021855 -0.0075304875119977981 0.0094071700986522299
leaf_weight=13.75231203436852 11.752455830574037 6.122718632221221 5.8258740603923789 315.33773252367973 174.2044081389904 4.432861551642417
leaf_count=59 48 25 24 1309 726 20
internal_value=3.36091e-06 0.0187235 0.0323711 -0.00094799 1.62029e-05 -0.030111
internal_weight=531.428 25.7009 19.5782 505.727 489.542 16.1853
internal_count=2211 108 83 2103 2035 68
is_linear=0
shrinkage=0.04


Tree=68
num_leaves=8
num_cat=0
split_feature=83 97 11 43 44 64 61
split_gain=5.86335 9.282 12.6532 10.0737 8.77228 11.9991 10.4568
threshold=-0.051470996641557874 0.049052976632146202 0.48524981388693583 -0.85522831907574182 -0.16347136940340126 -0.64001138979094607 -1.015424446529541
decision_type=2 2 2 2 2 2 2
left_child=4 2 -2 -3 6 -6 -1
right_child=1 3 -4 -5 5 -7 -8
leaf_value=0.047479401994301035 -0.003709658810466995 -0.035515476153852983 -0.029369231260188849 0.0077869139288880354 0.020146126636884802 -0.0075003255834780579 0.0087921904794631273
leaf_weight=12.937245264649389 124.78863608837128 9.3029645383357984 40.802270203828812 113.0724039003253 32.060558125376701 116.00165529549122 82.229728892445564
leaf_count=53 516 39 170 474 133 483 343
internal_value=3.5943e-06 -0.00385868 -0.0100323 0.00449507 0.00457625 -0.00151392 0.0140514
internal_weight=531.195 287.966 165.591 122.375 243.229 148.062 95.167
internal_count=2211 1199 686 513 1012 616 396
is_linear=0
shrinkage=0.04


Tree=69
num_leaves=5
num_cat=0
split_feature=14 81 108 104
split_gain=5.82367 6.3599 7.68956 7.27339
threshold=-1.9267299698962315 2.3331048541368866 0.1062119293503056 -0.3816357631975848
decision_type=2 2 2 2
left_child=-1 3 -3 -2
right_child=1 2 -4 -5
leaf_value=0.034334275005897405 0.0074401985173940611 0.0072358412452928509 -0.046348808193234746 -0.0029152465593900419
leaf_weight=7.7899776250123969 157.75786313414574 7.3247937858104732 10.324715673923491 347.7218408882618
leaf_count=36 661 30 46 1438
internal_value=3.73114e-06 -0.000507489 -0.0241104 0.00031664
internal_weight=530.919 523.129 17.6495 505.48
internal_count=2211 2175 76 2099
is_linear=0
shrinkage=0.04


Tree=70
num_leaves=5
num_cat=0
split_feature=20 16 35 74
split_gain=5.80115 7.34162 8.48139 7.87466
threshold=1.0930910069047515 1.1149726910014632 0.67629002265735416 -1.0024743019720923
decision_type=2 2 2 2
left_child=1 3 -3 -1
right_child=-2 2 -4 -5
leaf_value=-0.026978440764178591 -0.040434276419600998 0.046610329791087236 -0.0081580279395994122 0.00046129551390652283
leaf_weight=17.326926186680794 5.6161178648471823 11.416340231895449 7.4936134070157996 488.74800814688206
leaf_count=77 24 57 33 2020
internal_value=3.59295e-06 0.000436184 0.0249068 -0.000478183
internal_weight=530.601 524.985 18.91 506.075
internal_count=2211 2187 90 2097
is_linear=0
shrinkage=0.04


Tree=71
num_leaves=8
num_cat=0
split_feature=37 39 112 79 63 42 40
split_gain=5.61219 16.1979 15.7541 13.3907 12.4919 9.37452 9.35709
threshold=-0.65072444983829436 -0.67881278888405228 -0.59738525464924042 0.062484289698725562 0.18487207724516519 -1.0048263622427751 -0.90572735061664933
decision_type=2 2 2 2 2 2 2
left_child=3 2 -2 6 -5 -3 -1
right_child=1 5 -4 4 -6 -7 -8
leaf_value=0.0017619868354936453 0.036406287128879507 0.02335451079190861 -0.033647944928009925 -0.043376567421515334 0.016253518702542102 -0.00047553607642441181 0.05431672116736562
leaf_weight=8.6284659951925295 5.9275466650724402 28.22621200978756 38.473826736211777 9.5221215188503283 13.720327317714689 411.19189119338989 14.579332426190375
leaf_count=39 24 116 161 41 61 1703 66
internal_value=3.73204e-06 -0.00127133 -0.0242958 0.0132846 -0.00817613 0.0010552 0.0347773
internal_weight=530.27 483.819 44.4014 46.4502 23.2424 439.418 23.2078
internal_count=2211 2004 185 207 102 1819 105
is_linear=0
shrinkage=0.04


Tree=72
num_leaves=5
num_cat=0
split_feature=78 80 81 116
split_gain=5.56843 6.45233 15.178 11.6706
threshold=2.3486685612749088 1.0183697536663743 -0.64219590788536174 0.59479977437379217
decision_type=2 2 2 2
left_child=1 3 -3 -1
right_child=-2 2 -4 -5
leaf_value=-0.0023821851841859961 0.0396224599799717 0.032093074348639117 -0.020064296132563712 0.012429702946415294
leaf_weight=343.27612800896168 5.6160647720098487 10.575999423861502 57.252122022211552 113.17209523916245
leaf_count=1434 24 45 240 468
internal_value=4.08258e-06 -0.000420311 -0.0119317 0.00129028
internal_weight=529.892 524.276 67.8281 456.448
internal_count=2211 2187 285 1902
is_linear=0
shrinkage=0.04


Tree=73
num_leaves=8
num_cat=0
split_feature=36 75 80 91 68 32 72
split_gain=5.54802 16.273 14.1995 11.2363 10.8771 10.7147 3.59037
threshold=-0.32702780442647111 -0.736534251695807 -0.68401864953076774 -0.81445776478828535 -0.39554788164373417 0.5866817534010037 -0.32614422297619017
decision_type=2 2 2 2 2 2 2
left_child=1 6 -3 5 -5 -2 -1
right_child=3 2 -4 4 -6 -7 -8
leaf_value=-0.071353615260236647 0.037989704002064868 -0.034800132663975913 0.0018282095472403764 -0.010366619889730078 0.0053910169541467956 -0.0082109862679178407 -0.025297201628830094
leaf_weight=6.6344643384218216 25.714445218443871 19.305692031979561 137.8418482542038 102.56185057759285 221.3707275763154 11.679593086242674 4.5761967301368696
leaf_count=28 108 79 565 438 922 50 21
internal_value=4.11936e-06 -0.00599314 -0.00267161 0.00279851 0.000401916 0.0235595 -0.0525534
internal_weight=529.685 168.358 157.148 361.327 323.933 37.394 11.2107
internal_count=2211 693 644 1518 1360 158 49
is_linear=0
shrinkage=0.04


Tree=74
num_leaves=7
num_cat=0
split_feature=9 28 59 68 64 37
split_gain=5.51906 10.8652 7.4345 11.0467 11.0144 6.96623
threshold=1.2681042124974964 1.5753450854320394 1.4729983225420518 0.89627747779403433 0.60782859529818756 0.49103858971012576
decision_type=2 2 2 2 2 2
left_child=2 5 3 -1 -4 -2
right_child=1 -3 4 -5 -6 -7
leaf_value=0.001458541403644082 -0.012093536499170984 0.034079074071388514 0.025251043793134344 -0.019005697119632299 -0.037012774401339481 -0.064756140702064993
leaf_weight=420.9952956289053 9.0424898415803963 4.6074106097221366 35.381678774952888 46.907344684004784 5.2159307897090903 7.2342192828655234
leaf_count=1760 37 20 146 196 21 31
internal_value=3.9688e-06 -0.0201493 0.000831662 -0.000593003 0.0172515 -0.0354995
internal_weight=529.384 20.8841 508.5 467.903 40.5976 16.2767
internal_count=2211 88 2123 1956 167 68
is_linear=0
shrinkage=0.04


Tree=75
num_leaves=7
num_cat=0
split_feature=64 53 74 117 73 40
split_gain=5.53773 10.5452 8.45874 7.72185 5.5479 5.12421
threshold=0.96666705068388215 -0.49999999999999994 -1.0024743019720923 1.8931868164319232 -0.74419447389691962 -0.20957355787998902
decision_type=2 2 2 2 2 2
left_child=2 -2 4 -4 -1 -3
right_child=1 5 3 -5 -6 -7
leaf_value=0.0012124421486418174 -0.020551174462008607 0.049386642482923238 0.00059623267092795992 -0.04073259647868395 -0.04768675657493044 0.00825611456278098
leaf_weight=5.8835280537605277 8.38543249666691 12.038636028766634 477.23169119656086 7.3445992022752753 10.059585720300673 8.1120618283748609
leaf_count=24 35 57 1981 30 48 36
internal_value=3.76594e-06 0.0171429 -0.000973387 -3.01778e-05 -0.0296414 0.0328287
internal_weight=529.056 28.5361 500.519 484.576 15.9431 20.1507
internal_count=2211 128 2083 2011 72 93
is_linear=0
shrinkage=0.04


Tree=76
num_leaves=7
num_cat=0
split_feature=51 15 2 38 10 38
split_gain=5.38614 10.4428 8.47919 8.15765 10.1824 8.79579
threshold=-0.66630763926043424 0.6196583704588573 0.74956451005735536 1.2181765708415784 0.91629610504518355 1.5974421007948745
decision_type=2 2 2 2 2 2
left_child=1 2 -1 4 -2 -5
right_child=3 -3 -4 5 -6 -7
leaf_value=-0.0080979144286893352 0.0019835391150289506 -0.057215629374370282 0.03819976498323855 0.040533745121544701 -0.024684533938959606 0.001261175168552076
leaf_weight=90.959080174565315 363.34262990951538 6.5051761120557776 6.8026621341705313 17.508345186710358 24.449435219168663 19.055722549557686
leaf_count=377 1527 27 28 72 101 79
internal_value=3.7386e-06 -0.00814176 -0.00487633 0.00200514 0.000302176 0.0200665
internal_weight=528.623 104.267 97.7617 424.356 387.792 36.5641
internal_count=2211 432 405 1779 1628 151
is_linear=0
shrinkage=0.04


Tree=77
num_leaves=8
num_cat=0
split_feature=16 104 5 5 68 74 13
split_gain=5.33453 11.7335 13.6336 11.1161 16.4037 15.0519 4.24226
threshold=-0.595141861199597 -1.0221106936963997 -0.90591932198105585 -0.06629084316850703 -0.06507854749490162 0.7945297795189048 -0.063316922818993884
decision_type=2 2 2 2 2 2 2
left_child=1 6 -3 4 -2 -5 -1
right_child=3 2 -4 5 -6 -7 -8
leaf_value=0.059920667268016627 -0.0066571970244864763 0.0038988165318870932 -0.025585417540378654 0.0013267975520067207 0.021746211433124333 -0.024882398673652974 0.0075994381064658743
leaf_weight=4.9504186511039734 51.530277848243713 46.884998843073845 53.986903727054596 236.75768874585629 88.244270339608192 41.153361685574055 4.967556416988371
leaf_count=21 214 192 224 1002 364 172 22
internal_value=3.72407e-06 -0.00779943 -0.0118812 0.00207349 0.0112748 -0.00255429 0.0337148
internal_weight=528.475 110.79 100.872 417.686 139.775 277.911 9.91798
internal_count=2211 459 416 1752 578 1174 43
is_linear=0
shrinkage=0.04


Tree=78
num_leaves=5
num_cat=0
split_feature=14 43 97 31
split_gain=5.34833 5.82415 8.70919 8.10334
threshold=-1.9267299698962315 0.67428959677612366 -1.2406413838668573 -1.0602089437197137
decision_type=2 2 2 2
left_child=-1 2 -2 -3
right_child=1 3 -4 -5
leaf_value=0.033191290615270666 -0.027305723935335827 0.014479898590006623 0.0028633088788421043 -0.013823576720988941
leaf_weight=7.6567780226469031 15.926668047904966 19.763222858309746 395.40648946166039 89.383513256907463
leaf_count=36 67 81 1651 376
internal_value=3.76733e-06 -0.000484454 0.00169518 -0.00869866
internal_weight=528.137 520.48 411.333 109.147
internal_count=2211 2175 1718 457
is_linear=0
shrinkage=0.04


Tree=79
num_leaves=6
num_cat=0
split_feature=105 33 36 118 40
split_gain=5.14922 8.99658 7.53077 6.2931 5.91816
threshold=-0.91084708534036174 0.75794181812766992 0.54304844416499354 -1.2902153559867238 1.6337557918349659
decision_type=2 2 2 2 2
left_child=1 2 -1 -2 -5
right_child=3 -3 -4 4 -6
leaf_value=-0.012242449407992106 0.059375753641509425 0.042739088020772337 -0.065264468673790016 0.00028958334018999742 0.035074430332759858
leaf_weight=37.120135128498077 2.95959149301052 4.2453822940587989 4.8454019278287879 470.77309845387936 7.9580523818731299
leaf_count=164 12 20 20 1962 33
internal_value=3.69384e-06 -0.0127509 -0.0183644 0.0012273 0.000867819
internal_weight=527.902 46.2109 41.9655 481.691 478.731
internal_count=2211 204 184 2007 1995
is_linear=0
shrinkage=0.04


end of trees

feature_importances:
Column_74=19
Column_105=18
Column_44=16
Column_14=15
Column_43=15
Column_79=15
Column_64=14
Column_81=14
Column_26=13
Column_41=13
Column_25=12
Column_63=12
Column_99=12
Column_104=12
Column_53=11
Column_46=10
Column_68=10
Column_78=10
Column_91=10
Column_13=9
Column_16=8
Column_24=8
Column_37=8
Column_5=7
Column_35=7
Column_94=7
Column_97=7
Column_100=7
Column_102=7
Column_8=5
Column_28=5
Column_36=5
Column_40=5
Column_73=5
Column_80=5
Column_86=5
Column_87=5
Column_106=5
Column_112=5
Column_47=4
Column_117=4
Column_32=3
Column_39=3
Column_56=3
Column_59=3
Column_4=2
Column_6=2
Column_9=2
Column_11=2
Column_20=2
Column_33=2
Column_38=2
Column_45=2
Column_51=2
Column_57=2
Column_61=2
Column_65=2
Column_83=2
Column_93=2
Column_103=2
Column_118=2
Column_0=1
Column_2=1
Column_3=1
Column_7=1
Column_10=1
Column_15=1
Column_31=1
Column_42=1
Column_58=1
Column_62=1
Column_70=1
Column_71=1
Column_72=1
Column_75=1
Column_82=1
Column_88=1
Column_92=1
Column_96=1
Column_108=1
Column_110=1
Column_116=1

parameters:
[boosting: gbdt]
[objective: binary]
[metric: binary_logloss]
[tree_learner: serial]
[device_type: cpu]
[data_sample_strategy: bagging]
[data: ]
[valid: ]
[num_iterations: 80]
[learning_rate: 0.04]
[num_leaves: 15]
[num_threads: 2]
[seed: 42]
[deterministic: 0]
[force_col_wise: 0]
[force_row_wise: 0]
[histogram_pool_size: -1]
[max_depth: 3]
[min_data_in_leaf: 20]
[min_sum_hessian_in_leaf: 0.001]
[bagging_fraction: 1]
[pos_bagging_fraction: 1]
[neg_bagging_fraction: 1]
[bagging_freq: 0]
[bagging_seed: 400]
[bagging_by_query: 0]
[feature_fraction: 1]
[feature_fraction_bynode: 1]
[feature_fraction_seed: 30056]
[extra_trees: 0]
[extra_seed: 12879]
[early_stopping_round: 0]
[early_stopping_min_delta: 0]
[first_metric_only: 0]
[max_delta_step: 0]
[lambda_l1: 0]
[lambda_l2: 0]
[linear_lambda: 0]
[min_gain_to_split: 0]
[drop_rate: 0.1]
[max_drop: 50]
[skip_drop: 0.5]
[xgboost_dart_mode: 0]
[uniform_drop: 0]
[drop_seed: 17869]
[top_rate: 0.2]
[other_rate: 0.1]
[min_data_per_group: 100]
[max_cat_threshold: 32]
[cat_l2: 10]
[cat_smooth: 10]
[max_cat_to_onehot: 4]
[top_k: 20]
[monotone_constraints: ]
[monotone_constraints_method: basic]
[monotone_penalty: 0]
[feature_contri: ]
[forcedsplits_filename: ]
[refit_decay_rate: 0.9]
[cegb_tradeoff: 1]
[cegb_penalty_split: 0]
[cegb_penalty_feature_lazy: ]
[cegb_penalty_feature_coupled: ]
[path_smooth: 0]
[interaction_constraints: ]
[verbosity: -1]
[saved_feature_importance_type: 0]
[use_quantized_grad: 0]
[num_grad_quant_bins: 4]
[quant_train_renew_leaf: 0]
[stochastic_rounding: 1]
[linear_tree: 0]
[max_bin: 255]
[max_bin_by_feature: ]
[min_data_in_bin: 3]
[bin_construct_sample_cnt: 200000]
[data_random_seed: 175]
[is_enable_sparse: 1]
[enable_bundle: 1]
[use_missing: 1]
[zero_as_missing: 0]
[feature_pre_filter: 1]
[pre_partition: 0]
[two_round: 0]
[header: 0]
[label_column: ]
[weight_column: ]
[group_column: ]
[ignore_column: ]
[categorical_feature: ]
[forcedbins_filename: ]
[precise_float_parser: 0]
[parser_config_file: ]
[objective_seed: 16083]
[num_class: 1]
[is_unbalance: 0]
[scale_pos_weight: 1]
[sigmoid: 1]
[boost_from_average: 1]
[reg_sqrt: 0]
[alpha: 0.9]
[fair_c: 1]
[poisson_max_delta_step: 0.7]
[tweedie_variance_power: 1.5]
[lambdarank_truncation_level: 30]
[lambdarank_norm: 1]
[label_gain: ]
[lambdarank_position_bias_regularization: 0]
[eval_at: ]
[multi_error_top_k: 1]
[auc_mu_weights: ]
[num_machines: 1]
[local_listen_port: 12400]
[time_out: 120]
[machine_list_filename: ]
[machines: ]
[gpu_platform_id: -1]
[gpu_device_id: -1]
[gpu_device_id_list: ]
[gpu_use_dp: 0]
[num_gpu: 1]

end of parameters

pandas_categorical:null
