tree
version=v4
num_class=1
num_tree_per_iteration=1
label_index=0
max_feature_idx=118
objective=regression
feature_names=Column_0 Column_1 Column_2 Column_3 Column_4 Column_5 Column_6 Column_7 Column_8 Column_9 Column_10 Column_11 Column_12 Column_13 Column_14 Column_15 Column_16 Column_17 Column_18 Column_19 Column_20 Column_21 Column_22 Column_23 Column_24 Column_25 Column_26 Column_27 Column_28 Column_29 Column_30 Column_31 Column_32 Column_33 Column_34 Column_35 Column_36 Column_37 Column_38 Column_39 Column_40 Column_41 Column_42 Column_43 Column_44 Column_45 Column_46 Column_47 Column_48 Column_49 Column_50 Column_51 Column_52 Column_53 Column_54 Column_55 Column_56 Column_57 Column_58 Column_59 Column_60 Column_61 Column_62 Column_63 Column_64 Column_65 Column_66 Column_67 Column_68 Column_69 Column_70 Column_71 Column_72 Column_73 Column_74 Column_75 Column_76 Column_77 Column_78 Column_79 Column_80 Column_81 Column_82 Column_83 Column_84 Column_85 Column_86 Column_87 Column_88 Column_89 Column_90 Column_91 Column_92 Column_93 Column_94 Column_95 Column_96 Column_97 Column_98 Column_99 Column_100 Column_101 Column_102 Column_103 Column_104 Column_105 Column_106 Column_107 Column_108 Column_109 Column_110 Column_111 Column_112 Column_113 Column_114 Column_115 Column_116 Column_117 Column_118
feature_infos=[-6.1494263252328025:6.6061960993655529] [-5.6522784346433577:5.4832838684511591] [-4.8559241605259214:4.1477959605288151] [-4.33888282187307:3.824279883304142] [-3.6414431646999081:2.1625018577196875] [-2.584660181685583:2.3755294842494035] [-4.2285280778511627:3.9729044606645747] [-1.3381510876261198:6.4766165432213398] [-1.6783332715664483:1.6290114926236889] [-3.5975055655820118:2.2047623296026582] [-1.4896162687556538:5.2197471217980853] [-2.4465927334399118:2.1345520030130363] [-2.5447284368719827:2.4509230795873793] [-1.4552411016693578:3.9207061093180591] [-2.8232168863287725:2.6238444139443988] [-1.578419311864117:1.6219208859723271] [-1.7641344462963811:1.7858000541608721] [-0.9555316294552727:0.77153972766360324] [-1.0014586054677583:0.78312327608897747] [-0.95553162945527259:0.77153972766360335] [-2.236022825448658:1.6628352523810395] [-4.0101948763906297:4.1136839338227524] [-3.2941972767850598:2.3034162605961641] [-2.330090478874141:2.610391676138732] [-2.1497203954504807:1.5849148362405623] [-2.1580666772069192:1.5776500705641745] [-3.3740672975345571:2.0325201033051816] [-1.78685205411133:1.4187506318541363] [-1.1740389847534209:3.6353595895542314] [-3.7029372328752115:4.2663329863372192] [-3.6928841446672904:4.4999448642381603] [-3.0645141778222365:3.2695631752433072] [-3.1876180100898388:3.4367669681823227] [-1.9650602119963321:2.0854736061815387] [-2.2048070207626553:2.2377199059736479] [-1.7870279372344176:1.7595132022350959] [-1.8118353004790653:1.8481789149766474] [-1.5818531459409828:3.8317327797649186] [-1.4717876624517972:4.9894452178114053] [-1.4482381781921132:3.8021014741433574] [-1.1766149869204305:3.1686055099290296] [-1.6677591782064429:1.4478383247540301] [-1.97860756207653:1.7379185936070511] [-1.8738137062410385:14.029786202998315] [-181.8676745335967:162.37016701151938] [-397.40505650234456:131.2649119205891] [-325.94020498646915:76.491907701529883] [-1.3726837840162185:2.8311544749495972] [-1.9442321499051451:1.9988497826964602] [-1.1939428390087008:9.0184297688006829] [-4.8797530978009371:4.443622956831601] [-8.9976670568740182:6.6833137351881202] [-1:1] [-0.83333333333333337:1] [0:1] [0:1] [-6.4047156225222386:3.3341970520779416] [-2.9921316023223743:2.2722183253291721] [-2.3188574790080199:2.1983317192307692] [-1.0641717865348141:3.109165003299446] [-2.2569775924697169:1.8436964290932365] [-2.6611769355386707:0.55844612798166771] [-4.5411529035394462:3.6757536127437742] [-3.2753891089851783:2.4642842810957788] [-2.9496960929589218:2.0704061731140517] [-3.0492585173359399:3.997020471703594] [-3.4013406933631081:2.2570305485626045] [-2.2920747121329543:1.5799927445346897] [-0.9478825388445028:2.1446192663460937] [-2.0436656999992779:1.2371074081227864] [-1.3740090300471668:0.35241732705539019] [-4.525540226857852:7.1421988438634587] [-4.1951379978685965:5.854363850293332] [-2.4360070041401345:4.2308794416620072] [-1.2789996049275307:4.8332299486974764] [-1.1995200493852389:7.9639652798064224] [-1.0859219244900009:2.3006975765388638] [-6.5367895696088674:6.7073473359072455] [-4.5902263932938059:3.5532217461542404] [-3.3362295653270166:3.669601970798464] [-1.2103947788856002:3.5448267214798435] [-1.7492582356046078:4.326002286467336] [-0.7841322370702436:2.0005146080155143] [-11.32703163466349:11.105335188711166] [-5.9612414146408881:5.2190346539849655] [-3.6529578367215239:4.0245515238104321] [-0.99303799465963494:3.0489392696515356] [-2.187787418289969:4.264994612816337] [-1.3394030597733593:0.73043373982817406] [-3.9510544801765133:2.9642181446572184] [-3.4899660730333029:3.060403858141302] [-2.5314097556064912:1.7177773326879078] [-1.2686046620856066:3.0527887643434344] [-1.9996997211690439:1.8290971815506269] [-1.4050804549025588:0.47400153606163398] [-5.2567068122514806:2.6350421120750878] [-3.9889467347548617:3.4026258704799917] [-1.8241257739893431:2.7355288883320719] [-1.4530535419961319:4.1432370169171557] [-1.6517628774159003:4.387061124633802] [-1.4710938262346245:1.1929356080011335] [-4.2531948684837353:2.4368701735741731] [-3.7612608519904582:3.4923494232901628] [-1.8974280614639452:2.5965043880301386] [-1.4643086829627063:3.9475622535160353] [-1.4986959863574343:3.8064190164794147] [-1.4486101005755379:1.1374218824344038] [-3.4200107359923004:3.7181960458765135] [-2.2298902782856893:2.6792187739290445] [-1.972366955776762:2.0491065850626997] [-1.4679832832005844:2.0686730800067834] [-1.4524841859704558:1.8967311786050898] [-2.1675284767264524:0.57906891098412872] [-3.0803370434432149:3.271570682463576] [-2.7824577473515886:3.58808894075865] [-1.6675850293785217:2.3805251008513824] [-0.86439570251993936:2.919768428348954] [-1.4130858841661282:2.285489754159626] [-1.3943396325113102:0.9957277852179961]
tree_sizes=785 878 789 873 703 790 786 785 781 786 699 785 799 881 784 794 787 785 799 787 870 794 614 879 890 885 612 889 793 796 609 788 886 883 889 879 790 788 794 881 790 613 788 897 891 794 796 790 789 787 880 794 798 620 886 707 881 787 790 783 884 884 886 893 802 796 795 618 789 787 611 797 788 887 621 711 792 886 884 613

Tree=0
num_leaves=7
num_cat=0
split_feature=36 53 61 13 34 98
split_gain=0.0475942 0.0546315 0.0370723 0.0355916 0.0335513 0.0281763
threshold=0.85523243794686887 -0.74999999999999989 -2.0916203973718548 0.19006487006427261 -0.86334904711764826 0.17430889096385879
decision_type=2 2 2 2 2 2
left_child=2 -2 4 -4 -1 -3
right_child=1 5 3 -5 -6 -7
leaf_value=-0.001540016031069188 -0.00052358999204772595 -0.0023709770450708284 -0.0018263222241150039 -0.0014629189276454504 -0.0034268029920707776 -0.0038281779381246616
leaf_weight=25 24 184 1161 686 38 24
leaf_count=25 24 184 1161 686 38 24
internal_value=-0.00178961 -0.00233061 -0.0017239 -0.00169135 -0.00267808 -0.00253912
internal_weight=2142 232 1910 1847 63 208
internal_count=2142 232 1910 1847 63 208
is_linear=0
shrinkage=1


Tree=1
num_leaves=8
num_cat=0
split_feature=31 28 60 61 28 43 82
split_gain=0.0459291 0.0363466 0.0556807 0.0427548 0.0193384 0.0129829 0.00940288
threshold=1.0919255782999822 -0.33458272584160204 0.85494201888427823 -2.0916203973718548 1.241159481913892 -0.13921851367909968 -0.2646695605323886
decision_type=2 2 2 2 2 2 2
left_child=1 2 -1 -3 6 -6 -2
right_child=4 3 -4 -5 5 -7 -8
leaf_value=-0.00012013528048642632 -0.0011417823759395452 -0.0008529297132340688 -0.0019432757451431826 0.00021413165192352553 -0.00074332755431532867 -0.0021846016589552163 -0.00017175352520573496
leaf_weight=627 21 63 28 1296 20 20 67
leaf_count=627 21 63 28 1296 20 20 67
internal_value=3.21252e-12 4.66949e-05 -0.000198071 0.000164665 -0.000734715 -0.00146396 -0.000403238
internal_weight=2142 2014 655 1359 128 40 88
internal_count=2142 2014 655 1359 128 40 88
is_linear=0
shrinkage=0.04


Tree=2
num_leaves=7
num_cat=0
split_feature=36 53 36 61 98 67
split_gain=0.0428712 0.0497294 0.0342709 0.0632121 0.0259973 0.00632765
threshold=0.85523243794686887 -0.74999999999999989 -1.2618036564801052 -1.9686933321454581 0.17430889096385879 -0.66526476536730694
decision_type=2 2 2 2 2 2
left_child=2 -2 5 -4 -3 -1
right_child=1 4 3 -5 -6 -7
leaf_value=0.0010555643558532732 0.0012105863151373342 -0.00055088125116289238 -0.0013498705389121404 6.5117681448734253e-05 -0.0019506009586621076 0.00033787157322312224
leaf_weight=61 24 184 52 1768 24 29
leaf_count=61 24 184 52 1768 24 29
internal_value=-3.5248e-12 -0.000513459 6.23678e-05 2.46894e-05 -0.000712387 0.000824308
internal_weight=2142 232 1910 1820 208 90
internal_count=2142 232 1910 1820 208 90
is_linear=0
shrinkage=0.04


Tree=3
num_leaves=8
num_cat=0
split_feature=31 110 61 13 28 43 82
split_gain=0.0411335 0.0336096 0.0349656 0.0308936 0.0177042 0.0118742 0.00847515
threshold=1.0919255782999822 0.32274263965914946 -2.0916203973718548 1.5880960582759522 1.241159481913892 -0.13921851367909968 -0.2646695605323886
decision_type=2 2 2 2 2 2 2
left_child=1 2 -1 -3 6 -6 -2
right_child=4 3 -4 -5 5 -7 -8
leaf_value=-0.0011387046574721656 -0.00107930355139875 0.00017772661153924097 -3.8282726170121339e-05 0.0010787621449067522 -0.00070387918688356876 -0.0020822388967499136 -0.00015837077012306443
leaf_weight=48 21 667 1232 67 20 20 67
leaf_count=48 21 667 1232 67 20 20 67
internal_value=-3.00892e-12 4.419e-05 -7.95485e-05 0.000259974 -0.000695301 -0.00139306 -0.000378139
internal_weight=2142 2014 1280 734 128 40 88
internal_count=2142 2014 1280 734 128 40 88
is_linear=0
shrinkage=0.04


Tree=4
num_leaves=6
num_cat=0
split_feature=36 53 38 110 98
split_gain=0.0382742 0.0455211 0.0327445 0.0350889 0.0239562
threshold=0.85523243794686887 -0.74999999999999989 3.4217552578601715 0.18808780656526927 0.17430889096385879
decision_type=2 2 2 2 2
left_child=2 -2 3 -1 -3
right_child=1 4 -4 -5 -6
leaf_value=-7.3873051321144914e-05 0.0011643348792858888 -0.00052043880170537669 -0.0014092445520994565 0.00027411876081839766 -0.0018640883864524463
leaf_weight=1065 24 184 24 821 24
leaf_count=1065 24 184 24 821 24
internal_value=4.68661e-12 -0.00048515 5.89292e-05 7.76122e-05 -0.000675475
internal_weight=2142 232 1910 1886 208
internal_count=2142 232 1910 1886 208
is_linear=0
shrinkage=0.04


Tree=5
num_leaves=7
num_cat=0
split_feature=31 28 60 61 28 2
split_gain=0.0367366 0.0328073 0.051408 0.0345627 0.0162666 0.00808555
threshold=1.0919255782999822 -0.33458272584160204 0.85494201888427823 -2.0916203973718548 1.4860541881085936 1.6807194014399582
decision_type=2 2 2 2 2 2
left_child=1 2 -1 -3 5 -2
right_child=4 3 -4 -5 -6 -7
leaf_value=-0.00011589628893753135 -0.00065658569234279052 -0.00076108644827313358 -0.0018676917843653688 0.00019831653889450479 -0.0015292213657112034 0.00012663753656670451
leaf_weight=627 71 63 28 1296 27 30
leaf_count=627 71 63 28 1296 27 30
internal_value=4.71824e-12 4.17614e-05 -0.000190782 0.000153841 -0.000657089 -0.000423945
internal_weight=2142 2014 655 1359 128 101
internal_count=2142 2014 655 1359 128 101
is_linear=0
shrinkage=0.04


Tree=6
num_leaves=7
num_cat=0
split_feature=36 61 36 10 67 18
split_gain=0.0361835 0.0485207 0.034522 0.0123085 0.00590828 0.00237121
threshold=-1.2618036564801052 -1.9686933321454581 0.85523243794686887 0.5954950032323344 -0.66526476536730694 -0.61453709946914503
decision_type=2 2 2 2 2 2
left_child=4 3 -3 -2 5 -1
right_child=1 2 -4 -5 -6 -7
leaf_value=0.0011957765910296867 -0.00057599566263282517 5.7133077034429681e-05 -0.00046183147251903047 -0.0018104644199567182 0.00031496552702296401 0.00067641963462599308
leaf_weight=39 24 1768 232 28 29 22
leaf_count=39 24 1768 232 28 29 22
internal_value=-8.37499e-13 -3.44301e-05 -3.06681e-06 -0.00124071 0.000785006 0.00100847
internal_weight=2142 2052 2000 52 90 61
internal_count=2142 2052 2000 52 90 61
is_linear=0
shrinkage=0.04


Tree=7
num_leaves=7
num_cat=0
split_feature=36 61 31 25 67 18
split_gain=0.0333467 0.0447166 0.0328301 0.0118841 0.00544507 0.0021853
threshold=-1.2618036564801052 -1.9686933321454581 1.0919255782999822 -0.45164126998122983 -0.66526476536730694 -0.61453709946914503
decision_type=2 2 2 2 2 2
left_child=4 3 -3 -2 5 -1
right_child=1 2 -4 -5 -6 -7
leaf_value=0.0011479455325752498 -0.0018700914052517518 3.9433134555460205e-05 -0.00062271179517210836 -0.00065255586977181 0.00030236690220872649 0.00064936285023577513
leaf_weight=39 23 1872 128 29 29 22
leaf_count=39 23 1872 128 29 29 22
internal_value=-2.70715e-12 -3.30529e-05 -2.94414e-06 -0.00119108 0.000753606 0.000968129
internal_weight=2142 2052 2000 52 90 61
internal_count=2142 2052 2000 52 90 61
is_linear=0
shrinkage=0.04


Tree=8
num_leaves=7
num_cat=0
split_feature=36 53 38 13 10 40
split_gain=0.0313239 0.0357622 0.0298584 0.028513 0.0182576 0.0147117
threshold=0.98475664839768784 -0.58333333333333315 3.4217552578601715 2.2303578773408641 0.20569014026777907 0.47761969310468794
decision_type=2 2 2 2 2 2
left_child=2 5 3 -1 -3 -2
right_child=1 4 -4 -5 -6 -7
leaf_value=4.0587286154968152e-05 0.0010819302485121983 -0.0014115638296135656 -0.0013564668976080916 0.0011067499159040249 -0.00041217303507688362 -0.0002131683243593822
leaf_weight=1901 23 59 24 41 58 36
leaf_count=1901 23 59 24 41 58 36
internal_value=2.82318e-12 -0.000511238 4.5767e-05 6.30964e-05 -0.000916139 0.000291701
internal_weight=2142 176 1966 1942 117 59
internal_count=2142 176 1966 1942 117 59
is_linear=0
shrinkage=0.04


Tree=9
num_leaves=7
num_cat=0
split_feature=36 61 31 10 67 101
split_gain=0.0303264 0.0414688 0.0297464 0.0111419 0.00497888 0.00216513
threshold=-1.2618036564801052 -1.9686933321454581 1.0919255782999822 0.5954950032323344 -0.66526476536730694 -0.58860046109946362
decision_type=2 2 2 2 2 2
left_child=4 3 -3 -2 5 -1
right_child=1 2 -4 -5 -6 -7
leaf_value=0.00061748988460749385 -0.00051427249932506434 3.7812160997993925e-05 -0.00059246861834253654 -0.0016887838506538953 0.00028717816820199792 0.0011092021137377934
leaf_weight=23 24 1872 128 28 29 38
leaf_count=23 24 1872 128 28 29 38
internal_value=4.19428e-12 -3.15205e-05 -2.52581e-06 -0.0011467 0.000718668 0.000923802
internal_weight=2142 2052 2000 52 90 61
internal_count=2142 2052 2000 52 90 61
is_linear=0
shrinkage=0.04


Tree=10
num_leaves=6
num_cat=0
split_feature=36 53 38 79 98
split_gain=0.0283103 0.0387305 0.0278101 0.0322856 0.0217584
threshold=0.85523243794686887 -0.74999999999999989 3.4217552578601715 -1.6726635494377493 0.17430889096385879
decision_type=2 2 2 2 2
left_child=2 -2 3 -1 -3
right_child=1 4 -4 -5 -6
leaf_value=0.0011264558835989899 0.0011042397050672055 -0.0004450517375295496 -0.0013023549750990546 4.2024868308899889e-05 -0.0017255837276267509
leaf_weight=45 24 184 24 1841 24
leaf_count=45 24 184 24 1841 24
internal_value=7.79363e-13 -0.000417249 5.06816e-05 6.78994e-05 -0.000592805
internal_weight=2142 232 1910 1886 208
internal_count=2142 232 1910 1886 208
is_linear=0
shrinkage=0.04


Tree=11
num_leaves=7
num_cat=0
split_feature=36 61 38 14 67 27
split_gain=0.0278611 0.0383412 0.0270625 0.0110881 0.00460178 0.00209301
threshold=-1.2618036564801052 -1.9686933321454581 3.0194147809044662 0.18047446430008793 -0.66526476536730694 -0.71392313279804875
decision_type=2 2 2 2 2 2
left_child=4 3 -3 -2 5 -1
right_child=1 2 -4 -5 -6 -7
leaf_value=0.0011242283564060927 -0.0016645648644340258 1.5515469525755728e-05 -0.0012153662803807649 -0.00049550037104636427 0.00027401003886239029 0.00065555657650674551
leaf_weight=30 27 1971 29 25 29 31
leaf_count=30 27 1971 29 25 29 31
internal_value=1.57761e-12 -3.02122e-05 -2.33232e-06 -0.00110251 0.000688838 0.000886051
internal_weight=2142 2052 2000 52 90 61
internal_count=2142 2052 2000 52 90 61
is_linear=0
shrinkage=0.04


Tree=12
num_leaves=7
num_cat=0
split_feature=34 110 10 53 63 40
split_gain=0.0267748 0.0302189 0.035661 0.0251724 0.0238132 0.0156111
threshold=0.95488269954023897 0.32274263965914946 -0.20858229447011431 -0.74999999999999989 -0.71162276740370689 0.70956045978320137
decision_type=2 2 2 2 2 2
left_child=1 2 -1 -2 -3 -5
right_child=3 4 -4 5 -6 -7
leaf_value=-0.00031189257739866683 0.00084825470493259754 -9.3886157800769876e-05 0.00012008697669255802 -0.00036644506762546585 0.00041315514407436074 -0.0012039221012188743
leaf_weight=551 22 214 687 138 482 48
leaf_count=551 22 214 687 138 482 48
internal_value=3.657e-12 4.63785e-05 -7.21753e-05 -0.000431231 0.000257255 -0.000582568
internal_weight=2142 1934 1238 208 696 186
internal_count=2142 1934 1238 208 696 186
is_linear=0
shrinkage=0.04


Tree=13
num_leaves=8
num_cat=0
split_feature=36 53 74 42 25 10 40
split_gain=0.0254449 0.030595 0.0238802 0.0449837 0.0347982 0.0165355 0.0119183
threshold=0.98475664839768784 -0.58333333333333315 -0.84454095300052467 -0.022712507240634866 1.1038204213742391 0.20569014026777907 0.47761969310468794
decision_type=2 2 2 2 2 2 2
left_child=2 6 3 -1 -4 -3 -2
right_child=1 5 4 -5 -6 -7 -8
leaf_value=0.0022094700502401049 0.00099315622538004235 -0.0013067614533583303 -2.0947671228655026e-05 0.00023248329876089652 0.0012525419506377409 -0.00035567127336780062 -0.00017251777404453606
leaf_weight=22 23 59 1796 113 35 58 36
leaf_count=22 23 59 1796 113 35 58 36
internal_value=-7.81707e-13 -0.000460772 4.12492e-05 0.000554659 3.39539e-06 -0.000835281 0.000281898
internal_weight=2142 176 1966 135 1831 117 59
internal_count=2142 176 1966 135 1831 117 59
is_linear=0
shrinkage=0.04


Tree=14
num_leaves=7
num_cat=0
split_feature=36 61 38 10 67 101
split_gain=0.0251216 0.0355247 0.0249609 0.0103358 0.00420775 0.0019899
threshold=-1.2618036564801052 -1.9686933321454581 3.0194147809044662 0.5954950032323344 -0.66526476536730694 -0.62042635627613418
decision_type=2 2 2 2 2 2
left_child=4 3 -3 -2 5 -1
right_child=1 2 -4 -5 -6 -7
leaf_value=0.00051557062135543675 -0.00045173409705360736 1.5288717789054631e-05 -0.0011668339312269256 -0.0015829580070151547 0.00025742507553739669 0.0010022396640852094
leaf_weight=20 24 1971 29 28 29 41
leaf_count=20 24 1971 29 28 29 41
internal_value=9.69245e-13 -2.86884e-05 -1.85206e-06 -0.00106085 0.000654095 0.000842676
internal_weight=2142 2052 2000 52 90 61
internal_count=2142 2052 2000 52 90 61
is_linear=0
shrinkage=0.04


Tree=15
num_leaves=7
num_cat=0
split_feature=31 28 60 80 79 26
split_gain=0.0248405 0.0284272 0.047832 0.0259527 0.0135812 0.00659954
threshold=1.0919255782999822 -0.33458272584160204 0.85494201888427823 -0.17460312354364996 -1.3425402349019779 0.74869178210328291
decision_type=2 2 2 2 2 2
left_child=1 2 -1 -3 -2 -6
right_child=4 3 -4 -5 5 -7
leaf_value=-0.00010988946290409336 -0.0013564135148548162 -0.00010853472234868914 -0.0017996569792740047 0.00026227251478357723 0.00029959947258854908 -0.00049612859733270498
leaf_weight=627 26 453 28 906 21 81
leaf_count=627 26 453 28 906 21 81
internal_value=7.76663e-13 3.43404e-05 -0.000182124 0.00013867 -0.000540325 -0.000332302
internal_weight=2142 2014 655 1359 128 102
internal_count=2142 2014 655 1359 128 102
is_linear=0
shrinkage=0.04


Tree=16
num_leaves=7
num_cat=0
split_feature=36 79 34 110 10 41
split_gain=0.0234779 0.0302631 0.0262813 0.023216 0.0190265 0.0140006
threshold=1.0647051097702194 -0.37434238183172613 1.414389508931029 0.18808780656526927 0.036436246323890469 0.61149603663455998
decision_type=2 2 2 2 2 2
left_child=2 4 3 -1 -2 -3
right_child=1 5 -4 -5 -6 -7
leaf_value=-7.0230984643783985e-05 -0.0022266311571002007 0.00037893543722860234 -0.0013087759830523282 0.00020608327416390609 -0.00066310599333409108 -0.000623647731217949
leaf_weight=1107 20 52 23 868 33 39
leaf_count=1107 20 52 23 868 33 39
internal_value=-2.49311e-12 -0.000493283 3.55519e-05 5.12074e-05 -0.00125312 -5.07431e-05
internal_weight=2142 144 1998 1975 53 91
internal_count=2142 144 1998 1975 53 91
is_linear=0
shrinkage=0.04


Tree=17
num_leaves=7
num_cat=0
split_feature=36 61 38 33 67 27
split_gain=0.0222841 0.033064 0.0231975 0.00994762 0.00374844 0.00197227
threshold=-1.2618036564801052 -1.9686933321454581 3.0194147809044662 -0.31888716963402547 -0.66526476536730694 -0.71392313279804875
decision_type=2 2 2 2 2 2
left_child=4 3 -3 -2 5 -1
right_child=1 2 -4 -5 -6 -7
leaf_value=0.0010252453268719062 -0.0014781487105609548 1.5394747595920925e-05 -0.0011242066492358673 -0.00035061150650671197 0.00024165410124937651 0.00057029242998161804
leaf_weight=30 31 1971 29 21 29 31
leaf_count=30 31 1971 29 21 29 31
internal_value=-1.35784e-12 -2.70197e-05 -1.12947e-06 -0.0010228 0.000616049 0.00079404
internal_weight=2142 2052 2000 52 90 61
internal_count=2142 2052 2000 52 90 61
is_linear=0
shrinkage=0.04


Tree=18
num_leaves=7
num_cat=0
split_feature=34 70 39 41 53 11
split_gain=0.022266 0.0295106 0.0327831 0.0224218 0.0206725 0.0140727
threshold=0.95488269954023897 0.32964837215749104 0.071355942347355761 -0.63772779865784479 -0.74999999999999989 -0.45455786154091599
decision_type=2 2 2 2 2 2
left_child=1 2 -1 -3 -2 -6
right_child=4 3 -4 -5 5 -7
leaf_value=-0.00017902106258950318 0.00076624828687107017 -0.00033151767622837996 0.00017457743786433014 0.00064079972938398079 0.00044487583894459978 -0.00065451947401831581
leaf_weight=916 22 47 774 197 21 165
leaf_count=916 22 47 774 197 21 165
internal_value=5.58775e-13 4.22936e-05 -1.70771e-05 0.000453509 -0.000393249 -0.000530394
internal_weight=2142 1934 1690 244 208 186
internal_count=2142 1934 1690 244 208 186
is_linear=0
shrinkage=0.04


Tree=19
num_leaves=7
num_cat=0
split_feature=5 28 60 61 47 96
split_gain=0.0209864 0.0237297 0.0549113 0.0213194 0.0175688 0.0184082
threshold=1.163295139818781 -0.35900461308037906 0.85494201888427823 -2.0916203973718548 0.94514476969153971 -0.010292801105315615
decision_type=2 2 2 2 2 2
left_child=1 2 -1 -3 -2 -6
right_child=4 3 -4 -5 5 -7
leaf_value=-0.00010508381199068263 -0.0013003862561391934 -0.00060394099036726863 -0.0020564104653506853 0.00014862878854758374 0.00045829166912881192 -0.001065827217840013
leaf_weight=598 35 63 24 1369 32 21
leaf_count=598 35 63 24 1369 32 21
internal_value=5.89295e-13 2.59156e-05 -0.000180376 0.00011552 -0.000604893 -0.000145604
internal_weight=2142 2054 622 1432 88 53
internal_count=2142 2054 622 1432 88 53
is_linear=0
shrinkage=0.04


Tree=20
num_leaves=8
num_cat=0
split_feature=36 79 34 25 10 41 41
split_gain=0.0206298 0.0279875 0.0222549 0.0261511 0.0172765 0.0123722 0.010624
threshold=1.0647051097702194 -0.37434238183172613 1.1476305146450347 1.1353109804348873 0.036436246323890469 0.61149603663455998 0.87517169020570063
decision_type=2 2 2 2 2 2 2
left_child=2 4 3 -1 -2 -3 -4
right_child=1 5 6 -5 -6 -7 -8
leaf_value=3.7089623759448671e-05 -0.0021207722779363397 0.00036709896477987058 -0.0011935909375348703 0.001172814717812633 -0.00063088172609268719 -0.00057537701792823969 -9.4399971615833554e-05
leaf_weight=1907 20 52 34 33 33 39 24
leaf_count=1907 20 52 34 33 33 39 24
internal_value=3.24542e-12 -0.000462397 3.33259e-05 5.64087e-05 -0.0011931 -3.68193e-05 -0.000738753
internal_weight=2142 144 1998 1940 53 91 58
internal_count=2142 144 1998 1940 53 91 58
is_linear=0
shrinkage=0.04


Tree=21
num_leaves=7
num_cat=0
split_feature=36 61 46 14 67 18
split_gain=0.0200571 0.0294756 0.0218599 0.00982969 0.00345222 0.00193327
threshold=-1.2618036564801052 -1.9686933321454581 1.0000000180025095e-35 0.18047446430008793 -0.66526476536730694 -0.61453709946914503
decision_type=2 2 2 2 2 2
left_child=4 3 -3 -2 5 -1
right_child=1 2 -4 -5 -6 -7
leaf_value=0.00092439853586256504 -0.0014950206107028794 0.00012804534171141513 -0.0001365081638380103 -0.00039429334308952097 0.00022515833690955208 0.00045544751048013992
leaf_weight=39 27 1023 977 25 29 22
leaf_count=39 27 1023 977 25 29 22
internal_value=-7.77588e-13 -2.5634e-05 -1.18905e-06 -0.000965825 0.000584455 0.000755269
internal_weight=2142 2052 2000 52 90 61
internal_count=2142 2052 2000 52 90 61
is_linear=0
shrinkage=0.04


Tree=22
num_leaves=5
num_cat=0
split_feature=38 13 46 47
split_gain=0.0191407 0.0271276 0.0207273 0.00870315
threshold=3.4217552578601715 2.2303578773408641 1.0000000180025095e-35 -0.48262081047074445
decision_type=2 2 2 2
left_child=1 2 -1 -3
right_child=-2 3 -4 -5
leaf_value=0.00011772160312641705 -0.0011232770432252437 0.0016118221303913743 -0.00013518612746850507 0.00048201588700370245
leaf_weight=1042 24 20 1032 24
leaf_count=1042 24 20 1032 24
internal_value=8.25742e-13 1.27284e-05 -8.12255e-06 0.000995564
internal_weight=2142 2118 2074 44
internal_count=2142 2118 2074 44
is_linear=0
shrinkage=0.04


Tree=23
num_leaves=8
num_cat=0
split_feature=36 79 70 28 36 10 46
split_gain=0.0190097 0.0257543 0.0225266 0.0246869 0.0233253 0.016072 0.0118738
threshold=1.0647051097702194 -0.37434238183172613 0.32964837215749104 0.90110237575512531 -1.2618036564801052 0.036436246323890469 0.70266730946938971
decision_type=2 2 2 2 2 2 2
left_child=2 5 4 -4 -1 -2 -3
right_child=1 6 3 -5 -6 -7 -8
leaf_value=0.00063856691391797876 -0.0020395625152159484 -0.00027812878161826186 0.00053297238654858019 -0.00060899695534525169 -5.2565994538190567e-05 -0.000602547197204055 0.00082526758179301402
leaf_weight=82 20 71 225 35 1656 33 20
leaf_count=82 20 71 225 35 1656 33 20
internal_value=-2.87055e-12 -0.000443869 3.19905e-05 0.000379246 -1.99579e-05 -0.00114482 -3.56241e-05
internal_weight=2142 144 1998 260 1738 53 91
internal_count=2142 144 1998 260 1738 53 91
is_linear=0
shrinkage=0.04


Tree=24
num_leaves=8
num_cat=0
split_feature=53 63 53 12 94 35 62
split_gain=0.018819 0.0244073 0.0397275 0.0300594 0.0189865 0.0248927 0.0103465
threshold=0.58333333333333337 -0.19256085336695222 0.25000000000000006 -0.22710997640329481 -0.11482320310051376 0.22113009139820139 0.40438698305316384
decision_type=2 2 2 2 2 2 2
left_child=1 3 -3 -1 6 -6 -2
right_child=4 2 -4 -5 5 -7 -8
leaf_value=5.2285205197615625e-05 0.00014963538364307687 0.00021862360810928931 -0.00034096293039231191 -0.00049246984359973579 0.0002384819681478697 0.0011906460638481618 -0.00040677275307183218
leaf_weight=289 175 718 283 369 172 59 77
leaf_count=289 175 718 283 369 172 59 77
internal_value=-1.05165e-13 -6.39733e-05 6.04188e-05 -0.000253208 0.000219734 0.000481675 -2.03782e-05
internal_weight=2142 1659 1001 658 483 231 252
internal_count=2142 1659 1001 658 483 231 252
is_linear=0
shrinkage=0.04


Tree=25
num_leaves=8
num_cat=0
split_feature=31 28 60 80 28 43 116
split_gain=0.0182294 0.0221483 0.0409726 0.0221268 0.0111103 0.00835584 0.00665853
threshold=1.0919255782999822 -0.33458272584160204 0.85494201888427823 -0.17460312354364996 1.241159481913892 -0.13921851367909968 -0.27706691088404872
decision_type=2 2 2 2 2 2 2
left_child=1 2 -1 -3 6 -6 -2
right_child=4 3 -4 -5 5 -7 -8
leaf_value=-9.4796213989522586e-05 0.00034071993648540232 -0.00010674951878036054 -0.0016587170828799053 0.00023563635754385111 -0.00043749435282370539 -0.0015937534151598811 -0.00043080555753909891
leaf_weight=627 25 453 28 906 20 20 63
leaf_count=627 25 453 28 906 20 20 63
internal_value=-1.69811e-12 2.94179e-05 -0.000161651 0.000121508 -0.000462873 -0.00101562 -0.000211622
internal_weight=2142 2014 655 1359 128 40 88
internal_count=2142 2014 655 1359 128 40 88
is_linear=0
shrinkage=0.04


Tree=26
num_leaves=5
num_cat=0
split_feature=38 13 46 47
split_gain=0.0176877 0.0245124 0.0194306 0.0079944
threshold=3.4217552578601715 2.2303578773408641 1.0000000180025095e-35 -0.48262081047074445
decision_type=2 2 2 2
left_child=1 2 -1 -3
right_child=-2 3 -4 -5
leaf_value=0.00011425941027400576 -0.0010798013621630769 0.0015371285475230252 -0.00013060939909647536 0.0004543024890638966
leaf_weight=1042 24 20 1032 24
leaf_count=1042 24 20 1032 24
internal_value=1.69656e-12 1.22357e-05 -7.58466e-06 0.000946496
internal_weight=2142 2118 2074 44
internal_count=2142 2118 2074 44
is_linear=0
shrinkage=0.04


Tree=27
num_leaves=8
num_cat=0
split_feature=53 64 63 14 94 35 14
split_gain=0.0174381 0.0227149 0.0431025 0.0249984 0.0173988 0.0228809 0.00988385
threshold=0.58333333333333337 0.0063239696914662641 0.3686717288351416 -0.28392802071397322 -0.11482320310051376 0.22113009139820139 0.64093680852565293
decision_type=2 2 2 2 2 2 2
left_child=1 3 -3 -1 6 -6 -2
right_child=4 2 -4 -5 5 -7 -8
leaf_value=4.1225014383120365e-05 0.00017325218558762113 0.00043186213231947795 -0.00016502740328117158 -0.000390883563720036 0.00022910968116944828 0.0011419859878576788 -0.00034588648288595865
leaf_weight=380 159 342 446 491 172 59 93
leaf_count=380 159 342 446 491 172 59 93
internal_value=-1.81434e-12 -6.15815e-05 9.40287e-05 -0.000202363 0.000211519 0.000462269 -1.83347e-05
internal_weight=2142 1659 788 871 483 231 252
internal_count=2142 1659 788 871 483 231 252
is_linear=0
shrinkage=0.04


Tree=28
num_leaves=7
num_cat=0
split_feature=4 28 60 61 79 115
split_gain=0.0171456 0.0191397 0.0477291 0.0155447 0.0126992 0.00734487
threshold=1.1487576788352569 -0.35900461308037906 0.87003859267248729 -2.0916203973718548 0.33111778778467355 -0.27190138527776564
decision_type=2 2 2 2 2 2
left_child=1 2 -1 -3 5 -2
right_child=4 3 -4 -5 -6 -7
leaf_value=-9.3398983065854811e-05 -0.00035137817837364437 -0.00051395224617613896 -0.0019903098986568776 0.00013368089428196199 0.00014372597913484976 -0.0012100531920362766
leaf_weight=601 28 62 22 1361 31 37
leaf_count=601 28 62 22 1361 31 37
internal_value=-2.26342e-13 2.45137e-05 -0.000160385 0.000105464 -0.000522448 -0.000840162
internal_weight=2142 2046 623 1423 96 65
internal_count=2142 2046 623 1423 96 65
is_linear=0
shrinkage=0.04


Tree=29
num_leaves=7
num_cat=0
split_feature=34 70 25 41 53 46
split_gain=0.0164152 0.0250911 0.0288313 0.0204218 0.0167361 0.0120336
threshold=0.95488269954023897 0.32964837215749104 1.1353109804348873 -0.63772779865784479 -0.74999999999999989 -0.3896809223603751
decision_type=2 2 2 2 2 2
left_child=1 2 -1 -3 -2 -6
right_child=4 3 -4 -5 5 -7
leaf_value=-3.651093530960881e-05 0.00070562755138697949 -0.0003337079609070528 0.0014912743978202341 0.00059423201677252346 -0.00010651380663711323 -0.00075302261318189697
leaf_weight=1670 22 47 20 197 84 102
leaf_count=1670 22 47 20 197 84 102
internal_value=-4.85828e-13 3.63142e-05 -1.84306e-05 0.000415489 -0.000337652 -0.000461051
internal_weight=2142 1934 1690 244 208 186
internal_count=2142 1934 1690 244 208 186
is_linear=0
shrinkage=0.04


Tree=30
num_leaves=5
num_cat=0
split_feature=38 10 34 36
split_gain=0.0164037 0.0228412 0.0280128 0.0197715
threshold=3.4217552578601715 1.9495896313539947 -0.36282078778856536 0.85523243794686887
decision_type=2 2 2 2
left_child=1 3 -3 -1
right_child=-2 2 -4 -5
leaf_value=2.8432618679576799e-05 -0.0010398697457276284 -0.00024194063036702573 0.0012859328219686481 -0.00037797616229152682
leaf_weight=1824 24 32 48 214
leaf_count=1824 24 32 48 214
internal_value=-4.0782e-13 1.17832e-05 0.000674783 -1.42423e-05
internal_weight=2142 2118 80 2038
internal_count=2142 2118 80 2038
is_linear=0
shrinkage=0.04


Tree=31
num_leaves=7
num_cat=0
split_feature=36 61 38 10 69 18
split_gain=0.0162178 0.0260533 0.018123 0.00923134 0.00312656 0.00238173
threshold=-1.2618036564801052 -1.9686933321454581 3.0194147809044662 0.5954950032323344 -0.52704434876849782 -0.61453709946914503
decision_type=2 2 2 2 2 2
left_child=4 3 -3 -2 5 -1
right_child=1 2 -4 -5 -6 -7
leaf_value=0.00086483074771240363 -0.00033131864853203297 1.4537143446102844e-05 -0.00099273588058763538 -0.0014003969113608556 0.00015565626367998239 0.00036079575445000954
leaf_weight=40 24 1971 29 28 26 24
leaf_count=40 24 1971 29 28 26 24
internal_value=-4.74636e-13 -2.30504e-05 -6.83154e-08 -0.000906976 0.000525549 0.000675818
internal_weight=2142 2052 2000 52 90 64
internal_count=2142 2052 2000 52 90 64
is_linear=0
shrinkage=0.04


Tree=32
num_leaves=8
num_cat=0
split_feature=62 110 80 103 63 116 45
split_gain=0.0158223 0.0208413 0.0200026 0.0186717 0.0203377 0.0203018 0.0149061
threshold=-0.2886817580636814 0.32274263965914946 0.42388795085619818 -0.24975760118080761 -0.71162276740370689 1.1401765598341902 1.5962712961280709
decision_type=2 2 2 2 2 2 2
left_child=1 2 -1 5 -5 -2 -3
right_child=3 6 -4 4 -6 -7 -8
leaf_value=-0.00014217225489178295 -0.00021094883188870685 0.00033991311189713588 0.0005031476538033061 -0.00030781857146281903 0.0001337758291388341 -0.0012845488997797173 0.0013672765448689461
leaf_weight=370 465 235 97 219 701 30 25
leaf_count=370 465 235 97 219 701 30 25
internal_value=-8.02597e-13 0.000151669 -8.13364e-06 -7.79244e-05 2.86572e-05 -0.000276016 0.000438698
internal_weight=2142 727 467 1415 920 495 260
internal_count=2142 727 467 1415 920 495 260
is_linear=0
shrinkage=0.04


Tree=33
num_leaves=8
num_cat=0
split_feature=37 28 60 28 14 25 44
split_gain=0.0157546 0.0261615 0.0485645 0.0210592 0.0104406 0.00580808 0.0038868
threshold=-1.0751141683707632 -0.37832506265458149 0.85494201888427823 0.72152962088123918 0.13222957123032655 -0.007620789956898146 -0.13575557521775508
decision_type=2 2 2 2 2 2 2
left_child=4 2 -2 -3 5 -1 -6
right_child=1 3 -4 -5 6 -7 -8
leaf_value=0.00055132994490365188 -0.00018908788204938264 0.00015143107527262957 -0.0021985197523608805 -0.00018443275210730089 -0.00035798874555621296 0.0014313359521329404 0.00043060991307720546
leaf_weight=30 509 1115 20 408 20 20 20
leaf_count=30 509 1115 20 408 20 20 20
internal_value=-9.38198e-14 -2.27188e-05 -0.000265059 6.14557e-05 0.000517989 0.000903332 3.63106e-05
internal_weight=2142 2052 529 1523 90 50 40
internal_count=2142 2052 529 1523 90 50 40
is_linear=0
shrinkage=0.04


Tree=34
num_leaves=8
num_cat=0
split_feature=53 63 53 12 94 35 14
split_gain=0.0151123 0.0199568 0.0351679 0.0253077 0.0154106 0.0207612 0.00889869
threshold=0.58333333333333337 -0.19256085336695222 0.25000000000000006 -0.22710997640329481 -0.11482320310051376 0.22113009139820139 0.64093680852565293
decision_type=2 2 2 2 2 2 2
left_child=1 3 -3 -1 6 -6 -2
right_child=4 2 -4 -5 5 -7 -8
leaf_value=5.1867162768896604e-05 0.00016237453221667076 0.0002040019707074003 -0.0003224933604052037 -0.0004479797018477385 0.00021080077111840839 0.0010803662171920069 -0.00033021276154848294
leaf_weight=289 159 718 283 369 172 59 93
leaf_count=289 159 718 283 369 172 59 93
internal_value=-1.27135e-12 -5.7328e-05 5.51526e-05 -0.000228442 0.000196909 0.000432898 -1.94136e-05
internal_weight=2142 1659 1001 658 483 231 252
internal_count=2142 1659 1001 658 483 231 252
is_linear=0
shrinkage=0.04


Tree=35
num_leaves=8
num_cat=0
split_feature=62 110 80 103 10 116 45
split_gain=0.0148523 0.0188363 0.0180406 0.0170154 0.0203291 0.0188763 0.013721
threshold=-0.2886817580636814 0.32274263965914946 0.42388795085619818 -0.24975760118080761 1.9495896313539947 1.1401765598341902 1.5962712961280709
decision_type=2 2 2 2 2 2 2
left_child=1 2 -1 5 -5 -2 -3
right_child=3 6 -4 4 -6 -7 -8
leaf_value=-0.0001322702920761249 -0.00020185833917952628 0.00032504359175986118 0.00048058408150478197 -1.8830214037316392e-05 0.00081057798468973485 -0.0012370816816886267 0.00131072287093848
leaf_weight=370 465 235 97 870 50 30 25
leaf_count=370 465 235 97 870 50 30 25
internal_value=-6.87344e-13 0.000146946 -4.97506e-06 -7.54982e-05 2.62463e-05 -0.000264599 0.00041982
internal_weight=2142 727 467 1415 920 495 260
internal_count=2142 727 467 1415 920 495 260
is_linear=0
shrinkage=0.04


Tree=36
num_leaves=7
num_cat=0
split_feature=4 28 60 80 79 94
split_gain=0.0147985 0.0154533 0.0415273 0.0141795 0.0110527 0.00829109
threshold=1.1487576788352569 -0.35900461308037906 0.87003859267248729 -0.17460312354364996 0.34045984125945811 0.2463569560013272
decision_type=2 2 2 2 2 2
left_child=1 2 -1 -3 5 -2
right_child=4 3 -4 -5 -6 -7
leaf_value=-8.0884249103032045e-05 -0.00047912356320328238 -8.2305832201003861e-05 -0.0018502681103365665 0.00018517248758969588 0.00015123158417797337 -0.0014546610722318293
leaf_weight=601 46 477 22 946 30 20
leaf_count=601 46 477 22 946 30 20
internal_value=6.23249e-13 2.27742e-05 -0.000143367 9.55118e-05 -0.000485375 -0.000774741
internal_weight=2142 2046 623 1423 96 66
internal_count=2142 2046 623 1423 96 66
is_linear=0
shrinkage=0.04


Tree=37
num_leaves=7
num_cat=0
split_feature=37 28 60 28 86 40
split_gain=0.014799 0.0230231 0.0455152 0.0193174 0.0127044 0.014977
threshold=-1.0617043391185363 -0.37832506265458149 0.84349257151477464 0.72152962088123918 -0.21543824653085281 -0.6589840091301773
decision_type=2 2 2 2 2 2
left_child=4 2 -2 -3 -1 -6
right_child=1 3 -4 -5 5 -7
leaf_value=0.0010517278927574425 -0.00017795264681182179 0.0001416598442562875 -0.0021238639371804311 -0.00018005378759827342 -0.00047668636791058815 0.00077837015132837248
leaf_weight=38 501 1114 20 408 32 29
leaf_count=38 501 1114 20 408 32 29
internal_value=-1.4448e-12 -2.31446e-05 -0.000252652 5.54186e-05 0.000477621 0.00011998
internal_weight=2142 2043 521 1522 99 61
internal_count=2142 2043 521 1522 99 61
is_linear=0
shrinkage=0.04


Tree=38
num_leaves=7
num_cat=0
split_feature=5 46 60 74 45 40
split_gain=0.0140587 0.0164091 0.0257821 0.0206269 0.0141356 0.0192068
threshold=1.163295139818781 1.0000000180025095e-35 0.72146892365623971 -0.68564594300711701 0.54627112283303847 0.65142085366459535
decision_type=2 2 2 2 2 2
left_child=1 3 -3 -1 5 -2
right_child=4 2 -4 -5 -6 -7
leaf_value=0.00059605666338811048 -0.00033161603617420623 -1.5812781635966594e-05 -0.00062203672959185499 6.5007973173043191e-05 0.00020981428314310812 -0.0018630360271781681
leaf_weight=135 38 912 128 879 30 20
leaf_count=135 38 912 128 879 30 20
internal_value=-7.87651e-13 2.12111e-05 -9.0425e-05 0.00013571 -0.000495088 -0.000859692
internal_weight=2142 2054 1040 1014 88 58
internal_count=2142 2054 1040 1014 88 58
is_linear=0
shrinkage=0.04


Tree=39
num_leaves=8
num_cat=0
split_feature=62 110 80 103 7 116 45
split_gain=0.0136603 0.0169033 0.0160777 0.0155776 0.0185298 0.0170552 0.0125749
threshold=-0.2886817580636814 0.32274263965914946 0.42388795085619818 -0.24975760118080761 0.22638395125761507 1.1401765598341902 1.5962712961280709
decision_type=2 2 2 2 2 2 2
left_child=1 2 -1 5 -5 -2 -3
right_child=3 6 -4 4 -6 -7 -8
leaf_value=-0.00012315966982104993 -0.00019370283089923643 0.00030868743873508448 0.00045539368187634218 -0.0001293880038341025 0.00023375067994297905 -0.0011777226962149142 0.001252303207892692
leaf_weight=370 465 235 97 529 391 30 25
leaf_count=370 465 235 97 529 391 30 25
internal_value=1.01921e-12 0.000140926 -2.98906e-06 -7.24051e-05 2.49459e-05 -0.00025334 0.00039942
internal_weight=2142 727 467 1415 920 495 260
internal_count=2142 727 467 1415 920 495 260
is_linear=0
shrinkage=0.04


Tree=40
num_leaves=7
num_cat=0
split_feature=37 28 60 31 31 36
split_gain=0.013725 0.0200804 0.0379322 0.0173496 0.0101059 0.00570906
threshold=-1.0751141683707632 -0.37832506265458149 0.85494201888427823 1.0919255782999822 0.40195813142393994 -0.076350844077932037
decision_type=2 2 2 2 2 2
left_child=4 2 -2 -3 5 -1
right_child=1 3 -4 -5 -6 -7
leaf_value=0.00036705063627750584 -0.00016637787848851904 9.3435756004069963e-05 -0.0019422758971340953 -0.00039315389368994148 -0.00021942560138995759 0.0011110975920702471
leaf_weight=33 509 1395 20 128 24 33
leaf_count=33 509 1395 20 128 24 33
internal_value=1.13046e-13 -2.1205e-05 -0.00023352 5.25405e-05 0.000483474 0.000739074
internal_weight=2142 2052 529 1523 90 66
internal_count=2142 2052 529 1523 90 66
is_linear=0
shrinkage=0.04


Tree=41
num_leaves=5
num_cat=0
split_feature=38 13 73 47
split_gain=0.0130058 0.0206251 0.0164762 0.00641454
threshold=3.4217552578601715 2.2303578773408641 -0.062837798184194021 -0.48262081047074445
decision_type=2 2 2 2
left_child=1 2 -1 -3
right_child=-2 3 -4 -5
leaf_value=0.00011662428120879255 -0.00092592496851769579 0.0013965404354967176 -0.00010993598367745883 0.00042659219509611526
leaf_weight=936 24 20 1138 24
leaf_count=936 24 20 1138 24
internal_value=-3.06732e-14 1.04921e-05 -7.68892e-06 0.000867478
internal_weight=2142 2118 2074 44
internal_count=2142 2118 2074 44
is_linear=0
shrinkage=0.04


Tree=42
num_leaves=7
num_cat=0
split_feature=36 61 38 33 69 28
split_gain=0.0129282 0.0233367 0.0150364 0.00899635 0.00293084 0.00228704
threshold=-1.2618036564801052 -1.9686933321454581 3.0194147809044662 -0.31888716963402547 -0.52704434876849782 1.0389389198606762
decision_type=2 2 2 2 2 2
left_child=4 3 -3 -2 5 -1
right_child=1 2 -4 -5 -6 -7
leaf_value=0.00077593204755844038 -0.0012901859356450936 1.4474310134907519e-05 -0.00090302338855790686 -0.00021791541948914527 0.00011110295702774939 0.00026005546888336543
leaf_weight=44 31 1971 29 21 26 20
leaf_count=44 31 1971 29 21 26 20
internal_value=-2.07917e-12 -2.05803e-05 1.17059e-06 -0.000857154 0.000469231 0.000614721
internal_weight=2142 2052 2000 52 90 64
internal_count=2142 2052 2000 52 90 64
is_linear=0
shrinkage=0.04


Tree=43
num_leaves=8
num_cat=0
split_feature=53 64 63 14 94 35 37
split_gain=0.0126879 0.0190043 0.0360228 0.0210048 0.0135292 0.0193702 0.00873088
threshold=0.58333333333333337 0.0063239696914662641 0.3686717288351416 -0.28392802071397322 -0.11482320310051376 -0.98987881588725235 -0.41564591443205262
decision_type=2 2 2 2 2 2 2
left_child=1 3 -3 -1 6 -6 -2
right_child=4 2 -4 -5 5 -7 -8
leaf_value=4.1985476994580639e-05 0.00022467310013113699 0.00039864999871688745 -0.00014702164376385025 -0.00035410622459866657 -0.00042394492836473024 0.00056406881366168765 -0.00024675091317145746
leaf_weight=380 120 342 446 491 38 193 132
leaf_count=380 120 342 446 491 38 193 132
internal_value=-1.56002e-12 -5.25286e-05 8.98054e-05 -0.000181299 0.000180424 0.000401538 -2.22633e-05
internal_weight=2142 1659 788 871 483 231 252
internal_count=2142 1659 788 871 483 231 252
is_linear=0
shrinkage=0.04


Tree=44
num_leaves=8
num_cat=0
split_feature=62 110 28 70 79 80 46
split_gain=0.0126338 0.0151025 0.0144198 0.0241195 0.0201207 0.0143258 0.0118488
threshold=-0.2886817580636814 0.32274263965914946 0.70796483713514002 0.32964837215749104 -1.6372985235410022 0.42388795085619818 -0.49271620292919022
decision_type=2 2 2 2 2 2 2
left_child=1 5 3 -2 -4 -1 -3
right_child=2 6 4 -5 -6 -7 -8
leaf_value=-0.00011394047837490467 -8.2585558633107447e-05 0.00085736356425239512 -0.0014944325858430769 0.00044394767164636438 -0.00023096473178126818 0.00043218316337496963 0.00022716182453657127
leaf_weight=370 989 63 22 162 242 97 197
leaf_count=370 989 63 22 162 242 97 197
internal_value=-1.32156e-12 0.000135528 -6.96315e-05 -8.47749e-06 -0.000336254 -5.05803e-07 0.000379865
internal_weight=2142 727 1415 1151 264 467 260
internal_count=2142 727 1415 1151 264 467 260
is_linear=0
shrinkage=0.04


Tree=45
num_leaves=7
num_cat=0
split_feature=46 60 47 10 88 79
split_gain=0.0122425 0.0252958 0.029062 0.0218923 0.0218441 0.0150154
threshold=1.0000000180025095e-35 0.70865417198483582 1.2602243495329912 2.758751259001055 0.071741054822844527 -1.23612976313986
decision_type=2 2 2 2 2 2
left_child=3 5 -3 4 -1 -2
right_child=1 2 -4 -5 -6 -7
leaf_value=0.00029133019958525047 0.00053687367463781913 -0.0008930464405659175 0.00042606223893484896 -0.0012153566072229296 -7.4175301534522043e-05 -6.4712740446375356e-05
leaf_weight=560 72 113 35 20 491 851
leaf_count=560 72 113 35 20 491 851
internal_value=-1.855e-13 -9.56281e-05 -0.000581095 9.56281e-05 0.000120575 -1.77851e-05
internal_weight=2142 1071 148 1071 1051 923
internal_count=2142 1071 148 1071 1051 923
is_linear=0
shrinkage=0.04


Tree=46
num_leaves=7
num_cat=0
split_feature=34 70 25 41 53 46
split_gain=0.0122649 0.0209023 0.0244696 0.0176295 0.0132121 0.0101846
threshold=0.95488269954023897 0.32964837215749104 1.1353109804348873 -0.61997043737945889 -0.74999999999999989 -0.3896809223603751
decision_type=2 2 2 2 2 2
left_child=1 2 -1 -3 -2 -6
right_child=4 3 -4 -5 5 -7
leaf_value=-3.5233696187830366e-05 0.00063509184274483806 -0.00029226072600577028 0.0013722516777925193 0.00055008173957419074 -7.5338842472687942e-05 -0.00067010919457043561
leaf_weight=1670 22 50 20 194 84 102
leaf_count=1670 22 50 20 194 84 102
internal_value=9.4574e-13 3.13896e-05 -1.85771e-05 0.000377471 -0.000291863 -0.000401503
internal_weight=2142 1934 1690 244 208 186
internal_count=2142 1934 1690 244 208 186
is_linear=0
shrinkage=0.04


Tree=47
num_leaves=7
num_cat=0
split_feature=36 61 39 10 69 18
split_gain=0.0119365 0.0206919 0.0137997 0.00823373 0.00266018 0.00218642
threshold=-1.2618036564801052 -1.9686933321454581 0.25850260406659326 0.5954950032323344 -0.52704434876849782 -0.61453709946914503
decision_type=2 2 2 2 2 2
left_child=4 3 -3 -2 5 -1
right_child=1 2 -4 -5 -6 -7
leaf_value=0.00077058140444569297 -0.00026385544566437602 -7.8267815126704132e-05 0.00014049654040456438 -0.0012735157112391399 0.00010968368249730421 0.00028765437969317039
leaf_weight=40 24 1278 722 28 26 24
leaf_count=40 24 1278 722 28 26 24
internal_value=4.03791e-13 -1.97752e-05 7.06117e-07 -0.000807519 0.000450875 0.000589484
internal_weight=2142 2052 2000 52 90 64
internal_count=2142 2052 2000 52 90 64
is_linear=0
shrinkage=0.04


Tree=48
num_leaves=7
num_cat=0
split_feature=37 10 74 63 86 40
split_gain=0.0119642 0.0185662 0.0274395 0.0210325 0.0110551 0.0134519
threshold=-1.0617043391185363 -0.18692644134285402 1.5504401064214555 -0.52203789095119324 -0.21543824653085281 -0.6589840091301773
decision_type=2 2 2 2 2 2
left_child=4 2 -2 -3 -1 -6
right_child=1 3 -4 -5 5 -7
leaf_value=0.00096499108831937385 -0.00010990984548386798 -0.00019492556401366076 -0.0010300263262823658 0.00016984832870304593 -0.00046964466157078277 0.00071979522851600859
leaf_weight=38 701 346 56 940 32 29
leaf_count=38 701 346 56 940 32 29
internal_value=7.885e-13 -2.08101e-05 -0.000177977 7.17054e-05 0.000429445 9.58268e-05
internal_weight=2142 2043 757 1286 99 61
internal_count=2142 2043 757 1286 99 61
is_linear=0
shrinkage=0.04


Tree=49
num_leaves=7
num_cat=0
split_feature=4 39 14 36 79 94
split_gain=0.0118458 0.0125038 0.024205 0.0211404 0.00942684 0.00688235
threshold=1.1487576788352569 0.25850260406659326 -1.4826114904909755 1.0985883625796375 0.34045984125945811 0.2463569560013272
decision_type=2 2 2 2 2 2
left_child=1 3 -3 -1 5 -2
right_child=4 2 -4 -5 -6 -7
leaf_value=-2.395716687044699e-05 -0.00043216234999303909 -0.00065330036117562228 0.00021026026516651305 -0.00087124032424572783 0.0001536601095770796 -0.0013209672225639225
leaf_weight=1226 46 56 715 49 30 20
leaf_count=1226 46 56 715 49 30 20
internal_value=-1.10487e-12 2.03759e-05 0.000147537 -5.65194e-05 -0.000434261 -0.000701497
internal_weight=2142 2046 771 1275 96 66
internal_count=2142 2046 771 1275 96 66
is_linear=0
shrinkage=0.04


Tree=50
num_leaves=8
num_cat=0
split_feature=62 103 10 116 110 80 45
split_gain=0.0114491 0.0142145 0.0179152 0.0140266 0.0127944 0.0126855 0.010781
threshold=-0.2886817580636814 -0.24975760118080761 1.9495896313539947 1.1401765598341902 0.32274263965914946 0.42388795085619818 1.5962712961280709
decision_type=2 2 2 2 2 2 2
left_child=4 3 -3 -2 5 -1 -6
right_child=1 2 -4 -5 6 -7 -8
leaf_value=-0.0001029338602832443 -0.0001850405019694805 -1.5608061648535293e-05 0.00076300150882452735 -0.0010774233269815643 0.00026989785393890728 0.00041097497759859765 0.0011436171513050793
leaf_weight=370 465 870 50 30 235 97 25
leaf_count=370 465 870 50 30 235 97 25
internal_value=-1.13806e-12 -6.62866e-05 2.67077e-05 -0.000239124 0.000129017 3.80952e-06 0.000353909
internal_weight=2142 1415 920 495 727 467 260
internal_count=2142 1415 920 495 727 467 260
is_linear=0
shrinkage=0.04


Tree=51
num_leaves=7
num_cat=0
split_feature=37 28 60 28 31 61
split_gain=0.0112532 0.0166204 0.0379229 0.0158218 0.00951099 0.00491055
threshold=-1.0751141683707632 -0.37284470011983917 0.85494201888427823 0.79487604699584236 0.40195813142393994 0.17828020517980922
decision_type=2 2 2 2 2 2
left_child=4 2 -2 -3 5 -1
right_child=1 3 -4 -5 -6 -7
leaf_value=0.00024389132966753094 -0.00014259874628488582 0.00012074217022115917 -0.0018766567492414089 -0.00018296278081187563 -0.00024411645174647373 0.00095516223687587727
leaf_weight=25 516 1155 21 360 24 41
leaf_count=25 516 1155 21 360 24 41
internal_value=3.77113e-13 -1.92008e-05 -0.000210411 4.85747e-05 0.000437779 0.000685741
internal_weight=2142 2052 537 1515 90 66
internal_count=2142 2052 537 1515 90 66
is_linear=0
shrinkage=0.04


Tree=52
num_leaves=7
num_cat=0
split_feature=46 60 47 10 88 53
split_gain=0.0110197 0.0218172 0.0264076 0.0192668 0.019381 0.0141847
threshold=1.0000000180025095e-35 0.70865417198483582 1.2602243495329912 2.758751259001055 0.071741054822844527 0.58333333333333337
decision_type=2 2 2 2 2 2
left_child=3 5 -3 4 -1 -2
right_child=1 2 -4 -5 -6 -7
leaf_value=0.00027496980989547281 -0.00010720142087167724 -0.00083894393474803167 0.00041848182032949157 -0.0011391361108981073 -6.9312107118127333e-05 0.00025856905883301804
leaf_weight=560 699 113 35 20 491 224
leaf_count=560 699 113 35 20 491 224
internal_value=8.41644e-13 -9.07265e-05 -0.00054158 9.07265e-05 0.00011413 -1.84337e-05
internal_weight=2142 1071 148 1071 1051 923
internal_count=2142 1071 148 1071 1051 923
is_linear=0
shrinkage=0.04


Tree=53
num_leaves=5
num_cat=0
split_feature=31 46 46 110
split_gain=0.010988 0.0115547 0.019173 0.0179295
threshold=1.5890014355949857 1.0000000180025095e-35 1.0808692866639287 -0.055083438464386604
decision_type=2 2 2 2
left_child=1 3 -3 -1
right_child=-2 2 -4 -5
leaf_value=-5.8302942666695156e-05 -0.0008510727986382942 -0.00018548738288172388 0.00019725324537086473 0.00027233888516971135
leaf_weight=535 24 782 286 515
leaf_count=535 24 782 286 515
internal_value=-4.05714e-13 9.64388e-06 -8.29932e-05 0.000103869
internal_weight=2142 2118 1068 1050
internal_count=2142 2118 1068 1050
is_linear=0
shrinkage=0.04


Tree=54
num_leaves=8
num_cat=0
split_feature=62 53 118 94 39 42 63
split_gain=0.0109338 0.0224629 0.014698 0.013099 0.0169293 0.0149669 0.0118284
threshold=0.26392375954892916 -0.74999999999999989 -0.38119767248035746 -0.13457168346343215 -0.32004809395276151 0.22259915928447602 -0.71162276740370689
decision_type=2 2 2 2 2 2 2
left_child=3 2 -2 5 -5 -1 -3
right_child=1 6 -4 4 -6 -7 -8
leaf_value=-0.0002210446199622614 0.001038209172104308 -0.00050135703325019374 -0.00015800101717037185 0.0005881628093947829 9.2086996630204524e-05 0.00017958692851338963 -0.00010170054905060209
leaf_weight=384 42 150 27 135 596 244 564
leaf_count=384 42 150 27 135 596 244 564
internal_value=-5.30173e-13 -0.00011906 0.000570127 6.85974e-05 0.000183702 -6.53852e-05 -0.000185662
internal_weight=2142 783 69 1359 731 628 714
internal_count=2142 783 69 1359 731 628 714
is_linear=0
shrinkage=0.04


Tree=55
num_leaves=6
num_cat=0
split_feature=103 25 14 63 59
split_gain=0.0107825 0.033575 0.0208576 0.0169948 0.0168218
threshold=-0.1433101872240452 1.1904551669969949 0.08955600339658186 -2.2044058451201498 -0.012657851235809682
decision_type=2 2 2 2 2
left_child=1 2 -1 -2 -5
right_child=3 -3 -4 4 -6
leaf_value=3.3452795974221726e-05 -0.00083271627132489815 0.0015162496913690121 -0.00035618429397315902 -6.9438257601508655e-05 0.00023255481662959773
leaf_weight=491 32 20 398 522 679
leaf_count=491 32 20 398 522 679
internal_value=-1.40499e-12 -0.000104523 -0.000140985 7.70568e-05 0.000101297
internal_weight=2142 909 889 1233 1201
internal_count=2142 909 889 1233 1201
is_linear=0
shrinkage=0.04


Tree=56
num_leaves=8
num_cat=0
split_feature=34 70 25 24 79 75 46
split_gain=0.0107251 0.019364 0.0201726 0.0157105 0.0110883 0.0137877 0.00865826
threshold=0.95488269954023897 0.32964837215749104 1.1353109804348873 0.32251936039113654 -0.47028945751753609 -0.24395196533766653 0.8005166443843067
decision_type=2 2 2 2 2 2 2
left_child=1 2 -1 -3 5 -2 -6
right_child=4 3 -4 -5 6 -7 -8
leaf_value=-3.3863345339145265e-05 -0.00015916752898575444 0.00011924082608968622 0.00124407913046889 0.00078603106647667093 -0.00020922897193172385 -0.0012767665103345996 0.00062731856038832729
leaf_weight=1670 38 155 20 89 113 33 24
leaf_count=1670 38 155 20 89 113 33 24
internal_value=-2.1855e-13 2.93531e-05 -1.87398e-05 0.000362455 -0.000272927 -0.000678615 -6.26805e-05
internal_weight=2142 1934 1690 244 208 71 137
internal_count=2142 1934 1690 244 208 71 137
is_linear=0
shrinkage=0.04


Tree=57
num_leaves=7
num_cat=0
split_feature=36 61 38 33 28 26
split_gain=0.0103094 0.0185505 0.0119925 0.00797952 0.00246571 0.00174955
threshold=-1.2618036564801052 -1.9686933321454581 3.0194147809044662 -0.31888716963402547 1.0389389198606762 -0.77177944618627448
decision_type=2 2 2 2 2 2
left_child=4 3 -3 -2 5 -1
right_child=1 2 -4 -5 -6 -7
leaf_value=0.00087009297823533425 -0.0011720724951761266 1.2895594329896217e-05 -0.00080648700546087887 -0.00016221620763341588 0.00011536736233994878 0.00041376041305228709
leaf_weight=20 31 1971 29 21 29 41
leaf_count=20 31 1971 29 21 29 41
internal_value=-2.07152e-12 -1.8378e-05 1.01455e-06 -0.000764246 0.000419019 0.000563378
internal_weight=2142 2052 2000 52 90 61
internal_count=2142 2052 2000 52 90 61
is_linear=0
shrinkage=0.04


Tree=58
num_leaves=7
num_cat=0
split_feature=37 10 74 40 31 86
split_gain=0.0102712 0.0159098 0.0240418 0.0187275 0.0101882 0.00561851
threshold=-1.0617043391185363 -0.18692644134285402 1.5504401064214555 -0.72829483973039333 0.40195813142393994 -0.21543824653085281
decision_type=2 2 2 2 2 2
left_child=4 2 -2 -3 5 -1
right_child=1 3 -4 -5 -6 -7
leaf_value=0.0011069686076155415 -0.00010105759187787464 0.00083330800635645133 -0.0009623254708484248 3.5979879289709175e-05 -0.00024826029972505888 0.0003739893030367305
leaf_weight=27 701 49 56 1237 28 44
leaf_count=27 701 49 56 1237 28 44
internal_value=-9.02956e-13 -1.92816e-05 -0.000164771 6.63602e-05 0.000397903 0.000652728
internal_weight=2142 2043 757 1286 99 71
internal_count=2142 2043 757 1286 99 71
is_linear=0
shrinkage=0.04


Tree=59
num_leaves=7
num_cat=0
split_feature=5 79 14 45 40 7
split_gain=0.0101496 0.0130354 0.0133312 0.0118111 0.014193 0.00652653
threshold=1.163295139818781 -1.8004990137226196 0.94447420003117133 0.54627112283303847 0.65142085366459535 -0.015587873717691393
decision_type=2 2 2 2 2 2
left_child=1 5 -3 4 -2 -1
right_child=3 2 -4 -5 -6 -7
leaf_value=0.00024760585247903417 -0.00029999450216756056 -3.1127218905093029e-05 0.00031148687669748585 0.00022368181291191526 -0.0016164456717669964 0.0012356051593087614
leaf_weight=23 38 1809 202 30 20 20
leaf_count=23 38 1809 202 30 20 20
internal_value=-1.04742e-12 1.80225e-05 3.28752e-06 -0.000420662 -0.000753943 0.00070714
internal_weight=2142 2054 2011 88 58 43
internal_count=2142 2054 2011 88 58 43
is_linear=0
shrinkage=0.04


Tree=60
num_leaves=8
num_cat=0
split_feature=36 79 70 47 14 10 46
split_gain=0.010107 0.0155128 0.0139568 0.0184775 0.0142836 0.0136534 0.00921954
threshold=1.0647051097702194 -0.37434238183172613 0.32964837215749104 0.61631696058710983 0.89153114593147043 0.036436246323890469 0.62943356204332657
decision_type=2 2 2 2 2 2 2
left_child=2 5 4 -4 -1 -2 -3
right_child=1 6 3 -5 -6 -7 -8
leaf_value=-5.7141769800468752e-05 -0.0016923394189216196 -0.00026144917552860882 0.00049534016552183976 -0.00027565577517458194 0.00031467739210111668 -0.00036785756054362565 0.00062978535236862419
leaf_weight=1553 20 65 193 67 185 33 26
leaf_count=1553 20 65 193 67 185 33 26
internal_value=-5.02591e-13 -0.000323652 2.33263e-05 0.00029666 -1.75638e-05 -0.000867662 -6.81074e-06
internal_weight=2142 144 1998 260 1738 53 91
internal_count=2142 144 1998 260 1738 53 91
is_linear=0
shrinkage=0.04


Tree=61
num_leaves=8
num_cat=0
split_feature=62 103 10 116 91 45 111
split_gain=0.00999662 0.0122119 0.0160864 0.0120778 0.0115083 0.0177181 0.0151998
threshold=-0.2886817580636814 -0.24975760118080761 1.9495896313539947 1.1401765598341902 0.19468346943072071 1.5962712961280709 -0.0010150662198146973
decision_type=2 2 2 2 2 2 2
left_child=4 3 -3 -2 5 -1 -6
right_child=1 2 -4 -5 6 -7 -8
leaf_value=0.00017651453560840299 -0.0001719535996186702 -1.5842100370488994e-05 0.00072195693913381547 -0.0010000268630683423 -0.00022187091661895759 0.0011042665987689463 0.0004499583284383074
leaf_weight=387 465 870 50 30 234 36 70
leaf_count=387 465 870 50 30 234 36 70
internal_value=5.87121e-13 -6.19392e-05 2.42557e-05 -0.00022214 0.000120556 0.000255472 -6.71734e-05
internal_weight=2142 1415 920 495 727 423 304
internal_count=2142 1415 920 495 727 423 304
is_linear=0
shrinkage=0.04


Tree=62
num_leaves=8
num_cat=0
split_feature=34 70 25 41 118 46 46
split_gain=0.0096471 0.0162017 0.0180189 0.0143779 0.00963151 0.0091835 0.00805538
threshold=0.95488269954023897 0.32964837215749104 1.1353109804348873 -0.61997043737945889 -0.30071327459226488 0.8005166443843067 -1.0822692321982463
decision_type=2 2 2 2 2 2 2
left_child=1 2 -1 -3 5 -2 -6
right_child=4 3 -4 -5 6 -7 -8
leaf_value=-3.0445529674487448e-05 -0.00020462915607977932 -0.00027229239633306862 0.0011773528190678916 0.00048841257302463168 -4.1528050034471296e-05 0.00065811554323702765 -0.00079939243620063996
leaf_weight=1670 82 50 20 194 34 26 66
leaf_count=1670 82 50 20 194 34 26 66
internal_value=4.80648e-15 2.78389e-05 -1.61521e-05 0.00033253 -0.000258848 3.06864e-06 -0.000541719
internal_weight=2142 1934 1690 244 208 108 100
internal_count=2142 1934 1690 244 208 108 100
is_linear=0
shrinkage=0.04


Tree=63
num_leaves=8
num_cat=0
split_feature=53 63 110 14 34 35 63
split_gain=0.00954363 0.0150915 0.0253715 0.0210772 0.0104867 0.0114145 0.00428661
threshold=0.58333333333333337 -0.19256085336695222 0.18808780656526927 -0.28392802071397322 0.99954615068048114 -0.98987881588725235 0.2574253474959432
decision_type=2 2 2 2 2 2 2
left_child=1 3 -3 -1 5 -2 -6
right_child=4 2 -4 -5 6 -7 -8
leaf_value=6.5435948314624391e-05 -0.00037687973495810587 -8.7375590771320192e-05 0.00034269037819736138 -0.00039163567474965419 -4.9704840406775472e-05 0.00028243511636956653 -0.00087787017063237736
leaf_weight=284 47 676 325 374 20 396 20
leaf_count=284 47 676 325 374 20 396 20
internal_value=-5.43302e-13 -4.55572e-05 5.22562e-05 -0.000194359 0.000156479 0.000212485 -0.000463788
internal_weight=2142 1659 1001 658 483 443 40
internal_count=2142 1659 1001 658 483 443 40
is_linear=0
shrinkage=0.04


Tree=64
num_leaves=7
num_cat=0
split_feature=46 60 47 10 88 15
split_gain=0.00960718 0.0193542 0.0223825 0.0162281 0.016404 0.0128091
threshold=1.0000000180025095e-35 0.70865417198483582 1.2602243495329912 2.758751259001055 0.071741054822844527 -0.26239466555525265
decision_type=2 2 2 2 2 2
left_child=3 5 -3 4 -1 -2
right_child=1 2 -4 -5 -6 -7
leaf_value=0.00025416388221804353 0.00015527725145129622 -0.00078311965180626888 0.00037451520994987472 -0.0010440055690705777 -6.2575206218293638e-05 -0.00014579229246690036
leaf_weight=560 396 113 35 20 491 527
leaf_count=560 396 113 35 20 491 527
internal_value=7.21898e-13 -8.47126e-05 -0.000509355 8.47126e-05 0.000106192 -1.66227e-05
internal_weight=2142 1071 148 1071 1051 923
internal_count=2142 1071 148 1071 1051 923
is_linear=0
shrinkage=0.04


Tree=65
num_leaves=7
num_cat=0
split_feature=103 25 14 59 12 14
split_gain=0.00933562 0.0279393 0.0188549 0.0150139 0.0188618 0.0159581
threshold=-0.1433101872240452 1.1904551669969949 0.08955600339658186 -0.012657851235809682 1.2754718136062266 0.44439310467549181
decision_type=2 2 2 2 2 2
left_child=1 2 -1 5 -5 -2
right_child=3 -3 -4 4 -6 -7
leaf_value=3.5333343964956122e-05 -0.00025319362353783457 0.001381243005162105 -0.00033512624619901884 0.00024092253416743012 -0.00078469809225255945 0.00019294846453562662
leaf_weight=491 340 20 398 657 30 206
leaf_count=491 340 20 398 657 30 206
internal_value=-5.84845e-14 -9.72571e-05 -0.000130519 7.17005e-05 0.000196136 -8.4869e-05
internal_weight=2142 909 889 1233 687 546
internal_count=2142 909 889 1233 687 546
is_linear=0
shrinkage=0.04


Tree=66
num_leaves=7
num_cat=0
split_feature=37 10 74 47 31 86
split_gain=0.00935055 0.0138122 0.0210445 0.0177382 0.00951164 0.00518123
threshold=-1.0617043391185363 -0.18692644134285402 1.5504401064214555 -0.7557264046492177 0.40195813142393994 -0.21543824653085281
decision_type=2 2 2 2 2 2
left_child=4 2 -2 -3 5 -1
right_child=1 3 -4 -5 -6 -7
leaf_value=0.0010620759455142199 -9.4347011667930399e-05 -0.00040598578001293595 -0.00090014203747809261 0.00010861815016381751 -0.00024468684801831842 0.00035819802320805722
leaf_weight=27 701 118 56 1168 28 44
leaf_count=27 701 118 56 1168 28 44
internal_value=-5.72617e-14 -1.83972e-05 -0.000153957 6.13994e-05 0.000379652 0.00062587
internal_weight=2142 2043 757 1286 99 71
internal_count=2142 2043 757 1286 99 71
is_linear=0
shrinkage=0.04


Tree=67
num_leaves=5
num_cat=0
split_feature=14 62 53 94
split_gain=0.00938197 0.010083 0.0185523 0.00991067
threshold=-2.1159436491761863 0.26392375954892916 -0.74999999999999989 -0.13457168346343215
decision_type=2 2 2 2
left_child=-1 3 -3 -2
right_child=1 2 -4 -5
leaf_value=-0.00074091859196347219 -4.2451449095762678e-05 0.00052110054213013769 -0.00016596910682773185 0.00017613965199571828
leaf_weight=27 612 69 709 725
leaf_count=27 612 69 709 725
internal_value=-2.17837e-13 9.45853e-06 -0.000105034 7.60815e-05
internal_weight=2142 2115 778 1337
internal_count=2142 2115 778 1337
is_linear=0
shrinkage=0.04


Tree=68
num_leaves=7
num_cat=0
split_feature=46 24 12 46 47 10
split_gain=0.0092546 0.0213337 0.0140522 0.0162062 0.00877297 0.00465549
threshold=4.2591029900726403 0.64730087536442016 1.127703063078316 1.0000000180025095e-35 0.94514476969153971 0.2769276705097003
decision_type=2 2 2 2 2 2
left_child=2 5 3 -1 -4 -2
right_child=1 -3 4 -5 -6 -7
leaf_value=0.00011962902059156498 -0.00032741440756415782 0.0013634773522006492 -0.00092001252723137097 -0.00011028452545071179 -0.00015812876649617561 0.00043444203478949409
leaf_weight=1002 33 26 42 961 57 21
leaf_count=1002 33 26 42 961 57 21
internal_value=1.06386e-12 0.000422113 -1.63768e-05 7.07328e-06 -0.000481352 -3.11369e-05
internal_weight=2142 80 2062 1963 99 54
internal_count=2142 80 2062 1963 99 54
is_linear=0
shrinkage=0.04


Tree=69
num_leaves=7
num_cat=0
split_feature=36 61 46 10 28 26
split_gain=0.0088651 0.0161803 0.0106784 0.00784487 0.00235233 0.00157259
threshold=-1.2618036564801052 -1.9686933321454581 -1.0822692321982463 0.5954950032323344 1.0389389198606762 -0.77177944618627448
decision_type=2 2 2 2 2 2
left_child=4 3 -3 -2 5 -1
right_child=1 2 -4 -5 -6 -7
leaf_value=0.00082035265397280462 -0.00018296379110931111 0.00023654217762355466 -3.5209639733960753e-05 -0.0011684941576095298 9.1972983410132345e-05 0.00038771323825618841
leaf_weight=20 24 267 1733 28 29 41
leaf_count=20 24 267 1733 28 29 41
internal_value=3.4253e-13 -1.70422e-05 1.06923e-06 -0.000713634 0.000388561 0.000529562
internal_weight=2142 2052 2000 52 90 61
internal_count=2142 2052 2000 52 90 61
is_linear=0
shrinkage=0.04


Tree=70
num_leaves=5
num_cat=0
split_feature=38 13 47 118
split_gain=0.00878586 0.0170894 0.0126662 0.0051686
threshold=3.4217552578601715 2.2303578773408641 -0.81133737689426166 0.77628150098793325
decision_type=2 2 2 2
left_child=1 2 -1 -3
right_child=-2 3 -4 -5
leaf_value=-0.00031830122161666371 -0.00076102659028644368 0.0012029561027884484 2.3556691027347329e-05 0.00033499689661853371
leaf_weight=191 24 23 1883 21
leaf_count=191 24 23 1883 21
internal_value=1.35479e-12 8.62353e-06 -7.92588e-06 0.000788703
internal_weight=2142 2118 2074 44
internal_count=2142 2118 2074 44
is_linear=0
shrinkage=0.04


Tree=71
num_leaves=7
num_cat=0
split_feature=4 41 60 36 79 115
split_gain=0.00873833 0.00983529 0.0199305 0.0127479 0.00694276 0.00544229
threshold=1.1487576788352569 -0.63772779865784479 -0.99481397224846435 -1.3295148902855101 0.34045984125945811 -0.27190138527776564
decision_type=2 2 2 2 2 2
left_child=1 3 -3 -1 5 -2
right_child=4 2 -4 -5 -6 -7
leaf_value=0.00044226176869124174 -0.00017916902887269055 0.00051979357364969388 1.9020081562237769e-05 -0.00023888907547148886 0.0001315706604315589 -0.0009141089717587947
leaf_weight=50 28 139 1493 364 30 38
leaf_count=50 28 139 1493 364 30 38
internal_value=-2.09923e-13 1.75004e-05 6.16717e-05 -0.000156624 -0.000372977 -0.000602316
internal_weight=2142 2046 1632 414 96 66
internal_count=2142 2046 1632 414 96 66
is_linear=0
shrinkage=0.04


Tree=72
num_leaves=7
num_cat=0
split_feature=46 24 12 46 45 10
split_gain=0.00859846 0.0197477 0.0127259 0.0147125 0.00809202 0.00430734
threshold=4.2591029900726403 0.64730087536442016 1.127703063078316 1.0000000180025095e-35 0.5560826115486539 0.2769276705097003
decision_type=2 2 2 2 2 2
left_child=2 5 3 -1 -4 -2
right_child=1 -3 4 -5 -6 -7
leaf_value=0.00011377370422066495 -0.00031418645004812403 0.0013125716760091913 -0.00067972929608206166 -0.00010528831507177912 0.00013227422433879433 0.00041862909172085076
leaf_weight=1002 33 26 72 961 27 21
leaf_count=1002 33 26 72 961 27 21
internal_value=-1.29078e-12 0.000406874 -1.57856e-05 6.5304e-06 -0.000458274 -2.92026e-05
internal_weight=2142 80 2062 1963 99 54
internal_count=2142 80 2062 1963 99 54
is_linear=0
shrinkage=0.04


Tree=73
num_leaves=8
num_cat=0
split_feature=53 64 98 14 104 36 14
split_gain=0.0086434 0.0134004 0.0330442 0.0155557 0.00994184 0.00999653 0.00826807
threshold=0.58333333333333337 0.043896270349543291 2.0377931877377002 -0.28392802071397322 -0.091783046831886192 -0.76917671884808636 0.37923293309554401
decision_type=2 2 2 2 2 2 2
left_child=1 3 -3 -1 6 -6 -2
right_child=4 2 -4 -5 5 -7 -8
leaf_value=4.067133859216163e-05 7.7677343780284427e-05 3.0408345563508453e-05 0.0014556100253981571 -0.00029300169787451272 -0.00025195114108482225 0.00029784965598304343 -0.00086989317863928875
leaf_weight=398 34 724 27 510 62 361 26
leaf_count=398 34 724 27 510 62 361 26
internal_value=8.51511e-13 -4.33554e-05 8.16473e-05 -0.000146744 0.000148916 0.000217264 -0.000332937
internal_weight=2142 1659 751 908 483 423 60
internal_count=2142 1659 751 908 483 423 60
is_linear=0
shrinkage=0.04


Tree=74
num_leaves=5
num_cat=0
split_feature=14 62 28 91
split_gain=0.00844817 0.00921305 0.0110061 0.00928371
threshold=-2.1159436491761863 -0.2886817580636814 0.70796483713514002 0.25341756663664178
decision_type=2 2 2 2
left_child=-1 3 -3 -2
right_child=1 2 -4 -5
leaf_value=-0.00070308007269718315 0.00024074617954510748 3.4399735778240041e-06 -0.00028320351335313522 -5.5910253280308095e-05
leaf_weight=27 437 1139 264 275
leaf_count=27 437 1139 264 275
internal_value=5.72464e-13 8.97549e-06 -5.04972e-05 0.000126167
internal_weight=2142 2115 1403 712
internal_count=2142 2115 1403 712
is_linear=0
shrinkage=0.04


Tree=75
num_leaves=6
num_cat=0
split_feature=103 25 14 63 13
split_gain=0.00823724 0.0247439 0.0164954 0.0139156 0.0139233
threshold=-0.1433101872240452 1.1904551669969949 0.029665220529817789 -2.2044058451201498 -0.56244487709667657
decision_type=2 2 2 2 2
left_child=1 2 -1 -2 -5
right_child=3 -3 -4 4 -6
leaf_value=4.2242913456338381e-05 -0.00075588839255942737 0.0013000318114645779 -0.00030269323985421042 -0.00022685857580112729 0.00014795766974635459
leaf_weight=464 32 20 425 188 1013
leaf_count=464 32 20 425 188 1013
internal_value=-1.04791e-13 -9.13567e-05 -0.000122659 6.73506e-05 8.92854e-05
internal_weight=2142 909 889 1233 1201
internal_count=2142 909 889 1233 1201
is_linear=0
shrinkage=0.04


Tree=76
num_leaves=7
num_cat=0
split_feature=37 10 53 40 28 88
split_gain=0.00841494 0.011857 0.0179799 0.0168341 0.00845817 0.0059808
threshold=-1.0751141683707632 -0.18692644134285402 0.75000000000000011 -0.72829483973039333 -0.4601059011673363 -0.15987565885444183
decision_type=2 2 2 2 2 2
left_child=4 2 -2 -3 5 -1
right_child=1 3 -4 -5 -6 -7
leaf_value=0.00018023514254018666 -0.0002152143110293753 0.00077708391483174641 0.00036757287089280859 2.8442474215844063e-05 -0.00016982582038084122 0.00099028431298211214
leaf_weight=25 668 50 97 1237 30 35
leaf_count=25 668 50 97 1237 30 35
internal_value=-1.77313e-14 -1.66038e-05 -0.000141318 5.75272e-05 0.000378567 0.000652764
internal_weight=2142 2052 765 1287 90 60
internal_count=2142 2052 765 1287 90 60
is_linear=0
shrinkage=0.04


Tree=77
num_leaves=8
num_cat=0
split_feature=62 53 100 47 94 39 42
split_gain=0.00802734 0.016718 0.012356 0.01046 0.00911289 0.0155778 0.0124726
threshold=0.26392375954892916 -0.74999999999999989 0.28242313396544222 -0.66998461255400044 -0.13457168346343215 -0.32004809395276151 0.22259915928447602
decision_type=2 2 2 2 2 2 2
left_child=4 2 -2 -3 6 -6 -1
right_child=1 3 -4 -5 5 -7 -8
leaf_value=-0.00019507331209448847 0.00087103947754139488 -0.00058160926947504825 -0.00026444383471718302 -0.00010394607139062464 0.0005427646096968265 6.6901567248631844e-05 0.00017065380364522859
leaf_weight=384 46 83 23 631 135 596 244
leaf_count=384 46 83 23 631 135 596 244
internal_value=-5.18013e-15 -0.000102015 0.000492545 -0.000159473 5.8777e-05 0.000154783 -5.29755e-05
internal_weight=2142 783 69 714 1359 731 628
internal_count=2142 783 69 714 1359 731 628
is_linear=0
shrinkage=0.04


Tree=78
num_leaves=8
num_cat=0
split_feature=36 53 85 70 47 14 45
split_gain=0.00801391 0.0124673 0.012119 0.0116125 0.0137143 0.0130737 0.00583467
threshold=1.0294222499714472 -0.58333333333333315 -0.04049304540345687 0.32964837215749104 0.61631696058710983 0.83058886055456782 0.11198349140077567
decision_type=2 2 2 2 2 2 2
left_child=3 6 -3 5 -5 -1 -2
right_child=1 2 -4 4 -6 -7 -8
leaf_value=-5.5721271633827197e-05 -0.00028019571843880997 -0.00094690149718964546 -8.2674418186070409e-05 0.0004441787286780266 -0.00022847892296088573 0.00028455960400624019 0.0005497342609856842
leaf_weight=1521 23 54 50 191 65 205 33
leaf_count=1521 23 54 50 191 65 205 33
internal_value=-3.81809e-13 -0.00027231 -0.000531408 2.19827e-05 0.000273387 -1.53055e-05 0.00020887
internal_weight=2142 160 104 1982 256 1726 56
internal_count=2142 160 104 1982 256 1726 56
is_linear=0
shrinkage=0.04


Tree=79
num_leaves=5
num_cat=0
split_feature=38 13 47 118
split_gain=0.00807917 0.0150721 0.0113103 0.00497558
threshold=3.4217552578601715 2.2303578773408641 -0.82555983741461081 0.77628150098793325
decision_type=2 2 2 2
left_child=1 2 -1 -3
right_child=-2 3 -4 -5
leaf_value=-0.00030844599240111535 -0.00072977855762777224 0.0011473053207863933 2.1698724561156006e-05 0.00029570694879761764
leaf_weight=182 24 23 1892 21
leaf_count=182 24 23 1892 21
internal_value=-3.86333e-13 8.26945e-06 -7.27251e-06 0.000740861
internal_weight=2142 2118 2074 44
internal_count=2142 2118 2074 44
is_linear=0
shrinkage=0.04


end of trees

feature_importances:
Column_36=31
Column_10=26
Column_28=25
Column_53=24
Column_46=22
Column_14=20
Column_61=20
Column_60=16
Column_38=15
Column_47=14
Column_79=14
Column_31=13
Column_63=12
Column_25=11
Column_34=11
Column_62=11
Column_110=11
Column_13=9
Column_37=9
Column_40=9
Column_45=9
Column_70=9
Column_94=9
Column_41=8
Column_67=8
Column_80=8
Column_103=8
Column_116=6
Column_12=5
Column_18=5
Column_35=5
Column_39=5
Column_74=5
Column_98=5
Column_4=4
Column_86=4
Column_88=4
Column_118=4
Column_5=3
Column_24=3
Column_26=3
Column_33=3
Column_42=3
Column_43=3
Column_64=3
Column_69=3
Column_7=2
Column_27=2
Column_59=2
Column_82=2
Column_91=2
Column_101=2
Column_115=2
Column_2=1
Column_11=1
Column_15=1
Column_44=1
Column_73=1
Column_75=1
Column_85=1
Column_96=1
Column_100=1
Column_104=1
Column_111=1

parameters:
[boosting: gbdt]
[objective: regression]
[metric: l2]
[tree_learner: serial]
[device_type: cpu]
[data_sample_strategy: bagging]
[data: ]
[valid: ]
[num_iterations: 80]
[learning_rate: 0.04]
[num_leaves: 15]
[num_threads: 2]
[seed: 42]
[deterministic: 0]
[force_col_wise: 0]
[force_row_wise: 0]
[histogram_pool_size: -1]
[max_depth: 3]
[min_data_in_leaf: 20]
[min_sum_hessian_in_leaf: 0.001]
[bagging_fraction: 1]
[pos_bagging_fraction: 1]
[neg_bagging_fraction: 1]
[bagging_freq: 0]
[bagging_seed: 400]
[bagging_by_query: 0]
[feature_fraction: 1]
[feature_fraction_bynode: 1]
[feature_fraction_seed: 30056]
[extra_trees: 0]
[extra_seed: 12879]
[early_stopping_round: 0]
[early_stopping_min_delta: 0]
[first_metric_only: 0]
[max_delta_step: 0]
[lambda_l1: 0]
[lambda_l2: 0]
[linear_lambda: 0]
[min_gain_to_split: 0]
[drop_rate: 0.1]
[max_drop: 50]
[skip_drop: 0.5]
[xgboost_dart_mode: 0]
[uniform_drop: 0]
[drop_seed: 17869]
[top_rate: 0.2]
[other_rate: 0.1]
[min_data_per_group: 100]
[max_cat_threshold: 32]
[cat_l2: 10]
[cat_smooth: 10]
[max_cat_to_onehot: 4]
[top_k: 20]
[monotone_constraints: ]
[monotone_constraints_method: basic]
[monotone_penalty: 0]
[feature_contri: ]
[forcedsplits_filename: ]
[refit_decay_rate: 0.9]
[cegb_tradeoff: 1]
[cegb_penalty_split: 0]
[cegb_penalty_feature_lazy: ]
[cegb_penalty_feature_coupled: ]
[path_smooth: 0]
[interaction_constraints: ]
[verbosity: -1]
[saved_feature_importance_type: 0]
[use_quantized_grad: 0]
[num_grad_quant_bins: 4]
[quant_train_renew_leaf: 0]
[stochastic_rounding: 1]
[linear_tree: 0]
[max_bin: 255]
[max_bin_by_feature: ]
[min_data_in_bin: 3]
[bin_construct_sample_cnt: 200000]
[data_random_seed: 175]
[is_enable_sparse: 1]
[enable_bundle: 1]
[use_missing: 1]
[zero_as_missing: 0]
[feature_pre_filter: 1]
[pre_partition: 0]
[two_round: 0]
[header: 0]
[label_column: ]
[weight_column: ]
[group_column: ]
[ignore_column: ]
[categorical_feature: ]
[forcedbins_filename: ]
[precise_float_parser: 0]
[parser_config_file: ]
[objective_seed: 16083]
[num_class: 1]
[is_unbalance: 0]
[scale_pos_weight: 1]
[sigmoid: 1]
[boost_from_average: 1]
[reg_sqrt: 0]
[alpha: 0.9]
[fair_c: 1]
[poisson_max_delta_step: 0.7]
[tweedie_variance_power: 1.5]
[lambdarank_truncation_level: 30]
[lambdarank_norm: 1]
[label_gain: ]
[lambdarank_position_bias_regularization: 0]
[eval_at: ]
[multi_error_top_k: 1]
[auc_mu_weights: ]
[num_machines: 1]
[local_listen_port: 12400]
[time_out: 120]
[machine_list_filename: ]
[machines: ]
[gpu_platform_id: -1]
[gpu_device_id: -1]
[gpu_device_id_list: ]
[gpu_use_dp: 0]
[num_gpu: 1]

end of parameters

pandas_categorical:null
