tree
version=v4
num_class=1
num_tree_per_iteration=1
label_index=0
max_feature_idx=126
objective=quantile
feature_names=Column_0 Column_1 Column_2 Column_3 Column_4 Column_5 Column_6 Column_7 Column_8 Column_9 Column_10 Column_11 Column_12 Column_13 Column_14 Column_15 Column_16 Column_17 Column_18 Column_19 Column_20 Column_21 Column_22 Column_23 Column_24 Column_25 Column_26 Column_27 Column_28 Column_29 Column_30 Column_31 Column_32 Column_33 Column_34 Column_35 Column_36 Column_37 Column_38 Column_39 Column_40 Column_41 Column_42 Column_43 Column_44 Column_45 Column_46 Column_47 Column_48 Column_49 Column_50 Column_51 Column_52 Column_53 Column_54 Column_55 Column_56 Column_57 Column_58 Column_59 Column_60 Column_61 Column_62 Column_63 Column_64 Column_65 Column_66 Column_67 Column_68 Column_69 Column_70 Column_71 Column_72 Column_73 Column_74 Column_75 Column_76 Column_77 Column_78 Column_79 Column_80 Column_81 Column_82 Column_83 Column_84 Column_85 Column_86 Column_87 Column_88 Column_89 Column_90 Column_91 Column_92 Column_93 Column_94 Column_95 Column_96 Column_97 Column_98 Column_99 Column_100 Column_101 Column_102 Column_103 Column_104 Column_105 Column_106 Column_107 Column_108 Column_109 Column_110 Column_111 Column_112 Column_113 Column_114 Column_115 Column_116 Column_117 Column_118 Column_119 Column_120 Column_121 Column_122 Column_123 Column_124 Column_125 Column_126
feature_infos=[-4.6268041035720255:6.0069305704046343] [-3.862312370529994:4.0832619148893601] [-3.7163093795827353:3.6544265240928073] [-3.4609469411371871:3.2399873259530714] [-3.1786475454894174:2.5983333234850798] [-2.155857528548963:2.47447696952525] [-3.4063797337012889:3.3114305393002716] [-1.1734312413575929:4.755319658676413] [-1.6139140211723235:1.6124245649824895] [-3.1017724077380922:2.6638104644029181] [-1.2374679934516926:3.8504285899817301] [-2.4237876298289769:2.6587805542599083] [-2.0765162101788617:2.5153201656779127] [-1.3139947482908882:2.7745221388233214] [-2.5018184032706166:2.9866552178790267] [-1.7991902370546689:1.4641344636414955] [-1.8662701971189142:1.7718387800197279] [-1.0359136242208751:0.67130252868868656] [-1.0956022543138875:0.6894234222411012] [-1.0359136242208751:0.67130252868868645] [-2.3303958347442411:2.8911735732725234] [-3.203142619654467:3.4960634222766624] [-2.864976672415203:2.8444892239404105] [-1.9441823346786884:2.794539336112229] [-2.2045528349479473:1.8602207661181134] [-2.073806743600723:1.8776539872341427] [-3.22730697494781:2.1914908025246298] [-1.791596902848964:1.5798853244593614] [-0.95311332106779612:2.8266158281320117] [-3.5426093449479206:3.3343850685449112] [-3.266275601768867:2.9371165698319692] [-2.5035699052605871:2.2161594443066361] [-2.4779152874084187:2.3825223499519028] [-2.0050316247267843:2.4342637725924359] [-2.1502872428038593:2.2822282932168041] [-1.9410097563727928:2.0083515424798408] [-2.045958981274989:2.2115019867135035] [-1.2250202424984911:3.1623936328397653] [-1.233600967736864:3.7113562446940365] [-1.3255527136439367:2.6913239778421021] [-1.1779452161730728:1.8110293583140038] [-2.0395739001084059:1.6001082171943624] [-1.7567776806963606:1.65925414687714] [-1.9712004286400655:11.838204433314683] [-591.26272173030611:94.299742658723929] [-487.88452233125531:101.54981277526774] [-640.71422599092864:47.124909940064221] [-1.1315825525699543:3.3039451481235864] [-1.8575166379391064:1.7189113789261443] [-1.1630451037579781:6.3306757537243845] [-3.867652320206032:4.5928419695727802] [-10.080950183483392:8.3561647121438938] [-1:1] [-0.83333333333333337:1] [0:1] [0:1] [-3.5827524790285139:4.3154473429230844] [-4.0562963676519814:2.3325201469451535] [-2.3371901645858775:1.5896574009008153] [-1.0274268497732129:2.3357271815079783] [-2.4322724946438954:1.3307201708314245] [-1.6890439213934751:0.32198573389654961] [-3.1162375656751777:3.5618550970343854] [-2.6870600889011795:2.4642119376221836] [-2.2037955126117197:1.8814437383060789] [-5.2041482469319345:4.62175589265863] [-4.6824358897052862:3.1132511247180097] [-3.3848662895719825:2.7851417237344869] [-1.1908867465495157:2.8007615344486911] [-2.2681090010099756:2.3378761093364768] [-2.5250894390556629:0.63282021715880832] [-3.842542148544521:4.4110708728842782] [-5.8218830951028187:4.7771464635793484] [-3.0570301291189557:4.0039166123806176] [-3.4149222621736537:2.2637245097514103] [-2.4849234623351513:1.6988141700002217] [-0.97633263491196676:2.2945517100392245] [-2.1925063718660263:1.3054812176665234] [-1.4932433393359004:0.31621236668352115] [-4.5375414742882816:7.8684650966946004] [-4.026775521979026:5.531294041176305] [-2.4075809636944698:4.1386428494967609] [-1.3142431115432558:4.6913393178528615] [-1.2128981195284769:7.9575246151762205] [-1.2342879427283697:2.3332994795062194] [-6.5012829421683316:6.6774679662524203] [-4.5314239788777808:3.5165865070917639] [-2.7362485311784321:3.7476521811905683] [-1.2110853712017766:3.5468492269786567] [-1.7992957978891841:4.4364559203739287] [-0.82368239422926026:2.1645217940033317] [-11.27594426910813:11.053455300399325] [-6.0430216689232639:5.2431771126783069] [-3.4757321594287305:3.7646132649841171] [-0.99442636989927358:3.1105443689538159] [-2.1401439080565452:4.0585434417468562] [-1.2362702197861926:0.66804965344588041] [-3.9512664843552812:2.9641871078954387] [-3.4514510044756408:3.0002289885661177] [-2.5789550090238884:1.7081445447705399] [-1.3289290026479641:3.1979541374411764] [-2.1178782621448935:1.8611384999996154] [-1.4798276692460424:0.43536976673221567] [-5.4319512925505906:3.1945137541572954] [-4.1934446333566422:3.5527150999290673] [-1.9383757265739703:2.8733719832576732] [-1.3418839681076882:4.1208695833090481] [-1.7869055809535381:4.4869946740840305] [-1.5859886714312248:1.2791442770769939] [-4.4114147880816903:2.6608820866267151] [-3.8070309579488875:3.5206849978859003] [-1.9938529087765051:2.6178321298180087] [-1.382153821989083:3.9204440540424792] [-1.6127681151416453:3.8518977322871573] [-1.6113604439853819:1.2009760920944479] [-3.3361687522286663:3.5683491125216622] [-2.2396029048155199:2.6507179314534244] [-1.9757013423130925:2.042186105971624] [-1.4708356128285724:1.9617766305172581] [-1.488955723010376:2.0512904020169129] [-2.4266646458755412:0.64899957575063594] [-3.2185615159771666:3.4559804766769173] [-2.776366177316814:3.5941854834439781] [-1.7324055609268327:2.473058254893183] [-0.76630026662546491:2.7420384320344202] [-1.5092611797183133:2.4102295088095991] [-1.3774647631077823:0.90147170386274167]
tree_sizes=751 858 763 772 860 772 864 689 773 687 861 852 863 686 690 776 686 870 687 689 683 856 603 862 684 772 774 776 765 772 771 611 608 607 602 602 605 589 776 601 877 605 859 600 604 608 686 778 605 605 603 606 606 602 601 874 786 778 602 600 517 867 603 603 591 870 871 601 605 609 781 607 877 870 789 689 689 871 874 604 605 861 874 867 512 778 782 781 606 603 607 780 781 868 600 858 689 766 782 773 851 778 869 608 788 782 783 871 609 613 607 607 607 691 692 869 687 787 864 864

Tree=0
num_leaves=7
num_cat=0
split_feature=61 76 40 37 113 25
split_gain=16.0388 19.7603 14.7353 13.2319 4.77867 1.04895
threshold=-1.2086931003890786 0.41254950671804824 -0.5011207189811232 0.70718361453760636 0.01401318716869218 -0.68904041646044789
decision_type=2 2 2 2 2 2
left_child=4 2 -2 -3 5 -1
right_child=1 3 -4 -5 -6 -7
leaf_value=0.01696989730000496 0.013817912116646767 0.012162445858120919 0.015062726624310017 0.014236598666757345 0.014868942648172378 0.016924544125795363
leaf_weight=74 457 294 1076 282 63 64
leaf_count=74 457 294 1076 282 63 64
internal_value=0.0144921 0.0134594 0.0158341 0.00715643 0.025231 0.0293492
internal_weight=2310 2109 1533 576 201 138
internal_count=2310 2109 1533 576 201 138
is_linear=0
shrinkage=1


Tree=1
num_leaves=8
num_cat=0
split_feature=108 95 76 35 33 112 45
split_gain=14.5805 15.2673 12.7783 8.63844 9.98302 3.65921 3.32602
threshold=-1.1839576246670271 2.0573083067946816 0.41254950671804824 -0.17492299101748232 -0.68626318055763547 0.0057493275924042344 0.64353540618891014
decision_type=2 2 2 2 2 2 2
left_child=3 2 -2 4 -1 -5 -3
right_child=1 6 -4 5 -6 -7 -8
leaf_value=0.0025549432799220084 2.5300377607345577e-05 0.0031241540014743806 -0.0012012032717466355 0.00069576786607503886 -0.0011297492146492005 0.0013751045294106007 0.00054791143238544461
leaf_weight=41 1335 91 603 41 42 116 41
leaf_count=41 1335 91 603 41 42 116 41
internal_value=-3.46021e-05 -0.00111969 -0.00202062 0.0092562 -0.00117647 0.014717 0.0119403
internal_weight=2310 2070 1938 240 83 157 132
internal_count=2310 2070 1938 240 83 157 132
is_linear=0
shrinkage=0.04


Tree=2
num_leaves=7
num_cat=0
split_feature=61 120 64 46 45 106
split_gain=15.5157 16.943 12.96 10.1164 5.326 1.691
threshold=-1.1564599150557155 -0.10511742021549611 0.77891942051520335 3.3293054571264258 0.5443229670251627 0.26767946930838282
decision_type=2 2 2 2 2 2
left_child=4 2 -2 -3 5 -1
right_child=1 3 -4 -5 -6 -7
leaf_value=0.0016901358170211317 -0.0011741752786040306 0.00011208993816375731 0.00096398730833828451 0.00200490105047822 8.6942427873611428e-05 0.0025677775046974421
leaf_weight=41 667 1232 92 100 72 106
leaf_count=41 667 1232 92 100 72 106
internal_value=-3.46021e-05 -0.0010989 -0.00586071 0.00161919 0.0100452 0.0143624
internal_weight=2310 2091 759 1332 219 147
internal_count=2310 2091 759 1332 219 147
is_linear=0
shrinkage=0.04


Tree=3
num_leaves=7
num_cat=0
split_feature=61 76 37 35 45 107
split_gain=14.7552 17.5935 14.16 11.6888 5.11233 1.85545
threshold=-1.1564599150557155 0.41254950671804824 0.61296029044056033 0.88388320976355939 0.5443229670251627 0.042048394995194818
decision_type=2 2 2 2 2 2
left_child=4 3 -3 -2 5 -1
right_child=1 2 -4 -5 -6 -7
leaf_value=0.0022319549779474734 0.00024759374900698659 -0.0023095428013300895 -0.00023625920573830611 -0.0018502548295354843 8.3464730758666983e-05 0.0023505835904562475
leaf_weight=104 1454 256 302 79 72 43
leaf_count=104 1454 256 302 79 72 43
internal_value=3.46021e-05 -0.00100334 -0.00707143 0.00121173 0.00986425 0.014094
internal_weight=2310 2091 558 1533 219 147
internal_count=2310 2091 558 1533 219 147
is_linear=0
shrinkage=0.04


Tree=4
num_leaves=8
num_cat=0
split_feature=108 95 100 35 60 46 88
split_gain=14.7198 14.2685 13.2898 8.12444 7.48463 5.05691 2.61804
threshold=-1.1839576246670271 1.7422086027224397 0.63002989162082212 -0.17492299101748232 0.016014077544558428 0.77043500398330622 -0.61831885852984836
decision_type=2 2 2 2 2 2 2
left_child=3 2 -2 4 -1 -3 -5
right_child=1 5 -4 6 -6 -7 -8
leaf_value=0.0026953916171220784 -0.00012352431758961681 0.0028375590651163103 -0.0016128226952028036 0.001342156345766914 -0.00099308352902255067 2.6009204189014446e-05 0.00074459854328322414
leaf_weight=42 1603 131 272 84 41 64 73
leaf_count=42 1603 131 272 84 41 64 73
internal_value=8.65052e-05 -0.00100386 -0.00207778 0.00942149 -0.000705882 0.00923858 0.014717
internal_weight=2310 2070 1875 240 83 195 157
internal_count=2310 2070 1875 240 83 195 157
is_linear=0
shrinkage=0.04


Tree=5
num_leaves=7
num_cat=0
split_feature=61 76 64 40 45 107
split_gain=13.7385 16.48 13.6142 13.443 5.34213 2.24233
threshold=-1.1564599150557155 0.41254950671804824 0.76972390721447181 -0.5011207189811232 0.5443229670251627 0.042048394995194818
decision_type=2 2 2 2 2 2
left_child=4 3 -3 -2 5 -1
right_child=1 2 -4 -5 -6 -7
leaf_value=0.0020898657312418689 -0.00065087371229561903 -0.0018112556481664668 0.00093595925256775999 0.00052736603372362527 4.4364956035930181e-05 0.0021430578842333453
leaf_weight=104 457 486 72 1076 72 43
leaf_count=104 457 486 72 1076 72 43
internal_value=1.7301e-05 -0.000984233 -0.00685714 0.00115961 0.00950226 0.0138255
internal_weight=2310 2091 558 1533 219 147
internal_count=2310 2091 558 1533 219 147
is_linear=0
shrinkage=0.04


Tree=6
num_leaves=8
num_cat=0
split_feature=108 95 100 35 33 46 112
split_gain=12.3784 12.5207 13.6402 7.58079 8.67383 4.41205 3.64644
threshold=-1.1839576246670271 1.7422086027224397 0.63002989162082212 -0.17492299101748232 -0.68626318055763547 0.77043500398330622 0.0057493275924042344
decision_type=2 2 2 2 2 2 2
left_child=3 2 -2 4 -1 -3 -5
right_child=1 5 -4 6 -6 -7 -8
leaf_value=0.0023094478952044705 -9.254839639420733e-05 0.0026383343871423238 -0.0016017182657538309 0.00057876890876558602 -0.0011540873966609979 2.6140003490140018e-05 0.0012439192359663008
leaf_weight=41 1603 131 272 41 42 64 116
leaf_count=41 1603 131 272 41 42 64 116
internal_value=3.46021e-05 -0.000965251 -0.00197123 0.00859504 -0.00117647 0.00862944 0.0137107
internal_weight=2310 2070 1875 240 83 195 157
internal_count=2310 2070 1875 240 83 195 157
is_linear=0
shrinkage=0.04


Tree=7
num_leaves=6
num_cat=0
split_feature=35 61 120 45 102
split_gain=12.6325 12.732 14.6629 3.34563 2.14588
threshold=0.94854217267500018 -1.1564599150557155 -0.10511742021549611 0.5443229670251627 0.12758072349545665
decision_type=2 2 2 2 2
left_child=1 3 -3 -1 -2
right_child=4 2 -4 -5 -6
leaf_value=0.0019561445984146082 -0.0027082983454841335 -0.00074703781101756505 0.00027617672972894502 0.00048934346765783362 -0.0010627109450059456
leaf_weight=145 65 715 1278 64 43
leaf_count=145 65 715 1278 64 43
internal_value=0.000138408 0.000798548 -0.000190476 0.0101422 -0.0130909
internal_weight=2310 2202 1993 209 108
internal_count=2310 2202 1993 209 108
is_linear=0
shrinkage=0.04


Tree=8
num_leaves=7
num_cat=0
split_feature=61 76 35 63 93 46
split_gain=11.0615 14.6903 11.0676 11.06 4.98124 3.17677
threshold=-1.1564599150557155 0.41254950671804824 0.71739343480883233 0.70790972669923702 0.7876630629966801 0.73694533060950096
decision_type=2 2 2 2 2 2
left_child=4 2 -2 -3 -1 -6
right_child=1 3 -4 -5 5 -7
leaf_value=-3.1539323512399552e-05 0.00026223569309757276 -0.0017761030351613868 -0.0014013212971682556 0.00085385564316942217 0.0023329843641306004 0.00049574438348981911
leaf_weight=66 1387 463 146 95 110 43
leaf_count=66 1387 463 146 95 110 43
internal_value=8.65052e-05 -0.000812231 0.00121173 -0.00635714 0.00859729 0.0125161
internal_weight=2310 2091 1533 558 219 153
internal_count=2310 2091 1533 558 219 153
is_linear=0
shrinkage=0.04


Tree=9
num_leaves=6
num_cat=0
split_feature=108 40 40 70 100
split_gain=11.56 10.553 12.4043 5.49556 7.56176
threshold=-1.165745898507599 -1.0279477716191043 -0.59888148323027635 -0.075892424274079953 0.66950776900601328
decision_type=2 2 2 2 2
left_child=3 -2 -3 4 -1
right_child=1 2 -4 -5 -6
leaf_value=-0.00010983695390822057 0.0020413425716279371 -0.0010265786180081856 7.6788309286462968e-06 0.001265856099441268 0.0014088031762058968
leaf_weight=122 40 281 1731 54 82
leaf_count=122 40 281 1731 54 82
internal_value=0.000207612 -0.000798442 -0.00121152 0.00815385 0.00504854
internal_weight=2310 2052 2012 258 204
internal_count=2310 2052 2012 258 204
is_linear=0
shrinkage=0.04


Tree=10
num_leaves=8
num_cat=0
split_feature=108 95 96 35 33 113 88
split_gain=11.3239 12.2497 12.0361 7.32717 8.67383 4.41751 3.62827
threshold=-1.1839576246670271 1.6697031474721329 -0.34728069780521914 -0.17492299101748232 -0.68626318055763547 0.24518319876339256 -0.61831885852984836
decision_type=2 2 2 2 2 2 2
left_child=3 2 -2 4 -1 -3 -5
right_child=1 5 -4 6 -6 -7 -8
leaf_value=0.0021391813554349948 0.00018025620353446514 0.002257576208494387 -0.00066636686150622947 0.001155712541500949 -0.0011250669195512898 4.3830821104470297e-05 0.00059519549934844592
leaf_weight=41 750 135 1116 84 42 69 73
leaf_count=41 750 135 1116 84 42 69 73
internal_value=0.000242215 -0.000714286 -0.00173448 0.00842975 -0.00117647 0.00854369 0.0134591
internal_weight=2310 2070 1866 240 83 204 157
internal_count=2310 2070 1866 240 83 204 157
is_linear=0
shrinkage=0.04


Tree=11
num_leaves=8
num_cat=0
split_feature=108 61 100 35 24 112 106
split_gain=11.7062 9.61212 13.4978 5.7381 7.40381 5.361 3.8171
threshold=-1.165745898507599 -1.2086931003890786 0.71335710780565798 -0.17492299101748232 -0.88990383410089713 1.0000000180025095e-35 0.36457926711015859
decision_type=2 2 2 2 2 2 2
left_child=3 6 -3 4 -1 -5 -2
right_child=1 2 -4 5 -6 -7 -8
leaf_value=0.0026664116893275651 0.00047140416857682072 -6.2897767761192151e-05 -0.0017139713482049285 0.00028398106410327259 -0.0009174311694221572 0.0011020764940952376 0.0021490547879884549
leaf_weight=40 81 1686 189 46 48 124 96
leaf_count=40 81 1686 189 46 48 124 96
internal_value=0.000311419 -0.000701071 -0.00154502 0.00830769 0 0.0125581 0.00815642
internal_weight=2310 2052 1875 258 88 170 177
internal_count=2310 2052 1875 258 88 170 177
is_linear=0
shrinkage=0.04


Tree=12
num_leaves=8
num_cat=0
split_feature=114 45 95 76 26 63 40
split_gain=10.7219 12.0766 10.7045 10.9394 7.46558 4.14505 2.77065
threshold=0.51839254328522133 1.0439087856056106 1.5166196616954819 0.41254950671804824 -0.52401580212362797 -0.13592492690239652 0.95044310931808607
decision_type=2 2 2 2 2 2 2
left_child=2 4 3 -1 -2 -3 -4
right_child=1 5 6 -5 -6 -7 -8
leaf_value=0.00027578401413121025 7.4495435184661891e-05 0.0024725277949635429 0.00098382588611997559 -0.00085789453365069156 -0.0017361886350263438 -7.6571303620420061e-05 0.0027560942158002233
leaf_weight=1308 70 57 111 420 209 63 72
leaf_count=1308 70 57 111 420 209 63 72
internal_value=0.000311419 -0.00563591 0.00155776 0.000578035 -0.0101779 0.00491803 0.0107027
internal_weight=2310 399 1911 1728 279 120 183
internal_count=2310 399 1911 1728 279 120 183
is_linear=0
shrinkage=0.04


Tree=13
num_leaves=6
num_cat=0
split_feature=35 64 61 112 125
split_gain=11.5642 10.9225 12.6733 2.94636 2.35712
threshold=0.94854217267500018 1.0777530669315161 -1.1564599150557155 -0.11134703236141921 0.13776390768107288
decision_type=2 2 2 2 2
left_child=1 2 -1 -3 -2
right_child=4 3 -4 -5 -6
leaf_value=0.0014778873394593022 -0.0023687325123714418 0.00025772984902244246 -0.00010409349135411257 0.0024468773739163654 -0.00034954993924859529
leaf_weight=209 61 42 1884 67 47
leaf_count=209 61 42 1884 67 47
internal_value=0.000294118 0.00092559 0.00027685 0.0131532 -0.0123636
internal_weight=2310 2202 2093 109 108
internal_count=2310 2202 2093 109 108
is_linear=0
shrinkage=0.04


Tree=14
num_leaves=6
num_cat=0
split_feature=108 40 40 112 63
split_gain=10.9182 10.462 12.3122 4.3288 4.02426
threshold=-1.1839576246670271 -1.0279477716191043 -0.5011207189811232 -0.033258736250125459 0.45710849943762383
decision_type=2 2 2 2 2
left_child=3 -2 -3 -1 -5
right_child=1 2 -4 4 -6
leaf_value=-0.00032006160964193276 0.0019481269104208048 -0.00081801106179772015 6.1236668984633729e-05 0.00099886140461623004 7.92787147395932e-06
leaf_weight=48 40 420 1610 147 45
leaf_count=48 40 420 1610 147 45
internal_value=0.000224913 -0.000714286 -0.00112205 0.00826446 0.0109278
internal_weight=2310 2070 2030 240 192
internal_count=2310 2070 2030 240 192
is_linear=0
shrinkage=0.04


Tree=15
num_leaves=7
num_cat=0
split_feature=108 40 40 35 33 112
split_gain=10.8713 10.4416 12.0125 6.37671 8.0618 3.12949
threshold=-1.1839576246670271 -1.0279477716191043 -0.59888148323027635 -0.17492299101748232 -0.68626318055763547 0.0057493275924042344
decision_type=2 2 2 2 2 2
left_child=3 -2 -3 4 -1 -5
right_child=1 2 -4 5 -6 -7
leaf_value=0.0019001355565487594 0.0018702018340039728 -0.00090169667931951037 2.7328696801422643e-05 0.0004868222329086554 -0.0010666968599246608 0.001011171357235695
leaf_weight=41 40 282 1748 41 42 116
leaf_count=41 40 282 1748 41 42 116
internal_value=0.000242215 -0.000694981 -0.00110236 0.00826446 -0.000705882 0.012956
internal_weight=2310 2070 2030 240 83 157
internal_count=2310 2070 2030 240 83 157
is_linear=0
shrinkage=0.04


Tree=16
num_leaves=6
num_cat=0
split_feature=35 61 76 93 24
split_gain=10.7565 9.77748 12.3389 3.26481 2.34267
threshold=0.94854217267500018 -1.1564599150557155 0.41254950671804824 0.7876630629966801 0.72731126131152801
decision_type=2 2 2 2 2
left_child=1 3 -3 -1 -2
right_child=4 2 -4 -5 -6
leaf_value=0.00018573545091492074 -0.00083995660323078368 0.00020155352835260877 -0.00089524183278460567 0.0016332658477376926 -0.0024361917491497807
leaf_weight=59 41 1487 506 150 67
leaf_count=59 41 1487 506 150 67
internal_value=0.000207612 0.000816697 -5.01253e-05 0.00900474 -0.012
internal_weight=2310 2202 1993 209 108
internal_count=2310 2202 1993 209 108
is_linear=0
shrinkage=0.04


Tree=17
num_leaves=8
num_cat=0
split_feature=114 45 58 40 119 26 123
split_gain=9.83475 12.379 9.85382 13.8881 9.45998 7.27897 3.56084
threshold=0.51839254328522133 1.0439087856056106 0.28612831674425271 -0.50953384921783396 -0.40000423389789291 -0.52401580212362797 0.17162663441670487
decision_type=2 2 2 2 2 2 2
left_child=2 5 3 -1 -4 -2 -3
right_child=1 6 4 -5 -6 -7 -8
leaf_value=-0.00060130870883653238 6.4074601665893292e-05 -0.00056530678539814356 0.00069248335809959623 0.00071682498980838751 -0.00062922996663449557 -0.0016721413541854139 0.0013573314566768797
leaf_weight=246 70 41 111 1020 534 209 79
leaf_count=246 70 41 111 1020 534 209 79
internal_value=0.000259516 -0.00543641 0.00145321 0.00350158 -0.00256569 -0.0100356 0.0052459
internal_weight=2310 399 1911 1266 645 279 120
internal_count=2310 399 1911 1266 645 279 120
is_linear=0
shrinkage=0.04


Tree=18
num_leaves=6
num_cat=0
split_feature=35 95 101 25 102
split_gain=10.8175 9.09764 10.7223 5.44207 2.05954
threshold=0.94854217267500018 1.5323419872066124 0.51456621222771481 -1.1865187170564597 0.12758072349545665
decision_type=2 2 2 2 2
left_child=1 2 -1 -3 -2
right_child=4 3 -4 -5 -6
leaf_value=0.00012539230529646944 -0.0022698406135095691 -0.00026486286571303087 -0.00092546368076357221 0.0023315478561405948 -0.00072279820649625594
leaf_weight=1641 65 52 358 151 43
leaf_count=1641 65 52 358 151 43
internal_value=0.000242215 0.000852995 2.9985e-05 0.00887805 -0.012
internal_weight=2310 2202 1999 203 108
internal_count=2310 2202 1999 203 108
is_linear=0
shrinkage=0.04


Tree=19
num_leaves=6
num_cat=0
split_feature=64 40 94 40 105
split_gain=10.1396 11.3338 16.3042 13.8803 3.27145
threshold=1.0777530669315161 -0.59888148323027635 0.53899585993266408 -0.97317536587423736 0.14422553954744533
decision_type=2 2 2 2 2
left_child=1 3 -3 -1 -2
right_child=4 2 -4 -5 -6
leaf_value=0.0018069267008072713 0.0019699434468364169 0.00031868178417558332 -0.00090065294522058989 -0.00098413847560698941 0.0004445616628224986
leaf_weight=40 76 1404 515 234 41
leaf_count=40 76 1404 515 234 41
internal_value=0.000224913 -0.0003918 0.000697553 -0.00797101 0.0115966
internal_weight=2310 2193 1919 274 117
internal_count=2310 2193 1919 274 117
is_linear=0
shrinkage=0.04


Tree=20
num_leaves=6
num_cat=0
split_feature=35 64 61 123 41
split_gain=9.58659 8.44621 9.4378 3.35403 2.91948
threshold=0.9025729944709534 1.0777530669315161 -1.1777405690740224 0.060320361037676046 0.2801718857408575
decision_type=2 2 2 2 2
left_child=1 2 -1 -2 -3
right_child=3 4 -4 -5 -6
leaf_value=0.0013159871587234146 -0.0021430208711603629 0.00038324990473640255 -7.0415409738179701e-05 -0.00015788144975351513 0.0019450354581356511
leaf_weight=197 77 40 1870 58 68
leaf_count=197 77 40 1870 58 68
internal_value=0.000190311 0.000836013 0.000260996 -0.010073 0.0116364
internal_weight=2310 2175 2067 135 108
internal_count=2310 2175 2067 135 108
is_linear=0
shrinkage=0.04


Tree=21
num_leaves=8
num_cat=0
split_feature=107 35 95 69 64 46 112
split_gain=8.33519 11.7938 14.0266 7.5163 7.03566 7.32791 3.68226
threshold=-0.47805524479299671 -0.42784520101399787 0.4409486137103748 0.58827891007134825 0.8944384307334089 4.8417766910407574 -0.053712811350584894
decision_type=2 2 2 2 2 2 2
left_child=1 2 -1 -3 5 -2 -6
right_child=4 3 -4 -5 6 -7 -8
leaf_value=-0.0017551329340856042 -0.00032861677157368721 0.0011141523352146277 0.0015267984556226822 -0.00028889181044445709 0.00017552194325573496 0.0017301389578061597 0.0020226605180910006
leaf_weight=106 1538 298 77 92 62 80 57
leaf_count=106 1538 298 77 92 62 80 57
internal_value=0.00017301 0.00434783 -0.004 0.00826531 -0.00120759 -0.00190123 0.00809917
internal_weight=2310 573 183 390 1737 1618 119
internal_count=2310 573 183 390 1737 1618 119
is_linear=0
shrinkage=0.04


Tree=22
num_leaves=5
num_cat=0
split_feature=35 40 40 125
split_gain=8.89219 7.54183 10.6108 3.21501
threshold=0.94854217267500018 -0.9260461902664503 -0.5011207189811232 0.13776390768107288
decision_type=2 2 2 2
left_child=1 -1 -3 -2
right_child=3 2 -4 -5
leaf_value=0.0017516187798212756 -0.0020347250469912644 -0.00058325438527313887 0.00018999093330202368 -0.00020053543524710458
leaf_weight=45 61 391 1766 47
leaf_count=45 61 391 1766 47
internal_value=0.000190311 0.000744102 0.000398333 -0.0109091
internal_weight=2310 2202 2157 108
internal_count=2310 2202 2157 108
is_linear=0
shrinkage=0.04


Tree=23
num_leaves=8
num_cat=0
split_feature=126 40 106 94 69 47 82
split_gain=8.44263 9.533 13.7051 9.9127 8.92031 9.90557 9.54038
threshold=-0.20215372103913046 -0.59888148323027635 0.1254206243546605 0.47166057725104388 0.53001435876890624 1.715226089505588 4.3435690932629685
decision_type=2 2 2 2 2 2 2
left_child=4 2 -2 -3 6 -6 -1
right_child=1 3 -4 -5 5 -7 -8
leaf_value=0.00068083842522131813 -0.0012160232658598919 0.00032554917474855228 0.0028497589005365576 -0.0010537161923562764 -0.0012512215241128717 0.00052889866092378096 -0.00089219828609509962
leaf_weight=658 179 757 40 446 147 41 42
leaf_count=658 179 757 40 446 147 41 42
internal_value=0.000224913 -0.00168539 -0.00932127 -0.000282158 0.0032809 -0.00442105 0.00535613
internal_weight=2310 1422 219 1203 888 188 700
internal_count=2310 1422 219 1203 888 188 700
is_linear=0
shrinkage=0.04


Tree=24
num_leaves=6
num_cat=0
split_feature=35 40 40 125 24
split_gain=8.86166 7.70178 9.24273 5.75722 1.46158
threshold=0.9025729944709534 -0.9260461902664503 -0.5011207189811232 0.45026887363886187 0.74292259450497278
decision_type=2 2 2 2 2
left_child=1 -1 -3 4 -2
right_child=3 2 -4 -5 -6
leaf_value=0.001712522550164538 -0.0011083898248494108 -0.00053291691982011171 0.00018043067505677313 0.00026128636936131546 -0.0019982463157716818
leaf_weight=42 40 383 1750 40 55
leaf_count=42 40 383 1750 40 55
internal_value=8.65052e-05 0.000707395 0.00036534 -0.00978102 -0.0150515
internal_weight=2310 2175 2133 135 95
internal_count=2310 2175 2133 135 95
is_linear=0
shrinkage=0.04


Tree=25
num_leaves=7
num_cat=0
split_feature=95 76 37 82 25 124
split_gain=8.76306 10.315 10.6375 7.46324 3.48175 1.957
threshold=1.9892466871409409 0.38301560218602881 0.70718361453760636 0.84110668941691102 -1.161150201844465 0.73787295283703991
decision_type=2 2 2 2 2 2
left_child=1 3 -3 -1 -2 -6
right_child=4 2 -4 -5 5 -7
leaf_value=3.2329355284295631e-05 -0.00010353640136467058 -0.0015022516718666617 8.1071805879071737e-05 0.00091219533939281537 0.0011600070187610338 0.0032388509284552226
leaf_weight=1338 41 331 317 174 40 69
leaf_count=1338 41 331 317 174 40 69
internal_value=0.000190311 -0.000462535 -0.00467692 0.00134742 0.00947368 0.0131532
internal_weight=2310 2160 648 1512 150 109
internal_count=2310 2160 648 1512 150 109
is_linear=0
shrinkage=0.04


Tree=26
num_leaves=7
num_cat=0
split_feature=95 94 40 64 25 124
split_gain=7.92126 9.82877 14.9461 13.7154 3.12352 1.57431
threshold=1.9892466871409409 0.53899585993266408 -0.5011207189811232 0.94779701904027303 -1.161150201844465 0.73787295283703991
decision_type=2 2 2 2 2 2
left_child=1 2 -1 -3 -2 -6
right_child=4 3 -4 -5 5 -7
leaf_value=-0.00060685227936455261 -9.9394945310083701e-05 -0.0014067235204605192 0.00034060579970030593 0.0011277552727271944 0.0011136067380105926 0.0031092968913170134
leaf_weight=401 41 409 1291 59 40 69
leaf_count=401 41 409 1291 59 40 69
internal_value=0.000121107 -0.000499537 0.000920897 -0.00561702 0.00894737 0.0124324
internal_weight=2310 2160 1692 468 150 109
internal_count=2310 2160 1692 468 150 109
is_linear=0
shrinkage=0.04


Tree=27
num_leaves=7
num_cat=0
split_feature=114 45 100 40 18 63
split_gain=8.13339 10.5391 7.11086 7.75207 5.52446 4.14505
threshold=0.51839254328522133 1.0439087856056106 2.7684668716085468 0.92381421218821769 0.29388942196542855 -0.13592492690239652
decision_type=2 2 2 2 2 2
left_child=2 4 3 -1 -2 -3
right_child=1 5 -4 -5 -6 -7
leaf_value=6.6880187570943461e-05 -0.00059866265707675967 0.0021986632912241308 -0.0012837674887691082 0.0015697147979385668 -0.0026405824535642042 -0.00017478088956512179
leaf_weight=1682 186 57 45 184 93 63
leaf_count=1682 186 57 45 184 93 63
internal_value=0.000242215 -0.00493766 0.00132776 0.00171306 -0.00918149 0.00491803
internal_weight=2310 399 1911 1866 279 120
internal_count=2310 399 1911 1866 279 120
is_linear=0
shrinkage=0.04


Tree=28
num_leaves=7
num_cat=0
split_feature=95 76 36 37 46 124
split_gain=7.62 9.1183 9.31504 9.28181 3.48864 1.4703
threshold=2.0573083067946816 0.38301560218602881 1.0364627632680012 0.70718361453760636 0.73694533060950096 0.84667626526861717
decision_type=2 2 2 2 2 2
left_child=1 2 -1 -3 5 -2
right_child=4 3 -4 -5 -6 -7
leaf_value=0.00017154140407610471 0.0011179216689770628 -0.0013860045866889532 -0.0013394787073782578 8.8635169091811036e-05 -1.4541939757827527e-05 0.0031422360384737069
leaf_weight=1475 40 335 40 328 42 50
leaf_count=1475 40 335 40 328 42 50
internal_value=0.000294118 -0.000275229 0.00143705 -0.00418045 0.00955224 0.013913
internal_weight=2310 2178 1515 663 132 90
internal_count=2310 2178 1515 663 132 90
is_linear=0
shrinkage=0.04


Tree=29
num_leaves=7
num_cat=0
split_feature=126 32 82 84 94 47
split_gain=7.84234 7.75455 8.50676 7.497 7.78505 3.75535
threshold=-0.20215372103913046 0.97447740916121772 4.3435690932629685 1.3551883535861589 0.47166057725104388 -0.28812015294263937
decision_type=2 2 2 2 2 2
left_child=1 2 -1 4 -2 -5
right_child=3 -3 -4 5 -6 -7
leaf_value=0.0004421009541572993 -0.0001120899578400207 -0.0020166798570252697 -0.00085334354864117221 -0.0014263980434020569 -0.0016198072871742304 0.0016568431666683816
leaf_weight=795 894 48 45 44 333 151
leaf_count=795 894 48 45 44 333 151
internal_value=0.000380623 0.00332584 0.00422803 -0.00146067 -0.00262002 0.0057868
internal_weight=2310 888 840 1422 1227 195
internal_count=2310 888 840 1422 1227 195
is_linear=0
shrinkage=0.04


Tree=30
num_leaves=7
num_cat=0
split_feature=95 94 13 40 46 124
split_gain=7.56317 8.38917 14.6088 13.6773 3.48864 1.4703
threshold=2.0573083067946816 0.53899585993266408 -0.36029122017771148 -0.5011207189811232 0.73694533060950096 0.84667626526861717
decision_type=2 2 2 2 2 2
left_child=1 3 -3 -1 5 -2
right_child=4 2 -4 -5 -6 -7
leaf_value=-0.00056937200809292982 0.0011379970937049494 0.00052955765844216456 -0.0012804074396561321 0.00031879821794974567 -7.4075760186414344e-05 0.0029502728702680233
leaf_weight=402 40 59 421 1296 42 50
leaf_count=402 40 59 421 1296 42 50
internal_value=0.00032872 -0.000238532 -0.00489627 0.00108235 0.00955224 0.013913
internal_weight=2310 2178 480 1698 132 90
internal_count=2310 2178 480 1698 132 90
is_linear=0
shrinkage=0.04


Tree=31
num_leaves=5
num_cat=0
split_feature=40 40 112 68
split_gain=7.62093 8.43115 12.1756 10.7076
threshold=-1.0279477716191043 -0.59888148323027635 -0.0046510177272243115 -0.20703430394508399
decision_type=2 2 2 2
left_child=-1 2 -2 -3
right_child=1 3 -4 -5
leaf_value=0.0015815476868885061 -0.00071334935077870605 0.00065896476402013422 0.0019619702832311286 -0.00011340734332359825
leaf_weight=40 226 560 61 1423
leaf_count=40 226 560 61 1423
internal_value=0.000259516 -5.28169e-05 -0.00643599 0.000876574
internal_weight=2310 2270 287 1983
internal_count=2310 2270 287 1983
is_linear=0
shrinkage=0.04


Tree=32
num_leaves=5
num_cat=0
split_feature=40 107 35 40
split_gain=7.62093 8.332 13.379 8.80056
threshold=-1.0279477716191043 -0.42767195544057846 -0.42784520101399787 -0.58417725676502819
decision_type=2 2 2 2
left_child=-1 2 -2 -3
right_child=1 3 -4 -5
leaf_value=0.0015182857794129659 -0.00045344452744120633 -0.00066428023096910946 0.00062496618518951619 -5.820788827794063e-05
leaf_weight=40 194 253 442 1381
leaf_count=40 194 253 442 1381
internal_value=0.000259516 -5.28169e-05 0.00382445 -0.00156479
internal_weight=2310 2270 636 1634
internal_count=2310 2270 636 1634
is_linear=0
shrinkage=0.04


Tree=33
num_leaves=5
num_cat=0
split_feature=40 107 35 40
split_gain=7.58973 7.76383 11.4304 8.18481
threshold=-1.0279477716191043 -0.47805524479299671 -0.42784520101399787 -0.58931581397560895
decision_type=2 2 2 2
left_child=-1 2 -2 -3
right_child=1 3 -4 -5
leaf_value=0.0014575543482364473 -0.00039278380086090457 -0.00062243639017221081 0.00066283162173216294 -3.9207129906646407e-05
leaf_weight=40 183 254 390 1443
leaf_count=40 183 254 390 1443
internal_value=0.000294118 -1.76056e-05 0.004 -0.00137728
internal_weight=2310 2270 573 1697
internal_count=2310 2270 573 1697
is_linear=0
shrinkage=0.04


Tree=34
num_leaves=5
num_cat=0
split_feature=40 95 94 46
split_gain=7.66785 7.79552 7.93341 3.27401
threshold=-1.0279477716191043 2.0573083067946816 0.55955758633123542 0.73694533060950096
decision_type=2 2 2 2
left_child=-1 2 -2 -3
right_child=1 3 -4 -5
leaf_value=0.0013992521743069893 5.1467347055463924e-05 0.0020214613474589197 -0.00093339074802901783 -4.7703569116279846e-05
leaf_weight=40 1688 90 450 42
leaf_count=40 1688 90 450 42
internal_value=0.000207612 -0.000105634 -0.000691589 0.00925373
internal_weight=2310 2270 2138 132
internal_count=2310 2270 2138 132
is_linear=0
shrinkage=0.04


Tree=35
num_leaves=5
num_cat=0
split_feature=40 35 125 114
split_gain=7.66785 8.0465 7.44115 6.20897
threshold=-1.0279477716191043 0.86651571157746476 0.52897180695055768 -1.3792421994069366
decision_type=2 2 2 2
left_child=-1 3 -3 -2
right_child=1 2 -4 -5
leaf_value=0.0013432820873347099 0.00090008423366814581 -0.0017544003037493739 0.00050178430146242145 7.5622032386075262e-06
leaf_weight=40 75 113 40 2042
leaf_count=40 75 113 40 2042
internal_value=0.000207612 -0.000105634 -0.00890323 0.00053799
internal_weight=2310 2270 153 2117
internal_count=2310 2270 153 2117
is_linear=0
shrinkage=0.04


Tree=36
num_leaves=5
num_cat=0
split_feature=40 64 40 112
split_gain=7.63655 6.86529 12.4425 3.00506
threshold=-1.0279477716191043 1.0777530669315161 -0.63017127891250502 1.0000000180025095e-35
decision_type=2 2 2 2
left_child=-1 2 -2 -3
right_child=1 3 -4 -5
leaf_value=0.0012895508038413218 -0.00074525783369063989 6.2459091526450054e-05 2.9908483524234698e-05 0.0020192410128636131
leaf_weight=40 212 40 1951 67
leaf_count=40 212 40 1951 67
internal_value=0.000242215 -7.04225e-05 -0.00056351 0.00972477
internal_weight=2310 2270 2163 107
internal_count=2310 2270 2163 107
is_linear=0
shrinkage=0.04


Tree=37
num_leaves=5
num_cat=0
split_feature=40 35 125 64
split_gain=7.57415 6.86988 6.68379 6.63754
threshold=-1.0279477716191043 0.86651571157746476 0.52897180695055768 1.0777530669315161
decision_type=2 2 2 2
left_child=-1 3 -3 -2
right_child=1 2 -4 -5
leaf_value=0.0012379687716876687 5.3245986768094523e-06 -0.0016854206309403681 0.00044557981892391895 0.0010780264937027201
leaf_weight=40 2020 113 40 97
leaf_count=40 2020 113 40 97
internal_value=0.000311419 0 -0.00812903 0.00059462
internal_weight=2310 2270 153 2117
internal_count=2310 2270 153 2117
is_linear=0
shrinkage=0.04


Tree=38
num_leaves=7
num_cat=0
split_feature=114 46 42 37 68 44
split_gain=7.07172 7.89904 7.94674 7.36653 8.38957 5.94142
threshold=0.47800711922324041 2.1768576134514555 -0.86150821123369437 1.0973117179318461 -0.17251555075248787 -0.7449259196788941
decision_type=2 2 2 2 2 2
left_child=3 2 -2 4 -1 -5
right_child=1 -3 -4 5 -6 -7
leaf_value=0.00036471049342243352 0.00041882611675166131 0.0012192370249473181 -0.0008828394354527321 -0.0010877993518503815 -0.00018368698878405522 0.0018433997666162838
leaf_weight=750 41 75 340 41 893 170
leaf_count=750 41 75 340 41 893 170
internal_value=0.000259516 -0.00419214 -0.00652742 0.00135776 0.000449848 0.00835681
internal_weight=2310 456 381 1854 1643 211
internal_count=2310 456 381 1854 1643 211
is_linear=0
shrinkage=0.04


Tree=39
num_leaves=5
num_cat=0
split_feature=76 84 76 40
split_gain=6.14421 7.59987 7.27097 3.99223
threshold=1.9487137687407663 0.85267220446857872 0.70892791679627176 0.84423193260181328
decision_type=2 2 2 2
left_child=1 2 -1 -3
right_child=-2 3 -4 -5
leaf_value=3.0476177939684628e-05 -0.0022295350396537867 0.00034785230665395841 -0.0010284097811786154 0.002214811506274816
leaf_weight=1647 42 291 231 99
leaf_count=1647 42 291 231 99
internal_value=0.000259516 0.000546256 -0.000510638 0.00561224
internal_weight=2310 2268 1878 390
internal_count=2310 2268 1878 390
is_linear=0
shrinkage=0.04


Tree=40
num_leaves=8
num_cat=0
split_feature=114 120 18 37 68 35 14
split_gain=6.31829 8.25147 6.86936 6.85732 7.31355 5.86635 3.26303
threshold=0.47800711922324041 0.090929538684859049 -0.49365533440944004 1.0973117179318461 0.045667810102444042 -0.60156041933416438 -0.0046725599006226838
decision_type=2 2 2 2 2 2 2
left_child=3 6 -3 4 -1 -5 -2
right_child=1 2 -4 5 -6 -7 -8
leaf_value=0.00027298274744468168 -0.00034271324785173406 0.0017561496874369314 -0.00035544273935729634 0.00016030257231550911 -0.00026615587244307434 0.0020320946307549248 -0.0017539927886274882
leaf_weight=979 117 73 143 101 664 110 123
leaf_count=979 117 73 143 101 664 110 123
internal_value=0.000190311 -0.00401747 0.00165138 0.00122845 0.000352584 0.00798122 -0.00909091
internal_weight=2310 456 216 1854 1643 211 240
internal_count=2310 456 216 1854 1643 211 240
is_linear=0
shrinkage=0.04


Tree=41
num_leaves=5
num_cat=0
split_feature=40 107 14 45
split_gain=6.16573 6.58587 12.5282 7.99328
threshold=-1.0279477716191043 -0.65584091755535356 0.39969700752932324 1.1646802404636014
decision_type=2 2 2 2
left_child=-1 2 -2 -3
right_child=1 3 -4 -5
leaf_value=0.00116172324406789 0.00083714267419844547 -0.00022130301599333486 -0.0008627165509194841 0.00074772335686353205
leaf_weight=40 318 1536 111 305
leaf_count=40 318 1536 111 305
internal_value=5.19031e-05 -0.000228873 0.00422274 -0.00126967
internal_weight=2310 2270 429 1841
internal_count=2310 2270 429 1841
is_linear=0
shrinkage=0.04


Tree=42
num_leaves=8
num_cat=0
split_feature=114 46 42 95 120 25 14
split_gain=6.16353 8.30698 7.06932 6.9077 11.5509 5.71304 4.0387
threshold=0.47800711922324041 2.0556673058882615 -0.86150821123369437 1.1634836613037749 -1.3381748201805574 -1.1865187170564597 0.31076901836604992
decision_type=2 2 2 2 2 2 2
left_child=3 2 -2 4 -1 -5 -3
right_child=1 6 -4 5 -6 -7 -8
leaf_value=-0.0014725544999395896 0.00030659647551961475 -0.00033554428537301353 -0.00083837012008675593 -0.00017962574560833426 0.00013258828834046625 0.0013893301257459833 0.0019819982332422593
leaf_weight=129 41 41 334 49 1497 179 40
leaf_count=129 41 41 334 49 1497 179 40
internal_value=0.000138408 -0.00401747 -0.0065252 0.00116379 0.0002457 0.00765217 0.00746988
internal_weight=2310 456 375 1854 1626 228 81
internal_count=2310 456 375 1854 1626 228 81
is_linear=0
shrinkage=0.04


Tree=43
num_leaves=5
num_cat=0
split_feature=40 64 40 106
split_gain=6.1097 6.47971 9.73437 3.23139
threshold=-1.0279477716191043 1.0777530669315161 -0.61905584089845056 0.12322600930120579
decision_type=2 2 2 2
left_child=-1 2 -2 -3
right_child=1 3 -4 -5
leaf_value=0.0011099507827715559 -0.00059068267801570731 2.8320838787708537e-05 1.724448367871733e-05 0.0018846254341872949
leaf_weight=40 229 41 1934 66
leaf_count=40 229 41 1934 66
internal_value=0.000121107 -0.000158451 -0.000637413 0.0093578
internal_weight=2310 2270 2163 107
internal_count=2310 2270 2163 107
is_linear=0
shrinkage=0.04


Tree=44
num_leaves=5
num_cat=0
split_feature=76 84 76 46
split_gain=6.05848 7.30751 7.46263 4.92902
threshold=1.9487137687407663 0.85267220446857872 0.70892791679627176 -1.7775582683350042
decision_type=2 2 2 2
left_child=1 2 -1 -3
right_child=-2 3 -4 -5
leaf_value=1.7791162396674836e-05 -0.0021043284895146479 -0.0017606837065193416 -0.00097144155267569544 0.00089651092086438929
leaf_weight=1647 42 40 231 350
leaf_count=1647 42 40 231 350
internal_value=0.000155709 0.000440529 -0.000595745 0.00540816
internal_weight=2310 2268 1878 390
internal_count=2310 2268 1878 390
is_linear=0
shrinkage=0.04


Tree=45
num_leaves=5
num_cat=0
split_feature=40 107 14 44
split_gain=6.05391 6.17611 11.0254 6.69847
threshold=-1.0279477716191043 -0.65584091755535356 0.39969700752932324 1.1916545341692057
decision_type=2 2 2 2
left_child=-1 2 -2 -3
right_child=1 3 -4 -5
leaf_value=0.0010648411049648267 0.00083445940791847879 -0.00018688953258111463 -0.00073113782612524198 0.00071110946521235651
leaf_weight=40 318 1554 111 287
leaf_count=40 318 1554 111 287
internal_value=0.000190311 -8.80282e-05 0.00422274 -0.00109604
internal_weight=2310 2270 429 1841
internal_count=2310 2270 429 1841
is_linear=0
shrinkage=0.04


Tree=46
num_leaves=6
num_cat=0
split_feature=35 95 76 25 24
split_gain=6.15294 5.93318 6.95344 3.67979 3.0156
threshold=0.91668738594340116 2.0573083067946816 0.38301560218602881 -0.82504729778751695 0.74292259450497278
decision_type=2 2 2 2 2
left_child=1 2 -1 -3 -2
right_child=4 3 -4 -5 -6
leaf_value=0.0001466744047567881 -2.3980371347681606e-05 0.00015717145345321885 -0.00041364670538517279 0.0021638923843093922 -0.0012985775796676153
leaf_weight=1456 53 66 603 59 73
leaf_count=1456 53 66 603 59 73
internal_value=8.65052e-05 0.000585544 6.79282e-05 0.00897638 -0.0084375
internal_weight=2310 2184 2059 125 126
internal_count=2310 2184 2059 125 126
is_linear=0
shrinkage=0.04


Tree=47
num_leaves=7
num_cat=0
split_feature=95 28 90 40 25 113
split_gain=6.35556 9.96063 9.3263 6.99744 4.88293 2.60567
threshold=1.5166196616954819 0.090937289146580322 0.73335375745887765 -0.5011207189811232 -1.1865187170564597 0.7406439432968267
decision_type=2 2 2 2 2 2
left_child=1 3 -3 -1 -2 -6
right_child=4 2 -4 -5 5 -7
leaf_value=-0.00029993796825839638 -0.00033378906904020479 -0.00064607920119597983 0.00025735870007169046 0.00034946432971420474 0.0015383159690665255 7.3850916975978296e-05
leaf_weight=342 55 669 198 870 134 42
leaf_count=342 55 669 198 870 134 42
internal_value=0.00017301 -0.000528592 -0.00379747 0.00181219 0.00643777 0.00966292
internal_weight=2310 2079 867 1212 231 176
internal_count=2310 2079 867 1212 231 176
is_linear=0
shrinkage=0.04


Tree=48
num_leaves=5
num_cat=0
split_feature=40 64 40 112
split_gain=6.06783 5.7268 8.24082 6.45632
threshold=-1.0279477716191043 0.92715902360740465 -0.63017127891250502 -0.033258736250125459
decision_type=2 2 2 2
left_child=-1 2 -2 -3
right_child=1 3 -4 -5
leaf_value=0.0010283780033062979 -0.00062130623766656109 -0.00010773848659042289 1.0284056269157677e-05 0.0018115886378118832
leaf_weight=40 205 58 1922 85
leaf_count=40 205 58 1922 85
internal_value=0.00017301 -0.000105634 -0.000629403 0.00758621
internal_weight=2310 2270 2127 143
internal_count=2310 2270 2127 143
is_linear=0
shrinkage=0.04


Tree=49
num_leaves=5
num_cat=0
split_feature=40 35 95 53
split_gain=6.08177 6.24066 5.62455 3.27466
threshold=-1.0279477716191043 0.86651571157746476 2.0573083067946816 1.0000000180025095e-35
decision_type=2 2 2 2
left_child=-1 2 -2 -3
right_child=1 3 -4 -5
leaf_value=0.0009872428831740462 -7.7021648211518526e-06 -0.00023587451929167573 0.0013207259198587641 -0.0018284710053507527
leaf_weight=40 1995 85 122 68
leaf_count=40 1995 85 122 68
internal_value=0.000155709 -0.000123239 0.000443605 -0.00787097
internal_weight=2310 2270 2117 153
internal_count=2310 2270 2117 153
is_linear=0
shrinkage=0.04


Tree=50
num_leaves=5
num_cat=0
split_feature=40 35 125 64
split_gain=6.06783 5.46339 5.96682 5.33987
threshold=-1.0279477716191043 0.86651571157746476 0.52897180695055768 1.0777530669315161
decision_type=2 2 2 2
left_child=-1 3 -3 -2
right_child=1 2 -4 -5
leaf_value=0.00094775316784708429 -2.7142046127947435e-06 -0.0014087840096380473 0.00048229286759738407 0.00089207968138184021
leaf_weight=40 2020 113 40 97
leaf_count=40 2020 113 40 97
internal_value=0.00017301 -0.000105634 -0.00735484 0.000424729
internal_weight=2310 2270 153 2117
internal_count=2310 2270 153 2117
is_linear=0
shrinkage=0.04


Tree=51
num_leaves=5
num_cat=0
split_feature=40 83 94 47
split_gain=6.05391 5.60391 5.95825 4.05545
threshold=-1.0279477716191043 1.1708043760873756 0.53899585993266408 -0.33336475006959826
decision_type=2 2 2 2
left_child=-1 2 -2 -3
right_child=1 3 -4 -5
leaf_value=0.00090984304113320082 2.6371285683048363e-05 -0.00046312160404099446 -0.00069166225086388121 0.0011204875952618028
leaf_weight=40 1553 66 465 186
leaf_count=40 1553 66 465 186
internal_value=0.000190311 -8.80282e-05 -0.000792079 0.00551181
internal_weight=2310 2270 2018 252
internal_count=2310 2270 2018 252
is_linear=0
shrinkage=0.04


Tree=52
num_leaves=5
num_cat=0
split_feature=40 95 28 114
split_gain=6.08177 5.93063 7.17177 2.67298
threshold=-1.0279477716191043 1.5166196616954819 0.090937289146580322 0.5274758122894444
decision_type=2 2 2 2
left_child=-1 2 -2 -3
right_child=1 3 -4 -5
leaf_value=0.00087344931948787278 0.00011558585802426088 0.00098016093237272167 -0.00036545335621824187 -0.0003171156402344614
leaf_weight=40 1172 183 867 48
leaf_count=40 1172 183 867 48
internal_value=0.000155709 -0.000123239 -0.000813327 0.00592275
internal_weight=2310 2270 2039 231
internal_count=2310 2270 2039 231
is_linear=0
shrinkage=0.04


Tree=53
num_leaves=5
num_cat=0
split_feature=40 35 64 125
split_gain=6.06783 5.46339 5.33987 5.11361
threshold=-1.0279477716191043 0.86651571157746476 1.0777530669315161 0.52897180695055768
decision_type=2 2 2 2
left_child=-1 2 -2 -3
right_child=1 3 -4 -5
leaf_value=0.00083851134670835789 -3.460198921667828e-06 -0.0013154843473949041 0.00085071820837827414 0.00045146120563313515
leaf_weight=40 2020 113 97 40
leaf_count=40 2020 113 97 40
internal_value=0.00017301 -0.000105634 0.000424729 -0.00735484
internal_weight=2310 2270 2117 153
internal_count=2310 2270 2117 153
is_linear=0
shrinkage=0.04


Tree=54
num_leaves=5
num_cat=0
split_feature=40 37 46 7
split_gain=5.31185 5.57852 7.52664 6.56585
threshold=-1.0279477716191043 1.0973117179318461 3.3293054571264258 2.0077021060986762
decision_type=2 2 2 2
left_child=-1 2 -2 -3
right_child=1 3 -4 -5
leaf_value=0.00080497089284002361 -0.00010583703128659912 0.0010967967456769151 0.00088971722839416268 -0.0008501090186056867
leaf_weight=40 1852 247 112 59
leaf_count=40 1852 247 112 59
internal_value=0.000190311 -7.04225e-05 -0.000854527 0.00493506
internal_weight=2310 2270 1964 306
internal_count=2310 2270 1964 306
is_linear=0
shrinkage=0.04


Tree=55
num_leaves=8
num_cat=0
split_feature=113 26 63 68 37 120 119
split_gain=5.21388 6.71179 6.62292 6.61383 8.93396 8.91037 3.43875
threshold=0.79613060020927995 -0.52401580212362797 -0.096215793487828133 -0.20703430394508399 1.0973117179318461 -0.49654430599581184 0.16783130699568302
decision_type=2 2 2 2 2 2 2
left_child=3 6 -3 5 -5 -1 -2
right_child=1 2 -4 4 -6 -7 -8
leaf_value=-0.00060756047297560426 -0.00023674470227009204 2.5502765408063587e-05 -0.0017043755255595138 -0.00020727024294704414 0.0010529248758498384 0.00048551481747729228 0.0015513332764809846
leaf_weight=68 53 110 158 976 227 670 48
leaf_count=68 53 110 158 976 227 670 48
internal_value=8.65052e-05 -0.00425876 -0.00755556 0.000916109 -0.000912863 0.00389189 0.00446602
internal_weight=2310 369 268 1941 1203 738 101
internal_count=2310 369 268 1941 1203 738 101
is_linear=0
shrinkage=0.04


Tree=56
num_leaves=7
num_cat=0
split_feature=82 125 41 48 64 36
split_gain=5.55093 9.05591 7.39105 7.37527 6.45765 3.89728
threshold=-0.74226973015229314 -0.42549298022098242 -0.025614540488394663 0.22913430097472026 -0.27272970549615194 0.40640398953096807
decision_type=2 2 2 2 2 2
left_child=4 2 -2 -3 -1 -6
right_child=1 3 -4 -5 5 -7
leaf_value=-0.0015500413034883653 0.0009789607384575261 -0.00034180858475666239 7.9316037374803919e-05 0.00029951341036628588 8.0607254265477741e-05 -0.00041199483472746895
leaf_weight=60 241 961 323 530 123 72
leaf_count=60 241 961 323 530 123 72
internal_value=1.7301e-05 0.000709772 0.00501767 -0.000924313 -0.00552529 -0.00192893
internal_weight=2310 2055 564 1491 255 195
internal_count=2310 2055 564 1491 255 195
is_linear=0
shrinkage=0.04


Tree=57
num_leaves=7
num_cat=0
split_feature=114 33 46 28 40 39
split_gain=5.29959 6.50083 6.18297 5.10194 4.47329 1.7348
threshold=0.66040435993257274 1.0984489279782443 2.0556673058882615 0.36542688661779982 -0.5011207189811232 0.35506056913333045
decision_type=2 2 2 2 2 2
left_child=1 4 3 -2 -1 -3
right_child=2 5 -4 -5 -6 -7
leaf_value=-0.00014987188363805665 -0.00023610079418109984 -0.0010026857321188826 0.00080512316577484343 -0.0020187306789830142 0.00022569840350129198 -0.00011567189385537073
leaf_weight=421 122 49 58 117 1502 41
leaf_count=421 122 49 58 117 1502 41
internal_value=8.65052e-05 0.000823821 -0.00488294 -0.00771784 0.00131948 -0.00956522
internal_weight=2310 2013 297 239 1923 90
internal_count=2310 2013 297 239 1923 90
is_linear=0
shrinkage=0.04


Tree=58
num_leaves=5
num_cat=0
split_feature=88 95 28 25
split_gain=5.12238 5.32703 8.36929 5.44234
threshold=3.3246331733159136 1.5166196616954819 0.20817265397675791 -1.1865187170564597
decision_type=2 2 2 2
left_child=1 2 -1 -3
right_child=-2 3 -4 -5
leaf_value=8.3652860706943249e-05 0.0014627289050059438 -0.00036128714776205998 -0.00040723844559433317 0.0011090508586987253
leaf_weight=1288 45 55 746 176
leaf_count=1288 45 55 746 176
internal_value=0.000121107 -0.000149978 -0.000805501 0.0055794
internal_weight=2310 2265 2034 231
internal_count=2310 2265 2034 231
is_linear=0
shrinkage=0.04


Tree=59
num_leaves=5
num_cat=0
split_feature=76 37 45 7
split_gain=4.62762 6.00072 6.75575 4.83911
threshold=1.9487137687407663 1.1194354628083876 1.1646802404636014 2.0077021060986762
decision_type=2 2 2 2
left_child=1 2 -1 -3
right_child=-2 3 -4 -5
leaf_value=-7.5011920280192157e-05 -0.0018256675739498304 0.0011108664664040476 0.00085439211785200391 -0.00036351836648834234
leaf_weight=1720 42 213 284 51
leaf_count=1720 42 213 284 51
internal_value=0.000121107 0.000370044 -0.000378863 0.00601504
internal_weight=2310 2268 2004 264
internal_count=2310 2268 2004 264
is_linear=0
shrinkage=0.04


Tree=60
num_leaves=4
num_cat=0
split_feature=114 88 40
split_gain=5.03879 4.77659 5.15269
threshold=-1.3792421994069366 3.3246331733159136 0.92381421218821769
decision_type=2 2 2
left_child=-1 2 -2
right_child=1 -3 -4
leaf_value=0.00077514659300947301 -7.2011443468984474e-05 0.0014072202256169139 0.00073731253556463794
leaf_weight=75 1950 45 240
leaf_count=75 1950 45 240
internal_value=6.92042e-05 -0.000277157 -0.000547445
internal_weight=2310 2235 2190
internal_count=2310 2235 2190
is_linear=0
shrinkage=0.04


Tree=61
num_leaves=8
num_cat=0
split_feature=114 117 24 88 17 88 93
split_gain=4.9466 5.96085 4.96389 7.96457 4.35346 4.12895 1.83204
threshold=0.66040435993257274 -0.15610186816809027 0.86864436691243763 -0.18281452444628379 -0.72484192290829119 -0.84212633009579407 0.41442734182967539
decision_type=2 2 2 2 2 2 2
left_child=2 6 5 -4 -3 -1 -2
right_child=1 4 3 -5 -6 -7 -8
leaf_value=0.00062110908201185532 -0.00074424234563779464 0.00084544945895598353 -0.0010333608133712303 0.000138668327131906 -0.00037533497841049385 7.9917319457262429e-05 -0.0019650667822921518
leaf_weight=117 78 40 89 78 128 1729 51
leaf_count=117 78 40 89 78 128 1729 51
internal_value=5.19031e-05 -0.00474916 0.000764268 -0.00579882 0.000235294 0.00136364 -0.011145
internal_weight=2310 297 2013 167 168 1846 129
internal_count=2310 297 2013 167 168 1846 129
is_linear=0
shrinkage=0.04


Tree=62
num_leaves=5
num_cat=0
split_feature=13 40 76 47
split_gain=5.09056 6.99995 7.57881 5.2826
threshold=1.9359832386859681 0.95044310931808607 0.38301560218602881 -0.60126261503583145
decision_type=2 2 2 2
left_child=1 2 -1 -3
right_child=-2 3 -4 -5
leaf_value=8.9953674871104324e-05 -0.0008867081079997058 -0.0010596083179935634 -0.00058738418895348224 0.0020458528470404585
leaf_weight=1484 72 45 574 135
leaf_count=1484 72 45 574 135
internal_value=5.19031e-05 0.000392857 -0.000271845 0.00791209
internal_weight=2310 2238 2058 180
internal_count=2310 2238 2058 180
is_linear=0
shrinkage=0.04


Tree=63
num_leaves=5
num_cat=0
split_feature=76 37 45 44
split_gain=4.62762 5.07996 6.29034 5.04358
threshold=1.9487137687407663 1.1194354628083876 1.1646802404636014 -0.80575743858496385
decision_type=2 2 2 2
left_child=1 2 -1 -3
right_child=-2 3 -4 -5
leaf_value=-7.7354042632203355e-05 -0.0016999370777914817 -0.00093530862939395138 0.00080547821585245667 0.0010834516903986597
leaf_weight=1720 42 47 284 217
leaf_count=1720 42 47 284 217
internal_value=0.000121107 0.000370044 -0.000319043 0.00556391
internal_weight=2310 2268 2004 264
internal_count=2310 2268 2004 264
is_linear=0
shrinkage=0.04


Tree=64
num_leaves=5
num_cat=0
split_feature=114 88 83 36
split_gain=4.61307 4.84749 4.67324 4.04555
threshold=-1.3551162196870712 3.3246331733159136 0.92675280432352936 -0.15440034104891262
decision_type=2 2 2 2
left_child=3 2 -2 -1
right_child=1 -3 -4 -5
leaf_value=8.4486192202926809e-05 -0.00011134358569002412 0.001347230738524391 0.00044458379552664382 0.00088169952859472821
leaf_weight=50 1821 45 351 43
leaf_count=50 1821 45 351 43
internal_value=0 -0.000369536 -0.000643974 0.00863158
internal_weight=2310 2217 2172 93
internal_count=2310 2217 2172 93
is_linear=0
shrinkage=0.04


Tree=65
num_leaves=8
num_cat=0
split_feature=107 14 68 120 40 123 88
split_gain=4.74954 11.4487 5.56666 9.80002 5.38521 4.40279 2.68462
threshold=-0.67111224321688956 0.34817560128275843 -0.20703430394508399 -0.49654430599581184 0.92381421218821769 -0.63247930734107005 -0.56548026310910027
decision_type=2 2 2 2 2 2 2
left_child=1 5 3 -2 -4 -1 -3
right_child=2 6 4 -5 -6 -7 -8
leaf_value=0.00098191358895030828 -0.0010867718938169435 4.7957347566256749e-05 -0.0003851490607369549 0.0002915897838910593 0.00052830061117450878 0.00043045999827169112 -0.0012692475051900192
leaf_weight=137 54 50 959 708 178 153 71
leaf_count=137 54 50 959 708 178 153 71
internal_value=3.46021e-05 0.00392252 -0.0008101 0.00183246 -0.00258121 0.00821918 -0.00634146
internal_weight=2310 411 1899 762 1137 290 121
internal_count=2310 411 1899 762 1137 290 121
is_linear=0
shrinkage=0.04


Tree=66
num_leaves=8
num_cat=0
split_feature=28 89 125 93 40 42 42
split_gain=4.75095 8.77797 10.4793 8.72519 6.84979 10.4842 9.88607
threshold=0.080306194810878292 0.11166778473959621 -0.24580001402745219 0.50875102454594678 -0.5011207189811232 -0.5880632310292232 -0.19501855664166259
decision_type=2 2 2 2 2 2 2
left_child=4 3 -3 -2 5 -1 -6
right_child=1 2 -4 -5 6 -7 -8
leaf_value=0.00094685119064289315 -0.00089199054210217896 0.00085339502288099588 -0.00010417669649020005 0.0003242578659545554 -0.00014926253378396502 -0.00062975075962390761 0.00061249729994733817
leaf_weight=59 428 114 334 189 368 289 529
leaf_count=59 428 114 334 189 368 289 529
internal_value=0.000103806 -0.00185567 0.0024 -0.00494346 0.00178027 -0.00297143 0.00362625
internal_weight=2310 1065 448 617 1245 348 897
internal_count=2310 1065 448 617 1245 348 897
is_linear=0
shrinkage=0.04


Tree=67
num_leaves=5
num_cat=0
split_feature=13 37 94 7
split_gain=4.66879 5.42368 5.6835 3.12271
threshold=1.9359832386859681 1.2462427636291997 0.50630680819676244 2.0077021060986762
decision_type=2 2 2 2
left_child=1 2 -1 -3
right_child=-2 3 -4 -5
leaf_value=5.3421547261807007e-05 -0.00081076681039410901 0.0012709109521416163 -0.00059844125565932272 -0.00047029622347285918
leaf_weight=1589 72 148 461 40
leaf_count=1589 72 148 461 40
internal_value=0.000155709 0.000482143 -0.000116959 0.00694737
internal_weight=2310 2238 2050 188
internal_count=2310 2238 2050 188
is_linear=0
shrinkage=0.04


Tree=68
num_leaves=5
num_cat=0
split_feature=40 35 64 112
split_gain=4.67926 5.14834 6.23249 5.55336
threshold=-1.0279477716191043 0.74739980376885973 -0.87446826250480358 0.34532159301858206
decision_type=2 2 2 2
left_child=-1 2 -2 -3
right_child=1 3 -4 -5
leaf_value=0.0007681551057164424 0.00079946725976789458 -0.001038481377742739 -2.0450583582862504e-05 0.0003077087691286771
leaf_weight=40 260 155 1781 74
leaf_count=40 260 155 1781 74
internal_value=0.000103806 -0.000140845 0.000499266 -0.00580087
internal_weight=2310 2270 2041 229
internal_count=2310 2270 2041 229
is_linear=0
shrinkage=0.04


Tree=69
num_leaves=5
num_cat=0
split_feature=40 35 112 64
split_gain=4.67926 4.83815 5.34226 5.31986
threshold=-1.0279477716191043 0.74739980376885973 0.34532159301858206 -0.87446826250480358
decision_type=2 2 2 2
left_child=-1 3 -3 -2
right_child=1 2 -4 -5
leaf_value=0.00073742890148778464 0.00076748856937717885 -0.00099694212263302939 0.00029540041836352999 -1.9632560239548069e-05
leaf_weight=40 260 155 74 1781
leaf_count=40 260 155 74 1781
internal_value=0.000103806 -0.000140845 -0.00562771 0.000479687
internal_weight=2310 2270 229 2041
internal_count=2310 2270 229 2041
is_linear=0
shrinkage=0.04


Tree=70
num_leaves=7
num_cat=0
split_feature=114 117 28 82 63 24
split_gain=4.9466 5.74033 5.68502 4.51497 7.43234 5.09861
threshold=0.66040435993257274 -0.39665912368826689 -0.30532164215122443 -0.71231738015395873 -0.26501900407056384 0.79199730122647116
decision_type=2 2 2 2 2 2
left_child=3 -2 -3 4 -1 -5
right_child=1 2 -4 5 -6 -7
leaf_value=-0.0016158957146394052 -0.0016051871640353733 0.00069858628509530767 -0.00052936499693440856 0.00019333588065036954 -2.0066968452271265e-05 -0.00034314954777680791
leaf_weight=67 57 40 200 1628 206 112
leaf_count=67 57 40 200 1628 206 112
internal_value=5.19031e-05 -0.00474916 -0.00198347 0.000764268 -0.004 0.0015155
internal_weight=2310 297 240 2013 273 1740
internal_count=2310 297 240 2013 273 1740
is_linear=0
shrinkage=0.04


Tree=71
num_leaves=5
num_cat=0
split_feature=88 37 40 59
split_gain=4.46436 4.58019 7.03902 5.97632
threshold=3.3246331733159136 -0.61378182555516092 -0.5011207189811232 -0.4653562260807696
decision_type=2 2 2 2
left_child=1 3 -3 -1
right_child=-2 2 -4 -5
leaf_value=-3.707970345669873e-05 0.0011869404016296222 -0.00050781571618643546 9.5870617752610861e-06 0.00080656265847234201
leaf_weight=111 45 274 1756 124
leaf_count=111 45 274 1756 124
internal_value=0.000138408 -0.000114689 -0.000728346 0.00514768
internal_weight=2310 2265 2030 235
internal_count=2310 2265 2030 235
is_linear=0
shrinkage=0.04


Tree=72
num_leaves=8
num_cat=0
split_feature=68 100 40 101 90 40 40
split_gain=4.61003 7.99135 7.79484 9.32107 8.68651 7.25931 4.03188
threshold=-0.20703430394508399 -0.5059436570669128 -0.47026725734881508 0.553597072937701 -0.13688211167864026 -0.14772090879596253 0.15073591292349392
decision_type=2 2 2 2 2 2 2
left_child=2 6 4 -4 -1 -3 -2
right_child=1 5 3 -5 -6 -7 -8
leaf_value=-0.00084696953725275665 -0.0010667576746696121 0.00072467989961236701 0.00093357697528874796 -0.00088983067457932901 7.4958633564852772e-05 -0.00010311710621497155 0.00055116611664182257
leaf_weight=146 152 207 364 73 275 1052 41
leaf_count=146 152 207 364 73 275 1052 41
internal_value=0.000190311 -0.00118294 0.00251163 0.00624146 -0.00137116 -1.58604e-05 -0.00871795
internal_weight=2310 1452 858 437 421 1259 193
internal_count=2310 1452 858 437 421 1259 193
is_linear=0
shrinkage=0.04


Tree=73
num_leaves=8
num_cat=0
split_feature=37 83 94 100 26 29 42
split_gain=4.47929 6.13509 6.46503 5.76056 5.97607 3.37826 2.93321
threshold=-0.61378182555516092 0.92675280432352936 0.55955758633123542 -0.14729254419385171 0.067612914330539078 -0.86804047285060359 0.79182656675811325
decision_type=2 2 2 2 2 2 2
left_child=3 2 -2 6 -5 -3 -1
right_child=1 5 -4 4 -6 -7 -8
leaf_value=0.00086586286247975321 -3.7268546322191677e-06 0.0013751375704880776 -0.00068337736046361565 -0.0017449339885157937 0.00032680639055692156 6.3684779533897538e-05 0.00024785145495197529
leaf_weight=76 1315 113 404 45 65 241 51
leaf_count=76 1315 113 404 45 65 241 51
internal_value=8.65052e-05 -0.000510843 -0.00149913 0.00527197 -0.00142857 0.00426966 0.0110078
internal_weight=2310 2073 1719 237 110 354 127
internal_count=2310 2073 1719 237 110 354 127
is_linear=0
shrinkage=0.04


Tree=74
num_leaves=7
num_cat=0
split_feature=68 100 63 120 82 76
split_gain=4.76997 7.33678 7.1553 6.77045 8.33929 4.10245
threshold=-0.20703430394508399 -0.5059436570669128 -0.66767781287797878 -0.49654430599581184 -0.3322904317289252 -0.17224904256631476
decision_type=2 2 2 2 2 2
left_child=3 5 -3 -1 -5 -2
right_child=1 2 -4 4 -6 -7
leaf_value=-0.00078632128420828503 -0.0010239382934975388 0.0010302391973285891 -6.7789142674830647e-05 -6.5996998645563159e-05 0.00070618422411132325 -4.8520949295631501e-06
leaf_weight=74 128 193 1066 331 453 65
leaf_count=74 128 193 1066 331 453 65
internal_value=0.000103806 -0.00129298 -0.000174465 0.00246512 0.00356234 -0.00851282
internal_weight=2310 1452 1259 858 784 193
internal_count=2310 1452 1259 858 784 193
is_linear=0
shrinkage=0.04


Tree=75
num_leaves=6
num_cat=0
split_feature=64 13 46 111 126
split_gain=5.09318 4.96608 7.63867 3.29792 3.57262
threshold=0.8944384307334089 1.8816535371809815 2.0556673058882615 0.35319159095125224 -0.50692086836086692
decision_type=2 2 2 2 2
left_child=1 2 -1 4 -2
right_child=3 -3 -4 -5 -6
leaf_value=-4.3940811585368445e-05 4.5538473695318807e-05 -0.00085962440545748976 0.00082326187255360786 -0.00033166865137487653 0.001878605511223341
leaf_weight=1877 46 74 197 47 69
leaf_count=1877 46 74 197 47 69
internal_value=3.46021e-05 -0.000483721 -0.000115607 0.00682927 0.0104274
internal_weight=2310 2148 2074 162 115
internal_count=2310 2148 2074 162 115
is_linear=0
shrinkage=0.04


Tree=76
num_leaves=6
num_cat=0
split_feature=35 69 123 60 123
split_gain=4.32798 4.512 6.14563 5.38402 4.4783
threshold=0.9025729944709534 0.92819893148839605 0.50120019115254422 0.695733924025838 0.03806269704995096
decision_type=2 2 2 2 2
left_child=1 2 -1 -3 -2
right_child=4 3 -4 -5 -6
leaf_value=9.2956630917768668e-05 -0.00092071626462307652 0.00070045410716572246 -0.00048972975202583803 -0.0007314837988331884 6.4960925763471567e-05
leaf_weight=1504 75 125 504 42 60
leaf_count=1504 75 125 504 42 60
internal_value=3.46021e-05 0.000468535 -5.97015e-05 0.00674556 -0.00686131
internal_weight=2310 2175 2008 167 135
internal_count=2310 2175 2008 167 135
is_linear=0
shrinkage=0.04


Tree=77
num_leaves=8
num_cat=0
split_feature=35 53 123 64 82 123 68
split_gain=4.57114 9.88175 7.17847 6.01857 8.59711 7.90093 4.35821
threshold=0.67478174360095677 1.0000000180025095e-35 -0.093598920050841874 -0.8424657335246547 -0.40194243632117171 0.386786782354614 0.85986455014857111
decision_type=2 2 2 2 2 2 2
left_child=3 2 -2 4 -1 -5 -3
right_child=1 6 -4 5 -6 -7 -8
leaf_value=-0.0011951490768369718 -0.00036338046608897293 -0.0013903897265116483 0.00066097213936406414 0.00011989704807298611 0.0013493544898315511 -0.00052333724775752459 -3.8729003852696619e-05
leaf_weight=42 74 102 99 1192 224 537 40
leaf_count=42 74 102 99 1192 224 537 40
internal_value=-1.7301e-05 -0.0044795 0.00194286 0.000691037 0.00626866 -0.00017331 -0.0122222
internal_weight=2310 315 173 1995 266 1729 142
internal_count=2310 315 173 1995 266 1729 142
is_linear=0
shrinkage=0.04


Tree=78
num_leaves=8
num_cat=0
split_feature=113 26 63 68 61 100 119
split_gain=4.19299 6.65342 7.25186 5.8908 9.82709 8.47285 3.09665
threshold=0.79613060020927995 -0.52401580212362797 -0.33924810205400063 -0.20703430394508399 -0.66857309504672624 -0.13299710246238752 0.16783130699568302
decision_type=2 2 2 2 2 2 2
left_child=3 6 -3 5 -5 -1 -2
right_child=1 2 -4 4 -6 -7 -8
leaf_value=0.00067118034045065493 -0.00016756404131588416 0.00018494916407669129 -0.001332840243744293 0.00037704028302653904 -0.00030076951272406139 -6.1980743230803656e-05 0.0013323967884706868
leaf_weight=465 53 93 175 526 677 273 48
leaf_count=465 53 93 175 526 677 273 48
internal_value=6.92042e-05 -0.00382749 -0.00711111 0.000813176 -0.000912863 0.00362162 0.00485437
internal_weight=2310 369 268 1941 1203 738 101
internal_count=2310 369 268 1941 1203 738 101
is_linear=0
shrinkage=0.04


Tree=79
num_leaves=5
num_cat=0
split_feature=76 37 45 44
split_gain=4.61519 4.26736 5.88556 4.66625
threshold=1.9487137687407663 1.1194354628083876 1.1646802404636014 -0.80575743858496385
decision_type=2 2 2 2
left_child=1 2 -1 -3
right_child=-2 3 -4 -5
leaf_value=-5.5236907516676009e-05 -0.0015387764594300671 -0.00078616649405239658 0.00071720689212254691 0.00090130224932098257
leaf_weight=1720 42 47 284 217
leaf_count=1720 42 47 284 217
internal_value=0.000103806 0.000352423 -0.000279163 0.00511278
internal_weight=2310 2268 2004 264
internal_count=2310 2268 2004 264
is_linear=0
shrinkage=0.04


Tree=80
num_leaves=5
num_cat=0
split_feature=88 64 83 112
split_gain=4.4897 4.71012 6.0675 4.99655
threshold=3.3246331733159136 0.92715902360740465 -0.72109265346935736 -0.14189153941207069
decision_type=2 2 2 2
left_child=1 2 -1 -3
right_child=-2 3 -4 -5
leaf_value=-0.00098459312241553016 0.00099344886208980587 -0.00019102175626929571 9.6249252968373749e-07 0.0012507829650449803
leaf_weight=194 45 53 1918 100
leaf_count=194 45 53 1918 100
internal_value=0.000103806 -0.000149978 -0.00064333 0.00658065
internal_weight=2310 2265 2112 153
internal_count=2310 2265 2112 153
is_linear=0
shrinkage=0.04


Tree=81
num_leaves=8
num_cat=0
split_feature=28 95 96 25 40 42 42
split_gain=4.40793 6.44701 9.29297 6.20016 5.34636 8.7015 8.1739
threshold=0.080306194810878292 1.5323419872066124 -0.57415395590677687 -1.1865187170564597 -0.5011207189811232 -0.19501855664166259 -0.5880632310292232
decision_type=2 2 2 2 2 2 2
left_child=4 2 -2 -3 6 -6 -1
right_child=1 3 -4 -5 5 -7 -8
leaf_value=0.00084597344434945326 0.000274838039931684 -0.00053462513533813376 -0.00052955732285025234 0.0014388320854263842 -9.5752786135331204e-05 0.0005472754033265995 -0.00059160793885185527
leaf_weight=59 152 44 731 138 368 529 289
leaf_count=59 152 44 731 138 368 529 289
internal_value=6.92042e-05 -0.00181818 -0.00323164 0.005 0.00168404 0.00331479 -0.00251429
internal_weight=2310 1065 883 182 1245 897 348
internal_count=2310 1065 883 182 1245 897 348
is_linear=0
shrinkage=0.04


Tree=82
num_leaves=8
num_cat=0
split_feature=68 40 81 96 61 69 94
split_gain=4.15745 7.20964 9.16533 8.88709 5.60377 10.3326 8.03874
threshold=-0.20703430394508399 -0.33334584716041044 -0.10894600248039081 -0.70622669475725808 -0.61611930603617682 0.96196196354967778 0.54349065306219868
decision_type=2 2 2 2 2 2 2
left_child=1 3 -3 -1 6 -6 -2
right_child=4 2 -4 -5 5 -7 -8
leaf_value=0.00056332395583905267 0.00073228029498704291 -8.9384705902128685e-05 0.0015047662269170386 -0.00022200751960344277 -0.00043202121251570565 0.00059189797612650187 -0.00035464923174454739
leaf_weight=131 320 158 183 386 752 89 291
leaf_count=131 320 158 183 386 752 89 291
internal_value=0.000121107 0.00232558 0.00682216 -0.000655106 -0.00118294 -0.00329775 0.0017292
internal_weight=2310 858 341 517 1452 841 611
internal_count=2310 858 341 517 1452 841 611
is_linear=0
shrinkage=0.04


Tree=83
num_leaves=8
num_cat=0
split_feature=35 53 123 123 36 76 57
split_gain=4.23027 9.20487 7.99949 6.56563 9.19659 5.01603 4.17601
threshold=0.6222381137803964 1.0000000180025095e-35 -0.016368883138518957 0.50120019115254422 0.4867264351910624 1.6998432943215194 0.58107928344365567
decision_type=2 2 2 2 2 2 2
left_child=3 2 -2 5 -5 -1 -3
right_child=1 6 -4 4 -6 -7 -8
leaf_value=0.0001703863064816713 -0.00032706228875152956 -0.0011102442469090757 0.00063975091171899676 -0.00070881818753828541 0.0017175539476139551 -0.0016014806578341285 1.3492191938497267e-05
leaf_weight=1401 93 128 107 441 59 40 41
leaf_count=1401 93 128 107 441 59 40 41
internal_value=8.65052e-05 -0.00382749 0.0019802 0.000833762 -0.00310757 0.00220374 -0.0106433
internal_weight=2310 369 200 1941 500 1441 169
internal_count=2310 369 200 1941 500 1441 169
is_linear=0
shrinkage=0.04


Tree=84
num_leaves=4
num_cat=0
split_feature=76 82 16
split_gain=4.01909 3.95235 3.76392
threshold=1.9487137687407663 -1.0489979981873037 -1.056263898786566
decision_type=2 2 2
left_child=1 -1 -3
right_child=-2 2 -4
leaf_value=-0.00083111314486550845 -0.0014033247796385467 0.00080051636264745658 1.3539603099078958e-05
leaf_weight=57 42 97 2114
leaf_count=57 42 97 2114
internal_value=0.000155709 0.000387665 0.000659738
internal_weight=2310 2268 2211
internal_count=2310 2268 2211
is_linear=0
shrinkage=0.04


Tree=85
num_leaves=7
num_cat=0
split_feature=37 40 42 94 36 95
split_gain=4.30794 5.93949 12.2567 8.57114 3.38069 5.42266
threshold=-0.69041643534181307 -0.5011207189811232 -0.5880632310292232 0.53899585993266408 0.4995903918184415 -0.40251895933781817
decision_type=2 2 2 2 2 2
left_child=4 2 -2 -3 -1 -6
right_child=1 3 -4 -5 5 -7
leaf_value=0.0012844006716469117 0.00055229542579235912 0.0001602064713131864 -0.0012203254838283597 -0.00044774883781300055 0.00044346045587196031 -0.00052937949201691914
leaf_weight=67 83 1304 240 509 53 54
leaf_count=67 83 1304 240 509 53 54
internal_value=0.000121107 -0.000374181 -0.00535385 0.000517906 0.00613636 0.00165138
internal_weight=2310 2136 323 1813 174 107
internal_count=2310 2136 323 1813 174 107
is_linear=0
shrinkage=0.04


Tree=86
num_leaves=7
num_cat=0
split_feature=37 35 64 112 118 101
split_gain=4.66535 4.96117 5.27992 5.0676 2.68924 2.57827
threshold=-0.69041643534181307 0.74739980376885973 -0.78499046468271361 0.35137320916201237 0.16674506891116855 -0.030813194025273483
decision_type=2 2 2 2 2 2
left_child=4 2 -2 -3 5 -1
right_child=1 3 -4 -5 -6 -7
leaf_value=9.5770094012317258e-05 0.00057629648344766473 -0.0010184809852242457 -3.7236173512490841e-05 0.00023579234772665104 -5.1498975578152266e-05 0.00071537391690255361
leaf_weight=64 325 120 1620 71 58 52
leaf_count=64 325 120 1620 71 58 52
internal_value=0.000103806 -0.0004116 0.000195172 -0.0065285 0.00636364 0.00983051
internal_weight=2310 2136 1945 191 174 116
internal_count=2310 2136 1945 191 174 116
is_linear=0
shrinkage=0.04


Tree=87
num_leaves=7
num_cat=0
split_feature=111 46 28 68 37 120
split_gain=4.0773 6.57522 6.57954 4.923 7.03142 6.33237
threshold=0.74103887753788888 2.0556673058882615 0.34489305478883353 -0.17251555075248787 1.0973117179318461 -0.49654430599581184
decision_type=2 2 2 2 2 2
left_child=3 2 -2 5 -5 -1
right_child=1 -3 -4 4 -6 -7
leaf_value=-0.00047882977725419374 -3.2372511409834526e-05 0.00086359292002186191 -0.0014902645264742434 -0.00019557589541620277 0.00078752257507040625 0.0002991848731889823
leaf_weight=71 157 68 153 918 233 710
leaf_count=71 157 68 153 918 233 710
internal_value=0.000103806 -0.00368421 -0.00615385 0.000847983 -0.000815265 0.00329502
internal_weight=2310 378 310 1932 1151 781
internal_count=2310 378 310 1932 1151 781
is_linear=0
shrinkage=0.04


Tree=88
num_leaves=5
num_cat=0
split_feature=13 40 106 106
split_gain=4.17216 5.23329 6.64992 6.63786
threshold=1.9359832386859681 0.97293223296669684 0.30905658996595836 0.72370831230119304
decision_type=2 2 2 2
left_child=1 3 -3 -1
right_child=-2 2 -4 -5
leaf_value=3.5213851211083942e-05 -0.00065730164444644499 -0.00084223511783764024 0.0017769667611113851 -0.0010627929669378875
leaf_weight=1800 72 44 128 266
leaf_count=1800 72 44 128 266
internal_value=0.000155709 0.000464286 0.00712644 -9.67118e-05
internal_weight=2310 2238 172 2066
internal_count=2310 2238 172 2066
is_linear=0
shrinkage=0.04


Tree=89
num_leaves=5
num_cat=0
split_feature=76 27 64 117
split_gain=4.07728 4.11545 4.83655 3.48274
threshold=1.9487137687407663 -0.8831595429240765 1.0777530669315161 0.28153315450282018
decision_type=2 2 2 2
left_child=1 3 -3 -1
right_child=-2 2 -4 -5
leaf_value=8.1697195226096832e-05 -0.0012852959009748421 -3.2486165001884498e-05 0.00061359220945780976 0.0012959516774946078
leaf_weight=163 42 1895 113 97
leaf_count=163 42 1895 113 97
internal_value=0.000242215 0.000475771 -0.000139303 0.00519084
internal_weight=2310 2268 2008 260
internal_count=2310 2268 2008 260
is_linear=0
shrinkage=0.04


Tree=90
num_leaves=5
num_cat=0
split_feature=82 113 43 68
split_gain=4.30319 4.30354 6.33276 4.51581
threshold=-1.0489979981873037 0.79613060020927995 -0.19514206677020493 -0.20703430394508399
decision_type=2 2 2 2
left_child=-1 3 -3 -2
right_child=1 2 -4 -5
leaf_value=-0.00075927797988440174 0.00027348213044555851 -0.00158769534496918 4.4246038962602387e-05 -1.6977357076531988e-05
leaf_weight=57 704 140 229 1180
leaf_count=57 704 140 229 1180
internal_value=0.000155709 0.00043459 -0.00350404 0.00120891
internal_weight=2310 2253 369 1884
internal_count=2310 2253 369 1884
is_linear=0
shrinkage=0.04


Tree=91
num_leaves=7
num_cat=0
split_feature=95 28 96 82 25 28
split_gain=4.17958 5.98645 9.85774 5.15709 4.43975 2.22928
threshold=1.5166196616954819 0.18713015918160614 -0.32656573224288205 -0.3322904317289252 -1.1865187170564597 0.22034642953964112
decision_type=2 2 2 2 2 2
left_child=1 3 -3 -1 -2 -6
right_child=4 2 -4 -5 5 -7
leaf_value=-0.00018643441841580677 -0.00027599480307344992 0.00017858823840887259 -0.00068859321127460224 0.00018901650861578455 -5.725509419711589e-06 0.0014605630297325862
leaf_weight=393 55 248 526 912 40 136
leaf_count=393 55 248 526 912 40 136
internal_value=0.000155709 -0.000413263 -0.00319588 0.00123948 0.00523605 0.00831461
internal_weight=2310 2079 774 1305 231 176
internal_count=2310 2079 774 1305 231 176
is_linear=0
shrinkage=0.04


Tree=92
num_leaves=7
num_cat=0
split_feature=95 94 36 53 46 28
split_gain=3.81871 5.08314 8.06668 5.37361 2.98853 4.39747
threshold=1.7991155240866032 0.55955758633123542 -0.42222463830710233 1.0000000180025095e-35 0.9286277085419542 0.51619942534251162
decision_type=2 2 2 2 2 2
left_child=1 3 -3 -1 5 -2
right_child=4 2 -4 -5 -6 -7
leaf_value=0.00020996472368422435 -0.0001183967835843712 -0.0013985712606581371 -5.7956450198728971e-06 -8.4174476090883335e-05 -0.00026495501095051197 0.0018296509074058778
leaf_weight=864 42 165 276 828 47 88
leaf_count=864 42 165 276 828 47 88
internal_value=8.65052e-05 -0.000384075 -0.00419865 0.000613932 0.00569832 0.00878788
internal_weight=2310 2133 441 1692 177 130
internal_count=2310 2133 441 1692 177 130
is_linear=0
shrinkage=0.04


Tree=93
num_leaves=8
num_cat=0
split_feature=64 83 102 118 47 10 80
split_gain=3.86422 6.38736 6.48784 4.95967 4.65724 5.24605 1.1443
threshold=0.78671911168830055 -0.58979208458605126 -0.55895661971199251 1.2200422149534942 0.18454726328729323 -0.70145195935762172 0.10392089095448211
decision_type=2 2 2 2 2 2 2
left_child=1 2 -1 -3 6 -6 -2
right_child=4 3 -4 -5 5 -7 -8
leaf_value=0.00016523901898605087 0.0010085766348704778 -6.9573091931635079e-06 -0.00096512949929296798 0.00090108365015028117 0.00055712542101791986 -0.00073660420947359198 0.0010945927947043803
leaf_weight=92 60 1697 185 120 50 66 40
leaf_count=92 60 1697 185 120 50 66 40
internal_value=6.92042e-05 -0.000458015 -0.00609319 0.000406817 0.00513761 -0.000338983 0.0113725
internal_weight=2310 2094 277 1817 216 116 100
internal_count=2310 2094 277 1817 216 116 100
is_linear=0
shrinkage=0.04


Tree=94
num_leaves=5
num_cat=0
split_feature=18 37 117 59
split_gain=3.98191 4.45679 5.00825 3.7561
threshold=0.62995827876237021 -0.69041643534181307 0.558141496794054 -0.43442397995790877
decision_type=2 2 2 2
left_child=1 3 -3 -1
right_child=-2 2 -4 -5
leaf_value=6.4177253153595985e-06 -0.0012625631146875589 -8.659856943146418e-05 0.0002396139280285231 0.00070706544117444799
leaf_weight=80 45 1626 479 80
leaf_count=80 45 1626 479 80
internal_value=3.46021e-05 0.000273489 -0.00021832 0.00666667
internal_weight=2310 2265 2105 160
internal_count=2310 2265 2105 160
is_linear=0
shrinkage=0.04


Tree=95
num_leaves=8
num_cat=0
split_feature=27 113 69 28 117 36 98
split_gain=4.11235 5.47135 5.93958 4.88423 3.60047 4.52851 2.71881
threshold=-0.8831595429240765 0.79613060020927995 0.69849390798737565 1.1361405646288623 0.28153315450282018 -0.5658301019899673 0.5568560675909412
decision_type=2 2 2 2 2 2 2
left_child=4 3 -3 -2 6 -6 -1
right_child=1 2 -4 -5 5 -7 -8
leaf_value=-0.00016728760365398388 -1.1118474622910241e-05 -0.0011053494710938185 0.00029861694617690839 0.00044462143482082211 0.00023002937090738223 0.0018936249587918944 0.0010089890558313674
leaf_weight=107 1589 223 96 138 45 52 60
leaf_count=107 1589 223 96 138 45 52 60
internal_value=-1.7301e-05 -0.000625 -0.00542056 0.00026605 0.00466165 0.0107071 0.00106509
internal_weight=2310 2046 319 1727 264 97 167
internal_count=2310 2046 319 1727 264 97 167
is_linear=0
shrinkage=0.04


Tree=96
num_leaves=6
num_cat=0
split_feature=16 113 28 35 105
split_gain=3.71961 3.89431 6.05687 3.93736 1.47623
threshold=-1.056263898786566 0.79613060020927995 0.40436399496005238 0.6222381137803964 0.1073485146431946
decision_type=2 2 2 2 2
left_child=4 3 -3 -2 -1
right_child=1 2 -4 -5 -6
leaf_value=0.0018018369883598087 7.3210150837938547e-05 2.7999155831942847e-05 -0.0013305920809185043 -0.00021810365532392344 0.00015339846556799305
leaf_weight=43 1571 182 155 302 57
leaf_count=43 1571 182 155 302 57
internal_value=-1.7301e-05 -0.000361664 -0.00430678 0.000352 0.00745098
internal_weight=2310 2210 337 1873 100
internal_count=2310 2210 337 1873 100
is_linear=0
shrinkage=0.04


Tree=97
num_leaves=7
num_cat=0
split_feature=95 94 25 63 25 124
split_gain=3.93725 5.35418 9.25632 6.95689 5.25661 1.81913
threshold=1.7991155240866032 0.53899585993266408 -1.1865187170564597 0.59791966556986276 -1.1865187170564597 0.79175074267936141
decision_type=2 2 2 2 2 2
left_child=1 2 -1 -3 -2 -6
right_child=4 3 -4 -5 5 -7
leaf_value=0.0019239689255320953 -0.0002715962487125598 -0.00087181542299812564 3.9258444468649735e-07 0.00039383614920567521 0.00043086197189368515 0.0015922903888299805
leaf_weight=58 44 339 1616 120 55 78
leaf_count=58 44 339 1616 120 55 78
internal_value=0 -0.000477752 0.000572792 -0.00429501 0.00569832 0.00962963
internal_weight=2310 2133 1674 459 177 133
internal_count=2310 2133 1674 459 177 133
is_linear=0
shrinkage=0.04


Tree=98
num_leaves=7
num_cat=0
split_feature=84 123 69 35 41 113
split_gain=3.47465 5.87039 8.12018 7.18675 5.26818 3.21288
threshold=0.84415753106635993 0.7576510337533976 0.48346853217844415 0.47652560580445341 -1.0034079527192001 0.4753404992535521
decision_type=2 2 2 2 2 2
left_child=1 3 -3 -1 -2 -6
right_child=4 2 -4 -5 5 -7
leaf_value=9.7322924262772018e-05 0.0018682572363381107 -0.0025086169111923902 0.00068648069205540392 -0.00027301700830889813 0.00051379992536263483 -0.00016890068710921893
leaf_weight=1305 56 110 46 423 229 141
leaf_count=1305 56 110 46 423 229 141
internal_value=1.7301e-05 -0.000721103 -0.00810127 -4.62428e-05 0.00327103 0.00150538
internal_weight=2310 1884 156 1728 426 370
internal_count=2310 1884 156 1728 426 370
is_linear=0
shrinkage=0.04


Tree=99
num_leaves=7
num_cat=0
split_feature=111 46 28 37 123 37
split_gain=3.85709 6.57522 6.57954 4.21392 5.54697 5.36926
threshold=0.74103887753788888 2.0556673058882615 0.34489305478883353 -0.61378182555516092 -0.3770223873939495 1.0973117179318461
decision_type=2 2 2 2 2 2
left_child=3 2 -2 4 -1 -5
right_child=1 -3 -4 5 -6 -7
leaf_value=-1.882203047628442e-05 -3.9732204768185012e-06 0.00084771706405337957 -0.0013800433611197988 -3.183424382143498e-05 0.00066713062245728628 0.00071034449408055253
leaf_weight=93 157 68 153 1496 110 233
leaf_count=93 157 68 153 1496 110 233
internal_value=0 -0.00368421 -0.00615385 0.000723888 0.00614634 8.08781e-05
internal_weight=2310 378 310 1932 203 1729
internal_count=2310 378 310 1932 203 1729
is_linear=0
shrinkage=0.04


Tree=100
num_leaves=8
num_cat=0
split_feature=95 76 63 35 33 41 34
split_gain=3.60912 5.54832 7.51638 6.69957 2.77172 4.89116 2.33651
threshold=1.5166196616954819 0.38301560218602881 0.8080400600607005 0.61743145309555614 -0.21707114625844223 -0.82072966296617655 0.85167909124157137
decision_type=2 2 2 2 2 2 2
left_child=1 3 -3 -1 5 -2 -6
right_child=4 2 -4 -5 6 -7 -8
leaf_value=0.00012668850329351804 0.0019506478211134633 -0.00074709165028219524 0.00052498554839193684 -0.00029600931904734515 0.001709232459689758 -0.00027784089704345678 0.00014761427669773405
leaf_weight=1285 51 510 72 212 48 92 40
leaf_count=1285 51 510 72 212 48 92 40
internal_value=0 -0.000528592 -0.00383562 0.000760507 0.00472103 0.00124138 0.0102222
internal_weight=2310 2079 582 1497 231 143 88
internal_count=2310 2079 582 1497 231 143 88
is_linear=0
shrinkage=0.04


Tree=101
num_leaves=7
num_cat=0
split_feature=32 113 28 13 42 117
split_gain=3.77362 4.31386 5.7621 4.72026 2.30877 2.61087
threshold=-1.1260013499426231 0.79613060020927995 0.40436399496005238 1.8816535371809815 -0.99847710563348835 0.32851400272158998
decision_type=2 2 2 2 2 2
left_child=4 3 -3 -2 -1 -6
right_child=1 2 -4 -5 5 -7
leaf_value=0.00078564193416802094 3.8433030450026604e-05 8.9897483698629564e-06 -0.0014714342846898988 -0.00081241507749819529 -8.5216163572849024e-05 0.0018335463131803284
leaf_weight=42 1769 177 140 50 82 50
leaf_count=42 1769 177 140 50 82 50
internal_value=5.19031e-05 -0.0004116 -0.00470219 0.000340472 0.00568182 0.00298507
internal_weight=2310 2136 317 1819 174 132
internal_count=2310 2136 317 1819 174 132
is_linear=0
shrinkage=0.04


Tree=102
num_leaves=8
num_cat=0
split_feature=117 67 36 37 88 100 70
split_gain=3.81432 8.22424 6.02594 4.95518 4.80509 3.86452 2.94282
threshold=0.67940733545291954 -0.092265816665626291 0.26420158582916992 -0.69041643534181307 3.2849983814567345 -0.1942291919861531 -0.40547191078496642
decision_type=2 2 2 2 2 2 2
left_child=3 6 -3 5 -5 -1 -2
right_child=1 2 -4 4 -6 -7 -8
leaf_value=0.00078274444430926325 0.0017263546719251471 0.00031647839710033431 -0.00026221796479227502 -0.00012133164602432752 0.00076826731546357572 1.4204805911995425e-05 0.0004911753573361348
leaf_weight=49 59 159 142 1660 52 81 108
leaf_count=49 59 159 142 1660 52 81 108
internal_value=1.7301e-05 0.00323404 -0.000726073 -0.000802603 -0.0013769 0.00666667 0.0102959
internal_weight=2310 468 301 1842 1712 130 167
internal_count=2310 468 301 1842 1712 130 167
is_linear=0
shrinkage=0.04


Tree=103
num_leaves=5
num_cat=0
split_feature=28 68 61 35
split_gain=3.86827 3.88653 6.65957 5.92484
threshold=-0.78646290573603628 -0.20703430394508399 -0.61611930603617682 0.42898051161292844
decision_type=2 2 2 2
left_child=-1 3 -3 -2
right_child=1 2 -4 -5
leaf_value=-0.0011189344332425272 0.00038757544325148643 0.00022084848440564035 -0.0002173187289531993 -0.00017262907829421331
leaf_weight=50 560 609 834 257
leaf_count=50 560 609 834 257
internal_value=1.7301e-05 0.000265252 -0.000982699 0.00246642
internal_weight=2310 2260 1443 817
internal_count=2310 2260 1443 817
is_linear=0
shrinkage=0.04


Tree=104
num_leaves=7
num_cat=0
split_feature=64 124 47 83 123 41
split_gain=3.6829 10.2073 6.65925 5.27461 6.57056 6.09771
threshold=-0.78499046468271361 0.80375661917181296 -0.57493984382372731 1.0339499555288783 0.47859928541757041 -0.68283767157771458
decision_type=2 2 2 2 2 2
left_child=1 2 -1 4 -2 -5
right_child=3 -3 -4 5 -6 -7
leaf_value=0.00074021103024857757 -2.4296050733180199e-06 0.0017254066044980903 -0.00036861748637393289 0.0016010729170080347 -0.00067420399959475469 -2.4418874241373975e-05
leaf_weight=91 1317 66 197 106 377 156
leaf_count=91 1317 66 197 106 377 156
internal_value=-3.46021e-05 0.00370787 0.000413793 -0.000715015 -0.00153302 0.00454545
internal_weight=2310 354 288 1956 1694 262
internal_count=2310 354 288 1956 1694 262
is_linear=0
shrinkage=0.04


Tree=105
num_leaves=7
num_cat=0
split_feature=84 123 69 68 18 35
split_gain=3.58629 5.06044 6.84154 5.28514 3.47714 4.18044
threshold=0.84415753106635993 0.68894154196652557 0.48346853217844415 1.595800596724573 -0.88673058919011172 -0.63907320562712322
decision_type=2 2 2 2 2 2
left_child=1 3 -3 -1 -2 -6
right_child=4 2 -4 -5 5 -7
leaf_value=1.7936149502437437e-05 0.0017091381779960697 -0.0017316936399679661 0.00056138259584202169 -0.0014422809189500259 -0.00035754859946721411 0.00048653345705123143
leaf_weight=1611 68 166 56 51 146 212
leaf_count=1611 68 166 56 51 146 212
internal_value=-3.46021e-05 -0.00078473 -0.00642857 -2.40385e-05 0.00327103 0.00166667
internal_weight=2310 1884 222 1662 426 358
internal_count=2310 1884 222 1662 426 358
is_linear=0
shrinkage=0.04


Tree=106
num_leaves=7
num_cat=0
split_feature=111 46 14 37 123 40
split_gain=4.19982 6.95082 5.15885 4.409 5.54697 4.29017
threshold=0.74103887753788888 2.0556673058882615 -0.11681938694761797 -0.61378182555516092 -0.3770223873939495 -0.5011207189811232
decision_type=2 2 2 2 2 2
left_child=3 2 -2 4 -1 -5
right_child=1 -3 -4 5 -6 -7
leaf_value=-8.1749263428125548e-06 -6.1035362410130635e-06 0.00073495834892259911 -0.0011963038602733293 -0.00037146429376995867 0.00063973754306433008 5.9747548109239903e-05
leaf_weight=93 123 68 187 245 110 1484
leaf_count=93 123 68 187 245 110 1484
internal_value=-0.000155709 -0.004 -0.00653846 0.000599793 0.00614634 -5.77701e-05
internal_weight=2310 378 310 1932 203 1729
internal_count=2310 378 310 1932 203 1729
is_linear=0
shrinkage=0.04


Tree=107
num_leaves=8
num_cat=0
split_feature=64 124 53 63 25 124 46
split_gain=3.58154 9.47851 6.59212 4.98842 5.24855 4.44636 1.58083
threshold=-0.78499046468271361 0.6664028170053542 -0.41666666666666657 0.7183724162120958 -0.033688216954363047 -0.60886303871791225 0.37696457789966359
decision_type=2 2 2 2 2 2 2
left_child=1 2 -1 5 -5 -2 -3
right_child=3 6 -4 4 -6 -7 -8
leaf_value=-0.0012822192656927677 0.00048745501243343268 0.0019240298079471938 0.00023741684995510576 -0.00015555371704008291 0.00053035945512533661 -0.00012681202546573013 0.00079589189481670659
leaf_weight=70 143 51 191 122 220 1471 42
leaf_count=70 143 51 191 122 220 1471 42
internal_value=1.7301e-05 0.00370787 -0.000228137 -0.000653728 0.00372093 -0.00158416 0.0145263
internal_weight=2310 354 261 1956 342 1614 93
internal_count=2310 354 261 1956 342 1614 93
is_linear=0
shrinkage=0.04


Tree=108
num_leaves=5
num_cat=0
split_feature=16 64 124 25
split_gain=3.33592 3.40585 10.0544 5.6277
threshold=-1.1612284983910663 -0.78499046468271361 0.80375661917181296 -0.70935608966240349
decision_type=2 2 2 2
left_child=-1 2 -2 -3
right_child=1 3 -4 -5
leaf_value=0.00076262670312204645 -5.171454386334977e-07 -0.00059400257261133091 0.0016214473166210319 -3.4811054483232899e-06
leaf_weight=60 283 285 66 1616
leaf_count=60 283 285 66 1616
internal_value=-0.000121107 -0.000373002 0.00324786 -0.00104046
internal_weight=2310 2250 349 1901
internal_count=2310 2250 349 1901
is_linear=0
shrinkage=0.04


Tree=109
num_leaves=5
num_cat=0
split_feature=16 37 40 100
split_gain=3.31078 3.29029 6.59096 5.84891
threshold=-1.1612284983910663 -0.61378182555516092 -0.5011207189811232 -0.1942291919861531
decision_type=2 2 2 2
left_child=-1 3 -3 -2
right_child=1 2 -4 -5
leaf_value=0.00073212163499716462 0.00056406304311002245 -0.00053168269275749927 6.0468934252003174e-07 -8.6114800844027184e-05
leaf_weight=60 123 261 1752 114
leaf_count=60 123 261 1752 114
internal_value=-8.65052e-05 -0.000337478 -0.000863524 0.00410042
internal_weight=2310 2250 2013 237
internal_count=2310 2250 2013 237
is_linear=0
shrinkage=0.04


Tree=110
num_leaves=5
num_cat=0
split_feature=40 35 125 63
split_gain=3.47086 4.61083 8.352 5.6897
threshold=-1.0279477716191043 0.58088793332495781 0.71742494563477932 -0.85466022653204132
decision_type=2 2 2 2
left_child=-1 3 -3 -2
right_child=1 2 -4 -5
leaf_value=0.00059794192609473221 0.00082921766361962826 -0.00037463140701980658 0.00061031734525081674 -8.6975086406063114e-06
leaf_weight=40 258 336 68 1608
leaf_count=40 258 336 68 1608
internal_value=3.46021e-05 -0.000176056 -0.00403941 0.000663812
internal_weight=2310 2270 404 1866
internal_count=2310 2270 404 1866
is_linear=0
shrinkage=0.04


Tree=111
num_leaves=5
num_cat=0
split_feature=13 64 124 123
split_gain=3.63111 4.19741 12.4698 4.57545
threshold=1.9359832386859681 -0.78499046468271361 0.6664028170053542 0.70634786609468647
decision_type=2 2 2 2
left_child=1 2 -1 -3
right_child=-2 3 -4 -5
leaf_value=-2.3539399338314699e-06 -0.00049846528072432759 2.0445880180014961e-05 0.0016331401703391895 -0.00064772110934733259
leaf_weight=242 72 1603 80 313
leaf_count=242 72 1603 80 313
internal_value=6.92042e-05 0.000357143 0.0045679 -0.000354536
internal_weight=2310 2238 322 1916
internal_count=2310 2238 322 1916
is_linear=0
shrinkage=0.04


Tree=112
num_leaves=5
num_cat=0
split_feature=13 40 106 106
split_gain=3.63111 5.0422 5.77478 5.57943
threshold=1.9359832386859681 0.97293223296669684 0.72370831230119304 0.30905658996595836
decision_type=2 2 2 2
left_child=1 2 -1 -3
right_child=-2 3 -4 -5
leaf_value=2.9915695882843029e-05 -0.00047852666949535456 -0.00087574819938594371 -0.00088170220980638445 0.0015774525228503106
leaf_weight=1800 72 44 266 128
leaf_count=1800 72 44 266 128
internal_value=6.92042e-05 0.000357143 -0.000193424 0.00689655
internal_weight=2310 2238 2066 172
internal_count=2310 2238 2066 172
is_linear=0
shrinkage=0.04


Tree=113
num_leaves=6
num_cat=0
split_feature=95 25 28 25 99
split_gain=3.92602 6.59536 7.99234 5.11506 2.90098
threshold=1.4154423910911156 -1.1865187170564597 0.090937289146580322 -1.2553840426847094 0.41420782412588492
decision_type=2 2 2 2 2
left_child=1 -1 -3 -2 -5
right_child=3 2 -4 4 -6
leaf_value=0.0010337668016309246 -0.0004814979273085115 6.2930552182744809e-05 -0.00034640023912238044 3.9461508733917779e-05 0.0012529421537411229
leaf_weight=77 49 1197 778 77 132
leaf_count=77 49 1197 778 77 132
internal_value=0.000138408 -0.000447907 -0.000900354 0.00476923 0.00748815
internal_weight=2310 2052 1975 258 209
internal_count=2310 2052 1975 258 209
is_linear=0
shrinkage=0.04


Tree=114
num_leaves=6
num_cat=0
split_feature=13 46 111 119 93
split_gain=3.56676 5.04843 6.39763 5.19593 1.70465
threshold=1.8816535371809815 2.0556673058882615 0.74103887753788888 0.65484237939995793 0.50875102454594678
decision_type=2 2 2 2 2
left_child=1 2 -1 -3 -2
right_child=4 3 -4 -5 -6
leaf_value=4.5635736120282215e-05 -0.00084070883867084004 0.00010466899222394361 -0.00054973029302994689 0.0019467664547553698 -2.0141935979508253e-05
leaf_weight=1721 41 147 301 60 40
leaf_count=1721 41 147 301 60 40
internal_value=0.000190311 0.000493052 -0.000118577 0.00641148 -0.00795181
internal_weight=2310 2229 2022 207 81
internal_count=2310 2229 2022 207 81
is_linear=0
shrinkage=0.04


Tree=115
num_leaves=8
num_cat=0
split_feature=27 37 100 40 83 82 111
split_gain=3.9678 3.65299 5.12405 4.78924 3.08249 2.82157 1.67491
threshold=-0.93897744431165042 -0.61378182555516092 -0.14729254419385171 -0.5011207189811232 0.56772864704825665 -0.17928496162636917 -0.47045377196226718
decision_type=2 2 2 2 2 2 2
left_child=4 2 -2 -3 5 -1 -6
right_child=1 3 -4 -5 6 -7 -8
leaf_value=0.0008295434119310036 0.00054346360022082942 -0.00061999253892572304 -0.00013140613605549593 -3.7138120654586772e-06 0.0027266594576226522 -0.00062727691715998984 0.00010668324231937657
leaf_weight=47 127 238 109 1617 41 62 69
leaf_count=47 127 238 109 1617 41 62 69
internal_value=0.000242215 -0.000296226 0.00436975 -0.000893915 0.00533937 0.000540541 0.01
internal_weight=2310 2091 236 1855 219 109 110
internal_count=2310 2091 236 1855 219 109 110
is_linear=0
shrinkage=0.04


Tree=116
num_leaves=6
num_cat=0
split_feature=95 68 24 24 28
split_gain=3.80979 5.34547 5.91092 3.43677 2.51452
threshold=1.4632210004109727 1.595800596724573 -1.2771853843675063 -1.2229624001201127 0.19996699376168578
decision_type=2 2 2 2 2
left_child=1 2 -1 -2 -5
right_child=3 -3 -4 4 -6
leaf_value=0.0015900375602324835 -0.00024010005879953388 -0.0011603666804794689 -1.2697636507311895e-05 -5.1110754163707224e-06 0.0010482750771884963
leaf_weight=48 55 67 1946 54 140
leaf_count=48 55 67 1946 54 140
internal_value=0.000207612 -0.000358701 2.00401e-05 0.00486056 0.00734694
internal_weight=2310 2061 1994 249 194
internal_count=2310 2061 1994 249 194
is_linear=0
shrinkage=0.04


Tree=117
num_leaves=7
num_cat=0
split_feature=32 7 118 100 79 32
split_gain=3.8703 4.14114 4.00939 3.92874 2.38298 2.31406
threshold=-1.1260013499426231 -0.091810227812417447 -0.83498455010400241 -0.60471316561709687 0.61071095789440843 -1.3990423849698426
decision_type=2 2 2 2 2 2
left_child=4 2 -2 -3 5 -1
right_child=1 3 -4 -5 -6 -7
leaf_value=-0.00022932430595477707 -0.00039044750172445797 -0.00043528637470432313 0.00013713842071130772 -4.4108641947066819e-05 0.00097650235782123344 0.00051780221858957129
leaf_weight=54 132 160 843 1001 63 57
leaf_count=54 132 160 843 1001 63 57
internal_value=0.000207612 -0.000261927 0.00165814 -0.00187446 0.00590909 0.00230088
internal_weight=2310 2136 975 1161 174 111
internal_count=2310 2136 975 1161 174 111
is_linear=0
shrinkage=0.04


Tree=118
num_leaves=8
num_cat=0
split_feature=113 43 69 95 25 46 117
split_gain=3.769 5.95589 7.16188 4.22823 6.45129 4.86201 3.39996
threshold=0.71040107436953881 -0.1715073696069799 0.57355049429144722 0.91399011519557838 -1.1383174214443719 1.0117440033000755 -0.32799425312985447
decision_type=2 2 2 2 2 2 2
left_child=3 2 -2 4 -1 -5 -3
right_child=1 6 -4 5 -6 -7 -8
leaf_value=0.0019488144694745095 -0.0014923369550801666 -0.0003882361662223437 0.00047631928610927641 0.00058486548688908011 -1.1502877090344698e-05 -0.00064624760852932629 0.00014743603383202998
leaf_weight=41 115 41 42 231 1582 51 207
leaf_count=41 115 41 42 231 1582 51 207
internal_value=0.000103806 -0.00339066 -0.00943396 0.000849502 6.15385e-05 0.00535211 0.00048
internal_weight=2310 405 157 1905 1623 282 248
internal_count=2310 405 157 1905 1623 282 248
is_linear=0
shrinkage=0.04


Tree=119
num_leaves=8
num_cat=0
split_feature=111 28 45 119 37 7 41
split_gain=3.28772 6.0698 5.71819 4.25246 3.46896 4.59173 3.70599
threshold=0.74103887753788888 0.34489305478883353 0.87348548974287454 0.55637491491853386 1.0973117179318461 -0.091810227812417447 -0.68283767157771458
decision_type=2 2 2 2 2 2 2
left_child=4 3 -3 -2 5 -1 -6
right_child=1 2 -4 -5 6 -7 -8
leaf_value=0.000116498173010188 -2.229463428590532e-05 -0.0013389678773347575 0.00014153859247874879 0.00090134848884717428 0.0017693618979927103 -0.0001718019698885616 0.00017906529409268714
leaf_weight=858 139 129 65 45 74 841 159
leaf_count=858 139 129 65 45 74 841 159
internal_value=0.000138408 -0.00326316 -0.00816327 0.00193548 0.000806618 0.000176367 0.0053617
internal_weight=2310 378 194 184 1932 1699 233
internal_count=2310 378 194 184 1932 1699 233
is_linear=0
shrinkage=0.04


end of trees

feature_importances:
Column_40=65
Column_35=37
Column_95=27
Column_64=26
Column_37=25
Column_76=23
Column_46=21
Column_28=19
Column_25=17
Column_68=15
Column_123=15
Column_112=14
Column_45=13
Column_61=13
Column_94=13
Column_100=13
Column_114=13
Column_63=12
Column_82=11
Column_88=11
Column_113=11
Column_124=10
Column_125=10
Column_13=9
Column_42=9
Column_24=8
Column_36=8
Column_69=8
Column_106=8
Column_107=8
Column_108=8
Column_117=8
Column_120=8
Column_83=7
Column_111=7
Column_14=6
Column_33=6
Column_41=6
Column_47=6
Column_7=5
Column_26=5
Column_53=5
Column_84=5
Column_93=5
Column_119=5
Column_16=4
Column_18=4
Column_32=4
Column_44=4
Column_96=4
Column_27=3
Column_101=3
Column_102=3
Column_118=3
Column_126=3
Column_43=2
Column_59=2
Column_60=2
Column_70=2
Column_90=2
Column_105=2
Column_10=1
Column_17=1
Column_29=1
Column_34=1
Column_39=1
Column_48=1
Column_57=1
Column_58=1
Column_67=1
Column_79=1
Column_80=1
Column_81=1
Column_89=1
Column_98=1
Column_99=1

parameters:
[boosting: gbdt]
[objective: quantile]
[metric: quantile]
[tree_learner: serial]
[device_type: cpu]
[data_sample_strategy: bagging]
[data: ]
[valid: ]
[num_iterations: 120]
[learning_rate: 0.04]
[num_leaves: 15]
[num_threads: 2]
[seed: 42]
[deterministic: 0]
[force_col_wise: 0]
[force_row_wise: 0]
[histogram_pool_size: -1]
[max_depth: 3]
[min_data_in_leaf: 40]
[min_sum_hessian_in_leaf: 0.001]
[bagging_fraction: 0.85]
[pos_bagging_fraction: 1]
[neg_bagging_fraction: 1]
[bagging_freq: 0]
[bagging_seed: 400]
[bagging_by_query: 0]
[feature_fraction: 0.8]
[feature_fraction_bynode: 1]
[feature_fraction_seed: 30056]
[extra_trees: 0]
[extra_seed: 12879]
[early_stopping_round: 0]
[early_stopping_min_delta: 0]
[first_metric_only: 0]
[max_delta_step: 0]
[lambda_l1: 0]
[lambda_l2: 2]
[linear_lambda: 0]
[min_gain_to_split: 0]
[drop_rate: 0.1]
[max_drop: 50]
[skip_drop: 0.5]
[xgboost_dart_mode: 0]
[uniform_drop: 0]
[drop_seed: 17869]
[top_rate: 0.2]
[other_rate: 0.1]
[min_data_per_group: 100]
[max_cat_threshold: 32]
[cat_l2: 10]
[cat_smooth: 10]
[max_cat_to_onehot: 4]
[top_k: 20]
[monotone_constraints: ]
[monotone_constraints_method: basic]
[monotone_penalty: 0]
[feature_contri: ]
[forcedsplits_filename: ]
[refit_decay_rate: 0.9]
[cegb_tradeoff: 1]
[cegb_penalty_split: 0]
[cegb_penalty_feature_lazy: ]
[cegb_penalty_feature_coupled: ]
[path_smooth: 0]
[interaction_constraints: ]
[verbosity: -1]
[saved_feature_importance_type: 0]
[use_quantized_grad: 0]
[num_grad_quant_bins: 4]
[quant_train_renew_leaf: 0]
[stochastic_rounding: 1]
[linear_tree: 0]
[max_bin: 255]
[max_bin_by_feature: ]
[min_data_in_bin: 3]
[bin_construct_sample_cnt: 200000]
[data_random_seed: 175]
[is_enable_sparse: 1]
[enable_bundle: 1]
[use_missing: 1]
[zero_as_missing: 0]
[feature_pre_filter: 1]
[pre_partition: 0]
[two_round: 0]
[header: 0]
[label_column: ]
[weight_column: ]
[group_column: ]
[ignore_column: ]
[categorical_feature: ]
[forcedbins_filename: ]
[precise_float_parser: 0]
[parser_config_file: ]
[objective_seed: 16083]
[num_class: 1]
[is_unbalance: 0]
[scale_pos_weight: 1]
[sigmoid: 1]
[boost_from_average: 1]
[reg_sqrt: 0]
[alpha: 0.5]
[fair_c: 1]
[poisson_max_delta_step: 0.7]
[tweedie_variance_power: 1.5]
[lambdarank_truncation_level: 30]
[lambdarank_norm: 1]
[label_gain: ]
[lambdarank_position_bias_regularization: 0]
[eval_at: ]
[multi_error_top_k: 1]
[auc_mu_weights: ]
[num_machines: 1]
[local_listen_port: 12400]
[time_out: 120]
[machine_list_filename: ]
[machines: ]
[gpu_platform_id: -1]
[gpu_device_id: -1]
[gpu_device_id_list: ]
[gpu_use_dp: 0]
[num_gpu: 1]

end of parameters

pandas_categorical:null
