tree
version=v4
num_class=1
num_tree_per_iteration=1
label_index=0
max_feature_idx=63
objective=binary sigmoid:1
feature_names=Column_0 Column_1 Column_2 Column_3 Column_4 Column_5 Column_6 Column_7 Column_8 Column_9 Column_10 Column_11 Column_12 Column_13 Column_14 Column_15 Column_16 Column_17 Column_18 Column_19 Column_20 Column_21 Column_22 Column_23 Column_24 Column_25 Column_26 Column_27 Column_28 Column_29 Column_30 Column_31 Column_32 Column_33 Column_34 Column_35 Column_36 Column_37 Column_38 Column_39 Column_40 Column_41 Column_42 Column_43 Column_44 Column_45 Column_46 Column_47 Column_48 Column_49 Column_50 Column_51 Column_52 Column_53 Column_54 Column_55 Column_56 Column_57 Column_58 Column_59 Column_60 Column_61 Column_62 Column_63
feature_infos=[-4.5977336097185342:5.9691639565145795] [-3.847757839830829:4.0692334013603153] [-3.6994336635406588:3.6395570460220688] [-3.4474148468428467:3.2309025254338297] [-3.1742440332367416:2.5946382425642365] [-2.174194134766902:2.4845365697297099] [-3.4000991745879876:3.306995334018481] [-1.1741078391027333:4.7160652570164938] [-1.6089754017597644:1.6004159179172426] [-3.0951962423578796:2.6568691534041644] [-1.2320750995944294:3.7704603173533089] [-2.4222902083224152:2.6400044266452203] [-2.0988760340538501:2.514623634580532] [-1.3231264381364227:2.7385990521588832] [-2.4909467984891052:2.9403736033349497] [-1.8068376222195268:1.4635912767480892] [-1.8716719783794287:1.7668621833919806] [-1.0389906975638044:0.67356165171135152] [-1.0975061553005641:0.69100328948102507] [-1.0389906975638046:0.67356165171135141] [-2.3365715980832995:2.8949330097236192] [-3.1905915892670444:3.4862387705606444] [-2.8608755502754661:2.8403125565654364] [-1.9597937758182487:2.8045250719617258] [-2.2186353740561868:1.8539121714065248] [-2.0870471133938517:1.8658601409512963] [-3.2422854773492591:2.2107829240525541] [-1.8055028856696416:1.5722764335937278] [-0.95588383547382993:2.8296248578792671] [-3.5378776463662285:3.3332065547460843] [-3.2662240112583047:2.9362755517684724] [-2.5079268507736812:2.2137887557230007] [-2.479048364035719:2.3770328029973808] [-2.0137571500110227:2.4271159018188433] [-2.1657396286717496:2.273825176064463] [-1.9536759473707821:2.0312466183186464] [-2.0749566421492287:2.2462551304594842] [-1.2138920198160152:3.0852792153200848] [-1.2400464196983458:3.6631038608565607] [-1.3494511932074662:2.6740445814385865] [-1.2463117648087858:1.8001929678818189] [-2.0553735518738052:1.6158047428329381] [-1.7773069088474054:1.674575926880181] [-1.9915861825101424:11.934394279776862] [-581.91686304585312:92.827527235857048] [-492.42445785571897:102.49793690877324] [-645.23105351243623:47.459105201632198] [-1.116971843544077:3.3183431162067039] [-1.8569135404887336:1.718150636700885] [-1.1504277477102187:6.2515725859352509] [-3.8518190665676526:4.5713147903782776] [-10.080162012618191:8.3608824078448283] [-1:1] [-1.2:1] [0:1] [0:1] [-5.1905421760548451:4.6154353520888742] [-4.6930939283497279:3.1207726295047156] [-3.3992736213836316:2.7761656948443214] [-1.1926975549799004:2.7268451225812949] [-2.2474558854290998:2.2737962953802331] [-2.4629338825452001:0.63687340896807421] [-3.8703383246727632:4.4226345247455114] [-5.8477775074757545:4.8043945920840656]
tree_sizes=669 685 883 683 884 688 680 887 681 781 886 681 782 995 894 994 683 893 997 791 899 997 895 582 685 994 990 998 992 995 998 989 996 782 994 791 684 994 793 1001 1003 996 686 887 1002 994 1000 682 989 895 996 992 787 997 992 784 687 573 990 889 788 888 989 791 1002 998 1003 687 880 888 897 794 1001 996 893 686 1003 897 792 998

Tree=0
num_leaves=5
num_cat=0
split_feature=32 18 18 47
split_gain=11.8775 10.954 12.3278 8.59892
threshold=1.5786223078882073 -0.54470487763395548 -0.90797128005164052 2.2144737565092099
decision_type=2 2 2 2
left_child=1 2 -1 -3
right_child=-2 3 -4 -5
leaf_value=0.074299760164572903 0.0093415755627624594 0.068378914044386813 0.049289628465653754 0.10277458081194185
leaf_weight=44.951993823051453 5.9935991764068595 389.58394646644592 105.63718548417091 11.987198352813719
leaf_count=180 24 1560 423 48
internal_value=0.0653476 0.0659556 0.0567553 0.0694057
internal_weight=558.154 552.16 150.589 401.571
internal_count=2235 2211 603 1608
is_linear=0
shrinkage=1


Tree=1
num_leaves=5
num_cat=0
split_feature=32 63 5 59
split_gain=10.9345 10.2655 13.0341 8.61244
threshold=1.5786223078882073 -0.25269614844943855 0.64613912933928763 -0.38570092755529167
decision_type=2 2 2 2
left_child=1 2 -1 -3
right_child=-2 3 -4 -5
leaf_value=-0.0094711375051244173 -0.053708164126956691 0.014710103372183867 0.02930284521332966 0.00078433947073992642
leaf_weight=187.05975644290447 5.9998691082000724 99.120871275663376 14.982393249869345 250.97357007861137
leaf_count=749 24 397 60 1005
internal_value=7.67922e-08 0.000583705 -0.00659586 0.00472709
internal_weight=558.136 552.137 202.042 350.094
internal_count=2235 2211 809 1402
is_linear=0
shrinkage=0.04


Tree=2
num_leaves=7
num_cat=0
split_feature=4 41 57 0 5 58
split_gain=10.5771 13.9119 16.0214 10.92 8.61115 6.9511
threshold=1.0481305532200864 0.081202545070579057 0.95228618591083336 -1.1360565233019082 1.4280396922278704 0.68007416446874414
decision_type=2 2 2 2 2 2
left_child=1 2 -1 -3 5 -2
right_child=4 3 -4 -5 -6 -7
leaf_value=-0.0065211511810355574 -0.018415797097240529 -0.022697022577135826 0.030758464110314278 0.011645957387682903 0.019760200053979212 -0.062185901426364092
leaf_weight=283.72384916245937 21.224670946598057 15.981706470251082 19.727377250790596 202.71172869205475 6.7432740777730933 7.990807816386222
leaf_count=1136 85 64 79 812 27 32
internal_value=1.36779e-07 0.00144522 -0.0040976 0.00913624 -0.0209834 -0.0303875
internal_weight=558.103 522.145 303.451 218.693 35.9588 29.2155
internal_count=2235 2091 1215 876 144 117
is_linear=0
shrinkage=0.04


Tree=3
num_leaves=5
num_cat=0
split_feature=32 51 52 61
split_gain=9.93087 9.59697 10.8445 8.15053
threshold=1.5786223078882073 -0.65495605520537914 0.75000000000000011 0.14203938080955222
decision_type=2 2 2 2
left_child=1 2 -1 -3
right_child=-2 3 -4 -5
leaf_value=-0.016142730088457232 -0.051208903882811241 -0.001669835101773954 0.015993132241300945 0.0092547953811162563
leaf_weight=88.661862924695015 5.9940729886293402 246.23908570408821 20.729987949132919 196.43563705682755
leaf_count=355 24 986 83 787
internal_value=2.43641e-07 0.000556248 -0.0100529 0.00317794
internal_weight=558.061 552.067 109.392 442.675
internal_count=2235 2211 438 1773
is_linear=0
shrinkage=0.04


Tree=4
num_leaves=7
num_cat=0
split_feature=4 41 57 43 24 17
split_gain=9.46054 12.582 14.7704 10.2552 8.33749 6.10919
threshold=1.0481305532200864 0.081202545070579057 0.95228618591083336 -1.0101727390082305 1.2036410152835668 0.51910447498933199
decision_type=2 2 2 2 2 2
left_child=1 2 -1 -3 5 -2
right_child=4 3 -4 -5 -6 -7
leaf_value=-0.006228154473734762 -0.053682442830455798 -0.029920782784174229 0.029587630945148744 0.010628746570575975 0.022188054872136733 -0.015520400824528123
leaf_weight=283.77427186071873 10.240782827138903 10.48178158700466 19.702275425195694 208.09655071794987 6.2401829808950415 19.47723713517189
leaf_count=1136 41 42 79 834 25 78
internal_value=2.66659e-07 0.00136717 -0.00390293 0.00868422 -0.0198449 -0.028671
internal_weight=558.013 522.055 303.477 218.578 35.9582 29.718
internal_count=2235 2091 1215 876 144 119
is_linear=0
shrinkage=0.04


Tree=5
num_leaves=5
num_cat=0
split_feature=32 63 41 51
split_gain=9.11065 8.86744 10.1208 7.18584
threshold=1.5786223078882073 -0.31211116205467598 0.023236222483985918 -0.71746661605865325
decision_type=2 2 2 2
left_child=1 2 -1 -3
right_child=-2 3 -4 -5
leaf_value=-0.013383669340018244 -0.049117277746534516 -0.0084182846818989417 0.0061836951432054357 0.0066534118435280657
leaf_weight=121.44840261340141 5.9774616807699195 60.687589555978775 64.890862300992012 304.9322055131197
leaf_count=486 24 243 260 1222
internal_value=3.54062e-07 0.000532275 -0.00656952 0.00415173
internal_weight=557.937 551.959 186.339 365.62
internal_count=2235 2211 746 1465
is_linear=0
shrinkage=0.04


Tree=6
num_leaves=5
num_cat=0
split_feature=47 16 51 7
split_gain=8.83251 8.36714 8.59364 5.49904
threshold=2.2144737565092099 1.2268943492956432 -0.64386166547371815 -0.53971194555574076
decision_type=2 2 2 2
left_child=1 2 -1 -2
right_child=3 -3 -4 -5
leaf_value=-0.010067956227417376 0.057004623586407017 -0.042813521195510129 0.0024166818134238642 0.0019180553238978468
leaf_weight=111.1655620932579 6.9580209255218506 7.4606863111257544 427.3001307696104 4.9708193540573102
leaf_count=445 28 30 1712 20
internal_value=3.4751e-07 -0.000743653 -0.000160756 0.0340497
internal_weight=557.855 545.926 538.466 11.9288
internal_count=2235 2187 2157 48
is_linear=0
shrinkage=0.04


Tree=7
num_leaves=7
num_cat=0
split_feature=4 41 57 0 24 17
split_gain=8.36675 10.8254 13.4483 9.52871 8.10956 5.61277
threshold=1.0481305532200864 0.081202545070579057 0.95228618591083336 -1.1360565233019082 1.2036410152835668 0.51910447498933199
decision_type=2 2 2 2 2 2
left_child=1 2 -1 -3 5 -2
right_child=4 3 -4 -5 -6 -7
leaf_value=-0.0058177875929151732 -0.05136433752628719 -0.021648760055614027 0.028386851956760811 0.010425561146657278 0.022816534651722193 -0.014769208788006449
leaf_weight=283.81653720140457 10.230091989040377 15.990529567003248 19.665901705622673 202.39805653691292 6.2310166060924521 19.465232864022255
leaf_count=1136 41 64 79 812 25 78
internal_value=4.10738e-07 0.00128577 -0.0036013 0.00807706 -0.0186709 -0.0273763
internal_weight=557.797 521.871 303.482 218.389 35.9263 29.6953
internal_count=2235 2091 1215 876 144 119
is_linear=0
shrinkage=0.04


Tree=8
num_leaves=5
num_cat=0
split_feature=32 63 42 2
split_gain=8.10384 7.91917 9.26028 6.54112
threshold=1.5786223078882073 -0.31211116205467598 1.0476983875756585 -1.4784775262561054
decision_type=2 2 2 2
left_child=1 2 -1 -3
right_child=-2 3 -4 -5
leaf_value=-0.0078343437075417254 -0.046477017404967312 -0.025133543670926874 0.04274925598903731 0.0049085875854163723
leaf_weight=180.34579381346703 5.9384890347719184 11.989472329616545 5.9827080368995658 353.40799930691719
leaf_count=722 24 48 24 1417
internal_value=4.6321e-07 0.000500722 -0.00621019 0.00392284
internal_weight=557.664 551.726 186.329 365.397
internal_count=2235 2211 746 1465
is_linear=0
shrinkage=0.04


Tree=9
num_leaves=6
num_cat=0
split_feature=47 14 7 16 8
split_gain=7.8736 7.72942 13.888 7.18802 5.44571
threshold=2.2144737565092099 -1.2296083804625701 -0.36296307232858183 1.2268943492956432 -0.029238146616568615
decision_type=2 2 2 2 2
left_child=1 2 -1 -3 -2
right_child=4 3 -4 -5 -6
leaf_value=-0.015390170149575295 0.0093443209393748485 -0.0012576250504932735 0.04146570210280711 -0.040881674891543138 0.064296851479314812
leaf_weight=11.230084329843523 6.9298923462629318 509.32092577219009 17.721276447176933 7.4319563060998908 4.9437454342842084
leaf_count=45 28 2041 71 30 20
internal_value=4.46734e-07 -0.000700697 0.0194116 -0.0018275 0.0322245
internal_weight=557.578 545.704 28.9514 516.753 11.8736
internal_count=2235 2187 116 2071 48
is_linear=0
shrinkage=0.04


Tree=10
num_leaves=7
num_cat=0
split_feature=4 41 57 43 5 58
split_gain=7.3641 9.67983 12.2694 9.36268 8.01611 6.17953
threshold=1.0481305532200864 0.081202545070579057 0.95228618591083336 -1.0101727390082305 1.4280396922278704 0.68007416446874414
decision_type=2 2 2 2 2 2
left_child=1 2 -1 -3 5 -2
right_child=4 3 -4 -5 -6 -7
leaf_value=-0.0055291882094127892 -0.015336991023348541 -0.029246514124619944 0.027177347148962534 0.0094933358676155509 0.021860095355227892 -0.056699998380267146
leaf_weight=283.8312379270792 21.204541578888897 10.485574141144751 19.620157286524773 207.71402904391289 6.7174471020698538 7.9439968615770331
leaf_count=1136 85 42 79 834 27 32
internal_value=5.48149e-07 0.00120598 -0.00341449 0.00763169 -0.0175318 -0.0266099
internal_weight=557.517 521.651 303.451 218.2 35.866 29.1485
internal_count=2235 2091 1215 876 144 117
is_linear=0
shrinkage=0.04


Tree=11
num_leaves=5
num_cat=0
split_feature=32 51 52 24
split_gain=7.17986 7.20125 13.0347 7.1932
threshold=1.5786223078882073 -0.74904943740529195 0.75000000000000011 1.0906392355783947
decision_type=2 2 2 2
left_child=1 2 -1 -3
right_child=-2 3 -4 -5
leaf_value=-0.016719014826444282 -0.043967606488339965 0.0014736538403223663 0.020473406033965687 0.025628381038022011
leaf_weight=77.432425111532211 5.8796726614236823 434.6598961353302 18.722398057579994 20.663708299398422
leaf_count=310 24 1743 75 83
internal_value=5.70325e-07 0.000469344 -0.00947724 0.00256985
internal_weight=557.358 551.478 96.1548 455.324
internal_count=2235 2211 385 1826
is_linear=0
shrinkage=0.04


Tree=12
num_leaves=6
num_cat=0
split_feature=47 14 7 16 7
split_gain=7.06931 7.10885 12.7803 6.47837 5.0857
threshold=2.2144737565092099 -1.2296083804625701 -0.36296307232858183 1.2268943492956432 -0.53971194555574076
decision_type=2 2 2 2 2
left_child=1 2 -1 -3 -2
right_child=4 3 -4 -5 -6
leaf_value=-0.014728034738824501 0.052888945665318883 -0.0012033830100289613 0.039833199933629056 -0.038941696467514268 -0.00031643501799738982
leaf_weight=11.232293739914896 6.8668280392885208 509.15092980861664 17.682489842176437 7.3836903870105735 4.9441026747226697
leaf_count=45 28 2041 71 30 20
internal_value=5.3537e-07 -0.00066242 0.0186382 -0.00174284 0.030617
internal_weight=557.26 545.449 28.9148 516.535 11.8109
internal_count=2235 2187 116 2071 48
is_linear=0
shrinkage=0.04


Tree=13
num_leaves=8
num_cat=0
split_feature=51 52 1 25 59 35 41
split_gain=6.56882 8.89314 10.2409 8.06404 10.143 7.18828 6.30804
threshold=-0.65495605520537914 0.75000000000000011 -0.028698266369120998 -1.4164523420492681 0.33190386182434062 -1.371364741073879 -0.88964127386838421
decision_type=2 2 2 2 2 2 2
left_child=1 6 -3 5 -5 -2 -1
right_child=3 2 -4 4 -6 -7 -8
leaf_value=-0.039733238600890099 0.065383710619453889 0.034455627181270543 -0.0248876833788448 0.005255690394325262 -0.0080606516595631318 0.0051516040254672244 -0.0098168869726889783
leaf_weight=13.244310066103933 5.9974719732999802 13.976623788475992 6.9746769517660132 303.24484626948833 131.08138723671436 6.7249911874532682 75.922948271036148
leaf_count=53 24 56 28 1217 526 27 304
internal_value=6.54275e-07 -0.00875036 0.0147003 0.00215623 0.00123677 0.0335455 -0.0142605
internal_weight=557.167 110.119 20.9513 447.049 434.326 12.7225 89.1673
internal_count=2235 441 84 1794 1743 51 357
is_linear=0
shrinkage=0.04


Tree=14
num_leaves=7
num_cat=0
split_feature=20 43 59 18 39 43
split_gain=6.56296 11.1309 9.57681 9.35795 11.9017 6.79639
threshold=0.62325323912423358 -0.4543277866612464 0.41441335548362151 -0.54470487763395548 -0.72901514460885808 -0.6592522976112597
decision_type=2 2 2 2 2 2
left_child=3 -2 -3 4 -1 -5
right_child=1 2 -4 5 -6 -7
leaf_value=-0.040943717132297296 0.038218324405497842 -0.00769844379210868 -0.044994227321412263 -0.0065330279702877194 -0.0031010008991738686 0.0078343881812661127
leaf_weight=14.739707157015799 6.2291634529829016 39.001597106456757 15.352122366428373 64.831871002912521 135.8882212638855 281.0379129499197
leaf_count=59 25 157 62 260 544 1128
internal_value=6.8838e-07 -0.0124283 -0.0182326 0.00151728 -0.0068041 0.00514128
internal_weight=557.081 60.5829 54.3537 496.498 150.628 345.87
internal_count=2235 244 219 1991 603 1388
is_linear=0
shrinkage=0.04


Tree=15
num_leaves=8
num_cat=0
split_feature=14 7 44 63 57 2 48
split_gain=6.43812 11.9888 12.1527 6.90906 10.847 8.06732 5.57014
threshold=-1.2296083804625701 -0.36296307232858183 0.29153969788150647 -0.25269614844943855 -0.030979435728107154 1.789039523820755 -0.76534204698598796
decision_type=2 2 2 2 2 2 2
left_child=1 2 -1 4 -2 -5 -3
right_child=3 6 -4 5 -6 -7 -8
leaf_value=0.024829245097239837 -0.0028558548530817126 0.0061541514046903516 -0.058566400670997838 0.0034006591677926013 -0.028589563094068439 -0.035821501928508838 0.053996430528383259
leaf_weight=5.9940383732318896 157.31064622104168 5.7305616289377239 5.2398246973752975 330.50443129241467 31.446204319596291 8.6090262681245786 12.147354543209074
leaf_count=24 630 23 21 1327 126 35 49
internal_value=6.91877e-07 0.0183132 -0.0140691 -0.00100923 -0.007143 0.00240493 0.0386611
internal_weight=556.982 29.1118 11.2339 527.87 188.757 339.113 17.8779
internal_count=2235 117 45 2118 756 1362 72
is_linear=0
shrinkage=0.04


Tree=16
num_leaves=5
num_cat=0
split_feature=47 16 51 8
split_gain=6.3389 6.14208 6.51478 5.06835
threshold=2.2144737565092099 1.2268943492956432 -0.64386166547371815 -0.029238146616568615
decision_type=2 2 2 2
left_child=1 2 -1 -2
right_child=3 -3 -4 -5
leaf_value=-0.0087589427984947812 0.0069966253388783596 -0.036986189142139511 0.0021164623962222971 0.060365306689337796
leaf_weight=111.07005007565022 6.8789695799350739 7.3330975472927085 426.72727781534195 4.8577883094549161
leaf_count=445 28 30 1712 20
internal_value=7.97574e-07 -0.000625405 -0.00012961 0.0290857
internal_weight=556.867 545.13 537.797 11.7368
internal_count=2235 2187 2157 48
is_linear=0
shrinkage=0.04


Tree=17
num_leaves=7
num_cat=0
split_feature=20 43 31 34 59 1
split_gain=5.98603 10.1972 8.69132 9.91399 8.5741 7.06128
threshold=0.62325323912423358 -0.4543277866612464 0.12146585216951571 0.53804553781664144 0.41441335548362151 1.1829665612369522
decision_type=2 2 2 2 2 2
left_child=2 -2 3 -1 -3 -4
right_child=1 4 5 -5 -6 -7
leaf_value=-0.0015070465475721532 0.036661544447993598 -0.0074753177990578967 0.0068075723652228203 -0.051488250371125463 -0.042812255664218341 0.045902204604177835
leaf_weight=310.71616902947426 6.2131000310182563 38.973237544298172 171.34147207438946 6.4821927398443213 15.298954531550406 7.7254209369420996
leaf_count=1245 25 157 689 26 62 31
internal_value=8.52418e-07 -0.0118796 0.00144885 -0.00252845 -0.0174366 0.00849422
internal_weight=556.751 60.4853 496.265 317.198 54.2722 179.067
internal_count=2235 244 1991 1271 219 720
is_linear=0
shrinkage=0.04


Tree=18
num_leaves=8
num_cat=0
split_feature=14 7 44 2 47 18 56
split_gain=5.90712 11.0755 11.1559 6.58294 10.7731 7.52874 5.16983
threshold=-1.2296083804625701 -0.36296307232858183 0.29153969788150647 -1.4784775262561054 -0.17382361451328873 -0.90797128005164052 -0.099531999371408136
decision_type=2 2 2 2 2 2 2
left_child=1 2 -1 4 -2 -5 -3
right_child=3 6 -4 5 -6 -7 -8
leaf_value=0.023745967273461639 -0.056780878593080723 0.013124261633173373 -0.056180802361933714 0.018826197076796496 -0.0021290838097816306 -0.0012322056930829598 0.056494979931956228
leaf_weight=5.988475367426874 8.7416435778141039 7.9260827302932784 5.2380174249410629 31.977288752794266 16.982179716229439 469.90507017076015 9.8777301013469661
leaf_count=24 35 32 21 128 68 1887 40
internal_value=8.41872e-07 0.0175676 -0.013546 -0.000965727 -0.0207012 4.58096e-05 0.0371868
internal_weight=556.636 29.0303 11.2265 527.606 25.7238 501.882 17.8038
internal_count=2235 117 45 2118 103 2015 72
is_linear=0
shrinkage=0.04


Tree=19
num_leaves=6
num_cat=0
split_feature=47 20 43 18 8
split_gain=5.82767 5.58899 9.80386 7.32858 4.78935
threshold=2.2144737565092099 0.62325323912423358 -0.4543277866612464 -0.54470487763395548 -0.029238146616568615
decision_type=2 2 2 2 2
left_child=1 3 -3 -1 -2
right_child=4 2 -4 -5 -6
leaf_value=-0.0065299899378299543 0.0065365656414725221 0.035265562147331793 -0.017967596534423189 0.0040892569192867911 0.058600412550203908
leaf_weight=150.56951303780079 6.8682831674814224 6.1940805464982978 52.057756170630455 336.05221000313759 4.8045322000980359
leaf_count=603 28 25 210 1349 20
internal_value=9.23456e-07 -0.000598173 -0.0123072 0.000803471 0.0279661
internal_weight=556.546 544.874 58.2518 486.622 11.6728
internal_count=2235 2187 235 1952 48
is_linear=0
shrinkage=0.04


Tree=20
num_leaves=7
num_cat=0
split_feature=63 42 27 59 51 13
split_gain=5.66334 8.47007 7.80396 11.4766 9.42842 7.71815
threshold=-0.31211116205467598 1.0476983875756585 0.52548497081728918 -0.81755437163479106 -0.65495605520537914 -0.61497276300658654
decision_type=2 2 2 2 2 2
left_child=1 5 3 -2 -4 -1
right_child=2 -3 4 -5 -6 -7
leaf_value=-0.028632068730449295 0.035330196430550305 0.041217205563288659 -0.053638110963791182 0.0037674267171202507 -0.004038692457884064 -0.0040362272021332796
leaf_weight=23.464501559734344 19.78310714662075 5.9635697454214087 6.6897917091846457 269.98129215836525 73.550791397690773 156.97375670075417
leaf_count=94 80 24 27 1084 297 629
internal_value=1.04544e-06 -0.00568459 0.00286536 0.00592231 -0.00817388 -0.00723471
internal_weight=556.407 186.402 370.005 289.764 80.2406 180.438
internal_count=2235 747 1488 1164 324 723
is_linear=0
shrinkage=0.04


Tree=21
num_leaves=8
num_cat=0
split_feature=14 7 44 2 47 18 48
split_gain=5.43639 10.2531 10.2709 5.96152 9.97281 7.2633 4.95004
threshold=-1.2296083804625701 -0.36296307232858183 0.29153969788150647 -1.4784775262561054 -0.17382361451328873 -0.90797128005164052 -0.76534204698598796
decision_type=2 2 2 2 2 2 2
left_child=1 2 -1 4 -2 -5 -3
right_child=3 6 -4 5 -6 -7 -8
leaf_value=0.022736442342391871 -0.054452954115775505 0.0052069572327926817 -0.054019232084725352 0.018486498782954303 -0.0018473838886420926 -0.0012179464803295822 0.050421980594655608
leaf_weight=5.9813898354768771 8.7306744158267993 5.7212213128805187 5.2269513159990311 31.968585848808289 16.980251148343086 469.67086350917816 11.998903900384901
leaf_count=24 35 23 21 128 68 1887 49
internal_value=1.09923e-06 0.0168843 -0.0130582 -0.000925053 -0.0197107 3.77826e-05 0.0358236
internal_weight=556.279 28.9285 11.2083 527.35 25.7109 501.639 17.7201
internal_count=2235 117 45 2118 103 2015 72
is_linear=0
shrinkage=0.04


Tree=22
num_leaves=7
num_cat=0
split_feature=63 42 27 59 51 13
split_gain=5.30302 7.85756 7.16702 10.5457 8.72201 7.12498
threshold=-0.31211116205467598 1.0476983875756585 0.52548497081728918 -0.81755437163479106 -0.65495605520537914 -0.61497276300658654
decision_type=2 2 2 2 2 2
left_child=1 5 3 -2 -4 -1
right_child=2 -3 4 -5 -6 -7
leaf_value=-0.027547025340602164 0.03395260367945592 0.039748343237284711 -0.051608563430675443 0.0036420498771291459 -0.0038346832266469219 -0.0039178928226603375
leaf_weight=23.471638441085815 19.70685675740242 5.9442719966173163 6.6688048392534247 269.87315517663956 73.552195355296135 156.92844049632549
leaf_count=94 80 24 27 1084 297 629
internal_value=1.16177e-06 -0.00550125 0.00277385 0.00570478 -0.00780615 -0.00699225
internal_weight=556.145 186.344 369.801 289.58 80.221 180.4
internal_count=2235 747 1488 1164 324 723
is_linear=0
shrinkage=0.04


Tree=23
num_leaves=4
num_cat=0
split_feature=32 34 44
split_gain=5.13816 6.49489 5.74513
threshold=1.5786223078882073 1.4117424720368661 0.048599487171490062
decision_type=2 2 2
left_child=1 2 -1
right_child=-2 -3 -4
leaf_value=0.0038854698908987076 -0.037901210568647849 0.041913443594789851 -0.0043396333832102646
leaf_weight=283.00857809185982 5.6643038094043723 5.9621354043483725 261.35014134645462
leaf_count=1137 24 24 1050
internal_value=1.19997e-06 0.000391319 -6.34554e-05
internal_weight=555.985 550.321 544.359
internal_count=2235 2211 2187
is_linear=0
shrinkage=0.04


Tree=24
num_leaves=5
num_cat=0
split_feature=47 16 44 7
split_gain=5.09634 5.30769 5.2514 4.76592
threshold=2.2144737565092099 1.2713070253684973 -0.35332890279198587 -0.53971194555574076
decision_type=2 2 2 2
left_child=1 2 -1 -2
right_child=3 -3 -4 -5
leaf_value=0.0060774456034444514 0.048241028712410955 -0.038644492366066117 -0.0026537296667735293 -0.0037502574242684506
leaf_weight=154.59324376285076 6.6784266382455826 5.7918322831392279 383.96595278382301 4.8840984702110273
leaf_count=621 28 24 1542 20
internal_value=1.12484e-06 -0.000557053 -0.000147449 0.0262795
internal_weight=555.914 544.351 538.559 11.5625
internal_count=2235 2187 2163 48
is_linear=0
shrinkage=0.04


Tree=25
num_leaves=8
num_cat=0
split_feature=51 52 1 25 59 46 46
split_gain=5.05639 10.7478 7.77883 6.59433 8.55363 7.22338 6.34284
threshold=-0.74904943740529195 0.75000000000000011 0.22456753015317307 -1.4164523420492681 0.41441335548362151 1.8295744751832428 0.81827410896855424
decision_type=2 2 2 2 2 2 2
left_child=1 6 -3 5 -5 -2 -1
right_child=3 2 -4 4 -6 -7 -8
leaf_value=-0.0089862126067269451 0.06217037006761441 0.034002279848979008 -0.024323732798305936 0.0043102042167062612 -0.0081451824238284697 0.0022374598372511211 -0.036979052637686388
leaf_weight=61.108543649315834 5.9740186035633069 13.955064460635187 4.9585108608007422 325.37658113241196 121.03271551430225 6.973463699221611 16.434237509965897
leaf_count=245 24 56 20 1309 487 28 66
internal_value=1.17552e-06 -0.00832462 0.0187111 0.00174944 0.000933238 0.0298907 -0.014919
internal_weight=555.813 96.4564 18.9136 459.357 446.409 12.9475 77.5428
internal_count=2235 387 76 1848 1796 52 311
is_linear=0
shrinkage=0.04


Tree=26
num_leaves=8
num_cat=0
split_feature=14 7 44 18 9 29 56
split_gain=4.99864 9.39859 9.33767 5.86271 6.94373 6.11612 4.81503
threshold=-1.2296083804625701 -0.36296307232858183 0.29153969788150647 0.61524297034840525 1.2959800179426753 0.80694111299228755 -0.099531999371408136
decision_type=2 2 2 2 2 2 2
left_child=1 2 -1 4 -2 -5 -3
right_child=3 6 -4 5 -6 -7 -8
leaf_value=0.021669840785025488 -0.00088472018737328711 0.011175741372293357 -0.051626784249077622 0.050356344711892036 -0.029336020948396126 0.0024692742647329782 0.053239839213161312
leaf_weight=5.9722916483879107 495.01530584692955 7.874000802636151 5.2042233198881149 7.1334127783775356 14.116274282336233 10.621165007352827 9.7399774640798533
leaf_count=24 1988 32 21 29 58 43 40
internal_value=1.20166e-06 0.0162308 -0.0124599 -0.00088563 -0.00167357 0.0217093 0.0344359
internal_weight=555.677 28.7905 11.1765 526.886 509.132 17.7546 17.614
internal_count=2235 117 45 2118 2046 72 72
is_linear=0
shrinkage=0.04


Tree=27
num_leaves=8
num_cat=0
split_feature=18 39 18 20 43 6 43
split_gain=4.96371 10.8018 11.0879 6.8899 8.49871 6.45601 6.22405
threshold=-0.54470487763395548 -0.72901514460885808 -0.90797128005164052 0.62325323912423358 -0.4543277866612464 -0.46052714773032 -0.6592522976112597
decision_type=2 2 2 2 2 2 2
left_child=1 5 -3 6 -5 -1 -2
right_child=3 2 -4 4 -6 -7 -8
leaf_value=-0.017569663649684257 -0.0066976192130386815 0.014736187679193054 -0.010182814065750246 0.034289540670836137 -0.01526260799865423 -0.071862918926536401 0.0070668868943423863
leaf_weight=8.989398926496504 64.699370518326759 40.897082209587097 94.782778799533844 6.1705583035945883 54.016520082950592 5.7429182082414618 280.18583565950394
leaf_count=36 260 164 380 25 219 23 1128
internal_value=1.31522e-06 -0.00620383 -0.00267164 0.00230542 -0.0101824 -0.0387341 0.00448471
internal_weight=555.484 150.412 135.68 405.072 60.1871 14.7323 344.885
internal_count=2235 603 544 1632 244 59 1388
is_linear=0
shrinkage=0.04


Tree=28
num_leaves=8
num_cat=0
split_feature=63 5 58 0 2 63 27
split_gain=4.90501 7.44338 7.11455 9.93509 8.96795 6.92704 6.13549
threshold=-0.31211116205467598 0.64613912933928763 -0.093977101995550275 1.0141670932226019 -1.576172861829586 -2.6167539420619881 0.26755806822781975
decision_type=2 2 2 2 2 2 2
left_child=1 5 4 -4 -2 -1 -3
right_child=2 6 3 -5 -6 -7 -8
leaf_value=0.032257664440152135 -0.037902501051933844 0.058791808298613558 0.00084907377165404046 -0.030127922199387754 0.012293277099685296 -0.0091059462885899056 0.0024053458194481727
leaf_weight=6.7403895854949942 5.9610872417688361 4.9682260602712622 217.76672483980656 17.929781854152679 127.48697227239609 166.31192886829376 8.1567262560129148
leaf_count=27 24 20 879 73 512 667 33
internal_value=1.29291e-06 -0.0052922 0.00267106 -0.00150739 0.010051 -0.00749483 0.0237495
internal_weight=555.322 186.177 369.145 235.697 133.448 173.052 13.125
internal_count=2235 747 1488 952 536 694 53
is_linear=0
shrinkage=0.04


Tree=29
num_leaves=8
num_cat=0
split_feature=51 52 1 49 25 59 46
split_gain=4.67629 9.94681 7.15442 6.39741 6.04981 7.75841 6.70517
threshold=-0.74904943740529195 0.75000000000000011 0.22456753015317307 0.099422238415666941 -1.4164523420492681 0.41441335548362151 1.2411561685445824
decision_type=2 2 2 2 2 2 2
left_child=1 3 -3 -1 6 -6 -2
right_child=4 2 -4 -5 5 -7 -8
leaf_value=-0.029557594318392364 0.065220767715473985 0.032708138750275284 -0.023281781330127222 -0.0056636798100959283 0.0041196143199554169 -0.0077493529358497104 0.0059363944188110017
leaf_weight=28.176713034510612 4.9521369934082013 13.926542848348619 4.949204519391059 49.294940993189812 325.0475749373436 120.89129684865475 7.9572026580572128
leaf_count=113 20 56 20 198 1309 487 32
internal_value=1.29499e-06 -0.00800999 0.0180276 -0.014354 0.00168348 0.00090201 0.0286784
internal_weight=555.196 96.3474 18.8757 77.4717 458.848 445.939 12.9093
internal_count=2235 387 76 311 1848 1796 52
is_linear=0
shrinkage=0.04


Tree=30
num_leaves=8
num_cat=0
split_feature=2 48 61 26 1 32 0
split_gain=4.66151 8.82677 9.51069 6.68741 6.34645 7.75335 7.62865
threshold=-1.4784775262561054 -1.2183043260679736 -0.26744818868989645 -1.4895331116414734 0.30170712024348584 -0.15319938574956068 0.19479191110626629
decision_type=2 2 2 2 2 2 2
left_child=1 3 -3 -1 6 -6 -2
right_child=4 2 -4 -5 5 -7 -8
leaf_value=0.047552986108210384 0.00095595615323016542 -0.051633929663574815 0.0087402143237943625 -0.017226662887728429 -0.020416381059527679 -0.00074725186633606484 0.015479392583269859
leaf_weight=4.9822312891483307 262.12781095504761 12.683246165513994 6.223106160759925 5.2224974483251589 40.884343415498734 148.65802539885044 74.260235249996185
leaf_count=20 1054 51 25 21 164 601 299
internal_value=1.35111e-06 -0.0155797 -0.0317615 0.0144006 0.000863785 -0.00498989 0.00416212
internal_weight=555.041 29.1111 18.9064 10.2047 525.93 189.542 336.388
internal_count=2235 117 76 41 2118 765 1353
is_linear=0
shrinkage=0.04


Tree=31
num_leaves=8
num_cat=0
split_feature=14 7 44 18 9 50 48
split_gain=4.53373 8.64912 8.63784 5.44019 6.21704 5.64264 4.75287
threshold=-1.2296083804625701 -0.36296307232858183 0.29153969788150647 0.61524297034840525 1.2959800179426753 0.36983381886001859 -0.76534204698598796
decision_type=2 2 2 2 2 2 2
left_child=1 2 -1 4 -2 -5 -3
right_child=3 6 -4 5 -6 -7 -8
leaf_value=0.020774059987502754 -0.00085560106057472936 0.0030030408082152805 -0.049851399219690576 0.04774251831416905 -0.027855665383418816 0.0019042555140274084 0.047506046234956613
leaf_weight=5.9611160159111041 494.58150412142277 5.6893438249826458 5.1771887391805649 7.3553483486175564 14.032158330082892 10.333196565508841 11.810590550303457
leaf_count=24 1988 23 21 30 58 42 49
internal_value=1.2733e-06 0.0155005 -0.0120533 -0.000842101 -0.00160051 0.020965 0.0330378
internal_weight=554.94 28.6382 11.1383 526.302 508.614 17.6885 17.4999
internal_count=2235 117 45 2118 2046 72 72
is_linear=0
shrinkage=0.04


Tree=32
num_leaves=8
num_cat=0
split_feature=63 28 58 0 34 41 37
split_gain=4.47156 7.37386 6.7471 8.96901 8.79562 6.69903 5.63237
threshold=-0.31211116205467598 -0.63177674390737659 -0.093977101995550275 1.0141670932226019 0.47756709254108737 0.023236222483985918 -0.1486675590087905
decision_type=2 2 2 2 2 2 2
left_child=1 6 4 -4 -2 -3 -1
right_child=2 5 3 -5 -6 -7 -8
leaf_value=-0.015082099077209548 0.011766434970907711 -0.0083426316212526861 0.00071974619361632865 -0.028748639837956325 -0.04248884553028362 0.0083737133990880435 -0.064203385277656524
leaf_weight=12.970850661396982 128.2944497615099 108.45873430371284 217.56591494381428 17.883768543601036 4.9658693671226493 59.345518991351128 5.2451183497905722
leaf_count=52 516 435 879 73 20 239 21
internal_value=1.37284e-06 -0.00505467 0.00255223 -0.00151855 0.00974464 -0.00243074 -0.0292261
internal_weight=554.73 186.02 368.71 235.45 133.26 167.804 18.216
internal_count=2235 747 1488 952 536 674 73
is_linear=0
shrinkage=0.04


Tree=33
num_leaves=6
num_cat=0
split_feature=47 7 14 9 8
split_gain=4.37737 5.23427 8.54235 6.34807 4.557
threshold=2.2144737565092099 -0.4862416255819475 -1.2296083804625701 0.84553377971520194 -0.029238146616568615
decision_type=2 2 2 2 2
left_child=1 3 -3 -1 -2
right_child=4 2 -4 -5 -6
leaf_value=-0.011151070877680747 0.0035772698090434396 0.026580976205686908 0.00017454643654499542 0.027763063404486546 0.054988943345535821
leaf_weight=98.519186750054359 6.7786647081375122 20.568075701594353 416.87647099792957 7.1972855329513541 4.6513372361659986
leaf_count=396 28 85 1677 29 20
internal_value=1.31507e-06 -0.000514197 0.00141614 -0.00850176 0.0244988
internal_weight=554.591 543.161 437.445 105.716 11.43
internal_count=2235 2187 1762 425 48
is_linear=0
shrinkage=0.04


Tree=34
num_leaves=8
num_cat=0
split_feature=2 48 61 5 51 12 26
split_gain=4.38075 8.16759 8.70122 6.25142 11.6802 9.48593 6.22215
threshold=-1.4784775262561054 -1.2183043260679736 -0.26744818868989645 -0.99658123315553926 -0.88487515627338198 -0.70883926733428615 -1.4895331116414734
decision_type=2 2 2 2 2 2 2
left_child=1 6 -3 4 -2 -5 -1
right_child=3 2 -4 5 -6 -7 -8
leaf_value=0.045740019557158826 -0.01890752598366258 -0.049748986032069523 0.008051355746717271 -0.018039731748100658 0.028394645098976601 0.0013329897821877526 -0.016785887653507733
leaf_weight=4.9748003035783768 11.454567670822142 12.648803979158403 6.2145263254642478 44.548522710800171 30.840054407715797 438.57039865851402 5.2168664336204547
leaf_count=20 46 51 25 179 124 1769 21
internal_value=1.49556e-06 -0.015118 -0.0307067 0.00083759 0.0155839 -0.000453374 0.0137345
internal_weight=554.469 29.055 18.8633 525.414 42.2946 483.119 10.1917
internal_count=2235 117 76 2118 170 1948 41
is_linear=0
shrinkage=0.04


Tree=35
num_leaves=6
num_cat=0
split_feature=56 11 18 40 61
split_gain=4.26513 9.82196 10.1793 4.80764 5.23746
threshold=0.87102750576598142 1.2878271343376941 -0.41294067528224482 1.6813421625861336 -0.30907148969713644
decision_type=2 2 2 2 2
left_child=3 2 -2 4 -1
right_child=1 -3 -4 -5 -6
leaf_value=-0.0053200125996446411 -0.032032685869090548 -0.062666391429591364 0.0047046480953512413 0.040416609523899867 0.0036923002891553003
leaf_weight=149.52057614922523 16.432106822729111 5.1267815530300131 45.435122147202492 4.9764834791421881 332.84866285324097
leaf_count=601 66 21 184 20 1343
internal_value=1.39499e-06 -0.00946182 -0.00505289 0.00130228 0.000898743
internal_weight=554.34 66.994 61.8672 487.346 482.369
internal_count=2235 271 250 1964 1944
is_linear=0
shrinkage=0.04


Tree=36
num_leaves=5
num_cat=0
split_feature=63 13 13 25
split_gain=4.16587 5.69795 6.65141 5.39507
threshold=-2.6167539420619881 1.7959501821754151 1.9413409447404926 -1.3042304271957315
decision_type=2 2 2 2
left_child=-1 3 -3 -2
right_child=1 2 -4 -5
leaf_value=0.031276169353344464 0.022218490910178773 -0.051164417389331515 -0.0046649805890006321 -0.00030203811040506532
leaf_weight=6.7317353039979926 17.610182911157608 7.4158497303724316 14.636025249958037 507.85292965173721
leaf_count=27 71 30 59 2048
internal_value=1.29769e-06 -0.000383229 -0.0203023 0.000452707
internal_weight=554.247 547.515 22.0519 525.463
internal_count=2235 2208 89 2119
is_linear=0
shrinkage=0.04


Tree=37
num_leaves=8
num_cat=0
split_feature=1 17 5 49 51 50 62
split_gain=4.10382 7.85137 11.6072 9.7684 7.5675 7.58017 6.30062
threshold=0.38000682486811937 -0.22933100382703483 0.28175849589141494 -0.36482595137364504 1.0348212481577994 -0.090083392053951161 0.78253110971203277
decision_type=2 2 2 2 2 2 2
left_child=4 3 -3 -2 5 -1 -6
right_child=1 2 -4 -5 6 -7 -8
leaf_value=-0.0044097716484632465 -0.067494955858006328 0.011177520900638933 -0.012087014080936367 -0.011771700123308868 0.034100027909626934 0.0072344997064399718 -0.014467970942305742
leaf_weight=200.2480953335762 6.451513051986697 64.307902276515961 73.56549745798111 22.900893867015839 19.60914379358292 161.6610105484724 5.4646822214126578
leaf_count=806 26 259 299 92 79 652 22
internal_value=1.23838e-06 -0.00523491 -0.0012358 -0.0240194 0.00226392 0.000791603 0.0235149
internal_weight=554.209 167.226 137.873 29.3524 386.983 361.909 25.0738
internal_count=2235 676 558 118 1559 1458 101
is_linear=0
shrinkage=0.04


Tree=38
num_leaves=6
num_cat=0
split_feature=47 7 7 56 51
split_gain=4.01561 4.98486 7.82587 6.21612 4.40293
threshold=2.2144737565092099 -0.4862416255819475 -0.097617403272714134 0.72531913462669018 0.014207111966421816
decision_type=2 2 2 2 2
left_child=1 3 -3 -1 -2
right_child=4 2 -4 -5 -6
leaf_value=-0.0056133188213070622 0.045726167958454605 0.0099762639600440364 -0.0019441196697203658 -0.043492645878271036 -0.0044469380953268281
leaf_weight=98.250321790575981 6.3320625573396665 122.39612147212029 314.66041292250156 7.4577669054269782 5.0147309452295303
leaf_count=395 27 493 1269 30 21
internal_value=1.24682e-06 -0.000491097 0.00139414 -0.00828573 0.0235521
internal_weight=554.111 542.765 437.057 105.708 11.3468
internal_count=2235 2187 1762 425 48
is_linear=0
shrinkage=0.04


Tree=39
num_leaves=8
num_cat=0
split_feature=63 57 41 11 58 60 34
split_gain=4.00175 6.9956 17.0409 10.8374 6.26721 8.49217 8.24471
threshold=-0.31211116205467598 -0.030979435728107154 0.023236222483985918 0.80044475755252387 -0.093977101995550275 -0.34063711703972016 0.45172579125183371
decision_type=2 2 2 2 2 2 2
left_child=1 2 -1 -3 6 -6 -2
right_child=4 3 -4 -5 5 -7 -8
leaf_value=-0.010221388409764188 0.011646042432538764 -0.034766960173289792 0.018393942776392617 0.02567154628831347 -0.039729389242918661 2.5085929126871069e-06 -0.033892277314989429
leaf_weight=108.10840013623238 126.36291353404522 23.629078343510631 48.118376895785332 5.9403596073389044 8.947607681155203 226.21221736073494 6.698439508676528
leaf_count=434 509 95 194 24 36 916 27
internal_value=1.34054e-06 -0.00478451 -0.00140777 -0.0226252 0.00241618 -0.00150925 0.0093536
internal_weight=554.017 185.796 156.227 29.5694 368.221 235.16 133.061
internal_count=2235 747 628 119 1488 952 536
is_linear=0
shrinkage=0.04


Tree=40
num_leaves=8
num_cat=0
split_feature=60 39 60 11 7 61 44
split_gain=3.92764 9.38516 9.12228 8.15368 7.55436 7.28979 6.83549
threshold=0.80399319179305662 0.33776655802455335 0.62121114356192375 -0.0046997625344242372 -0.58168536377678648 0.63663375541329736 0.048599487171490062
decision_type=2 2 2 2 2 2 2
left_child=2 3 6 -2 -4 -3 -1
right_child=1 5 4 -5 -6 -7 -8
leaf_value=0.0047094056381799523 0.0010278265175713624 0.0069240871816463783 -0.066591955889381452 0.036340951820218369 -0.013478941603771182 -0.034821990192792598 -0.0051583131933314154
leaf_weight=243.35466712713242 18.76580685377121 17.532850325107574 5.1295867711305645 23.641483515501022 26.012122258543968 10.824848562479021 208.59749941527843
leaf_count=980 77 71 21 96 105 45 840
internal_value=1.33199e-06 0.00880235 -0.00128787 0.0207144 -0.0222276 -0.00901144 0.000154982
internal_weight=553.859 70.765 483.094 42.4073 31.1417 28.3577 451.952
internal_count=2235 289 1946 173 126 116 1820
is_linear=0
shrinkage=0.04


Tree=41
num_leaves=8
num_cat=0
split_feature=2 48 61 26 5 51 12
split_gain=3.89604 7.48993 7.87061 5.75555 5.70931 10.5961 8.62898
threshold=-1.4784775262561054 -1.2183043260679736 -0.26744818868989645 -1.4895331116414734 -0.99658123315553926 -0.88487515627338198 -0.70883926733428615
decision_type=2 2 2 2 2 2 2
left_child=1 3 -3 -1 5 -2 -6
right_child=4 2 -4 -5 6 -7 -8
leaf_value=0.044179773757573891 -0.017980632184473624 -0.047451849468680182 0.0075962075657275618 -0.016001883286106237 -0.017227133653095725 0.027113965593852027 0.0012602703804731089
leaf_weight=4.9639790803194046 11.435140609741209 12.57303322851658 6.207408368587493 5.2125094234943408 44.497692868113518 30.773254096508026 438.12115329504013
leaf_count=20 46 51 25 21 179 124 1769
internal_value=1.43358e-06 -0.014282 -0.0292571 0.0133541 0.000789512 0.0148969 -0.000444277
internal_weight=553.784 28.9569 18.7804 10.1765 524.827 42.2084 482.619
internal_count=2235 117 76 41 2118 170 1948
is_linear=0
shrinkage=0.04


Tree=42
num_leaves=5
num_cat=0
split_feature=63 18 18 49
split_gain=3.85244 5.27667 11.0581 5.87086
threshold=-2.6167539420619881 -0.54470487763395548 -0.90797128005164052 1.4729572928330288
decision_type=2 2 2 2
left_child=-1 2 -2 -3
right_child=1 3 -4 -5
leaf_value=0.030105041107166903 0.010012954532177992 0.0032977841897648798 -0.01416449692365071 -0.015780414063775935
leaf_weight=6.7191215157508841 43.191980198025703 374.83398446440697 101.15299843251705 27.715837255120277
leaf_count=27 174 1514 407 113
internal_value=1.32155e-06 -0.000368531 -0.00692994 0.00198424
internal_weight=553.614 546.895 144.345 402.55
internal_count=2235 2208 581 1627
is_linear=0
shrinkage=0.04


Tree=43
num_leaves=7
num_cat=0
split_feature=4 5 41 57 43 58
split_gain=3.8716 8.12968 6.38872 10.6563 7.98723 5.57312
threshold=1.0481305532200864 1.4280396922278704 0.081202545070579057 0.95228618591083336 -1.0101727390082305 0.68007416446874414
decision_type=2 2 2 2 2 2
left_child=2 5 3 -1 -4 -2
right_child=1 -3 4 -5 -6 -7
leaf_value=-0.0048622000637884542 -0.011376500049605479 0.027410388363210171 -0.027985372311220662 0.025736338514914574 0.00784605337395952 -0.051272576466167508
leaf_weight=282.38415391743183 20.93787415325642 6.5317400991916648 10.459008142352102 19.465897098183632 206.06022144854069 7.6487024575471869
leaf_count=1136 85 27 42 79 834 32
internal_value=1.26841e-06 -0.0128517 0.000872029 -0.00288894 0.00611521 -0.0220512
internal_weight=553.488 35.1183 518.369 301.85 216.519 28.5866
internal_count=2235 144 2091 1215 876 117
is_linear=0
shrinkage=0.04


Tree=44
num_leaves=8
num_cat=0
split_feature=1 51 49 8 63 50 62
split_gain=3.82404 7.03717 6.87113 12.3884 7.98497 6.7727 5.77616
threshold=0.38000682486811937 1.0348212481577994 -0.32713733027811226 0.22962825104279153 0.82085777820311556 -0.090083392053951161 0.78253110971203277
decision_type=2 2 2 2 2 2 2
left_child=1 5 3 -2 -4 -1 -3
right_child=2 6 4 -5 -6 -7 -8
leaf_value=-0.0041519675596755493 -0.0035779953220629692 0.032867286571599354 0.0053658701726394366 -0.050054705921954448 -0.017953063178182026 0.0068635171901424022 -0.013652788669457822
leaf_weight=200.00723537802696 27.170005232095718 19.549199998378757 94.611222609877586 13.85587155818939 31.257208615541458 161.34754525125027 5.4641324281692496
leaf_count=806 110 79 382 56 128 652 22
internal_value=1.19253e-06 0.00218682 -0.00505863 -0.0192748 -0.000424976 0.000766527 0.022705
internal_weight=553.262 386.368 166.894 41.0259 125.868 361.355 25.0133
internal_count=2235 1559 676 166 510 1458 101
is_linear=0
shrinkage=0.04


Tree=45
num_leaves=8
num_cat=0
split_feature=14 7 44 18 20 53 56
split_gain=3.75589 7.6192 7.47955 4.87398 5.33451 5.13377 4.71393
threshold=-1.2296083804625701 -0.36296307232858183 0.29153969788150647 0.61524297034840525 0.62325323912423358 0.50000000000000011 -0.099531999371408136
decision_type=2 2 2 2 2 2 2
left_child=1 2 -1 4 -2 -5 -3
right_child=3 6 -4 5 -6 -7 -8
leaf_value=0.018835770804466766 -0.00014900746904448486 0.0076698781214582581 -0.04718303044583072 0.0065970013469449371 -0.014111950551826043 0.054982555226187071 0.049704994783739125
leaf_weight=5.9274383038282412 458.92958338558674 7.7552290111780211 5.1152785569429398 12.704716145992281 48.395030811429024 4.8470958173274985 9.4942302256822551
leaf_count=24 1849 32 21 52 197 20 40
internal_value=1.2155e-06 0.0141978 -0.0117459 -0.000764015 -0.00148097 0.0199591 0.0308063
internal_weight=553.169 28.2922 11.0427 524.876 507.325 17.5518 17.2495
internal_count=2235 117 45 2118 2046 72 72
is_linear=0
shrinkage=0.04


Tree=46
num_leaves=8
num_cat=0
split_feature=63 28 45 58 33 34 44
split_gain=3.67507 6.68775 6.22256 5.97243 8.1051 7.49919 5.23292
threshold=-0.31211116205467598 -0.63177674390737659 -3.4121423177226906 -0.093977101995550275 0.15092830628007645 0.45172579125183371 0.19731969249727932
decision_type=2 2 2 2 2 2 2
left_child=1 6 -3 5 -5 -2 -1
right_child=3 2 -4 4 -6 -7 -8
leaf_value=-0.041250217930789174 0.011286016108006969 -0.036065946920665941 -0.00033313479351564378 -0.012865791437537317 0.0033508963686506021 -0.032176539631236172 0.0061770340409620971
leaf_weight=12.960093230009081 126.10956791043282 8.1994432359933835 159.05942170321941 70.468264028429985 164.25271557271481 6.6888030469417563 5.2221210598945609
leaf_count=52 509 33 641 284 668 27 21
internal_value=1.37e-06 -0.00458937 -0.00208485 0.00231774 -0.0015177 0.00909689 -0.0276286
internal_weight=552.96 185.441 167.259 367.519 234.721 132.798 18.1822
internal_count=2235 747 674 1488 952 536 73
is_linear=0
shrinkage=0.04


Tree=47
num_leaves=5
num_cat=0
split_feature=63 13 13 25
split_gain=3.58291 4.98076 5.93524 4.66431
threshold=-2.6167539420619881 1.7959501821754151 1.9413409447404926 -1.3042304271957315
decision_type=2 2 2 2
left_child=-1 3 -3 -2
right_child=1 2 -4 -5
leaf_value=0.029053249363193562 0.020712276457152151 -0.048285480266543654 -0.0042390730438800588 -0.00027568279838580709
leaf_weight=6.7097076624631873 17.528189122676849 7.3675748556852367 14.584190294146536 506.67192763090134
leaf_count=27 71 30 59 2048
internal_value=1.33204e-06 -0.000355583 -0.0190222 0.000426112
internal_weight=552.862 546.152 21.9518 524.2
internal_count=2235 2208 89 2119
is_linear=0
shrinkage=0.04


Tree=48
num_leaves=8
num_cat=0
split_feature=2 48 32 2 56 26 18
split_gain=3.56728 6.82303 7.41698 5.53731 14.2024 5.19011 4.78662
threshold=-1.4784775262561054 -1.2183043260679736 -0.81174947587180712 -1.1519639116967972 -0.45692083596043559 -1.4895331116414734 -0.90797128005164052
decision_type=2 2 2 2 2 2 2
left_child=1 5 -3 4 -2 -1 -5
right_child=3 2 -4 6 -6 -7 -8
leaf_value=0.042085021609025663 0.039444369877883446 -0.043647594308607179 0.012666659125040705 0.015237042513117242 -0.032692746645667417 -0.01516084525037048 -0.0011077132576446846
leaf_weight=4.9385060966014862 16.398960962891582 13.50240132212639 5.176740735769271 30.525184094905853 5.9516317993402472 5.2045053541660327 471.10208906233311
leaf_count=20 66 55 21 123 24 21 1905
internal_value=1.25923e-06 -0.0136993 -0.0280407 0.000754877 0.0202353 0.0127115 -0.000113097
internal_weight=552.8 28.8222 18.6791 523.978 22.3506 10.143 501.627
internal_count=2235 117 76 2118 90 41 2028
is_linear=0
shrinkage=0.04


Tree=49
num_leaves=7
num_cat=0
split_feature=18 13 2 26 49 58
split_gain=3.60145 9.73588 9.02271 5.44964 6.74584 6.36066
threshold=-0.54470487763395548 -0.798725873161655 0.25957356287542882 0.65166367742177955 1.1437852689048711 -0.27369398882481183
decision_type=2 2 2 2 2 2
left_child=1 -1 -3 4 -2 -5
right_child=3 2 -4 5 -6 -7
leaf_value=-0.045754463402980818 0.0065031166400497933 0.0012902623430103826 -0.028300653446709272 0.015020551975191393 -0.013931950428682328 -0.011156535143878536
leaf_weight=8.9491839408874494 277.02307634055614 121.48214080929756 19.075817167758942 18.270283445715904 28.50628487765789 79.376555204391479
leaf_count=36 1120 490 77 74 115 323
internal_value=1.17296e-06 -0.00530128 -0.00272567 0.00196745 0.0045965 -0.00625865
internal_weight=552.683 149.507 140.558 403.176 305.529 97.6468
internal_count=2235 603 567 1632 1235 397
is_linear=0
shrinkage=0.04


Tree=50
num_leaves=8
num_cat=0
split_feature=60 46 60 42 14 44 57
split_gain=3.59764 8.30659 8.27866 7.54985 7.04388 6.05911 3.29505
threshold=0.80399319179305662 -0.34539940563946753 0.62121114356192375 0.74558170244793998 0.81996943622565877 -0.19197258013138804 0.58209986342185938
decision_type=2 2 2 2 2 2 2
left_child=2 6 5 -4 -3 -1 -2
right_child=1 4 3 -5 -6 -7 -8
leaf_value=0.0060278459000566399 0.062630602082414652 0.010101600148871945 -0.010959708488000312 -0.059138282378390923 -0.022741247918547199 -0.0035095624241264392 0.017419136459070162
leaf_weight=172.77346122264862 5.5236092209815961 46.617693826556206 24.526209682226185 6.6058282554149619 13.466706305742262 278.1742240935564 4.8384864181280136
leaf_count=698 23 191 99 27 55 1122 20
internal_value=1.11736e-06 0.0084446 -0.00123273 -0.0211826 0.00274054 0.000144544 0.0415195
internal_weight=552.526 70.4465 482.08 31.132 60.0844 450.948 10.3621
internal_count=2235 289 1946 126 246 1820 43
is_linear=0
shrinkage=0.04


Tree=51
num_leaves=8
num_cat=0
split_feature=51 52 1 49 0 44 24
split_gain=3.54369 9.11556 6.47133 6.3387 4.57451 8.12541 6.70346
threshold=-0.74904943740529195 0.75000000000000011 0.22456753015317307 0.099422238415666941 1.0141670932226019 -1.917096818725178 1.1837248310180788
decision_type=2 2 2 2 2 2 2
left_child=1 3 -3 -1 6 -6 -2
right_child=4 2 -4 -5 5 -7 -8
leaf_value=-0.028237738637067002 0.001911733620900496 0.032000411870145518 -0.021379328956436648 -0.004398486488702137 0.035200540032237958 -0.015554312827036017 0.030065091205002451
leaf_weight=28.066606193780899 391.90010547637939 13.853476628661157 4.925856187939643 49.004615843296051 5.6842660009860984 44.996442526578903 14.015856534242628
leaf_count=113 1585 56 20 198 23 183 57
internal_value=1.30135e-06 -0.00699086 0.0179988 -0.0130799 0.00146912 -0.00986173 0.00288384
internal_weight=552.447 95.8506 18.7793 77.0712 456.597 50.6807 405.916
internal_count=2235 387 76 311 1848 206 1642
is_linear=0
shrinkage=0.04


Tree=52
num_leaves=6
num_cat=0
split_feature=40 61 60 11 1
split_gain=3.51769 7.23106 9.68452 4.95117 4.48875
threshold=1.5771115413379244 -1.4167389840730393 -0.40827925727687286 0.18498473511953131 0.38000682486811937
decision_type=2 2 2 2 2
left_child=1 2 -1 -2 -3
right_child=3 4 -4 -5 -6
leaf_value=-0.0085668236651130977 0.05095861416414306 0.0031963208831314073 -0.064777621862179807 -0.0011680873834178139 -0.0050454579110965686
leaf_weight=28.882713004946709 5.1682754307985288 355.0697423517704 5.9070699810981742 6.6884818524122238 150.5661960542202
leaf_count=117 21 1435 24 27 611
internal_value=1.29969e-06 -0.00047155 -0.018111 0.0215536 0.000742118
internal_weight=552.282 540.426 34.7898 11.8568 505.636
internal_count=2235 2187 141 48 2046
is_linear=0
shrinkage=0.04


Tree=53
num_leaves=8
num_cat=0
split_feature=63 5 10 63 33 59 48
split_gain=3.4903 7.99177 6.93286 6.37894 8.73279 6.39997 6.3339
threshold=-0.25269614844943855 0.64613912933928763 -0.32642192551677163 -0.078677171447536276 -1.2288685941902624 0.77208959207442807 0.495810814479756
decision_type=2 2 2 2 2 2 2
left_child=1 2 -1 5 -5 -2 -3
right_child=3 6 -4 4 -6 -7 -8
leaf_value=-0.018882127425229128 0.020734051847900878 0.045560431533495274 -0.0016620524627095985 0.049353667783185999 -0.00084789324162896007 -0.018206113469961781 -0.0072677548479243475
leaf_weight=51.912343636155128 46.182747215032578 8.8456910699605924 133.88411010801792 5.6516307294368735 291.65181489288807 7.9096897840499869 6.1600734144449225
leaf_count=209 187 36 540 23 1183 32 25
internal_value=1.25963e-06 -0.0042056 -0.00647342 0.00240524 0.00010642 0.01504 0.0238737
internal_weight=552.198 200.802 185.796 351.396 297.303 54.0924 15.0058
internal_count=2235 810 749 1425 1206 219 61
is_linear=0
shrinkage=0.04


Tree=54
num_leaves=8
num_cat=0
split_feature=14 7 44 50 50 40 56
split_gain=3.47442 6.93482 6.87089 4.61861 8.0096 6.03973 4.49867
threshold=-1.2296083804625701 -0.36296307232858183 0.29153969788150647 -1.5424401870073747 -1.3162384462829815 0.26949902180145929 -0.099531999371408136
decision_type=2 2 2 2 2 2 2
left_child=1 2 -1 5 -5 -2 -3
right_child=3 6 -4 4 -6 -7 -8
leaf_value=0.018187713484703532 0.0079321378956584004 0.0070430240778795363 -0.045290919507042615 0.033554310328180126 -0.00073403476948795279 -0.036589768441049136 0.048257172944975751
leaf_weight=5.912197560071947 7.9624206721782711 7.7322956621646926 5.0658824741840363 11.147096782922743 492.29880483448505 12.57369616627693 9.3756372034549678
leaf_count=24 32 32 21 45 1990 51 40
internal_value=1.35937e-06 0.0137076 -0.0111048 -0.000733309 2.5164e-05 -0.0193274 0.0296296
internal_weight=552.068 28.086 10.9781 523.982 503.446 20.5361 17.1079
internal_count=2235 117 45 2118 2035 83 72
is_linear=0
shrinkage=0.04


Tree=55
num_leaves=6
num_cat=0
split_feature=47 7 7 9 7
split_gain=3.38239 4.56859 6.92796 5.96191 4.28754
threshold=2.2144737565092099 -0.4862416255819475 -0.097617403272714134 0.84553377971520194 -0.53971194555574076
decision_type=2 2 2 2 2
left_child=1 3 -3 -1 -2
right_child=4 2 -4 -5 -6
leaf_value=-0.010486623865217494 0.043330980349937133 0.0094517689803190318 -0.0017866506863890913 0.027330405755673307 -0.006710556548171087
leaf_weight=98.269842341542244 6.362665519118309 121.90397381782532 313.3764079362154 7.155767709016799 4.8107759803533536
leaf_count=396 28 493 1269 29 20
internal_value=1.41831e-06 -0.000448737 0.00136076 -0.00791979 0.0217854
internal_weight=551.879 540.706 435.28 105.426 11.1734
internal_count=2235 2187 1762 425 48
is_linear=0
shrinkage=0.04


Tree=56
num_leaves=5
num_cat=0
split_feature=63 18 56 20
split_gain=3.34297 4.61897 10.0901 5.86582
threshold=-2.6167539420619881 -0.54470487763395548 1.4498088397119093 -0.40716693186712122
decision_type=2 2 2 2
left_child=-1 2 -2 -3
right_child=1 3 -4 -5
leaf_value=0.028107201791681781 -0.0043499777338523666 0.015269291072933388 -0.058848384620190812 0.00011655792691223756
leaf_weight=6.6890950798988333 138.14237152040005 46.193367511034012 5.6582387536764136 355.08662755787373
leaf_count=27 558 186 23 1441
internal_value=1.53222e-06 -0.000343374 -0.00649437 0.00186087
internal_weight=551.77 545.081 143.801 401.28
internal_count=2235 2208 581 1627
is_linear=0
shrinkage=0.04


Tree=57
num_leaves=4
num_cat=0
split_feature=32 34 3
split_gain=3.321 5.92462 4.44471
threshold=1.5786223078882073 1.4117424720368661 1.7003047262219444
decision_type=2 2 2
left_child=1 2 -1
right_child=-2 -3 -4
leaf_value=-0.00054053923082643277 -0.031532346258787529 0.040096176190679282 0.031856307889605126
leaf_weight=533.61922258138657 5.2923759818077079 5.9226172715425482 6.8629080057144156
leaf_count=2159 24 24 28
internal_value=1.4103e-06 0.00030684 -0.000129172
internal_weight=551.697 546.405 540.482
internal_count=2235 2211 2187
is_linear=0
shrinkage=0.04


Tree=58
num_leaves=8
num_cat=0
split_feature=51 52 45 59 25 59 10
split_gain=3.30134 8.44622 6.18728 6.10751 4.48854 6.36854 5.92036
threshold=-0.74904943740529195 0.75000000000000011 0.87075829708064523 1.3739511818901666 -1.346673367945399 0.41441335548362151 1.0800859931719118
decision_type=2 2 2 2 2 2 2
left_child=1 3 -3 -1 6 -6 -2
right_child=4 2 -4 -5 5 -7 -8
leaf_value=-0.01693295708213689 0.056675473623618702 0.032530676018868422 -0.017463003705556701 0.016804327438643591 0.0036242086311107347 -0.0072078657450254371 0.0031033548262472893
leaf_weight=67.105069324374199 5.374720185995101 13.034725174307825 5.6898241192102423 9.8450501263141614 323.27917768061161 118.74108427762985 8.5528140664100629
leaf_count=271 22 53 23 40 1309 482 35
internal_value=1.33753e-06 -0.00675394 0.0173391 -0.0126166 0.00141884 0.00071436 0.0237772
internal_weight=551.622 95.6747 18.7245 76.9501 455.948 442.02 13.9275
internal_count=2235 387 76 311 1848 1791 57
is_linear=0
shrinkage=0.04


Tree=59
num_leaves=7
num_cat=0
split_feature=4 24 0 41 57 43
split_gain=3.23535 7.47043 5.84022 5.7993 10.0438 7.09764
threshold=1.0481305532200864 1.2036410152835668 0.57203240982308301 0.081202545070579057 0.95228618591083336 -1.0101727390082305
decision_type=2 2 2 2 2 2
left_child=3 2 -2 4 -1 -5
right_child=1 -3 -4 5 -6 -7
leaf_value=-0.0047090128473113628 -0.036838752404577575 0.028815290640530393 -0.00070088707785724406 -0.026386998114125561 0.025069951687035037 0.0074367958620695689
leaf_weight=281.50471417605877 15.591870263218881 5.9971096515655509 13.223698794841765 10.430630251765249 19.368618190288544 205.31381422281265
leaf_count=1136 64 25 55 42 79 834
internal_value=1.37823e-06 -0.0118016 -0.0202548 0.00079673 -0.002792 0.00580151
internal_weight=551.43 34.8127 28.8156 516.618 300.873 215.744
internal_count=2235 144 119 2091 1215 876
is_linear=0
shrinkage=0.04


Tree=60
num_leaves=6
num_cat=0
split_feature=20 43 20 27 59
split_gain=3.29494 7.49741 6.29448 7.60742 5.93489
threshold=0.62325323912423358 -0.4543277866612464 0.59373914750527301 0.59766397486286549 0.41441335548362151
decision_type=2 2 2 2 2
left_child=2 -2 3 -1 -3
right_child=1 4 -4 -5 -6
leaf_value=0.0011424093262223894 0.033104148559432493 -0.0054508327811508056 0.039837183889508278 -0.041745845674702631 -0.03526817706880471
leaf_weight=478.34219190478325 6.1060922890901557 38.68505585193634 6.6136268228292456 6.7101213634014121 14.754013046622275
leaf_count=1937 25 157 27 27 62
internal_value=1.33384e-06 -0.00888529 0.00107758 0.000549101 -0.0136831
internal_weight=551.211 59.5452 491.666 485.052 53.4391
internal_count=2235 244 1991 1964 219
is_linear=0
shrinkage=0.04


Tree=61
num_leaves=7
num_cat=0
split_feature=57 26 36 63 26 28
split_gain=3.2437 9.21601 8.59199 8.5 7.44899 4.3189
threshold=-1.5807183536403333 -1.3230196219397434 -0.052639967106931917 -0.67021481847931963 -1.5201007347020701 1.9703865773010307
decision_type=2 2 2 2 2 2
left_child=3 2 -2 4 -1 -3
right_child=1 5 -4 -5 -6 -7
leaf_value=0.031198512174016351 -0.043339357806294249 -2.4167625804466062e-07 0.0058677790515219022 0.057167763554650169 -0.022953553137641566 0.026486002637072112
leaf_weight=7.1639782041311308 15.038660541176798 494.62410666048527 9.1208850741386396 5.6844090074300757 9.3935011178255081 10.050510346889494
leaf_count=29 61 2006 37 23 38 41
internal_value=1.24835e-06 -0.000628114 -0.0247623 0.0149653 0.000476596 0.000527227
internal_weight=551.076 528.834 24.1595 22.2419 16.5575 504.675
internal_count=2235 2145 98 90 67 2047
is_linear=0
shrinkage=0.04


Tree=62
num_leaves=8
num_cat=0
split_feature=14 7 44 18 50 9 48
split_gain=3.22697 6.33753 6.39868 4.359 4.89851 4.76514 4.29533
threshold=-1.2296083804625701 -0.36296307232858183 0.29153969788150647 0.61524297034840525 0.36983381886001859 1.2959800179426753 -0.76534204698598796
decision_type=2 2 2 2 2 2 2
left_child=1 2 -1 5 -5 -2 -3
right_child=3 6 -4 4 -6 -7 -8
leaf_value=0.017716854882237135 -0.00073424631383313291 -8.3667558261290247e-05 -0.043732034113031358 0.044300776433896676 0.0011578803493520742 -0.024656303171698816 0.04271103185802843
leaf_weight=5.9028404802083987 492.07616199553013 5.6055790036916759 5.0147251486778259 7.1808293759822872 10.180738762021063 13.693656399846075 11.352619931101797
leaf_count=24 1988 23 21 30 42 58 49
internal_value=1.18526e-06 0.013262 -0.0105082 -0.000705436 0.019002 -0.00138193 0.0285651
internal_weight=551.007 27.8758 10.9176 523.131 17.3616 505.77 16.9582
internal_count=2235 117 45 2118 72 2046 72
is_linear=0
shrinkage=0.04


Tree=63
num_leaves=6
num_cat=0
split_feature=40 61 60 50 1
split_gain=3.18864 6.32805 8.99748 4.67403 4.11482
threshold=1.5771115413379244 -1.4167389840730393 -0.40827925727687286 -1.0000000180025095e-35 0.38000682486811937
decision_type=2 2 2 2 2
left_child=1 2 -1 -2 -3
right_child=3 4 -4 -5 -6
leaf_value=-0.0077806566000763432 -0.0092113745977812651 0.0030389531236351521 -0.062117104531213267 0.041824035879015724 -0.004864728156147983
leaf_weight=28.805105462670326 4.9221694618463516 354.21630227565765 5.8694904297590247 6.8908580839633924 150.03401038050652
leaf_count=117 20 1435 24 28 611
internal_value=1.3023e-06 -0.000449314 -0.0169784 0.020559 0.000687302
internal_weight=550.738 538.925 34.6746 11.813 504.25
internal_count=2235 2187 141 48 2046
is_linear=0
shrinkage=0.04


Tree=64
num_leaves=8
num_cat=0
split_feature=47 14 47 14 44 43 47
split_gain=3.15362 10.9735 8.48366 8.69985 6.72182 6.12927 4.75561
threshold=-0.76157755798845084 0.086894558240949146 -0.66423310558726989 -0.5478616386835381 -0.081803900467755805 -1.0000000180025095e-35 -0.59999547402762288
decision_type=2 2 2 2 2 2 2
left_child=1 4 3 -2 -1 -3 -4
right_child=2 5 6 -5 -6 -7 -8
leaf_value=0.042358443045945188 -0.019067223543115647 -0.011538468063549846 -0.01837792383349825 0.039096084049719058 -0.0082640116415786322 -0.066293910686000559 0.00053438815319473577
leaf_weight=5.9286278635263452 5.4428973644971874 6.202804371714592 22.276039823889732 16.861141666769981 14.367318034172058 6.9202171564102155 472.64705781638622
leaf_count=24 22 25 90 68 58 28 1920
internal_value=1.21664e-06 -0.0119077 0.000770674 0.0249024 0.00652326 -0.0404129 -0.000316838
internal_weight=550.646 33.419 517.227 22.304 20.2959 13.123 494.923
internal_count=2235 135 2100 90 82 53 2010
is_linear=0
shrinkage=0.04


Tree=65
num_leaves=8
num_cat=0
split_feature=2 48 61 1 51 58 26
split_gain=3.11639 6.12221 6.66179 5.08495 7.7675 5.88538 4.68558
threshold=-1.4784775262561054 -1.2183043260679736 -0.26744818868989645 -0.57237113617265178 -0.48376721597467559 -0.037353086661102576 -1.4895331116414734
decision_type=2 2 2 2 2 2 2
left_child=1 6 -3 5 -5 -2 -1
right_child=3 2 -4 4 -6 -7 -8
leaf_value=0.040249357917657547 0.016672063759011958 -0.043535843548484561 0.0073693484500756534 -0.012294088364917213 0.0014391883568252567 -0.0030198517328797621 -0.01430420651830103
leaf_weight=4.9012035131454468 60.463664263486862 12.315278500318529 6.1760420352220526 81.784197568893433 339.17350089550018 40.583270102739334 5.1828737258911151
leaf_count=20 244 51 25 332 1378 164 21
internal_value=1.20196e-06 -0.012861 -0.0265337 0.000705302 -0.00122893 0.00876324 0.0122107
internal_weight=550.58 28.5754 18.4913 522.005 420.958 101.047 10.0841
internal_count=2235 117 76 2118 1710 408 41
is_linear=0
shrinkage=0.04


Tree=66
num_leaves=8
num_cat=0
split_feature=63 57 41 11 58 60 34
split_gain=3.10658 6.47234 14.4714 9.5415 5.34903 7.10481 6.7432
threshold=-0.31211116205467598 -0.030979435728107154 0.023236222483985918 0.80044475755252387 -0.093977101995550275 -0.34063711703972016 0.47756709254108737
decision_type=2 2 2 2 2 2 2
left_child=1 2 -1 -3 6 -6 -2
right_child=4 3 -4 -5 5 -7 -8
leaf_value=-0.00911031407852202 0.010348976978382897 -0.03285262422951872 0.017350057995217862 0.024067214377747712 -0.036560988152115857 -0.00011342868491288957 -0.037315501968770322
leaf_weight=107.49467544257641 127.17957255244255 23.500120356678966 47.765268594026566 5.8938246220350257 8.8959833830594999 224.75069165229797 4.9331398010253897
leaf_count=434 516 95 194 24 36 916 20
internal_value=1.06103e-06 -0.0042283 -0.000969858 -0.0214395 0.00213626 -0.00150115 0.00856917
internal_weight=550.413 184.654 155.26 29.3939 365.759 233.647 132.113
internal_count=2235 747 628 119 1488 952 536
is_linear=0
shrinkage=0.04


Tree=67
num_leaves=5
num_cat=0
split_feature=63 18 18 20
split_gain=3.01196 4.00418 9.33487 5.5017
threshold=-2.6167539420619881 -0.54470487763395548 -0.90797128005164052 -0.42203084940038266
decision_type=2 2 2 2
left_child=-1 2 -2 -3
right_child=1 3 -4 -5
leaf_value=0.026730742149504862 0.0095615290770557915 0.01501091126473858 -0.01272954549687963 7.2234979546126368e-05
leaf_weight=6.6632855087518683 42.885781973600388 44.363651916384697 100.49444404244423 355.77795211970806
leaf_count=27 174 179 407 1448
internal_value=1.01434e-06 -0.000326678 -0.00606217 0.00172848
internal_weight=550.185 543.522 143.38 400.142
internal_count=2235 2208 581 1627
is_linear=0
shrinkage=0.04


Tree=68
num_leaves=7
num_cat=0
split_feature=18 1 9 10 3 17
split_gain=2.99769 6.55157 4.56875 6.82409 4.65789 4.50657
threshold=0.61524297034840525 0.2590165876708293 1.2959800179426753 0.55074718699707204 1.429904175909716 0.65339686928714513
decision_type=2 2 2 2 2 2
left_child=2 -2 4 -4 -1 -3
right_child=1 5 3 -5 -6 -7
leaf_value=-0.00047408886064423563 0.056231427411198291 -0.01367856407353734 0.014861211234486582 -0.043429060951391589 0.027385176541424007 0.033867370823659017
leaf_weight=507.02785207331181 4.7594991922378567 9.6156688183546049 4.9461950510740271 9.1729994267225248 9.7875294089317304 4.7728217989206305
leaf_count=2055 20 40 21 39 40 20
internal_value=9.75271e-07 0.0155498 -0.000559789 -0.023009 5.35142e-05 0.00209295
internal_weight=550.083 19.148 530.935 14.1192 516.815 14.3885
internal_count=2235 80 2155 60 2095 60
is_linear=0
shrinkage=0.04


Tree=69
num_leaves=7
num_cat=0
split_feature=20 15 0 3 20 27
split_gain=2.95202 7.14521 9.18367 7.61216 5.90054 7.01575
threshold=0.62325323912423358 0.63532259771595967 0.99618049499089312 0.7946934702069971 0.59373914750527301 0.59766397486286549
decision_type=2 2 2 2 2 2
left_child=4 3 -3 -2 5 -1
right_child=1 2 -4 -5 -6 -7
leaf_value=0.001079165841266386 -0.054144712784857392 0.0099041238431728258 -0.032833545795927739 0.00461988440283056 0.038636653170688075 -0.040093077749934425
leaf_weight=477.38348309695721 9.4487263411283475 33.627395585179329 10.574580043554304 5.6275097578763953 6.582262009382247 6.7150789350271216
leaf_count=1937 38 138 45 23 27 27
internal_value=9.33058e-07 -0.00843061 -0.000320146 -0.0322096 0.00101953 0.000508053
internal_weight=549.959 59.2782 44.202 15.0762 490.681 484.099
internal_count=2235 244 183 61 1991 1964
is_linear=0
shrinkage=0.04


Tree=70
num_leaves=7
num_cat=0
split_feature=2 47 49 5 51 12
split_gain=2.93293 5.80507 8.02698 4.72793 9.12453 7.48407
threshold=-1.4784775262561054 -0.22551057686270454 1.2631659180696189 -0.99658123315553926 -0.88487515627338198 -0.70883926733428615
decision_type=2 2 2 2 2 2
left_child=1 -1 -3 4 -2 -5
right_child=3 2 -4 5 -6 -7
leaf_value=-0.040596025861067635 -0.017030011624097226 -0.023227365339542515 0.027685144298665559 -0.016125654789337928 0.024975893605053145 0.0011501558239025162
leaf_weight=8.3261185735464114 11.355118006467817 11.289249733090402 8.8303270041942579 44.194848835468292 30.491451233625412 435.35214987397194
leaf_count=35 46 46 36 179 124 1769
internal_value=8.50084e-07 -0.0125066 -0.000882258 0.000683218 0.0135775 -0.000441976
internal_weight=549.839 28.4457 20.1196 521.394 41.8466 479.547
internal_count=2235 117 82 2118 170 1948
is_linear=0
shrinkage=0.04


Tree=71
num_leaves=6
num_cat=0
split_feature=40 61 60 50 26
split_gain=2.92286 5.56491 8.03629 4.17955 3.85004
threshold=1.5771115413379244 -1.4167389840730393 -0.40827925727687286 -1.0000000180025095e-35 0.65166367742177955
decision_type=2 2 2 2 2
left_child=1 2 -1 -2 -3
right_child=3 4 -4 -5 -6
leaf_value=-0.0073075801559686947 -0.0084551909429606414 0.0022317644346723699 -0.058999120116068927 0.039919639956711647 -0.0070244396604127795
leaf_weight=28.680678963661194 4.9038911163806915 416.54717080295086 5.7822946757078162 6.848515108227728 86.897330746054649
leaf_count=117 20 1690 24 28 356
internal_value=7.64778e-07 -0.000430384 -0.0159805 0.0197344 0.000634092
internal_weight=549.66 537.907 34.463 11.7524 503.445
internal_count=2235 2187 141 48 2046
is_linear=0
shrinkage=0.04


Tree=72
num_leaves=8
num_cat=0
split_feature=63 39 5 1 63 33 49
split_gain=2.93451 7.53751 7.11182 6.81341 5.86271 8.02181 6.02982
threshold=-0.25269614844943855 -0.64687959637029679 0.65294796257523291 -0.41591976666275571 -0.078677171447536276 -1.2553593599059907 -0.65316617634094942
decision_type=2 2 2 2 2 2 2
left_child=1 3 -3 -1 6 -6 -2
right_child=4 2 -4 -5 5 -7 -8
leaf_value=0.011302131505247363 0.05184692182974586 -0.0031140530089114561 0.027740858513631228 -0.035296507363319921 0.051040487462463265 -0.00084693767251323767 0.0095746081994445044
leaf_weight=6.6974776685237911 6.0885170847177497 160.22292304039001 12.91580346226692 20.049140125513077 4.8466379493474951 291.05413973331451 47.672794684767723
leaf_count=27 25 649 53 81 20 1186 194
internal_value=6.79105e-07 -0.0038653 -0.000812338 -0.023628 0.00221068 2.94034e-06 0.014362
internal_weight=549.547 199.885 173.139 26.7466 349.662 295.901 53.7613
internal_count=2235 810 702 108 1425 1206 219
is_linear=0
shrinkage=0.04


Tree=73
num_leaves=8
num_cat=0
split_feature=14 7 44 56 50 50 62
split_gain=2.87133 6.00862 5.85034 4.23256 4.07385 7.6429 5.64647
threshold=-1.2296083804625701 -0.36296307232858183 0.29153969788150647 -0.099531999371408136 -1.5424401870073747 -1.3162384462829815 -0.14997808384748471
decision_type=2 2 2 2 2 2 2
left_child=1 2 -1 -3 6 -6 -2
right_child=4 3 -4 -5 5 -7 -8
leaf_value=0.016382555231921999 -0.0062469600716604338 0.0056170331733480742 -0.042598397427423926 0.045934357722273805 0.032883514782762795 -0.00069486206141712082 -0.055295132647166241
leaf_weight=5.8702974319458026 15.415351167321207 7.6582976132631346 4.967930942773819 9.136633232235905 11.091063454747198 490.30272403359413 4.9648539423942557
leaf_count=24 63 32 21 40 45 1990 20
internal_value=7.93425e-07 0.0125663 -0.0106526 0.0275501 -0.000664677 4.79072e-05 -0.0181957
internal_weight=549.407 27.6332 10.8382 16.7949 521.774 501.394 20.3802
internal_count=2235 117 45 72 2118 2035 83
is_linear=0
shrinkage=0.04


Tree=74
num_leaves=7
num_cat=0
split_feature=57 26 36 63 63 28
split_gain=2.88338 8.36393 7.75934 7.65058 6.79326 4.00975
threshold=-1.5807183536403333 -1.3230196219397434 -0.052639967106931917 -0.67021481847931963 -1.5903036407165609 1.9703865773010307
decision_type=2 2 2 2 2 2
left_child=3 2 -2 4 -1 -3
right_child=1 5 -4 -5 -6 -7
leaf_value=0.025610677111290198 -0.041401857158560804 -2.8262015445961162e-07 0.0054925440290410077 0.054403560246476246 -0.025768498194275794 0.025599408547552379
leaf_weight=8.389973327517513 14.922351926565172 493.11628340184689 9.0811339616775495 5.6310971528291693 8.0852961838245392 9.9879415929317457
leaf_count=34 61 2006 37 23 33 41
internal_value=8.92492e-07 -0.000592646 -0.0236605 0.0141533 0.000396167 0.000507939
internal_weight=549.214 527.108 24.0035 22.1064 16.4753 503.104
internal_count=2235 2145 98 90 67 2047
is_linear=0
shrinkage=0.04


Tree=75
num_leaves=5
num_cat=0
split_feature=59 20 15 27
split_gain=2.84591 3.34703 6.18154 5.37298
threshold=-0.98843245756750064 0.61606462016464014 0.63532259771595967 0.39845030123290187
decision_type=2 2 2 2
left_child=-1 3 -3 -2
right_child=1 2 -4 -5
leaf_value=0.026377229890620253 -0.0010239350972761541 -0.030721234331442325 -0.001480474543863519 0.010616870808510993
leaf_weight=6.4679173529148093 408.51280350983143 15.79494923353195 43.219322219491005 75.104437962174416
leaf_count=27 1658 64 179 307
internal_value=8.44688e-07 -0.00031355 -0.00930665 0.00078385
internal_weight=549.099 542.632 59.0143 483.617
internal_count=2235 2208 243 1965
is_linear=0
shrinkage=0.04


Tree=76
num_leaves=8
num_cat=0
split_feature=47 14 47 14 44 43 47
split_gain=2.79755 9.8231 7.79774 7.97208 6.07256 5.44195 4.37068
threshold=-0.76157755798845084 0.086894558240949146 -0.66423310558726989 -0.5478616386835381 -0.081803900467755805 -1.0000000180025095e-35 -0.59999547402762288
decision_type=2 2 2 2 2 2 2
left_child=1 4 3 -2 -1 -3 -4
right_child=2 5 6 -5 -6 -7 -8
leaf_value=0.04042853132183586 -0.018171344277897874 -0.011133122743925439 -0.017649156086065394 0.037532088748274989 -0.0078258432385523245 -0.062865134899652619 0.00049967841476472109
leaf_weight=5.8852621018886575 5.4432379305362728 6.1952700614929199 22.232663333415985 16.793566033244133 14.339745104312897 6.8519300073385221 471.25239376723766
leaf_count=24 22 25 90 68 58 28 1920
internal_value=8.47484e-07 -0.0112409 0.000726115 0.0238967 0.00621567 -0.038301 -0.000317969
internal_weight=548.994 33.2722 515.722 22.2368 20.225 13.0472 493.485
internal_count=2235 135 2100 90 82 53 2010
is_linear=0
shrinkage=0.04


Tree=77
num_leaves=7
num_cat=0
split_feature=1 50 50 2 40 32
split_gain=2.80524 6.4064 9.38056 8.24932 6.22654 6.89301
threshold=0.30170712024348584 -0.090083392053951161 -0.059937566387776246 0.74392857089644016 -0.87780459909698194 -0.15319938574956068
decision_type=2 2 2 2 2 2
left_child=1 3 -3 -1 -2 -6
right_child=4 2 -4 -5 5 -7
leaf_value=-0.0012228232298728354 -0.041947203928705358 0.054881220475925273 0.0061763360748001966 -0.052193991859863738 -0.017178782843857324 0.0016061841992452781
leaf_weight=203.53630098700523 6.662165939807891 6.6134555190801612 146.11698333919048 5.2103472650051108 40.191027700901031 140.55663669109344
leaf_count=826 27 27 595 21 163 576
internal_value=8.23566e-07 0.00205984 0.00828533 -0.00249507 -0.00397062 -0.00257084
internal_weight=548.887 361.477 152.73 208.747 187.41 180.748
internal_count=2235 1469 622 847 766 739
is_linear=0
shrinkage=0.04


Tree=78
num_leaves=6
num_cat=0
split_feature=40 61 47 11 26
split_gain=2.74584 4.97433 7.34763 3.82619 3.67879
threshold=1.5771115413379244 -1.4167389840730393 -0.20073073698455438 0.18498473511953131 0.65166367742177955
decision_type=2 2 2 2 2
left_child=1 2 -1 -2 -3
right_child=3 4 -4 -5 -6
leaf_value=-0.038824263985734582 0.045418541964344902 0.0021526657182832035 -0.00068747773389659045 -0.00075994190227985834 -0.006899648685421339
leaf_weight=13.018937245011328 5.0503673255443555 415.9182800501585 21.320437043905258 6.6522112041711807 86.824737787246704
leaf_count=54 21 1690 87 27 356
internal_value=8.92662e-07 -0.000416761 -0.0151461 0.0191689 0.000589313
internal_weight=548.785 537.082 34.3394 11.7026 502.743
internal_count=2235 2187 141 48 2046
is_linear=0
shrinkage=0.04


Tree=79
num_leaves=8
num_cat=0
split_feature=28 28 44 8 7 60 42
split_gain=2.74578 7.36635 10.7605 7.52064 5.26564 6.45241 6.1973
threshold=-0.24177262334713465 -0.31327588216805924 0.099303962777350346 1.305873448958597 0.21218240193405705 1.3486374927262055 -0.60860563036600313
decision_type=2 2 2 2 2 2 2
left_child=1 3 -3 -1 5 -2 -6
right_child=4 2 -4 -5 6 -7 -8
leaf_value=-0.0024297972642191882 0.0055622192714429907 -0.00054108128154720895 -0.056624417182174661 0.046395062692576865 0.010969081313472658 0.050827950197559167 -0.0073467265299151062
leaf_weight=175.27814610302448 176.73760496079922 12.32156662642956 9.8491317182779294 5.1973655819892874 38.673134908080101 5.1863780170679084 125.40128444135189
leaf_count=708 722 50 40 21 158 22 514
internal_value=8.37562e-07 -0.00369672 -0.0254556 -0.00102373 0.00216644 0.00685268 -0.0030296
internal_weight=548.645 202.646 22.1707 180.476 345.998 181.924 164.074
internal_count=2235 819 90 729 1416 744 672
is_linear=0
shrinkage=0.04


end of trees

feature_importances:
Column_63=25
Column_7=22
Column_18=21
Column_47=20
Column_51=19
Column_44=18
Column_14=17
Column_1=14
Column_2=14
Column_43=13
Column_59=13
Column_20=12
Column_50=12
Column_57=12
Column_5=11
Column_26=11
Column_32=11
Column_41=11
Column_61=11
Column_48=10
Column_58=10
Column_60=10
Column_56=9
Column_0=8
Column_49=8
Column_13=7
Column_34=7
Column_40=7
Column_52=7
Column_4=6
Column_8=6
Column_9=6
Column_11=6
Column_25=6
Column_27=6
Column_28=6
Column_16=5
Column_24=5
Column_42=5
Column_17=4
Column_39=4
Column_46=4
Column_3=3
Column_10=3
Column_12=3
Column_33=3
Column_62=3
Column_15=2
Column_36=2
Column_45=2
Column_6=1
Column_29=1
Column_31=1
Column_35=1
Column_37=1
Column_53=1

parameters:
[boosting: gbdt]
[objective: binary]
[metric: binary_logloss]
[tree_learner: serial]
[device_type: cpu]
[data_sample_strategy: bagging]
[data: ]
[valid: ]
[num_iterations: 80]
[learning_rate: 0.04]
[num_leaves: 15]
[num_threads: 2]
[seed: 42]
[deterministic: 0]
[force_col_wise: 0]
[force_row_wise: 0]
[histogram_pool_size: -1]
[max_depth: 3]
[min_data_in_leaf: 20]
[min_sum_hessian_in_leaf: 0.001]
[bagging_fraction: 1]
[pos_bagging_fraction: 1]
[neg_bagging_fraction: 1]
[bagging_freq: 0]
[bagging_seed: 400]
[bagging_by_query: 0]
[feature_fraction: 1]
[feature_fraction_bynode: 1]
[feature_fraction_seed: 30056]
[extra_trees: 0]
[extra_seed: 12879]
[early_stopping_round: 0]
[early_stopping_min_delta: 0]
[first_metric_only: 0]
[max_delta_step: 0]
[lambda_l1: 0]
[lambda_l2: 0]
[linear_lambda: 0]
[min_gain_to_split: 0]
[drop_rate: 0.1]
[max_drop: 50]
[skip_drop: 0.5]
[xgboost_dart_mode: 0]
[uniform_drop: 0]
[drop_seed: 17869]
[top_rate: 0.2]
[other_rate: 0.1]
[min_data_per_group: 100]
[max_cat_threshold: 32]
[cat_l2: 10]
[cat_smooth: 10]
[max_cat_to_onehot: 4]
[top_k: 20]
[monotone_constraints: ]
[monotone_constraints_method: basic]
[monotone_penalty: 0]
[feature_contri: ]
[forcedsplits_filename: ]
[refit_decay_rate: 0.9]
[cegb_tradeoff: 1]
[cegb_penalty_split: 0]
[cegb_penalty_feature_lazy: ]
[cegb_penalty_feature_coupled: ]
[path_smooth: 0]
[interaction_constraints: ]
[verbosity: -1]
[saved_feature_importance_type: 0]
[use_quantized_grad: 0]
[num_grad_quant_bins: 4]
[quant_train_renew_leaf: 0]
[stochastic_rounding: 1]
[linear_tree: 0]
[max_bin: 255]
[max_bin_by_feature: ]
[min_data_in_bin: 3]
[bin_construct_sample_cnt: 200000]
[data_random_seed: 175]
[is_enable_sparse: 1]
[enable_bundle: 1]
[use_missing: 1]
[zero_as_missing: 0]
[feature_pre_filter: 1]
[pre_partition: 0]
[two_round: 0]
[header: 0]
[label_column: ]
[weight_column: ]
[group_column: ]
[ignore_column: ]
[categorical_feature: ]
[forcedbins_filename: ]
[precise_float_parser: 0]
[parser_config_file: ]
[objective_seed: 16083]
[num_class: 1]
[is_unbalance: 0]
[scale_pos_weight: 1]
[sigmoid: 1]
[boost_from_average: 1]
[reg_sqrt: 0]
[alpha: 0.9]
[fair_c: 1]
[poisson_max_delta_step: 0.7]
[tweedie_variance_power: 1.5]
[lambdarank_truncation_level: 30]
[lambdarank_norm: 1]
[label_gain: ]
[lambdarank_position_bias_regularization: 0]
[eval_at: ]
[multi_error_top_k: 1]
[auc_mu_weights: ]
[num_machines: 1]
[local_listen_port: 12400]
[time_out: 120]
[machine_list_filename: ]
[machines: ]
[gpu_platform_id: -1]
[gpu_device_id: -1]
[gpu_device_id_list: ]
[gpu_use_dp: 0]
[num_gpu: 1]

end of parameters

pandas_categorical:null
