tree
version=v4
num_class=1
num_tree_per_iteration=1
label_index=0
max_feature_idx=109
objective=quantile
feature_names=Column_0 Column_1 Column_2 Column_3 Column_4 Column_5 Column_6 Column_7 Column_8 Column_9 Column_10 Column_11 Column_12 Column_13 Column_14 Column_15 Column_16 Column_17 Column_18 Column_19 Column_20 Column_21 Column_22 Column_23 Column_24 Column_25 Column_26 Column_27 Column_28 Column_29 Column_30 Column_31 Column_32 Column_33 Column_34 Column_35 Column_36 Column_37 Column_38 Column_39 Column_40 Column_41 Column_42 Column_43 Column_44 Column_45 Column_46 Column_47 Column_48 Column_49 Column_50 Column_51 Column_52 Column_53 Column_54 Column_55 Column_56 Column_57 Column_58 Column_59 Column_60 Column_61 Column_62 Column_63 Column_64 Column_65 Column_66 Column_67 Column_68 Column_69 Column_70 Column_71 Column_72 Column_73 Column_74 Column_75 Column_76 Column_77 Column_78 Column_79 Column_80 Column_81 Column_82 Column_83 Column_84 Column_85 Column_86 Column_87 Column_88 Column_89 Column_90 Column_91 Column_92 Column_93 Column_94 Column_95 Column_96 Column_97 Column_98 Column_99 Column_100 Column_101 Column_102 Column_103 Column_104 Column_105 Column_106 Column_107 Column_108 Column_109
feature_infos=[-6.0564827043038587:6.5144079878552734] [-5.6413619729224997:5.4948577717420015] [-4.8943524714291566:4.198959714908816] [-4.3119595272000062:3.8162659880866454] [-3.5793645670768228:2.1377241598571937] [-2.5530285342702492:2.3629570715739106] [-4.2129865234250801:3.9750710101211779] [-1.3761028582703652:6.6535374780960765] [-1.6713033842834026:1.6108380898387953] [-3.5317171059215222:2.1703019131657526] [-1.522182843559464:5.3390576869980251] [-2.5133656515841669:2.1703584638643574] [-2.5108044165634928:2.4352804210119423] [-1.5018703794860271:4.0028939014859874] [-2.9388396107628623:2.7015485859648578] [-1.5615074040210821:1.6211773460159291] [-1.7273260167956115:1.7914121314255265] [-0.92150636850058432:0.77789346779536228] [-0.97738668915119464:0.78390232812605942] [-0.92150636850058409:0.77789346779536228] [-2.2159117478760186:1.6695866805555455] [-3.9861906527340527:4.1060020058392999] [-3.2390068372006402:2.2777321439214395] [-2.3030426021228307:2.5982922340511974] [-2.1137576940528229:1.6006479082832017] [-2.1198197458827064:1.5799217621106765] [-3.330765343637244:2.0006496995771581] [-1.78050123188857:1.4338326049981676] [-1.1912149113818025:3.6228992636112336] [-3.6768048617086735:4.2487937477809314] [-3.6164841372578396:4.4427100879361037] [-3.0087694791533455:3.22066493154664] [-3.1392879522056076:3.4262007225299267] [-1.9420606878395317:2.0877619311637465] [-2.1360058600346541:2.1924941656495265] [-1.7715392511885608:1.7559399879665931] [-1.7775282443912166:1.8389642995561448] [-1.637960431905878:3.8866193443638135] [-1.5202684384640959:5.1537978497850903] [-1.4827370473662458:3.8424141325263541] [-1.2940263897823086:3.4181796826740505] [-1.6527172339481251:1.4798573972114148] [-1.9487498760259285:1.750710549255984] [-1.8612040625920705:14.014850793738292] [-188.23748692797554:168.05802166495434] [-408.93983011189255:135.07703832891835] [-338.26036305020546:79.377584777916852] [-1.3700170429470773:2.7656161408191702] [-1.9225529849146177:1.9933292286359605] [-1.2019148792924614:9.0113749428326706] [-4.8569180288663478:4.4361388619665449] [-8.9417081673990442:6.6442120351776941] [-1:1] [-0.83333333333333337:1] [0:1] [0:1] [-3.0436588323983731:3.9941648692054446] [-3.4163130721578145:2.2557911840449663] [-2.4188959788926288:1.6562093176887116] [-0.97712246269101266:2.2937618822601786] [-2.1482653136785923:1.2747186250416933] [-1.4771590973955526:0.30658884339777176] [-4.5387859206833241:7.8864903449530761] [-4.1827989315110674:5.7606848389006027] [-2.4049278851222384:4.1412959280689927] [-1.2841446092969466:4.7125937974434233] [-1.2043777326234839:7.9962168629871346] [-1.2323375000590915:2.3378410031304555] [-6.5364274078687155:6.7025763773798586] [-4.6665092132092276:3.6034395988678325] [-3.400868493616076:3.7602355625452772] [-1.198281708020936:3.5446983683960953] [-1.8213512928221691:4.4440484681284653] [-0.81375628472623551:2.2003506230755687] [-11.366117173508345:11.135491722872597] [-6.0049133677683955:5.2218235599107778] [-3.4116620103387767:3.6611761437768204] [-1.0040253894592004:3.1549742014834656] [-2.1104064187650731:4.0140092362331696] [-1.372811383025061:0.65625105148756568] [-3.9700334131539394:2.9767952127704289] [-3.5260562466518159:3.0773428492842037] [-2.5844998042810334:1.7086960227977901] [-1.3197045314921514:3.1152849595582648] [-2.0512593284264966:1.8064034284825001] [-1.4601242068311699:0.4385734822082013] [-5.4519913163194271:2.7417254591472404] [-4.1677134294328448:3.5474084839770179] [-1.898879981029548:2.8169808269559455] [-1.3721477754792861:4.1860552087523617] [-1.7255116228868592:4.4323833854802697] [-1.5623529386423194:1.2644056655467035] [-4.372201016404774:2.5335910514160451] [-3.789639091405451:3.5110373948948586] [-1.9856446892112203:2.6183712002477253] [-1.3980649405602616:3.9547209036179405] [-1.6024791594553922:3.8798901050368997] [-1.5911443450607516:1.1870503884304653] [-3.34748552362367:3.6109102834651825] [-2.2697344732413289:2.6985160920950224] [-1.9643529304495875:2.0682359841389384] [-1.4989571686627876:1.977933746279765] [-1.4711763731998373:1.9848988775821355] [-2.385760655833002:0.64779825337486019] [-3.2234960129147887:3.4100224345158643] [-2.7860475784593679:3.61906237250889] [-1.7098008259984852:2.449634162012245] [-0.796558877451918:2.8359338147038762] [-1.5005843200648428:2.4044387979774435] [-1.3852092130162026:0.9240358610867595]
tree_sizes=844 866 867 772 867 868 869 782 866 780 868 867 691 778 693 693 777 777 782 780 781 780 780 695 692 695 773 772 776 688 695 692 784 692 774 693 776 687 865 783 610 781 779 607 691 781 603 690 780 778 603 862 689 779 780 689 777 777 781 695 773 688 607 764 608 689 696 605 774 698 694 868 686 607 612 689 612 785 686 605 692 687 603 687 691 692 690 690 689 866 864 780 780 774 778 687 778 692 690 781 868 691 778 774 608 782 875 776 865 785 881 869 687 684 607 785 606 775 870 782

Tree=0
num_leaves=8
num_cat=0
split_feature=72 106 67 28 37 64 26
split_gain=14.0595 17.3947 8.91608 6.68054 5.28951 4.62322 1.44421
threshold=0.36846158256166472 0.97361042641495243 -0.956271445271628 -0.36830543757332551 0.17657837198603282 -0.13268657597710568 -1.1620936604977652
decision_type=2 2 2 2 2 2 2
left_child=1 2 -1 5 -3 -2 -5
right_child=3 4 -4 6 -6 -7 -8
leaf_value=-0.027363035604357721 -0.0253026699507609 -0.027544776946306228 -0.026067666634917261 -0.025899208933115005 -0.027126945033669473 -0.027584200985729695 -0.024974983563297429
leaf_weight=51 72 60 1374 49 96 74 498
leaf_count=51 72 60 1374 49 96 74 498
internal_value=-0.0260682 -0.0281504 -0.0267532 -0.0213256 -0.0407429 -0.0288972 -0.0193016
internal_weight=2274 1581 1425 693 156 146 547
internal_count=2274 1581 1425 693 156 146 547
is_linear=0
shrinkage=1


Tree=1
num_leaves=8
num_cat=0
split_feature=72 106 36 28 64 78 68
split_gain=13.0544 16.2257 9.96089 6.3804 4.62322 4.27594 1.46135
threshold=0.36846158256166472 0.97361042641495243 0.51319685707477569 -0.36830543757332551 -0.13268657597710568 0.26495127842112615 1.1144115343151066
decision_type=2 2 2 2 2 2 2
left_child=1 2 -1 4 -2 -3 -5
right_child=3 5 -4 6 -6 -7 -8
leaf_value=0.0001354431331157685 0.00072645039707422258 -0.0013686355188488961 -0.00053054571449756614 0.0011052656876912807 -0.0014638193964958191 -0.00085549699366092684 0.00046019110477063806
leaf_weight=1090 72 90 335 428 74 66 119
leaf_count=1090 72 90 335 428 74 66 119
internal_value=-8.78735e-06 -0.00201516 -0.000665732 0.00456115 -0.00283784 -0.0141772 0.00653916
internal_weight=2274 1581 1425 693 146 156 547
internal_count=2274 1581 1425 693 146 156 547
is_linear=0
shrinkage=0.04


Tree=2
num_leaves=8
num_cat=0
split_feature=72 106 36 28 37 64 68
split_gain=12.5576 15.2277 9.12375 6.3804 5.34216 4.62322 1.46135
threshold=0.36846158256166472 0.97361042641495243 0.45749469078081217 -0.36830543757332551 0.040571488507082899 -0.13268657597710568 1.1144115343151066
decision_type=2 2 2 2 2 2 2
left_child=1 2 -1 5 -3 -2 -5
right_child=3 4 -4 6 -6 -7 -8
leaf_value=0.00015407873180508624 0.0006973923811912536 -0.0016158150047659876 -0.00046628375041484832 0.0010610550601836293 -0.00089789005032181739 -0.0014052666206359862 0.00044178346057981252
leaf_weight=1042 72 41 383 428 115 74 119
leaf_count=1042 72 41 383 428 115 74 119
internal_value=7.90861e-05 -0.00188882 -0.00058164 0.00456115 -0.0136709 -0.00283784 0.00653916
internal_weight=2274 1581 1425 693 156 146 547
internal_count=2274 1581 1425 693 156 146 547
is_linear=0
shrinkage=0.04


Tree=3
num_leaves=7
num_cat=0
split_feature=78 108 73 30 59 3
split_gain=9.111 15.6291 9.26565 7.46879 1.42312 0.102175
threshold=1.4688054026668753 0.89164109847346718 -0.55827033976490992 -0.8689236478441571 1.4586090161024734 0.83581821363547026
decision_type=2 2 2 2 2 2
left_child=1 2 -1 -3 5 -2
right_child=4 3 -4 -5 -6 -7
leaf_value=-0.0005132889223146438 0.0018055871743264701 0.0003560381547653675 0.00012944923498154389 -0.0015223839734172823 0.00031498604704112518 0.0016034801756751817
leaf_weight=159 143 41 1698 139 54 40
leaf_count=159 143 41 1698 139 54 40
internal_value=0.000184534 -0.000681707 0.000414201 -0.0118681 0.00757322 0.00924324
internal_weight=2274 2037 1857 180 237 183
internal_count=2274 2037 1857 180 237 183
is_linear=0
shrinkage=0.04


Tree=4
num_leaves=8
num_cat=0
split_feature=72 106 36 29 103 106 101
split_gain=11.7563 12.4837 8.51106 4.35303 3.05333 4.21634 1.46978
threshold=0.36846158256166472 0.97361042641495243 0.45749469078081217 -0.66783794673503893 0.35467582882557369 0.31240854187915429 0.35954525322402608
decision_type=2 2 2 2 2 2 2
left_child=1 2 -1 -3 6 -6 -2
right_child=4 3 -4 -5 5 -7 -8
leaf_value=0.00014558152325506215 0.00057653856491010147 -0.00022970456974164249 -0.00045281036979751612 -0.0013024331845644121 0.00069612228515302042 -0.0012822577965037707 0.0013696248206796348
leaf_weight=1042 300 40 383 116 138 60 195
leaf_count=1042 300 40 383 116 138 60 195
internal_value=0.00016696 -0.00173721 -0.000553609 -0.0124051 0.0045036 0.0003 0.00617706
internal_weight=2274 1581 1425 156 693 198 495
internal_count=2274 1581 1425 156 693 198 495
is_linear=0
shrinkage=0.04


Tree=5
num_leaves=8
num_cat=0
split_feature=72 106 77 28 37 108 41
split_gain=11.9742 11.8982 8.21691 5.92013 4.5461 4.40446 1.24086
threshold=0.36846158256166472 0.97361042641495243 -0.74526549078748305 -0.36830543757332551 0.17657837198603282 0.48659484249404633 -0.99190518973741759
decision_type=2 2 2 2 2 2 2
left_child=1 2 -1 5 -3 -2 -5
right_child=3 4 -4 6 -6 -7 -8
leaf_value=-0.00062742914867896875 0.00017169974492264111 -0.0012503358571818357 5.1249457771588983e-05 0.00012671852806416694 -0.00082119997343190897 -0.0015544340274724301 0.00092341656976514612
leaf_weight=198 104 60 1227 57 96 42 490
leaf_count=198 104 60 1227 57 96 42 490
internal_value=0.000184534 -0.00173721 -0.00058164 0.00456115 -0.0121519 -0.00256757 0.0064663
internal_weight=2274 1581 1425 693 156 146 547
internal_count=2274 1581 1425 693 156 146 547
is_linear=0
shrinkage=0.04


Tree=6
num_leaves=8
num_cat=0
split_feature=72 106 77 37 101 11 76
split_gain=11.5667 11.4397 7.84529 4.83103 3.02758 3.67434 1.13742
threshold=0.36846158256166472 0.97361042641495243 -0.74526549078748305 0.17657837198603282 0.21004286000706376 -0.82840958196295655 -0.17731459396024851
decision_type=2 2 2 2 2 2 2
left_child=1 2 -1 -3 5 -2 -6
right_child=4 3 -4 -5 6 -7 -8
leaf_value=-0.0006023319827318101 -0.00067328557125916001 -0.001200322422894562 4.9199479460725477e-05 -0.00078835197449463274 0.00032905016586732395 0.00043366175497039762 0.0015266189616793613
leaf_weight=198 41 60 1227 96 111 316 225
leaf_count=198 41 60 1227 96 111 316 225
internal_value=0.000202109 -0.00168667 -0.000553609 -0.0118987 0.0045036 0.00192201 0.00721893
internal_weight=2274 1581 1425 156 693 357 336
internal_count=2274 1581 1425 156 693 357 336
is_linear=0
shrinkage=0.04


Tree=7
num_leaves=7
num_cat=0
split_feature=73 97 71 38 89 101
split_gain=7.36863 7.93774 6.93366 6.00434 3.89394 2.34115
threshold=-0.55827033976490992 -0.65200411407640224 2.030770907297696 -0.046729098281444559 0.49755418737187335 -0.10313592844545286
decision_type=2 2 2 2 2 2
left_child=3 4 -3 5 -2 -1
right_child=1 2 -4 -5 -6 -7
leaf_value=-0.00043233004661529802 0.00081461935401033834 -0.00014689631920336801 0.0010308850985485066 -0.00097077374261044533 -0.00020370748276123056 0.00037004468934195741
leaf_weight=40 318 1521 180 65 96 54
leaf_count=40 318 1521 180 65 96 54
internal_value=0.000237258 0.000864431 -0.000346447 -0.00801242 0.00581731 -0.00145833
internal_weight=2274 2115 1701 159 414 94
internal_count=2274 2115 1701 159 414 94
is_linear=0
shrinkage=0.04


Tree=8
num_leaves=8
num_cat=0
split_feature=70 109 16 77 101 108 25
split_gain=9.55633 8.26306 15.0565 7.84085 2.89113 4.92785 1.62558
threshold=0.3202296086027791 0.21537550999856561 -0.67717425189554115 -0.74893019082232692 0.45878051913923529 0.95240446378740773 0.77337987291360821
decision_type=2 2 2 2 2 2 2
left_child=1 3 -3 -1 5 -2 -6
right_child=4 2 -4 -5 6 -7 -8
leaf_value=-0.00052825374261777501 0.00034786015835196795 0.00048077777273641462 -0.00079560376032528405 0.00033225654889000117 0.001322734046569617 -0.0009763532138680395 2.5341143010348122e-05
leaf_weight=195 408 137 475 744 212 63 40
leaf_count=195 408 137 475 744 212 63 40
internal_value=0.00016696 -0.00160335 -0.00521173 0.000754516 0.00395862 0.00209302 0.00740157
internal_weight=2274 1551 612 939 723 471 252
internal_count=2274 1551 612 939 723 471 252
is_linear=0
shrinkage=0.04


Tree=9
num_leaves=7
num_cat=0
split_feature=78 106 79 71 77 59
split_gain=8.63828 12.0491 8.04071 7.11733 1.70564 0.408217
threshold=1.4688054026668753 0.35476883083751426 0.3565082805817878 -0.11943391670120566 0.24131289253195634 1.4198625620154404
decision_type=2 2 2 2 2 2
left_child=1 2 -1 -3 -2 -6
right_child=4 3 -4 -5 5 -7
leaf_value=0.00036373425422756234 4.8604687425108926e-05 0.00014645124876583836 -0.00049856884202094539 -0.00065547014201547242 0.0018064691112255086 0.00089599457658288864
leaf_weight=1128 45 123 291 495 150 42
leaf_count=1128 45 123 291 495 150 42
internal_value=4.39367e-05 -0.000799411 0.00123153 -0.00545161 0.00723849 0.00886598
internal_weight=2274 2037 1419 618 237 192
internal_count=2274 2037 1419 618 237 192
is_linear=0
shrinkage=0.04


Tree=10
num_leaves=8
num_cat=0
split_feature=72 85 78 28 73 71 68
split_gain=9.74279 9.61045 10.1692 5.88756 4.32497 3.2561 1.55966
threshold=0.37306471174483447 -0.86297439758710859 1.5319494678521872 -0.36830543757332551 -0.62018257062467852 -0.065768762631947739 1.1144115343151066
decision_type=2 2 2 2 2 2 2
left_child=1 4 -3 5 -1 -2 -5
right_child=3 2 -4 6 -6 -7 -8
leaf_value=-0.00043197541613797436 0.0014655483158974153 -0.00041342530298663842 0.0014375667871502466 0.00090453938496768045 0.00038294890202883783 -0.00090522611827719205 0.00038340917935762573
leaf_weight=51 50 1059 129 422 351 93 119
leaf_count=51 50 1059 129 422 351 93 119
internal_value=9.66608e-05 -0.0016206 -0.00342857 0.00408163 0.00371287 -0.00310345 0.00598527
internal_weight=2274 1590 1188 684 402 143 541
internal_count=2274 1590 1188 684 402 143 541
is_linear=0
shrinkage=0.04


Tree=11
num_leaves=8
num_cat=0
split_feature=72 97 36 63 28 64 68
split_gain=9.04145 9.38135 9.78389 6.46375 5.35075 3.80498 1.44799
threshold=0.37306471174483447 0.72286296046578435 0.53668155641975412 0.33562849063956285 -0.36830543757332551 -0.13268657597710568 1.1144115343151066
decision_type=2 2 2 2 2 2 2
left_child=1 2 -1 -3 5 -2 -6
right_child=4 3 -4 -5 6 -7 -8
leaf_value=0.00010947757176011389 0.00047993427070189759 -0.0012998627176015118 -0.00047283474470734228 -0.00010016662204333807 0.00086835780956897311 -0.001314568328788533 0.00036807281218332065
leaf_weight=1124 71 78 316 72 422 72 119
leaf_count=1124 71 78 316 72 422 72 119
internal_value=0.000184534 -0.00146985 -0.000471567 -0.0109211 0.00402332 -0.00282759 0.00583794
internal_weight=2274 1590 1440 150 684 143 541
internal_count=2274 1590 1440 150 684 143 541
is_linear=0
shrinkage=0.04


Tree=12
num_leaves=6
num_cat=0
split_feature=77 91 72 70 102
split_gain=7.48593 7.51861 8.35031 2.86917 1.41626
threshold=1.0715066036890868 -1.1763981829271826 0.33574536235866476 -1.0747372978009628 0.66698084403017666
decision_type=2 2 2 2 2
left_child=1 4 -3 -2 -1
right_child=3 2 -4 -5 -6
leaf_value=0.00066252028806570648 -0.00012221673810504065 -0.0003236898114815644 0.00032001176057318655 0.0016696545964564498 0.00012005806337806749
leaf_weight=162 54 1212 609 174 63
leaf_count=162 54 1212 609 174 63
internal_value=0.000114236 -0.000654297 -0.0015085 0.00695652 0.00621145
internal_weight=2274 2046 1821 228 225
internal_count=2274 2046 1821 228 225
is_linear=0
shrinkage=0.04


Tree=13
num_leaves=7
num_cat=0
split_feature=78 108 79 30 59 107
split_gain=7.28146 10.0626 8.20471 5.72146 1.38481 0.485875
threshold=1.5319494678521872 0.89164109847346718 0.3565082805817878 -0.90838625641223369 1.4586090161024734 0.3838228767861192
decision_type=2 2 2 2 2 2
left_child=1 2 -1 -3 5 -2
right_child=4 3 -4 -5 -6 -7
leaf_value=0.00024594274769740418 0.00059045301250949063 0.0004786527274895683 -0.00033489369348508132 -0.0012311822657210883 0.00018559609903195316 0.0016795118820353281
leaf_weight=1284 48 43 582 146 42 129
leaf_count=1284 48 43 582 146 42 129
internal_value=0.000114236 -0.000627127 0.000267666 -0.00937173 0.00701357 0.00854749
internal_weight=2274 2055 1866 189 219 177
internal_count=2274 2055 1866 189 219 177
is_linear=0
shrinkage=0.04


Tree=14
num_leaves=6
num_cat=0
split_feature=77 85 72 59 70
split_gain=7.67552 7.61222 9.69753 3.94395 2.48128
threshold=1.0715066036890868 -0.83781699893973649 0.37306471174483447 0.29011244283964238 -1.0747372978009628
decision_type=2 2 2 2 2
left_child=1 3 -3 -1 -2
right_child=4 2 -4 -5 -6
leaf_value=0.0004675414105748066 -0.00011239452835455022 -0.00037628978273300648 0.00031284446158542125 -0.00034854904992307395 0.0015819242680614361
leaf_weight=408 54 1038 519 81 174
leaf_count=408 54 1038 519 81 174
internal_value=0.000202109 -0.000576172 -0.00194355 0.00376782 0.00713043
internal_weight=2274 2046 1557 489 228
internal_count=2274 2046 1557 489 228
is_linear=0
shrinkage=0.04


Tree=15
num_leaves=6
num_cat=0
split_feature=77 85 72 59 70
split_gain=7.75354 7.46412 8.51023 3.86445 2.48128
threshold=1.0715066036890868 -0.83781699893973649 0.37306471174483447 0.29011244283964238 -1.0747372978009628
decision_type=2 2 2 2 2
left_child=1 3 -3 -1 -2
right_child=4 2 -4 -5 -6
leaf_value=0.00044883975415181438 -0.00010789874722036824 -0.00036123819142368626 0.00030033068312200435 -0.00033460708792615106 0.0015186472973389787
leaf_weight=408 54 1038 519 81 174
leaf_count=408 54 1038 519 81 174
internal_value=0.00016696 -0.000615234 -0.00196921 0.00368635 0.00713043
internal_weight=2274 2046 1557 489 228
internal_count=2274 2046 1557 489 228
is_linear=0
shrinkage=0.04


Tree=16
num_leaves=7
num_cat=0
split_feature=77 31 109 108 12 69
split_gain=7.33301 7.34423 6.56082 6.03614 2.10624 2.286
threshold=1.0715066036890868 0.97747443945628454 0.21537550999856561 -0.66236637046162983 0.52849523421135391 -0.55006362008908283
decision_type=2 2 2 2 2 2
left_child=1 2 -1 -3 -2 -6
right_child=4 3 -4 -5 5 -7
leaf_value=0.00021135853832301342 0.0014954068660599895 0.00016352542403076664 -0.00028108640969353658 -0.001110840944536236 -0.0003488259152362018 0.00091090523380476564
leaf_weight=1151 144 52 739 104 44 40
leaf_count=1151 144 52 739 104 44 40
internal_value=0.000184534 -0.000576172 0.000116279 -0.00886076 0.00695652 0.00186047
internal_weight=2274 2046 1890 156 228 84
internal_count=2274 2046 1890 156 228 84
is_linear=0
shrinkage=0.04


Tree=17
num_leaves=7
num_cat=0
split_feature=106 67 61 29 34 25
split_gain=7.04608 7.87529 7.61459 6.83345 5.81289 1.13325
threshold=0.32803558328791244 -1.0019364439582719 -1.2151500866352511 -0.2659184546285856 0.96011221221797849 -0.32591464582256918
decision_type=2 2 2 2 2 2
left_child=1 -1 5 -4 -3 -2
right_child=2 4 3 -5 -6 -7
leaf_value=-0.00095725671407990336 0.0015169955631088384 0.00037484039493128384 -3.905819771716758e-05 -0.00079827506907256178 -0.0003400091909231801 0.00043394665353859536
leaf_weight=42 66 1314 319 311 174 48
leaf_count=42 66 1314 319 311 174 48
internal_value=0.00013181 0.00168407 -0.0030563 -0.00477848 0.0021745 0.00637931
internal_weight=2274 1530 744 630 1488 114
internal_count=2274 1530 744 630 1488 114
is_linear=0
shrinkage=0.04


Tree=18
num_leaves=7
num_cat=0
split_feature=77 85 72 14 106 16
split_gain=6.96121 6.18953 8.09762 4.60673 2.68991 0.436023
threshold=1.0715066036890868 -0.83781699893973649 0.37306471174483447 -0.66992363514795894 1.0087210996529916 0.63301519144646445
decision_type=2 2 2 2 2 2
left_child=1 3 -3 -1 5 -2
right_child=4 2 -4 -5 -6 -7
leaf_value=-0.00021493506089332218 0.0014821976393941867 -0.00033362371932140535 0.00029818547000645874 0.00050514990064169218 -0.00026796274542732019 0.00063599875051647886
leaf_weight=65 146 1038 519 424 42 40
leaf_count=65 146 1038 519 424 42 40
internal_value=0.000184534 -0.000556641 -0.00178961 0.00336049 0.00678261 0.00882979
internal_weight=2274 2046 1557 489 228 186
internal_count=2274 2046 1557 489 228 186
is_linear=0
shrinkage=0.04


Tree=19
num_leaves=7
num_cat=0
split_feature=77 85 72 36 70 5
split_gain=7.14405 5.94538 7.4003 3.78927 2.36754 0.0989026
threshold=1.0715066036890868 -0.83781699893973649 0.37306471174483447 0.59963080146891723 -1.0747372978009628 0.50669975142932366
decision_type=2 2 2 2 2 2
left_child=1 3 -3 -1 -2 -6
right_child=4 2 -4 -5 5 -7
leaf_value=0.00041445915113701252 -0.00012773488475350135 -0.00032027877054854908 0.00028625805120620042 -0.00037010549913412706 0.0013551426088152824 0.00079691356306866169
leaf_weight=422 54 1038 519 67 134 40
leaf_count=422 54 1038 519 67 134 40
internal_value=0.000272408 -0.000478516 -0.00168698 0.00336049 0.00695652 0.00920455
internal_weight=2274 2046 1557 489 228 174
internal_count=2274 2046 1557 489 228 174
is_linear=0
shrinkage=0.04


Tree=20
num_leaves=7
num_cat=0
split_feature=73 106 46 83 82 23
split_gain=6.99243 7.44422 6.06327 5.86074 3.57643 1.48054
threshold=-0.55827033976490992 -0.81013322126096265 -0.61829106691508295 1.3044136273850822 -0.42349275284811622 0.96567807799931027
decision_type=2 2 2 2 2 2
left_child=2 5 -1 -3 -4 -2
right_child=1 3 4 -5 -6 -7
leaf_value=0.00036557225914773988 0.0012563924585801498 -5.6474294365531227e-05 -0.0002019452716209996 0.0013973454350088993 -0.00084207266014964049 7.6267924495025849e-06
leaf_weight=48 227 1743 58 105 53 40
leaf_count=48 227 1743 58 105 53 40
internal_value=0.000272408 0.000883325 -0.00776398 -2.16216e-05 -0.0128319 0.00710037
internal_weight=2274 2115 159 1848 111 267
internal_count=2274 2115 159 1848 111 267
is_linear=0
shrinkage=0.04


Tree=21
num_leaves=7
num_cat=0
split_feature=73 106 31 38 70 5
split_gain=6.53718 7.18099 6.68989 6.179 2.49773 1.41917
threshold=-0.55827033976490992 -0.81013322126096265 0.92908260984262292 -0.42692080086749867 -0.57734721863873106 0.93158660153504791
decision_type=2 2 2 2 2 2
left_child=3 5 -3 -1 -5 -2
right_child=1 2 -4 4 -6 -7
leaf_value=0.00035550408763875739 0.0012061367602369435 6.0047993825176827e-05 -0.00066898337270051178 -0.00061739413472167008 -0.0003614734404416768 7.3217207515225043e-06
leaf_weight=52 227 1672 176 65 42 40
leaf_count=52 227 1672 176 65 42 40
internal_value=0.000254833 0.000845536 -4.32432e-05 -0.00751553 -0.0129358 0.00695167
internal_weight=2274 2115 1848 159 107 267
internal_count=2274 2115 1848 159 107 267
is_linear=0
shrinkage=0.04


Tree=22
num_leaves=7
num_cat=0
split_feature=77 31 106 65 106 16
split_gain=6.49128 5.81152 6.06534 4.35373 2.58852 0.657908
threshold=1.0715066036890868 0.97747443945628454 0.32803558328791244 0.14421248244051768 1.0087210996529916 0.63301519144646445
decision_type=2 2 2 2 2 2
left_child=1 2 -1 -3 5 -2
right_child=4 3 -4 -5 -6 -7
leaf_value=0.00019059583548191521 0.0013271551636848432 -0.00026242046365834259 -0.00027119921069897966 -0.0014176725278249609 -0.00023965333168092393 0.00058019666643218033
leaf_weight=1252 146 110 638 46 42 40
leaf_count=1252 146 110 638 46 42 40
internal_value=0.000237258 -0.000478516 0.000137421 -0.0078481 0.0066087 0.00861702
internal_weight=2274 2046 1890 156 228 186
internal_count=2274 2046 1890 156 228 186
is_linear=0
shrinkage=0.04


Tree=23
num_leaves=6
num_cat=0
split_feature=78 106 67 71 86
split_gain=6.46201 7.66294 5.87207 5.65195 0.438918
threshold=1.9626418013055817 0.35476883083751426 -1.0019364439582719 -0.065768762631947739 -0.53122254898635002
decision_type=2 2 2 2 2
left_child=1 2 -1 -3 -2
right_child=4 3 -4 -5 -6
leaf_value=-0.00090057712731957118 0.00090367224371418599 0.00014379855112148053 0.00019578699730740112 -0.00048551669098868849 0.0013984997177862468
leaf_weight=42 48 150 1443 492 99
leaf_count=42 48 150 1443 492 99
internal_value=0.000202109 -0.000361672 0.00121722 -0.00400621 0.00825503
internal_weight=2274 2127 1485 642 147
internal_count=2274 2127 1485 642 147
is_linear=0
shrinkage=0.04


Tree=24
num_leaves=6
num_cat=0
split_feature=78 108 73 105 74
split_gain=6.54685 7.29671 6.36649 5.39724 0.310262
threshold=1.9626418013055817 0.89164109847346718 -0.55827033976490992 0.99414630121793346 1.1788830723899719
decision_type=2 2 2 2 2
left_child=1 2 -1 -3 -2
right_child=4 3 -4 -5 -6
leaf_value=-0.00036599999922257967 0.0011447386519865823 -0.0010150900494497004 9.2624804237291563e-05 8.0972438454052738e-06 0.0011921837527737087
leaf_weight=159 90 114 1764 90 57
leaf_count=159 90 114 1764 90 57
internal_value=0.000149385 -0.000418037 0.000348052 -0.00757282 0.00825503
internal_weight=2274 2127 1923 204 147
internal_count=2274 2127 1923 204 147
is_linear=0
shrinkage=0.04


Tree=25
num_leaves=6
num_cat=0
split_feature=78 106 29 107 74
split_gain=6.40575 6.55796 6.23728 5.09027 0.310262
threshold=1.9626418013055817 0.35476883083751426 -0.25722604146863076 -0.33314988919914063 1.1788830723899719
decision_type=2 2 2 2 2
left_child=1 3 -3 -1 -2
right_child=4 2 -4 -5 -6
leaf_value=-0.00018419768666368437 0.0010989491059071189 9.6083907702120686e-06 -0.00064546441479477828 0.00033079829144677967 0.0011444964026627604
leaf_weight=435 90 332 310 1050 57
leaf_count=435 90 332 310 1050 57
internal_value=0.000237258 -0.000324096 -0.00369565 0.00113652 0.00825503
internal_weight=2274 2127 642 1485 147
internal_count=2274 2127 642 1485 147
is_linear=0
shrinkage=0.04


Tree=26
num_leaves=7
num_cat=0
split_feature=78 40 73 27 59 107
split_gain=6.25944 6.78527 5.82666 4.59466 1.64629 0.687663
threshold=1.5319494678521872 1.8391259090114673 -0.68249669386587097 -0.33848190445429266 1.4586090161024734 0.3838228767861192
decision_type=2 2 2 2 2 2
left_child=1 2 -1 -3 5 -2
right_child=4 3 -4 -5 -6 -7
leaf_value=-0.00046575412539891269 0.00047357300358803945 -0.00014535418985880331 3.9352743322657589e-05 -0.0021660489017356062 0.00010791646799004837 0.0012012284826470254
leaf_weight=66 48 40 1909 40 42 129
leaf_count=66 48 40 1909 40 42 129
internal_value=0.000254833 -0.000432669 3.54072e-05 -0.0117073 0.00665158 0.00832402
internal_weight=2274 2055 1975 80 219 177
internal_count=2274 2055 1975 80 219 177
is_linear=0
shrinkage=0.04


Tree=27
num_leaves=7
num_cat=0
split_feature=77 9 97 36 12 65
split_gain=6.14175 5.16569 10.1804 3.09923 2.56844 2.40674
threshold=1.0715066036890868 -0.23570350688988037 0.75613819497513346 -1.2625397417042514 0.462776454246275 -0.78850096044515927
decision_type=2 2 2 2 2 2
left_child=1 3 -3 -1 -2 -6
right_child=4 2 -4 -5 5 -7
leaf_value=0.0015188572008977019 0.0011531793433411444 -6.9590204602733372e-05 -0.0013131899091730556 0.00011648575970373179 0.00077937709318634724 -0.00029108891063459963
leaf_weight=73 137 1093 125 755 48 43
leaf_count=73 137 1093 125 755 48 43
internal_value=0.000237258 -0.000458984 -0.00211475 0.0019759 0.00643478 0.0011828
internal_weight=2274 2046 1218 828 228 91
internal_count=2274 2046 1218 828 228 91
is_linear=0
shrinkage=0.04


Tree=28
num_leaves=7
num_cat=0
split_feature=77 91 72 106 39 42
split_gain=6.07232 5.27445 6.04538 2.48907 1.66597 0.80036
threshold=1.0715066036890868 -1.1763981829271826 0.33574536235866476 1.0087210996529916 -0.18454626954430367 0.71022689768558211
decision_type=2 2 2 2 2 2
left_child=1 4 -3 5 -1 -2
right_child=3 2 -4 -5 -6 -7
leaf_value=0.0005642226373599996 0.001073799293146343 -0.00022328297680227678 0.00027439087828543375 -0.00013415490551188272 8.8606345208017135e-06 0.00057442818795129275
leaf_weight=156 142 1212 609 42 69 44
leaf_count=156 142 1212 609 42 69 44
internal_value=0.000272408 -0.000419922 -0.00113549 0.00643478 0.0053304 0.00840426
internal_weight=2274 2046 1821 228 225 186
internal_count=2274 2046 1821 228 225 186
is_linear=0
shrinkage=0.04


Tree=29
num_leaves=6
num_cat=0
split_feature=77 36 59 106 42
split_gain=5.90385 5.16518 6.08479 2.39157 1.06308
threshold=1.0715066036890868 -1.2625397417042514 1.207547611790236 1.0087210996529916 0.71022689768558211
decision_type=2 2 2 2 2
left_child=1 -1 -3 4 -2
right_child=3 2 -4 -5 -6
leaf_value=0.0014553506873090122 0.0010308473214204893 -1.6732823843558231e-05 -0.00093353551805039901 -0.00012878870929140733 0.0005514510604332411
leaf_weight=81 142 1821 144 42 44
leaf_count=81 142 1821 144 42 44
internal_value=0.000184534 -0.000498047 -0.000910015 0.00626087 0.00819149
internal_weight=2274 2046 1965 228 186
internal_count=2274 2046 1965 228 186
is_linear=0
shrinkage=0.04


Tree=30
num_leaves=6
num_cat=0
split_feature=78 108 29 70 59
split_gain=6.03835 5.58407 6.40759 5.81919 0.478739
threshold=1.9626418013055817 0.89164109847346718 -0.30138042907864826 0.3202296086027791 1.1533847802865436
decision_type=2 2 2 2 2
left_child=1 3 -3 -1 -2
right_child=4 2 -4 -5 -6
leaf_value=-9.6557452036386625e-05 0.0010802063162137097 1.2884808818366123e-05 -0.0013925404805425695 0.00037031899376821552 0.00059350834024425949
leaf_weight=1323 105 104 100 600 42
leaf_count=1323 105 104 100 600 42
internal_value=0.000202109 -0.000342884 -0.00660194 0.000327273 0.00798658
internal_weight=2274 2127 204 1923 147
internal_count=2274 2127 204 1923 147
is_linear=0
shrinkage=0.04


Tree=31
num_leaves=6
num_cat=0
split_feature=77 34 101 40 12
split_gain=6.49128 5.35963 5.26847 3.81765 2.69849
threshold=1.0715066036890868 0.96011221221797849 0.3640744233422753 0.6118501297238147 0.68453110979018617
decision_type=2 2 2 2 2
left_child=1 2 -1 -3 -2
right_child=4 3 -4 -5 -6
leaf_value=-0.00011111734908602938 0.00098754955443694612 -0.00018454011802422483 0.00034537323833740569 -0.0016559326637448852 0.00012044244423688358
leaf_weight=1314 161 141 546 45 67
leaf_count=1314 161 141 546 45 67
internal_value=0.000237258 -0.000478516 0.000171858 -0.00691489 0.0066087
internal_weight=2274 2046 1860 186 228
internal_count=2274 2046 1860 186 228
is_linear=0
shrinkage=0.04


Tree=32
num_leaves=7
num_cat=0
split_feature=78 89 73 29 77 56
split_gain=6.19087 6.64888 5.76244 4.68732 2.11353 0.227299
threshold=1.5319494678521872 0.79747801634925197 -0.55827033976490992 -0.45910453472076995 0.24131289253195634 -0.67518173699715034
decision_type=2 2 2 2 2 2
left_child=1 2 -1 -3 -2 -6
right_child=4 3 -4 -5 5 -7
leaf_value=-0.00032650937050017633 -0.00013891375694344976 0.00012199714790733153 9.8969516246168935e-05 -0.00090435343450895908 0.00089807748559144255 0.00090899599973630427
leaf_weight=159 42 80 1647 169 51 126
leaf_count=159 42 80 1647 169 51 126
internal_value=0.000289982 -0.000393777 0.00045354 -0.00649402 0.00665158 0.00854749
internal_weight=2274 2055 1806 249 219 177
internal_count=2274 2055 1806 249 219 177
is_linear=0
shrinkage=0.04


Tree=33
num_leaves=6
num_cat=0
split_feature=77 9 97 73 70
split_gain=5.83578 5.16569 9.01882 4.45334 2.65946
threshold=1.0715066036890868 -0.23570350688988037 0.75613819497513346 -0.55827033976490992 -0.79419911822156009
decision_type=2 2 2 2 2
left_child=1 3 -3 -1 -2
right_child=4 2 -4 -5 -6
leaf_value=-0.00035962522143986945 0.00016763901880765105 -7.06124392059361e-05 -0.0011081158310004171 0.00029872808610077566 0.00092919684212333143
leaf_weight=54 78 1093 125 774 150
leaf_count=54 78 1093 125 774 150
internal_value=0.000219684 -0.000458984 -0.00211475 0.0019759 0.00626087
internal_weight=2274 2046 1218 828 228
internal_count=2274 2046 1218 828 228
is_linear=0
shrinkage=0.04


Tree=34
num_leaves=7
num_cat=0
split_feature=78 89 73 99 77 59
split_gain=5.66877 6.52238 5.60767 4.30646 1.92818 0.397534
threshold=1.5319494678521872 0.79747801634925197 -0.68249669386587097 0.51854552458844172 0.24131289253195634 1.1533847802865436
decision_type=2 2 2 2 2 2
left_child=1 2 -1 -3 -2 -6
right_child=4 3 -4 -5 5 -7
leaf_value=-0.0004133496531393219 -0.0001305327090974743 -0.0007604378046926544 7.5762751421052453e-05 0.0012878306298308674 0.0010370629240797828 0.0005965480824080149
leaf_weight=66 42 207 1740 42 117 60
leaf_count=66 42 207 1740 42 117 60
internal_value=0.000202109 -0.000452115 0.000387168 -0.00649402 0.00628959 0.00810056
internal_weight=2274 2055 1806 249 219 177
internal_count=2274 2055 1806 249 219 177
is_linear=0
shrinkage=0.04


Tree=35
num_leaves=6
num_cat=0
split_feature=77 9 97 91 70
split_gain=5.93802 5.00623 8.96021 3.21668 2.65946
threshold=1.0715066036890868 -0.23570350688988037 0.75613819497513346 0.196755403566793 -0.79419911822156009
decision_type=2 2 2 2 2
left_child=1 3 -3 -1 -2
right_child=4 2 -4 -5 -6
leaf_value=-1.1768075465134336e-05 0.00018298896468191405 -6.8469333133839848e-05 -0.0010394047815542923 0.00057206676912701108 0.00088899845838155602
leaf_weight=517 78 1093 125 311 150
leaf_count=517 78 1093 125 311 150
internal_value=0.00016696 -0.000517578 -0.00214754 0.00187952 0.00626087
internal_weight=2274 2046 1218 828 228
internal_count=2274 2046 1218 828 228
is_linear=0
shrinkage=0.04


Tree=36
num_leaves=7
num_cat=0
split_feature=78 89 40 29 77 42
split_gain=5.40036 6.48048 5.29666 4.68732 1.8387 0.296212
threshold=1.5319494678521872 0.79747801634925197 1.4640248953321859 -0.45910453472076995 0.24131289253195634 -0.17921507729061489
decision_type=2 2 2 2 2 2
left_child=1 2 -1 -3 -2 -6
right_child=4 3 -4 -5 5 -7
leaf_value=6.9425523890802518e-05 -0.00012257262740822167 0.00013104589999958629 -0.00093783600981283549 -0.00080580401504351507 0.00090730264908468067 0.00074719480410188096
leaf_weight=1744 42 80 62 169 99 78
leaf_count=1744 42 80 62 169 99 78
internal_value=0.00016696 -0.000471561 0.000365044 -0.00649402 0.0061086 0.00787709
internal_weight=2274 2055 1806 249 219 177
internal_count=2274 2055 1806 249 219 177
is_linear=0
shrinkage=0.04


Tree=37
num_leaves=6
num_cat=0
split_feature=77 36 28 70 85
split_gain=5.57074 5.1446 5.70802 2.50763 0.0750897
threshold=1.0715066036890868 -1.2625397417042514 1.4355629791116782 -0.79419911822156009 0.33331071989882372
decision_type=2 2 2 2 2
left_child=1 -1 -3 -2 -5
right_child=3 2 -4 4 -6
leaf_value=0.0012787699344921763 0.00019914927130703497 -3.572840078775591e-05 -0.0007920217155060412 0.00090587749766259551 0.00053708567492606119
leaf_weight=81 78 1895 70 108 42
leaf_count=81 78 1895 70 108 42
internal_value=0.000184534 -0.000478516 -0.00088968 0.00608696 0.00907895
internal_weight=2274 2046 1965 228 150
internal_count=2274 2046 1965 228 150
is_linear=0
shrinkage=0.04


Tree=38
num_leaves=8
num_cat=0
split_feature=36 78 73 106 7 102 38
split_gain=5.48701 7.35023 5.40103 6.58321 4.55394 4.36963 2.56674
threshold=0.43186734211464961 0.38666559115152715 -0.5645101215131898 -0.75516107283603329 0.12341091787374513 -0.1900017217302761 0.033675501105048418
decision_type=2 2 2 2 2 2 2
left_child=2 4 6 -4 -2 -3 -1
right_child=1 5 3 -5 -6 -7 -8
leaf_value=-3.6384760613119434e-05 -0.00021295938198750392 -0.0016725093231947578 0.0011900136401700398 0.00010490537535667276 0.00035955507295849429 -9.9904537814461406e-05 -0.00085183136152979704
leaf_weight=56 280 50 206 1384 217 41 40
leaf_count=56 280 50 206 1384 217 41 40
internal_value=0.000202109 -0.00311864 0.00136256 0.00192211 -0.00118236 -0.0134409 -0.0077551
internal_weight=2274 588 1686 1590 497 91 96
internal_count=2274 588 1686 1590 497 91 96
is_linear=0
shrinkage=0.04


Tree=39
num_leaves=7
num_cat=0
split_feature=78 106 29 78 77 42
split_gain=5.40036 6.35679 5.01872 4.54813 1.8387 0.296212
threshold=1.5319494678521872 0.35476883083751426 -0.25722604146863076 0.29720551710714688 0.24131289253195634 -0.17921507729061489
decision_type=2 2 2 2 2 2
left_child=1 3 -3 -1 -2 -6
right_child=4 2 -4 -5 5 -7
leaf_value=0.00026463470828161194 -0.00012043680129464947 -3.0130476475525581e-05 -0.00053478336314272308 -0.00019620735036952292 0.00083258542726617312 0.00068629175600153861
leaf_weight=1125 42 321 303 306 99 78
leaf_count=1125 42 321 303 306 99 78
internal_value=0.00016696 -0.000471561 -0.00383387 0.000997906 0.0061086 0.00787709
internal_weight=2274 2055 624 1431 219 177
internal_count=2274 2055 624 1431 219 177
is_linear=0
shrinkage=0.04


Tree=40
num_leaves=5
num_cat=0
split_feature=73 31 106 58
split_gain=5.41636 5.71561 4.89631 2.90756
threshold=-0.68249669386587097 0.97072416546706752 -0.81013322126096265 -0.13574687327497051
decision_type=2 2 2 2
left_child=-1 2 -2 -3
right_child=1 3 -4 -5
leaf_value=-0.00038139117871865735 0.00088314245750273042 -0.00085464357214136866 2.9387807944896426e-05 -0.00024828198787169649
leaf_weight=66 262 44 1754 148
leaf_count=66 262 44 1754 148
internal_value=0.000237258 0.000579186 0.00120912 -0.00597938
internal_weight=2274 2208 2016 192
internal_count=2274 2208 2016 192
is_linear=0
shrinkage=0.04


Tree=41
num_leaves=7
num_cat=0
split_feature=36 109 71 101 96 3
split_gain=5.54519 6.3867 4.63414 11.1518 5.23126 4.51967
threshold=0.43186734211464961 0.61444491139142909 -0.28056640042176878 0.10071338405375735 1.0366287565032173 -0.35462116476427813
decision_type=2 2 2 2 2 2
left_child=2 5 4 -4 -1 -2
right_child=1 -3 3 -5 -6 -7
leaf_value=0.00057794783234619033 0.00058022251424435362 -0.0016165686951396547 -0.00034387172804224443 0.00050189907315608209 -0.00071379831954398673 -0.00017703659523447016
leaf_weight=532 94 48 519 591 44 446
leaf_count=532 94 48 519 591 44 446
internal_value=0.000219684 -0.00311864 0.00138626 -0.000125899 0.00429066 -0.00184502
internal_weight=2274 588 1686 1110 576 540
internal_count=2274 588 1686 1110 576 540
is_linear=0
shrinkage=0.04


Tree=42
num_leaves=7
num_cat=0
split_feature=78 103 101 67 65 24
split_gain=5.43233 6.32762 6.03041 5.39245 1.49214 2.10183
threshold=1.5319494678521872 -0.35222147560122552 0.16919247019288872 -1.0019364439582719 0.11003948533893414 -0.44363943811246953
decision_type=2 2 2 2 2 2
left_child=1 2 -1 -3 -2 -6
right_child=4 3 -4 -5 5 -7
leaf_value=-0.00051750159972830192 0.00091415204082884215 -0.00093120439988514272 4.2724417619066993e-05 0.00011819663659797059 0.00054264669860350332 -0.00023786193931273091
leaf_weight=285 117 45 228 1497 56 46
leaf_count=285 117 45 228 1497 56 46
internal_value=0.000149385 -0.000491006 -0.0043301 0.000790155 0.0061086 0.0025
internal_weight=2274 2055 513 1542 219 102
internal_count=2274 2055 513 1542 219 102
is_linear=0
shrinkage=0.04


Tree=43
num_leaves=5
num_cat=0
split_feature=73 31 106 40
split_gain=5.39928 4.98989 4.43794 3.6108
threshold=-0.68249669386587097 0.97072416546706752 -0.81013322126096265 0.58674317064652948
decision_type=2 2 2 2
left_child=-1 2 -2 -3
right_child=1 3 -4 -5
leaf_value=-0.00034279071885894334 0.00084089119158380576 -5.0379412159494847e-05 3.5447400941770217e-05 -0.0010818356902648587
leaf_weight=66 262 118 1754 74
leaf_count=66 262 118 1754 74
internal_value=0.000219684 0.000561086 0.00114965 -0.00556701
internal_weight=2274 2208 2016 192
internal_count=2274 2208 2016 192
is_linear=0
shrinkage=0.04


Tree=44
num_leaves=6
num_cat=0
split_feature=36 71 101 36 35
split_gain=5.17119 5.42007 11.1543 6.38754 0.726257
threshold=-1.117848638260059 -0.27525763064621211 0.37805751724289155 1.1192405892621184 -1.233122471331878
decision_type=2 2 2 2 2
left_child=4 3 -3 -2 -1
right_child=1 2 -4 -5 -6
leaf_value=0.0011125979838145835 0.00032521952748853784 -0.00032645671686455077 0.00030460552545130459 -0.00076194344058457019 9.5355232139460701e-05
leaf_weight=107 719 849 503 50 46
leaf_count=107 719 849 503 50 46
internal_value=0.000237258 -0.000277909 -0.00180207 0.00239948 0.00729032
internal_weight=2274 2121 1352 769 153
internal_count=2274 2121 1352 769 153
is_linear=0
shrinkage=0.04


Tree=45
num_leaves=7
num_cat=0
split_feature=73 38 36 40 106 70
split_gain=5.34318 5.39263 5.13102 6.53379 5.779 2.41184
threshold=-0.55827033976490992 -0.42692080086749867 0.53668155641975412 1.3147413641690566 -0.75516107283603329 -0.57734721863873106
decision_type=2 2 2 2 2 2
left_child=1 -1 4 -4 -2 -3
right_child=2 5 3 -5 -6 -7
leaf_value=0.00041143544864542429 0.00096259223169301413 -0.00038531563064540087 -8.2658949090867048e-05 -0.0014271237296356277 7.2617496553330666e-05 -0.00027919275674819389
leaf_weight=52 229 65 390 40 1456 42
leaf_count=52 229 65 390 40 1456 42
internal_value=0.000254833 -0.00677019 0.000788852 -0.00310185 0.00178423 -0.0118349
internal_weight=2274 159 2115 430 1685 107
internal_count=2274 159 2115 430 1685 107
is_linear=0
shrinkage=0.04


Tree=46
num_leaves=5
num_cat=0
split_feature=36 71 101 67
split_gain=5.0121 5.08987 10.5214 6.85668
threshold=-1.2625397417042514 -0.27525763064621211 0.37805751724289155 -0.956271445271628
decision_type=2 2 2 2
left_child=-1 3 -3 -2
right_child=1 2 -4 -5
leaf_value=0.0011836983127376311 -0.00092052450392431041 -0.00028833506176402008 0.00031196055345260489 0.00031573210235509396
leaf_weight=90 40 889 515 740
leaf_count=90 40 889 515 740
internal_value=0.000202109 -0.000182983 -0.00162162 0.00240409
internal_weight=2274 2184 1404 780
internal_count=2274 2184 1404 780
is_linear=0
shrinkage=0.04


Tree=47
num_leaves=6
num_cat=0
split_feature=36 71 101 36 35
split_gain=5.14547 4.73665 9.53352 5.54546 0.726257
threshold=-1.117848638260059 -0.27525763064621211 0.37805751724289155 1.1192405892621184 -1.233122471331878
decision_type=2 2 2 2 2
left_child=4 3 -3 -2 -1
right_child=1 2 -4 -5 -6
leaf_value=0.0010276046743346303 0.00029667676243265949 -0.00028994891814697197 0.00026887952874384593 -0.00074078862909175637 0.00010016972546230986
leaf_weight=107 719 849 503 50 46
leaf_count=107 719 849 503 50 46
internal_value=0.000254833 -0.000259067 -0.0016839 0.00224384 0.00729032
internal_weight=2274 2121 1352 769 153
internal_count=2274 2121 1352 769 153
is_linear=0
shrinkage=0.04


Tree=48
num_leaves=7
num_cat=0
split_feature=73 10 36 40 106 70
split_gain=4.9977 5.14236 5.13102 6.53379 5.13171 2.81259
threshold=-0.55827033976490992 -0.430574073715765 0.53668155641975412 1.3147413641690566 -0.68615144891452895 -0.57734721863873106
decision_type=2 2 2 2 2 2
left_child=1 -1 4 -4 -2 -3
right_child=2 5 3 -5 -6 -7
leaf_value=0.00037048167610809728 0.00089130154532884767 -0.00039439936001109486 -9.3976661030044446e-05 -0.0013484396957855064 5.9218826205685025e-05 -0.00025094844952231572
leaf_weight=52 256 65 390 40 1429 42
leaf_count=52 256 65 390 40 1429 42
internal_value=0.000272408 -0.00652174 0.000788852 -0.00310185 0.00178423 -0.0114679
internal_weight=2274 159 2115 430 1685 107
internal_count=2274 159 2115 430 1685 107
is_linear=0
shrinkage=0.04


Tree=49
num_leaves=7
num_cat=0
split_feature=36 77 85 88 26 9
split_gain=4.72554 4.51298 4.64028 2.40305 0.537147 0.184389
threshold=-1.117848638260059 1.0715066036890868 -0.83781699893973649 -0.802941518639256 -0.84293252793605744 -0.42649759915906332
decision_type=2 2 2 2 2 2
left_child=4 2 -2 -3 -1 -6
right_child=1 3 -4 -5 5 -7
leaf_value=7.7264656353683044e-05 0.00019756509822443493 -0.00015762046719352697 -0.00015346645644870739 0.00058394498268855746 0.0010364930535176993 0.00081097465394322336
leaf_weight=40 480 42 1427 172 73 40
leaf_count=40 480 42 1427 172 73 40
internal_value=0.000289982 -0.000202544 -0.00082242 0.00527778 0.00703226 0.00843478
internal_weight=2274 2121 1907 214 153 113
internal_count=2274 2121 1907 214 153 113
is_linear=0
shrinkage=0.04


Tree=50
num_leaves=5
num_cat=0
split_feature=73 77 28 89
split_gain=4.84227 4.75395 4.27081 2.36239
threshold=-0.68249669386587097 1.0715066036890868 1.1453013334791211 2.6639322717969258
decision_type=2 2 2 2
left_child=-1 2 -2 -3
right_child=1 3 -4 -5
leaf_value=-0.00027028486253263291 2.1339787556263619e-05 0.00073348085590412785 -0.00052809392884233571 -2.4000791933754851e-05
leaf_weight=66 1849 159 140 60
leaf_count=66 1849 159 140 60
internal_value=0.000219684 0.000542986 -7.5339e-05 0.0061086
internal_weight=2274 2208 1989 219
internal_count=2274 2208 1989 219
is_linear=0
shrinkage=0.04


Tree=51
num_leaves=8
num_cat=0
split_feature=78 89 40 46 85 33 42
split_gain=4.61365 6.09333 5.40062 4.56897 1.94545 3.11137 0.134999
threshold=1.5319494678521872 0.79747801634925197 1.4640248953321859 -1.2380318065059053 0.34290350879065234 -0.62387870052919714 -0.08408756020204515
decision_type=2 2 2 2 2 2 2
left_child=1 2 -1 -3 6 -6 -2
right_child=4 3 -4 -5 5 -7 -8
leaf_value=6.3989025826656989e-05 0.00069201225359643594 0.00079847008718955973 -0.00080912135161906752 -0.00055706486290880031 0.00098936623491130914 -0.00024057549983245199 0.00071879340363843823
leaf_weight=1744 87 41 62 208 41 43 48
leaf_count=1744 87 41 62 208 41 43 48
internal_value=0.000254833 -0.00033544 0.000475664 -0.0061753 0.00574661 0.000930233 0.00868613
internal_weight=2274 2055 1806 249 219 84 135
internal_count=2274 2055 1806 249 219 84 135
is_linear=0
shrinkage=0.04


Tree=52
num_leaves=6
num_cat=0
split_feature=36 77 59 88 66
split_gain=5.1198 4.57518 6.38313 1.90462 0.719434
threshold=-1.117848638260059 1.0715066036890868 1.0779896863003999 -0.802941518639256 0.51580468590176631
decision_type=2 2 2 2 2
left_child=4 2 -2 -3 -1
right_child=1 3 -4 -5 -6
leaf_value=0.00075252755631596282 -2.706004945978689e-06 -0.00013554017661517273 -0.00072874488800464239 0.00051611153519660327 0.00087162009332054815
leaf_weight=69 1728 42 179 172 84
leaf_count=69 1728 42 179 172 84
internal_value=0.000272408 -0.000240226 -0.000864327 0.00527778 0.00729032
internal_weight=2274 2121 1907 214 153
internal_count=2274 2121 1907 214 153
is_linear=0
shrinkage=0.04


Tree=53
num_leaves=7
num_cat=0
split_feature=77 15 109 88 101 91
split_gain=4.53921 4.70605 6.22201 2.02099 1.17892 1.08255
threshold=1.0715066036890868 -0.97754281001657639 0.21537550999856561 -0.802941518639256 1.51576813852715 0.17470648567048405
decision_type=2 2 2 2 2 2
left_child=1 5 -3 -2 -5 -1
right_child=3 2 -4 4 -6 -7
leaf_value=0.00025085930058946145 -0.00013011856955056589 6.5919214922687398e-05 -0.00027854123846665386 0.00062535228195014642 0.00016680281465338524 0.00088797284817074306
leaf_weight=116 42 1193 661 144 42 76
leaf_count=116 42 1193 661 144 42 76
internal_value=0.000237258 -0.000361328 -0.000980603 0.00556522 0.00734043 0.00556701
internal_weight=2274 2046 1854 228 186 192
internal_count=2274 2046 1854 228 186 192
is_linear=0
shrinkage=0.04


Tree=54
num_leaves=7
num_cat=0
split_feature=77 71 9 13 2 40
split_gain=4.56919 4.16209 4.62622 2.58397 2.0566 0.581352
threshold=1.0715066036890868 -0.80337977900795843 -0.35217606460762135 -0.85923939025384244 0.65818802020699863 0.78103636011514843
decision_type=2 2 2 2 2 2
left_child=1 3 -3 -1 5 -2
right_child=4 2 -4 -5 -6 -7
leaf_value=-0.00016682749178024232 0.00070078269554998875 0.0001562503093459744 -0.00017876538099084475 0.0010340637040991902 -3.2137306529589818e-05 0.00038850742735954533
leaf_weight=45 115 693 1191 117 65 48
leaf_count=45 115 693 1191 117 65 48
internal_value=0.000219684 -0.000380859 -0.000911983 0.00573171 0.00556522 0.00793939
internal_weight=2274 2046 1884 162 228 163
internal_count=2274 2046 1884 162 228 163
is_linear=0
shrinkage=0.04


Tree=55
num_leaves=6
num_cat=0
split_feature=36 37 65 95 98
split_gain=4.19664 4.34935 3.78889 0.500433 0.443241
threshold=-1.1744245548213244 -1.0930544636498003 1.0796728414465186 0.11374441852089712 -0.12348330202411913
decision_type=2 2 2 2 2
left_child=4 3 -3 -2 -1
right_child=1 2 -4 -5 -6
leaf_value=0.00057182788766972517 0.00042228612103551079 4.3287662901350665e-06 -0.00041911719391836427 0.001021073046261613 0.0012197653952795591
leaf_weight=62 40 1757 283 68 64
leaf_count=62 40 1757 283 68 64
internal_value=0.000307557 -0.000111628 -0.000528893 0.00763636 0.00734375
internal_weight=2274 2148 2040 108 126
internal_count=2274 2148 2040 108 126
is_linear=0
shrinkage=0.04


Tree=56
num_leaves=7
num_cat=0
split_feature=77 71 72 13 94 89
split_gain=4.13269 4.00426 5.33791 2.58397 2.13974 1.16721
threshold=1.0715066036890868 -0.80337977900795843 0.17048447516954016 -0.85923939025384244 -0.88185393840110249 2.841881794016667
decision_type=2 2 2 2 2 2
left_child=1 3 -3 -1 -2 -6
right_child=4 2 -4 -5 5 -7
leaf_value=-0.00016032754276063793 -4.5463940516301397e-05 -0.0001603241552179995 0.0001754157714446072 0.00099252800528361719 0.00057412935404084725 0.00015703659633793668
leaf_weight=45 45 1092 792 117 141 42
leaf_count=45 45 1092 792 117 141 42
internal_value=0.000307557 -0.000263672 -0.00078473 0.00573171 0.0053913 0.0072973
internal_weight=2274 2046 1884 162 228 183
internal_count=2274 2046 1884 162 228 183
is_linear=0
shrinkage=0.04


Tree=57
num_leaves=7
num_cat=0
split_feature=78 109 34 28 65 20
split_gain=4.38053 5.5163 10.5282 3.70017 1.7501 2.381
threshold=1.5319494678521872 0.21537550999856561 -0.41396139817072619 1.0906169657924147 0.0038157495496295457 -0.33521006764514
decision_type=2 2 2 2 2 2
left_child=1 3 -3 -1 -2 -6
right_child=4 2 -4 -5 5 -7
leaf_value=0.00014736103810352209 0.0008106433298884694 0.00031355589618725806 -0.0005840904698810014 -0.00044673213626320567 0.00089160757850713813 -0.00012654379678705895
leaf_weight=1199 114 303 450 103 45 60
leaf_count=1199 114 303 450 103 45 60
internal_value=0.000395431 -0.000179874 -0.00290066 0.00139571 0.00574661 0.00196262
internal_weight=2274 2055 753 1302 219 105
internal_count=2274 2055 753 1302 219 105
is_linear=0
shrinkage=0.04


Tree=58
num_leaves=7
num_cat=0
split_feature=77 31 40 109 2 40
split_gain=4.33211 4.0137 4.88363 3.84971 2.0566 0.581352
threshold=1.0715066036890868 0.97072416546706752 0.58674317064652948 0.21537550999856561 0.65818802020699863 0.78103636011514843
decision_type=2 2 2 2 2 2
left_child=1 3 -3 -1 5 -2
right_child=4 2 -4 -5 -6 -7
leaf_value=0.00012718972877514057 0.00063809169625405184 -1.4484063408760421e-05 -0.00090299203726551709 -0.00010225012945489554 -3.5100848823500453e-05 0.00038530066782434139
leaf_weight=1145 115 108 57 736 65 48
leaf_count=1145 115 108 57 736 65 48
internal_value=0.000360281 -0.000224609 -0.00616766 0.000302708 0.00556522 0.00793939
internal_weight=2274 2046 165 1881 228 163
internal_count=2274 2046 165 1881 228 163
is_linear=0
shrinkage=0.04


Tree=59
num_leaves=6
num_cat=0
split_feature=73 83 106 10 44
split_gain=4.59606 4.40965 4.50456 3.79174 0.58048
threshold=-0.62018257062467852 1.1015388365715506 -0.81013322126096265 -0.37412651856581047 0.35539293831916807
decision_type=2 2 2 2 2
left_child=3 2 -2 -1 -3
right_child=1 4 -4 -5 -6
leaf_value=0.00028326057790886223 0.00067811313251095408 0.00055020868643976912 -2.8650469640925174e-05 -0.00034763328646765642 0.00045959547818453844
leaf_weight=41 252 106 1740 70 65
leaf_count=41 252 106 1740 70 65
internal_value=0.000342707 0.000752887 0.000220662 -0.00752212 0.00687861
internal_weight=2274 2163 1992 111 171
internal_count=2274 2163 1992 111 171
is_linear=0
shrinkage=0.04


Tree=60
num_leaves=7
num_cat=0
split_feature=77 15 28 2 40 11
split_gain=4.04745 3.93044 4.46831 1.94493 0.444246 0.393207
threshold=1.0715066036890868 -1.1308444825279704 1.3854904741017575 0.49694357504177539 0.78103636011514843 -0.3675387365203836
decision_type=2 2 2 2 2 2
left_child=1 5 -3 4 -2 -1
right_child=3 2 -4 -5 -6 -7
leaf_value=0.00036909512968295941 0.00058333554058612636 -7.9757878746044086e-06 -0.00048968915203922915 1.8273295766037742e-05 0.0004190853646784312 0.00076807726495646143
leaf_weight=40 106 1860 80 78 44 66
leaf_count=40 106 1860 80 78 44 66
internal_value=0.000360281 -0.000205078 -0.00061792 0.0053913 0.00802632 0.00722222
internal_weight=2274 2046 1940 228 150 106
internal_count=2274 2046 1940 228 150 106
is_linear=0
shrinkage=0.04


Tree=61
num_leaves=6
num_cat=0
split_feature=36 71 101 36 60
split_gain=4.03491 3.92825 7.9924 5.07588 0.0383222
threshold=-1.2625397417042514 -0.27525763064621211 0.48933241642874209 1.148804891555371 -0.87171315650914483
decision_type=2 2 2 2 2
left_child=4 3 -3 -2 -1
right_child=1 2 -4 -5 -6
leaf_value=0.0010063031539733417 0.00025501199241125005 -0.00022233753942961298 0.00030873447283004635 -0.00069909313013901233 0.00082992437305358325
leaf_weight=50 734 970 434 46 40
leaf_count=50 734 970 434 46 40
internal_value=0.000272408 -7.3193e-05 -0.00133713 0.00219949 0.00847826
internal_weight=2274 2184 1404 780 90
internal_count=2274 2184 1404 780 90
is_linear=0
shrinkage=0.04


Tree=62
num_leaves=5
num_cat=0
split_feature=73 31 64 40
split_gain=3.87682 4.05974 4.4227 3.2782
threshold=-0.68249669386587097 0.97072416546706752 -0.11520509038613559 0.60472983251341039
decision_type=2 2 2 2
left_child=-1 2 -2 -3
right_child=1 3 -4 -5
leaf_value=-0.00024031856002918662 0.00036572234001872332 -3.3199548929088028e-05 -1.0679463187466542e-05 -0.00090905851108175311
leaf_weight=66 807 121 1209 71
leaf_count=66 807 121 1209 71
internal_value=0.000289982 0.000579186 0.00111001 -0.00494845
internal_weight=2274 2208 2016 192
internal_count=2274 2208 2016 192
is_linear=0
shrinkage=0.04


Tree=63
num_leaves=7
num_cat=0
split_feature=73 10 83 108 56 35
split_gain=3.93831 4.95882 3.97452 4.7002 1.47783 0.529075
threshold=-0.55827033976490992 -0.043003154270888626 1.3044136273850822 0.7612208737808922 -0.09295218645594909 -0.11424639760735854
decision_type=2 2 2 2 2 2
left_child=1 4 3 -2 -1 -4
right_child=2 -3 5 -5 -6 -7
leaf_value=0.0003081287854258819 6.5847855067678861e-05 -0.00057389067718843691 0.00067565462943455865 -0.00035820449938875467 -0.00013230899767838436 0.00029802717523838887
leaf_weight=56 1734 63 77 264 40 40
leaf_count=56 1734 63 77 264 40 40
internal_value=0.000254833 -0.0057764 0.000713274 0.00029 0 0.00781513
internal_weight=2274 159 2115 1998 96 117
internal_count=2274 159 2115 1998 96 117
is_linear=0
shrinkage=0.04


Tree=64
num_leaves=5
num_cat=0
split_feature=73 31 64 40
split_gain=3.92032 3.55056 4.20088 2.93517
threshold=-0.68249669386587097 0.97072416546706752 -0.17035343085759524 0.7469490276152404
decision_type=2 2 2 2
left_child=-1 2 -2 -3
right_child=1 3 -4 -5
leaf_value=-0.00024030583044552502 0.00036478758425968164 -4.3792653981460095e-05 -6.8351256413038199e-06 -0.00097083361862067914
leaf_weight=66 756 125 1260 67
leaf_count=66 756 125 1260 67
internal_value=0.000342707 0.000633484 0.00112983 -0.00453608
internal_weight=2274 2208 2016 192
internal_count=2274 2208 2016 192
is_linear=0
shrinkage=0.04


Tree=65
num_leaves=6
num_cat=0
split_feature=78 37 8 73 95
split_gain=3.89015 4.01276 3.77589 0.916359 0.617368
threshold=1.9822001336600592 -1.0930544636498003 0.26902959906244733 0.3544608826442151 0.12718147551519252
decision_type=2 2 2 2 2
left_child=1 4 -3 -2 -1
right_child=3 2 -4 -5 -6
leaf_value=0.00033361460375574216 0.00058737357592281039 2.8983998913944335e-05 -0.00019070788894011811 9.1215790455436159e-05 0.00085222465331150857
leaf_weight=43 93 1298 730 45 65
leaf_count=43 93 1298 730 45 65
internal_value=0.000254833 -0.000168382 -0.000571429 0.00671429 0.00727273
internal_weight=2274 2136 2028 138 108
internal_count=2274 2136 2028 138 108
is_linear=0
shrinkage=0.04


Tree=66
num_leaves=6
num_cat=0
split_feature=78 109 33 77 65
split_gain=3.49321 3.7637 10.9325 4.01348 1.32839
threshold=1.9822001336600592 0.21537550999856561 -0.37856791698837405 -0.80563847182508463 0.0038157495496295457
decision_type=2 2 2 2 2
left_child=1 3 -3 -1 -2
right_child=4 2 -4 -5 -6
leaf_value=-0.00056021758282590582 0.00054701760255497338 0.00033006221572818737 -0.00043328597012094868 0.0001860267686374366 3.4482320769519351e-05
leaf_weight=132 96 308 487 1209 42
leaf_count=132 96 308 487 1209 42
internal_value=0.000307557 -9.35454e-05 -0.00227102 0.00119881 0.00642857
internal_weight=2274 2136 795 1341 138
internal_count=2274 2136 795 1341 138
is_linear=0
shrinkage=0.04


Tree=67
num_leaves=5
num_cat=0
split_feature=73 77 15 64
split_gain=3.89129 3.51735 3.65561 1.69814
threshold=-0.68249669386587097 1.0715066036890868 -1.1308444825279704 -1.2733955634535432
decision_type=2 2 2 2
left_child=-1 2 -2 -3
right_child=1 3 -4 -5
leaf_value=-0.00023969985410439182 0.0005529819043591309 -0.00010341981805982617 -1.5899492470025088e-05 0.00040360723840451705
leaf_weight=66 106 45 1883 174
leaf_count=66 106 45 1883 174
internal_value=0.000307557 0.000597285 6.52938e-05 0.00538462
internal_weight=2274 2208 1989 219
internal_count=2274 2208 1989 219
is_linear=0
shrinkage=0.04


Tree=68
num_leaves=7
num_cat=0
split_feature=73 38 83 29 75 36
split_gain=3.89259 4.42711 4.01695 4.39286 2.38274 0.44177
threshold=-0.55827033976490992 -0.42692080086749867 1.3044136273850822 -0.30138042907864826 0.32212443361472481 -0.15996432202780261
decision_type=2 2 2 2 2 2
left_child=1 -1 3 -2 -3 -4
right_child=2 4 5 -5 -6 -7
leaf_value=0.00027430749146245385 0.00025709409105625507 -0.00061794458416263877 0.00060133304500480729 -6.3772887519518366e-05 -2.0485942349878355e-05 0.00033151221921200359
leaf_weight=52 718 64 73 1280 43 44
leaf_count=52 718 64 73 1280 43 44
internal_value=0.000219684 -0.0057764 0.000675484 0.00025 -0.010367 0.00781513
internal_weight=2274 159 2115 1998 107 117
internal_count=2274 159 2115 1998 107 117
is_linear=0
shrinkage=0.04


Tree=69
num_leaves=6
num_cat=0
split_feature=78 108 109 73 65
split_gain=3.59419 4.24135 4.57355 3.63124 1.32839
threshold=1.9822001336600592 0.7612208737808922 0.84613539560156115 -0.55827033976490992 0.0038157495496295457
decision_type=2 2 2 2 2
left_child=1 3 -3 -1 -2
right_child=4 2 -4 -5 -6
leaf_value=-0.00015696203512761861 0.00048633257388145236 -0.00069365274602418384 3.9874290601221165e-05 6.1547841451776582e-05 1.9509653903338614e-05
leaf_weight=159 96 135 117 1725 42
leaf_count=159 96 135 117 1725 42
internal_value=0.000219684 -0.000187091 -0.00503937 0.000466596 0.00642857
internal_weight=2274 2136 252 1884 138
internal_count=2274 2136 252 1884 138
is_linear=0
shrinkage=0.04


Tree=70
num_leaves=6
num_cat=0
split_feature=36 97 34 64 98
split_gain=4.17571 3.8827 6.37578 4.98092 0.443241
threshold=-1.1744245548213244 0.72286296046578435 -0.67070406885112877 -0.17035343085759524 -0.12348330202411913
decision_type=2 2 2 2 2
left_child=4 3 -3 -2 -1
right_child=1 2 -4 -5 -6
leaf_value=0.00044059708735144805 0.0002834518355979585 0.00051923363469873445 -0.00059390495598459912 -5.9911317976590326e-05 0.0010665654915535568
leaf_weight=62 788 47 185 1128 64
leaf_count=62 788 47 185 1128 64
internal_value=0.000325132 -9.30233e-05 -0.00495726 0.000500521 0.00734375
internal_weight=2274 2148 232 1916 126
internal_count=2274 2148 232 1916 126
is_linear=0
shrinkage=0.04


Tree=71
num_leaves=8
num_cat=0
split_feature=34 46 53 106 83 102 84
split_gain=3.45023 4.46455 8.40346 3.77688 3.38336 2.43961 1.92729
threshold=0.96011221221797849 -0.41025416672875231 -0.58333333333333315 -0.79628519618409699 1.1015388365715506 0.18322825783691105 -1.2575044139764071
decision_type=2 2 2 2 2 2 2
left_child=3 5 -3 6 -5 -2 -1
right_child=1 2 -4 4 -6 -7 -8
leaf_value=-6.7785836968002123e-05 -0.00012627914499134974 0.00046922065330857381 -0.0010482541218020105 -2.1037052623990444e-05 0.00040096801153210321 0.00051142023548389134 0.00075448929870586821
leaf_weight=50 44 44 78 1645 147 44 222
leaf_count=50 44 44 78 1645 147 44 222
internal_value=0.000237258 -0.00462264 -0.00951613 0.000735721 6.68896e-05 0.00222222 0.00510949
internal_weight=2274 210 122 2064 1792 88 272
internal_count=2274 210 122 2064 1792 88 272
is_linear=0
shrinkage=0.04


Tree=72
num_leaves=6
num_cat=0
split_feature=36 37 53 95 7
split_gain=3.49616 3.14832 3.47006 1.06383 0.0248903
threshold=-1.3023460489167056 -1.0930544636498003 0.91666666666666685 0.12718147551519252 0.76168807429930296
decision_type=2 2 2 2 2
left_child=4 3 -3 -2 -1
right_child=1 2 -4 -5 -6
leaf_value=0.0009216110043293957 0.00027672589199663944 2.9712099004235854e-06 -0.00037228287382093942 0.00082540875326872422 0.00088710749376668383
leaf_weight=41 43 1920 165 65 40
leaf_count=41 43 1920 165 65 40
internal_value=0.000254833 -5.01139e-05 -0.0003977 0.00654545 0.00831325
internal_weight=2274 2193 2085 108 81
internal_count=2274 2193 2085 108 81
is_linear=0
shrinkage=0.04


Tree=73
num_leaves=5
num_cat=0
split_feature=36 73 65 7
split_gain=3.51142 3.13979 3.71651 0.0248903
threshold=-1.3023460489167056 -0.68249669386587097 0.015359382172925163 0.76168807429930296
decision_type=2 2 2 2
left_child=3 -2 -3 -1
right_child=1 2 -4 -5
leaf_value=0.00088474656415621995 -0.00019818437375799568 0.00013542872646443718 -5.9687135088727673e-05 0.00085162319401601639
leaf_weight=41 66 1092 1035 40
leaf_count=41 66 1092 1035 40
internal_value=0.000237258 -6.83371e-05 0.000201973 0.00831325
internal_weight=2274 2193 2127 81
internal_count=2274 2193 2127 81
is_linear=0
shrinkage=0.04


Tree=74
num_leaves=5
num_cat=0
split_feature=73 8 28 108
split_gain=3.40714 3.23777 3.82438 3.35506
threshold=-0.68249669386587097 -0.014589714899334494 1.1453013334791211 -0.35571386046643011
decision_type=2 2 2 2
left_child=-1 3 -3 -2
right_child=1 2 -4 -5
leaf_value=-0.00019025699880767592 0.00048960416561651923 -1.1828546995762725e-05 -0.00050699059017511356 1.2293540970905251e-05
leaf_weight=66 358 1035 91 724
leaf_count=66 358 1035 91 724
internal_value=0.000289982 0.000561086 -0.000939716 0.00212177
internal_weight=2274 2208 1126 1082
internal_count=2274 2208 1126 1082
is_linear=0
shrinkage=0.04


Tree=75
num_leaves=6
num_cat=0
split_feature=36 28 70 79 31
split_gain=3.51142 3.2706 4.05082 3.81701 0.0248903
threshold=-1.3023460489167056 1.1453013334791211 0.22883276213644155 0.3565082805817878 -1.0848853301609107
decision_type=2 2 2 2 2
left_child=4 3 -3 -2 -1
right_child=1 2 -4 -5 -6
leaf_value=0.00083048243705526005 0.00010734667734443794 -0.00058742405862060437 0.00024275842734572799 -8.8112312769596531e-05 0.00084346480712729917
leaf_weight=40 1341 107 58 687 41
leaf_count=40 1341 107 58 687 41
internal_value=0.000237258 -6.83371e-05 -0.0054491 0.000374384 0.00831325
internal_weight=2274 2193 165 2028 81
internal_count=2274 2193 165 2028 81
is_linear=0
shrinkage=0.04


Tree=76
num_leaves=5
num_cat=0
split_feature=73 8 107 40
split_gain=3.36659 3.00789 3.64268 3.46155
threshold=-0.68249669386587097 -0.014589714899334494 -0.42624221791541766 1.8391259090114673
decision_type=2 2 2 2
left_child=-1 2 -2 -3
right_child=1 3 -4 -5
leaf_value=-0.00018245907951974289 -0.00023360717840795609 -2.3796785625668504e-05 0.00022697232627849953 -0.0012438390988342228
leaf_weight=66 244 1073 838 53
leaf_count=66 244 1073 838 53
internal_value=0.000237258 0.000506787 0.00201107 -0.000939716
internal_weight=2274 2208 1082 1126
internal_count=2274 2208 1082 1126
is_linear=0
shrinkage=0.04


Tree=77
num_leaves=7
num_cat=0
split_feature=73 10 106 79 83 75
split_gain=3.4468 4.21775 3.60543 3.52718 3.52219 1.71692
threshold=-0.55827033976490992 -0.49519011302288579 -0.81013322126096265 -0.68912557781412642 1.1269701465038162 0.32212443361472481
decision_type=2 2 2 2 2 2
left_child=1 -1 3 -2 -4 -3
right_child=2 5 4 -5 -6 -7
leaf_value=0.00024596075908390802 -0.00023746827787071888 -0.00056676030959246628 -2.4689155578333027e-05 0.00068771540449825475 0.00035835805864125063 -3.8547733518412076e-05
leaf_weight=49 48 66 1707 219 141 44
leaf_count=49 48 66 1707 219 141 44
internal_value=0.000114236 -0.00552795 0.000543222 0.00486989 -8.64865e-05 -0.00982143
internal_weight=2274 159 2115 267 1848 110
internal_count=2274 159 2115 267 1848 110
is_linear=0
shrinkage=0.04


Tree=78
num_leaves=6
num_cat=0
split_feature=36 71 65 46 31
split_gain=3.60368 3.13406 5.94311 1.52091 0.0248903
threshold=-1.3023460489167056 2.3274694070944233 1.0796728414465186 0.087370150029816449 -1.0848853301609107
decision_type=2 2 2 2 2
left_child=4 2 -2 -3 -1
right_child=1 3 -4 -5 -6
leaf_value=0.000789171812745043 6.0796415911126223e-06 0.00078156193878198082 -0.00061821348893096261 8.3262653531249899e-05 0.00080163488801420065
leaf_weight=40 1804 75 224 90 41
leaf_count=40 1804 75 224 90 41
internal_value=0.00013181 -0.000177677 -0.000610837 0.00508982 0.00831325
internal_weight=2274 2193 2028 165 81
internal_count=2274 2193 2028 165 81
is_linear=0
shrinkage=0.04


Tree=79
num_leaves=5
num_cat=0
split_feature=73 31 46 40
split_gain=3.32628 3.30669 3.25935 2.44288
threshold=-0.68249669386587097 0.97072416546706752 -3.1379257048694598 0.7469490276152404
decision_type=2 2 2 2
left_child=-1 2 -2 -3
right_child=1 3 -4 -5
leaf_value=-0.00015454372190979013 0.00035806453958580757 -2.4557143261627058e-05 3.5476910643951939e-05 -0.00082605700016002645
leaf_weight=66 94 125 1922 67
leaf_count=66 94 125 1922 67
internal_value=0.000184534 0.000452489 0.000931615 -0.00453608
internal_weight=2274 2208 2016 192
internal_count=2274 2208 2016 192
is_linear=0
shrinkage=0.04


Tree=80
num_leaves=6
num_cat=0
split_feature=36 37 63 67 47
split_gain=3.87685 3.36763 3.23212 0.539307 0.508097
threshold=-1.1952853155223924 -1.0930544636498003 -1.1409786104100801 0.91571402886654674 -0.16178273523631304
decision_type=2 2 2 2 2
left_child=3 4 -3 -1 -2
right_child=1 2 -4 -5 -6
leaf_value=0.0005648914572021895 0.00088951409735940807 0.00057057215196520625 -5.0276558252208177e-05 0.00075879985070268722 0.00028459183830206638
leaf_weight=55 59 137 1912 62 49
leaf_count=55 59 137 1912 62 49
internal_value=0.000114236 -0.000273275 -0.000638713 0.00714286 0.00654545
internal_weight=2274 2157 2049 117 108
internal_count=2274 2157 2049 117 108
is_linear=0
shrinkage=0.04


Tree=81
num_leaves=6
num_cat=0
split_feature=36 37 53 95 7
split_gain=3.6347 3.30664 3.55468 1.06383 0.0248903
threshold=-1.3023460489167056 -1.0930544636498003 0.91666666666666685 0.12718147551519252 0.76168807429930296
decision_type=2 2 2 2 2
left_child=4 3 -3 -2 -1
right_child=1 2 -4 -5 -6
leaf_value=0.000762968376412104 0.00024899488446528134 -3.4130712754570565e-06 -0.00035652283564721886 0.00074466012699712513 0.00071428207535657959
leaf_weight=41 43 1920 165 65 40
leaf_count=41 43 1920 165 65 40
internal_value=9.66608e-05 -0.000214123 -0.000570196 0.00654545 0.00831325
internal_weight=2274 2193 2085 108 81
internal_count=2274 2193 2085 108 81
is_linear=0
shrinkage=0.04


Tree=82
num_leaves=5
num_cat=0
split_feature=36 73 106 7
split_gain=3.6347 3.03257 3.41149 0.0248903
threshold=-1.3023460489167056 -0.68249669386587097 -0.73957630696080245 0.76168807429930296
decision_type=2 2 2 2
left_child=3 -2 -3 -1
right_child=1 2 -4 -5
leaf_value=0.0007324496413556198 -0.00014621438785229182 0.00042931589449990811 -2.0181280672464385e-05 0.0006857107923423164
leaf_weight=41 66 315 1812 40
leaf_count=41 66 315 1812 40
internal_value=9.66608e-05 -0.000214123 5.16674e-05 0.00831325
internal_weight=2274 2193 2127 81
internal_count=2274 2193 2127 81
is_linear=0
shrinkage=0.04


Tree=83
num_leaves=6
num_cat=0
split_feature=36 71 65 46 7
split_gain=3.65025 3.19936 5.16727 1.52091 0.0248903
threshold=-1.3023460489167056 2.3274694070944233 1.0796728414465186 0.087370150029816449 0.76168807429930296
decision_type=2 2 2 2 2
left_child=4 2 -2 -3 -1
right_child=1 3 -4 -5 -6
leaf_value=0.00070315165570139493 2.3352462615228858e-06 0.00074538346863411151 -0.0005929462710082664 7.6739507442816904e-05 0.00065828236064862375
leaf_weight=41 1804 75 224 90 40
leaf_count=41 1804 75 224 90 40
internal_value=7.90861e-05 -0.000232346 -0.000669951 0.00508982 0.00831325
internal_weight=2274 2193 2028 165 81
internal_count=2274 2193 2028 165 81
is_linear=0
shrinkage=0.04


Tree=84
num_leaves=6
num_cat=0
split_feature=36 97 29 14 7
split_gain=3.6347 3.1411 7.74447 3.59035 0.0248903
threshold=-1.3023460489167056 0.72286296046578435 -0.30138042907864826 0.07384886006763397 0.76168807429930296
decision_type=2 2 2 2 2
left_child=4 3 -3 -2 -1
right_child=1 2 -4 -5 -6
leaf_value=0.00067502558947333906 0.00013209891009732688 0.00026410808190927151 -0.00079713756958596201 -5.9752880539501665e-05 0.00063195106622267888
leaf_weight=41 987 103 136 967 40
leaf_count=41 987 103 136 967 40
internal_value=9.66608e-05 -0.000214123 -0.00452282 0.000316973 0.00831325
internal_weight=2274 2193 239 1954 81
internal_count=2274 2193 239 1954 81
is_linear=0
shrinkage=0.04


Tree=85
num_leaves=6
num_cat=0
split_feature=36 37 53 30 31
split_gain=3.58823 3.25344 3.03944 0.508097 0.0248903
threshold=-1.3023460489167056 -1.0930544636498003 0.91666666666666685 0.20009322417004224 -1.0848853301609107
decision_type=2 2 2 2 2
left_child=4 3 -3 -2 -1
right_child=1 2 -4 -5 -6
leaf_value=0.00062048008468741981 0.00077303700509793517 -2.0936553909645106e-06 -0.00033915796562331263 0.00019994587837309064 0.00062285461152206871
leaf_weight=40 59 1920 165 49 41
leaf_count=40 59 1920 165 49 41
internal_value=0.000149385 -0.000159453 -0.000512698 0.00654545 0.00831325
internal_weight=2274 2193 2085 108 81
internal_count=2274 2193 2085 108 81
is_linear=0
shrinkage=0.04


Tree=86
num_leaves=6
num_cat=0
split_feature=36 71 72 36 7
split_gain=3.54205 3.06469 4.24354 4.20774 0.0248903
threshold=-1.3023460489167056 -0.27525763064621211 -0.012077761269736741 1.148804891555371 0.76168807429930296
decision_type=2 2 2 2 2
left_child=4 3 -3 -2 -1
right_child=1 2 -4 -5 -6
leaf_value=0.00062320536250690887 0.00020470904448621096 -0.00016254237179819616 4.0049068537841366e-05 -0.00065656256415518033 0.00058178258438123544
leaf_weight=41 735 560 852 46 40
leaf_count=41 735 560 852 46 40
internal_value=0.000202109 -0.000104784 -0.00121641 0.00190294 0.00831325
internal_weight=2274 2193 1412 781 81
internal_count=2274 2193 1412 781 81
is_linear=0
shrinkage=0.04


Tree=87
num_leaves=6
num_cat=0
split_feature=36 37 46 30 46
split_gain=3.11923 3.16572 3.13135 0.508097 0.118981
threshold=-1.3023460489167056 -1.0930544636498003 -3.1379257048694598 0.20009322417004224 0.49263592994561539
decision_type=2 2 2 2 2
left_child=4 3 -3 -2 -1
right_child=1 2 -4 -5 -6
leaf_value=0.00057328391908298664 0.00074127219144025727 0.00031090552243632374 -3.5479486830180678e-05 0.00018375968145871856 0.00056253565060211588
leaf_weight=41 59 113 1972 49 40
leaf_count=41 59 113 1972 49 40
internal_value=0.000219684 -6.83371e-05 -0.000416866 0.00654545 0.00783133
internal_weight=2274 2193 2085 108 81
internal_count=2274 2193 2085 108 81
is_linear=0
shrinkage=0.04


Tree=88
num_leaves=6
num_cat=0
split_feature=36 37 73 47 7
split_gain=3.13365 2.84366 2.92516 0.67922 0.118981
threshold=-1.3023460489167056 -1.0930544636498003 -0.68249669386587097 -0.16178273523631304 0.76168807429930296
decision_type=2 2 2 2 2
left_child=4 3 -3 -2 -1
right_child=1 2 -4 -5 -6
leaf_value=0.00057534579124331295 0.00078920220349408716 -0.00014111025491409413 -3.5771813014826708e-06 0.00019650392376087552 0.00053568740692747541
leaf_weight=41 59 63 2022 49 40
leaf_count=41 59 63 2022 49 40
internal_value=0.000202109 -8.65604e-05 -0.000416866 0.00618182 0.00783133
internal_weight=2274 2193 2085 108 81
internal_count=2274 2193 2085 108 81
is_linear=0
shrinkage=0.04


Tree=89
num_leaves=8
num_cat=0
split_feature=6 97 89 83 37 37 14
split_gain=3.10534 6.34841 3.31046 3.21765 3.00739 3.10411 0.313649
threshold=0.14301918398107999 0.73386008927504898 -0.42196730466910193 0.25256374592266484 -0.90878485571488754 0.1868427192672496 -0.24807188469948113
decision_type=2 2 2 2 2 2 2
left_child=4 3 -3 -2 6 -6 -1
right_child=1 2 -4 -5 5 -7 -8
leaf_value=0.00054565868438173409 -0.00013465038874442694 -0.00042774434480213577 -0.00096427667172909251 0.00012025335420818478 -2.874107597165082e-05 0.00023260875936035162 0.00081168268987347127
leaf_weight=40 486 46 44 363 705 526 64
leaf_count=40 486 46 44 363 705 526 64
internal_value=0.000219684 -0.00154091 -0.0115217 -0.000458284 0.00145849 0.000900243 0.00792453
internal_weight=2274 939 90 849 1335 1231 104
internal_count=2274 939 90 849 1335 1231 104
is_linear=0
shrinkage=0.04


Tree=90
num_leaves=8
num_cat=0
split_feature=48 97 45 11 42 42 56
split_gain=2.89468 7.08893 4.68729 3.31488 3.26293 2.49369 2.33132
threshold=-0.5162954143645222 0.75613819497513346 -1.1786384991088279 0.33448489332207321 0.48995542343234483 -1.3642237188884254 -0.06577163954952403
decision_type=2 2 2 2 2 2 2
left_child=3 2 -2 5 -3 -1 -5
right_child=1 4 -4 6 -6 -7 -8
leaf_value=-0.0001144782879873453 0.00054229310697481443 -0.00085495427507890605 -2.0269248734143751e-05 0.000171618067841246 0.000106826176871236 0.00036971635854185427 -0.00053519549653721415
leaf_weight=45 147 112 1399 45 40 443 43
leaf_count=45 147 112 1399 45 40 443 43
internal_value=0.000184534 -0.000647059 0.000167959 0.00262976 -0.00883117 0.00391837 -0.00444444
internal_weight=2274 1698 1546 576 152 488 88
internal_count=2274 1698 1546 576 152 488 88
is_linear=0
shrinkage=0.04


Tree=91
num_leaves=7
num_cat=0
split_feature=73 10 106 83 78 32
split_gain=2.96511 3.78234 3.22955 3.39355 2.67028 1.02868
threshold=-0.61005368002711935 -0.49519011302288579 -0.81013322126096265 1.3044136273850822 -0.350109442714649 0.19973500401128894
decision_type=2 2 2 2 2 2
left_child=1 -1 4 -4 -2 -3
right_child=2 5 3 -5 -6 -7
leaf_value=0.00025550640299034462 -5.5944955084987794e-05 -0.00024949646533977137 -1.5653519390348771e-05 0.00033593080726179004 0.00067558516286083032 -0.00021586567476407207
leaf_weight=41 102 42 1773 105 171 40
leaf_count=41 102 42 1773 105 171 40
internal_value=0.000149385 -0.00584 0.000496981 -9.57447e-05 0.00454545 -0.0107143
internal_weight=2274 123 2151 1878 273 82
internal_count=2274 123 2151 1878 273 82
is_linear=0
shrinkage=0.04


Tree=92
num_leaves=7
num_cat=0
split_feature=71 71 67 28 26 109
split_gain=2.99371 3.11184 5.72722 5.50464 1.58851 0.314261
threshold=2.3274694070944233 -0.27525763064621211 -0.956271445271628 -0.36070829868215531 0.48560268828991787 -0.30083059095798681
decision_type=2 2 2 2 2 2
left_child=1 2 -1 -3 5 -2
right_child=4 3 -4 -5 -6 -7
leaf_value=-0.00081716439948146646 0.00084759263592265306 -0.00042590970492371638 0.00020208924834839808 3.2464276381007766e-06 2.9357224960669533e-06 0.00021228989449775034
leaf_weight=42 70 311 750 1000 60 41
leaf_count=42 70 311 750 1000 60 41
internal_value=0.000202109 -0.000213777 0.00176322 -0.00140899 0.00526012 0.0080531
internal_weight=2274 2103 792 1311 171 111
internal_count=2274 2103 792 1311 171 111
is_linear=0
shrinkage=0.04


Tree=93
num_leaves=7
num_cat=0
split_feature=106 78 36 41 22 50
split_gain=2.85345 3.53 3.34813 3.35295 3.16298 0.413987
threshold=1.1835677431722138 0.46322049843881868 -1.1744245548213244 -0.67265628373006592 0.099360381239453149 -0.55030669610972849
decision_type=2 2 2 2 2 2
left_child=2 4 5 -4 -2 -1
right_child=1 -3 3 -5 -6 -7
leaf_value=0.00030713168445922192 -8.4589010883105519e-05 0.00017385649914942631 -0.00019268170306253719 4.1926495544250956e-05 -0.0014148617048699854 0.0006919465671353912
leaf_weight=40 44 48 313 1718 40 71
leaf_count=40 44 48 313 1718 40 71
internal_value=0.000289982 -0.00537313 0.000643657 0.000270536 -0.0102326 0.00734513
internal_weight=2274 132 2142 2031 84 111
internal_count=2274 132 2142 2031 84 111
is_linear=0
shrinkage=0.04


Tree=94
num_leaves=7
num_cat=0
split_feature=46 106 33 73 14 2
split_gain=3.02479 3.79499 5.37195 3.37468 2.37135 0.337549
threshold=-2.3346786168908147 1.1835677431722138 0.12380340313130461 -0.61005368002711935 0.25288858762403466 0.40834047796014195
decision_type=2 2 2 2 2 2
left_child=4 3 -3 -2 5 -1
right_child=1 2 -4 -5 -6 -7
leaf_value=0.00044800455808564828 -0.00012011604452867197 -2.4018491482937118e-05 -0.0015650325380945362 2.9373637145273005e-05 -0.00013744734622493166 0.00036762203051567176
leaf_weight=81 111 70 43 1888 40 41
leaf_count=81 111 70 43 1888 40 41
internal_value=0.000254833 -0.000151372 -0.00721739 0.000254873 0.0054878 0.00822581
internal_weight=2274 2112 113 1999 162 122
internal_count=2274 2112 113 1999 162 122
is_linear=0
shrinkage=0.04


Tree=95
num_leaves=6
num_cat=0
split_feature=37 46 36 14 95
split_gain=2.81101 2.82065 3.04763 2.3447 1.06383
threshold=-1.0930544636498003 -2.467371366650255 -1.3227733232418362 0.12689124199930837 0.12718147551519252
decision_type=2 2 2 2 2
left_child=4 3 -3 -2 -1
right_child=1 2 -4 -5 -6
leaf_value=0.00013722809968309496 0.000484871677736798 0.00051221337104337611 -3.0897824512238838e-05 -0.00013194945237593445 0.00055102592403165015
leaf_weight=43 107 72 1947 40 65
leaf_count=43 107 72 1947 40 65
internal_value=0.000307557 -9.22509e-06 -0.000400792 0.00530201 0.00654545
internal_weight=2274 2166 2019 147 108
internal_count=2274 2166 2019 147 108
is_linear=0
shrinkage=0.04


Tree=96
num_leaves=7
num_cat=0
split_feature=46 106 33 103 14 100
split_gain=2.96416 3.13972 4.3478 3.08677 2.37135 0.251642
threshold=-2.3346786168908147 1.1835677431722138 0.12380340313130461 -1.7329280852700524 0.25288858762403466 0.36998548209492471
decision_type=2 2 2 2 2 2
left_child=4 3 -3 -2 5 -1
right_child=1 2 -4 -5 -6 -7
leaf_value=0.00042958722057801759 0.00039079144812436572 -2.1821838843130056e-05 -0.0015011953235902654 -4.7189509925012895e-06 -0.00012667147428089707 0.0003042741778724899
leaf_weight=75 112 70 43 1887 40 47
leaf_count=75 112 70 43 1887 40 47
internal_value=0.000307557 -9.46074e-05 -0.00652174 0.000274863 0.0054878 0.00822581
internal_weight=2274 2112 113 1999 162 122
internal_count=2274 2112 113 1999 162 122
is_linear=0
shrinkage=0.04


Tree=97
num_leaves=6
num_cat=0
split_feature=46 36 41 14 29
split_gain=2.78537 2.79564 2.98766 1.79827 0.333266
threshold=-2.467371366650255 -1.3227733232418362 -0.92305493225139912 0.19820088699224025 0.25150718144926648
decision_type=2 2 2 2 2
left_child=3 -2 -3 4 -1
right_child=1 2 -4 -5 -6
leaf_value=0.00047171938992967324 0.00049067438113753231 -0.00029852209770009352 2.6338272068992046e-06 -7.2968145347211694e-05 0.00021968228392956762
leaf_weight=72 72 149 1900 41 40
leaf_count=72 72 149 1900 41 40
internal_value=0.000307557 -7.06547e-05 -0.000346173 0.00548387 0.00807018
internal_weight=2274 2121 2049 153 112
internal_count=2274 2121 2049 153 112
is_linear=0
shrinkage=0.04


Tree=98
num_leaves=6
num_cat=0
split_feature=15 28 58 70 98
split_gain=2.76369 2.68217 5.18398 3.75323 0.767387
threshold=-1.1308444825279704 1.1453013334791211 0.13883772936504768 -1.0137912497241117 -0.31224497018930825
decision_type=2 2 2 2 2
left_child=4 3 -3 -2 -1
right_child=1 2 -4 -5 -6
leaf_value=0.00013977877498058984 0.00037231822590317882 5.6452793508317628e-05 -0.00077408545564176454 -5.6770241350522636e-06 0.00061323851871729828
leaf_weight=41 224 86 81 1775 67
leaf_count=41 224 86 81 1775 67
internal_value=0.000360281 4.61255e-05 -0.0047929 0.000454773 0.00654545
internal_weight=2274 2166 167 1999 108
internal_count=2274 2166 167 1999 108
is_linear=0
shrinkage=0.04


Tree=99
num_leaves=7
num_cat=0
split_feature=106 109 14 33 14 63
split_gain=2.79455 3.78212 3.68215 4.11082 3.4743 0.616547
threshold=-0.73957630696080245 -1.0148712612279078 0.11987760322259657 1.0517351321327515 -1.8806137055657912 0.1481268801000423
decision_type=2 2 2 2 2 2
left_child=2 -2 5 -4 -3 -1
right_child=1 4 3 -5 -6 -7
leaf_value=0.00089413204632277814 -0.0010601578324945149 -0.00038123748073365545 0.00013294097746671975 -0.00051359715197919179 8.2117775281811792e-06 0.00027412688030243031
leaf_weight=124 48 40 140 40 1838 44
leaf_count=124 48 40 140 40 1838 44
internal_value=0.000254833 -0.000342324 0.00354286 -0.00043956 -5.31915e-05 0.00776471
internal_weight=2274 1926 348 180 1878 168
internal_count=2274 1926 348 180 1878 168
is_linear=0
shrinkage=0.04


Tree=100
num_leaves=8
num_cat=0
split_feature=72 71 102 28 73 40 13
split_gain=2.86211 4.73917 3.8148 3.24714 4.89777 2.3519 1.50278
threshold=0.10257582568229161 -0.80337977900795843 0.10763527756630938 -0.34816751807379004 0.79225455309993154 -0.3600745779924292 -0.790637349720136
decision_type=2 2 2 2 2 2 2
left_child=1 6 -3 4 -2 -5 -1
right_child=3 2 -4 5 -6 -7 -8
leaf_value=-4.3744798430336454e-05 7.9901470806702509e-05 -0.000171428093645004 3.0937601911802185e-05 0.0007595396095394694 -0.00088475240371976946 9.8848776818413793e-05 0.00078614331378495743
leaf_weight=40 162 600 543 169 78 572 110
leaf_count=40 162 600 543 169 78 572 110
internal_value=0.000254833 -0.000980695 -0.00186026 0.00188199 -0.00214876 0.00318977 0.00565789
internal_weight=2274 1293 1143 981 240 741 150
internal_count=2274 1293 1143 981 240 741 150
is_linear=0
shrinkage=0.04


Tree=101
num_leaves=6
num_cat=0
split_feature=37 32 97 91 95
split_gain=2.7952 2.85105 4.32644 2.7743 1.06383
threshold=-1.0930544636498003 -0.60990792718582532 0.72286296046578435 0.31600742817785227 0.12718147551519252
decision_type=2 2 2 2 2
left_child=4 3 -3 -2 -1
right_child=1 2 -4 -5 -6
leaf_value=0.00010057644477290864 6.468989161172861e-06 -1.4841405346256026e-06 -0.0004704400624084877 0.00069625106585875763 0.00052078167505627336
leaf_weight=43 320 1510 168 168 65
leaf_count=43 320 1510 168 168 65
internal_value=0.000325132 9.22509e-06 -0.00077381 0.00269388 0.00654545
internal_weight=2274 2166 1678 488 108
internal_count=2274 2166 1678 488 108
is_linear=0
shrinkage=0.04


Tree=102
num_leaves=7
num_cat=0
split_feature=73 10 36 38 70 46
split_gain=2.55515 3.31053 2.7629 5.94736 5.04664 1.05249
threshold=-0.61005368002711935 -0.49519011302288579 0.43186734211464961 -0.54567225102260108 -0.54867315244266113 0.092909332490072091
decision_type=2 2 2 2 2 2
left_child=1 -1 4 -4 -2 -3
right_child=2 5 3 -5 -6 -7
leaf_value=0.00018608362912138715 0.00051219314864598851 -0.00041778964019175899 -0.0004354255055149729 6.6798740712536998e-06 9.4317187087536454e-06 -0.0001168845346525503
leaf_weight=41 339 42 106 437 1269 40
leaf_count=41 339 42 106 437 1269 40
internal_value=0.000360281 -0.0052 0.000682768 -0.00177982 0.00151553 -0.0097619
internal_weight=2274 123 2151 543 1608 82
internal_count=2274 123 2151 543 1608 82
is_linear=0
shrinkage=0.04


Tree=103
num_leaves=7
num_cat=0
split_feature=71 64 97 29 26 73
split_gain=2.57785 3.0584 4.5611 4.20203 1.36898 0.403719
threshold=2.516485259073086 -0.17035343085759524 0.73386008927504898 -0.32939037165789359 0.48560268828991787 0.33409825670671084
decision_type=2 2 2 2 2 2
left_child=1 2 -1 -3 5 -2
right_child=4 3 -4 -5 -6 -7
leaf_value=0.00020787737233126172 0.00080239269457376241 6.3926572358095419e-05 -0.00057385579322871976 -0.00014957276422881201 -4.3535993776947915e-05 0.00010924726213332203
leaf_weight=774 66 528 75 735 51 45
leaf_count=774 66 528 75 735 51 45
internal_value=0.000413005 3.7843e-05 0.00189189 -0.00120949 0.0052439 0.00769912
internal_weight=2274 2112 849 1263 162 111
internal_count=2274 2112 849 1263 162 111
is_linear=0
shrinkage=0.04


Tree=104
num_leaves=5
num_cat=0
split_feature=67 106 10 97
split_gain=2.69098 2.81115 5.05576 3.25204
threshold=-1.0019364439582719 0.32803558328791244 1.1876775115424962 0.73386008927504898
decision_type=2 2 2 2
left_child=-1 3 -3 -2
right_child=1 2 -4 -5
leaf_value=-0.00065274078782696161 0.00011587720027477875 -1.4504765119592519e-05 -0.00091099853437794044 -0.00034108568596442874
leaf_weight=48 1383 666 72 105
leaf_count=48 1383 666 72 105
internal_value=0.000377856 0.000583483 -0.00143243 0.00158389
internal_weight=2274 2226 738 1488
internal_count=2274 2226 738 1488
is_linear=0
shrinkage=0.04


Tree=105
num_leaves=7
num_cat=0
split_feature=46 53 37 101 14 2
split_gain=2.49663 2.96971 5.70918 4.32989 2.17066 0.333266
threshold=-2.467371366650255 0.91666666666666685 -0.54122796146296936 0.59984157474723354 0.19820088699224025 0.31348781757008132
decision_type=2 2 2 2 2 2
left_child=4 3 -3 -2 5 -1
right_child=1 2 -4 -5 -6 -7
leaf_value=0.00043911163876354754 -2.1290054945846892e-05 0.00069545336374876034 -0.00053148131884232601 0.00036532169129702559 -5.4257638982659339e-05 0.00025931248960402018
leaf_weight=72 1575 48 121 377 41 40
leaf_count=72 1575 48 121 377 41 40
internal_value=0.000325132 -3.29722e-05 -0.00508772 0.000409417 0.00522581 0.00807018
internal_weight=2274 2121 169 1952 153 112
internal_count=2274 2121 169 1952 153 112
is_linear=0
shrinkage=0.04


Tree=106
num_leaves=8
num_cat=0
split_feature=72 71 84 28 73 41 58
split_gain=2.73495 4.77974 3.707 3.07223 4.44699 2.72969 1.36752
threshold=0.039068909324469998 -0.78933186251419463 0.0050412411504663157 -0.34816751807379004 0.79225455309993154 -0.88040334699812905 0.40814649853559964
decision_type=2 2 2 2 2 2 2
left_child=1 6 -3 4 -2 -5 -1
right_child=3 2 -4 5 -6 -7 -8
leaf_value=0.00015165210440426708 4.1184043648463639e-05 6.0148878528054447e-06 -0.00023406027718029591 -4.8997658096219587e-05 -0.00082813219264470995 0.00030805207356179534 0.00089408459732327782
leaf_weight=81 212 546 489 118 78 681 69
leaf_count=81 212 546 489 118 78 681 69
internal_value=0.000360281 -0.000968829 -0.00193828 0.00180568 -0.00171233 0.00308365 0.00565789
internal_weight=2274 1185 1035 1089 290 799 150
internal_count=2274 1185 1035 1089 290 799 150
is_linear=0
shrinkage=0.04


Tree=107
num_leaves=7
num_cat=0
split_feature=46 106 88 73 14 2
split_gain=2.73007 2.4804 2.97545 2.67469 2.23641 0.519844
threshold=-2.3346786168908147 1.1835677431722138 0.37780111155150026 -0.68249669386587097 0.25288858762403466 0.40834047796014195
decision_type=2 2 2 2 2 2
left_child=4 3 -3 -2 5 -1
right_child=1 2 -4 -5 -6 -7
leaf_value=0.00035325049762693558 -9.9104484563251888e-05 -0.00080075062938538477 0.00011842605938963941 1.3569643381093536e-05 -0.00010789546935657667 0.00024988985577528044
leaf_weight=81 59 73 40 1940 40 41
leaf_count=81 59 73 40 1940 40 41
internal_value=0.000272408 -0.000113529 -0.00582609 0.000214893 0.0052439 0.00790323
internal_weight=2274 2112 113 1999 162 122
internal_count=2274 2112 113 1999 162 122
is_linear=0
shrinkage=0.04


Tree=108
num_leaves=8
num_cat=0
split_feature=21 91 73 14 37 71 14
split_gain=2.80025 2.76795 3.80518 2.90458 2.63121 2.41377 0.296905
threshold=0.10015283498494749 0.41339655170775486 0.69987494599081368 0.07384886006763397 -0.90878485571488754 2.030770907297696 -0.24286224659247799
decision_type=2 2 2 2 2 2 2
left_child=4 3 -3 -2 6 -6 -1
right_child=1 2 -4 -5 5 -7 -8
leaf_value=0.0005243762488990818 0.0001661912304473053 -0.00055132853013543416 1.0289784202872008e-05 -8.5520068227915716e-05 2.2857600535534649e-05 0.00067911606612622777 0.00073007571219256431
leaf_weight=40 359 130 100 413 1103 71 58
leaf_count=40 359 130 100 413 1103 71 58
internal_value=0.000325132 -0.00125498 -0.00508621 -0.000103359 0.00156986 0.00103741 0.0078
internal_weight=2274 1002 230 772 1272 1174 98
internal_count=2274 1002 230 772 1272 1174 98
is_linear=0
shrinkage=0.04


Tree=109
num_leaves=7
num_cat=0
split_feature=3 108 14 88 71 77
split_gain=2.73828 2.89093 3.63061 3.09756 2.35108 2.13976
threshold=0.077990417536054249 -0.71926126702291648 0.10025444056165896 -0.22478009711051875 -0.83968923628876657 1.0493718796801479
decision_type=2 2 2 2 2 2
left_child=4 2 -2 -3 -1 -6
right_child=1 3 -4 -5 5 -7
leaf_value=0.0011555304204413077 0.00064685786752430546 -0.00025451605114923512 -0.00022771474562446908 -1.3829938329430885e-05 2.4020072273724657e-05 0.00047079644802143245
leaf_weight=61 107 264 90 568 1097 87
leaf_count=61 107 264 90 568 1097 87
internal_value=0.000254833 -0.00127061 0.00306533 -0.00230216 0.00151564 0.00111298
internal_weight=2274 1029 197 832 1245 1184
internal_count=2274 1029 197 832 1245 1184
is_linear=0
shrinkage=0.04


Tree=110
num_leaves=8
num_cat=0
split_feature=16 109 41 45 41 78 47
split_gain=2.76359 4.26711 5.45837 4.53282 3.20866 4.93642 1.15614
threshold=-0.53981493581517392 0.21537550999856561 -0.67265628373006592 -0.39246673868558862 -0.81342380199542486 0.093883877785529576 -0.16586674788166772
decision_type=2 2 2 2 2 2 2
left_child=4 3 -3 -2 5 -1 -6
right_child=1 2 -4 -5 6 -7 -8
leaf_value=-0.00027566503438066099 0.00033895786589512104 -0.00078301997048388155 -0.00011618455608684741 -2.1675843917552429e-05 7.7216572026472184e-05 0.00029656549108439905 0.00046499056824457209
leaf_weight=111 298 59 548 838 76 108 236
leaf_count=111 298 59 548 838 76 108 236
internal_value=0.000237258 -0.000532951 -0.00323481 0.000913884 0.00275797 -0.000950226 0.00535032
internal_weight=2274 1743 607 1136 531 219 312
internal_count=2274 1743 607 1136 531 219 312
is_linear=0
shrinkage=0.04


Tree=111
num_leaves=8
num_cat=0
split_feature=36 72 45 13 96 101 53
split_gain=3.48152 4.28405 4.45103 3.52101 5.57767 3.60917 3.07414
threshold=0.43186734211464961 0.039068909324469998 -0.39246673868558862 -0.15633071791776917 1.0366287565032173 0.07240843485746544 -0.58333333333333315
decision_type=2 2 2 2 2 2 2
left_child=3 2 -2 4 -1 -5 -3
right_child=1 6 -4 5 -6 -7 -8
leaf_value=0.00039523283420650148 0.0001190958958559557 0.00052102563246589307 -0.00034713618202242318 -0.00014601299692597935 -0.00063327005982910132 7.2245787645902612e-05 -0.0001473297949290562
leaf_weight=658 99 99 244 457 42 529 146
leaf_count=658 99 99 244 457 42 529 146
internal_value=0.000272408 -0.00237288 -0.00524638 0.00119668 0.00336182 -0.00034413 0.00165992
internal_weight=2274 588 343 1686 700 986 245
internal_count=2274 588 343 1686 700 986 245
is_linear=0
shrinkage=0.04


Tree=112
num_leaves=6
num_cat=0
split_feature=36 46 53 28 98
split_gain=2.82079 2.7113 2.59492 1.81938 0.754794
threshold=-1.1744245548213244 -2.467371366650255 0.91666666666666685 0.57152079881496209 -0.12348330202411913
decision_type=2 2 2 2 2
left_child=4 3 -3 -2 -1
right_child=1 2 -4 -5 -6
leaf_value=0.00020814325550091488 0.00027949763961499413 8.5390521132995559e-07 -0.00036819061524810795 3.3686408555291469e-06 0.00066041012162530125
leaf_weight=62 86 1839 159 64 64
leaf_count=62 86 1839 159 64 64
internal_value=0.000325132 -1.86047e-05 -0.00041 0.00513158 0.00609375
internal_weight=2274 2148 1998 150 126
internal_count=2274 2148 1998 150 126
is_linear=0
shrinkage=0.04


Tree=113
num_leaves=6
num_cat=0
split_feature=15 63 28 8 44
split_gain=2.70984 2.67693 2.54794 0.601056 0.236594
threshold=-1.1884827238958955 -1.4414647329635948 1.1453013334791211 0.028422180301110725 -0.31482674615502748
decision_type=2 2 2 2 2
left_child=4 3 -3 -2 -1
right_child=1 2 -4 -5 -6
leaf_value=0.00020088254025356331 0.00068413247279908076 4.4118691205505526e-06 -0.000245029698990596 0.0004020678932357861 0.00075766935815034216
leaf_weight=40 49 1940 164 40 41
leaf_count=40 49 1940 164 40 41
internal_value=0.000254833 -1.36674e-05 -0.000303894 0.0067033 0.0073494
internal_weight=2274 2193 2104 89 81
internal_count=2274 2193 2104 89 81
is_linear=0
shrinkage=0.04


Tree=114
num_leaves=5
num_cat=0
split_feature=36 71 103 0
split_gain=2.59338 2.40487 2.70724 1.15467
threshold=-1.3227733232418362 -0.89628530987101929 -0.14915422446080412 0.31128326876332041
decision_type=2 2 2 2
left_child=-1 3 -3 -2
right_child=1 2 -4 -5
leaf_value=0.00045720012770722354 0.00097175829425056595 -6.4263403132505762e-05 3.8426016812691811e-05 8.1436669006733906e-05
leaf_weight=72 56 776 1325 45
leaf_count=72 56 776 1325 45
internal_value=0.000202109 -4.53721e-05 -0.000337613 0.00592233
internal_weight=2274 2202 2101 101
internal_count=2274 2202 2101 101
is_linear=0
shrinkage=0.04


Tree=115
num_leaves=7
num_cat=0
split_feature=36 40 38 77 40 82
split_gain=2.3013 4.17463 5.51407 3.21063 4.7474 2.91484
threshold=0.43186734211464961 1.4148686682797811 0.3541337060250771 -0.18492740464560162 -0.91884211953141193 -0.082641680623257885
decision_type=2 2 2 2 2 2
left_child=3 2 -2 5 -5 -1
right_child=1 -3 -4 4 -6 -7
leaf_value=0.00072444778855012659 -0.00017863108501478314 -0.00075867109925605307 0.00033318165843779392 -0.0014727128808677764 1.3393984207526882e-05 3.3601805685742161e-05
leaf_weight=244 378 45 165 42 1080 320
leaf_count=244 378 45 165 42 1080 320
internal_value=0.000184534 -0.0019661 -0.000972477 0.000936019 -0.000302491 0.00339223
internal_weight=2274 588 543 1686 1122 564
internal_count=2274 588 543 1686 1122 564
is_linear=0
shrinkage=0.04


Tree=116
num_leaves=5
num_cat=0
split_feature=37 14 31 95
split_gain=2.81101 2.76672 3.87545 1.06383
threshold=-1.0930544636498003 -1.8806137055657912 -0.78109870957940164 0.12718147551519252
decision_type=2 2 2 2
left_child=3 -2 -3 -1
right_child=1 2 -4 -5
leaf_value=7.4673171129017689e-05 -0.00015204154361109584 0.00025507047558093936 -2.0989452629052025e-05 0.00046723479687501966
leaf_weight=43 49 331 1786 65
leaf_count=43 49 331 1786 65
internal_value=0.000307557 -9.22509e-06 0.000212364 0.00654545
internal_weight=2274 2166 2117 108
internal_count=2274 2166 2117 108
is_linear=0
shrinkage=0.04


Tree=117
num_leaves=7
num_cat=0
split_feature=46 24 40 65 28 1
split_gain=2.71081 2.62594 5.75661 3.5101 1.62834 0.044764
threshold=-2.3346786168908147 0.80191428147231603 0.64736774298715405 -0.79503633808093477 0.57152079881496209 0.1568151185818816
decision_type=2 2 2 2 2 2
left_child=4 3 -3 -2 5 -1
right_child=1 2 -4 -5 -6 -7
leaf_value=0.00042607561869048355 0.00066648831688402176 -2.3850263274318752e-05 -0.00092675839821837773 -1.9149961383061258e-06 1.4254036765208936e-05 0.0002177201415905427
leaf_weight=55 128 206 50 1728 67 40
leaf_count=55 128 206 50 1728 67 40
internal_value=0.000289982 -9.46074e-05 -0.00387597 0.000430571 0.0052439 0.0085567
internal_weight=2274 2112 256 1856 162 95
internal_count=2274 2112 256 1856 162 95
is_linear=0
shrinkage=0.04


Tree=118
num_leaves=8
num_cat=0
split_feature=3 97 34 28 41 48 53
split_gain=2.77161 3.44554 4.53356 3.86764 2.11327 4.21206 3.19249
threshold=0.09986815949038047 0.73386008927504898 0.18623795081954744 0.66973663251297455 -0.69527687149528961 -0.71807222231749401 0.91666666666666685
decision_type=2 2 2 2 2 2 2
left_child=4 3 -3 -2 5 -1 -6
right_child=1 2 -4 -5 6 -7 -8
leaf_value=0.00017004134522787006 3.6484562193567495e-05 -0.00079788265873472104 3.8758996416153428e-05 -0.00027411270501623899 0.00019883086016969211 -0.00049156801437468033 -0.00025887741916720395
leaf_weight=200 713 50 44 195 877 117 78
leaf_count=200 713 50 44 195 877 117 78
internal_value=0.000237258 -0.00133466 -0.00854167 -0.000571429 0.00147567 -0.00134796 0.00241379
internal_weight=2274 1002 94 908 1272 317 955
internal_count=2274 1002 94 908 1272 317 955
is_linear=0
shrinkage=0.04


Tree=119
num_leaves=7
num_cat=0
split_feature=3 7 40 37 37 36
split_gain=2.57501 2.88804 2.89251 2.31723 2.72008 1.27485
threshold=0.077990417536054249 -0.92512568393303962 0.3189773018810716 -0.84593594148115114 0.1868427192672496 0.080803127308855402
decision_type=2 2 2 2 2 2
left_child=3 -2 -3 5 -5 -1
right_child=1 2 -4 4 -6 -7
leaf_value=0.00066340874522261191 -0.00044580788064067789 3.5025179705824864e-05 -0.00018640372526742375 -3.821408845263802e-05 0.00019817227775426188 3.0635472467599787e-05
leaf_weight=78 40 637 352 623 504 40
leaf_count=78 40 637 352 623 504 40
internal_value=0.000325132 -0.00115422 -0.000716448 0.00154771 0.000983171 0.00683333
internal_weight=2274 1029 989 1245 1127 118
internal_count=2274 1029 989 1245 1127 118
is_linear=0
shrinkage=0.04


end of trees

feature_importances:
Column_36=47
Column_73=39
Column_106=35
Column_77=34
Column_78=25
Column_71=22
Column_37=21
Column_28=20
Column_40=20
Column_72=19
Column_46=17
Column_14=15
Column_70=15
Column_101=14
Column_31=13
Column_97=13
Column_29=11
Column_65=11
Column_108=11
Column_109=11
Column_7=10
Column_59=10
Column_64=9
Column_53=8
Column_67=8
Column_83=8
Column_85=8
Column_89=8
Column_10=7
Column_38=7
Column_41=7
Column_42=7
Column_95=7
Column_2=6
Column_34=6
Column_91=6
Column_3=5
Column_9=5
Column_15=5
Column_33=5
Column_88=5
Column_8=4
Column_13=4
Column_16=4
Column_26=4
Column_30=4
Column_63=4
Column_68=4
Column_79=4
Column_98=4
Column_102=4
Column_103=4
Column_107=4
Column_11=3
Column_12=3
Column_35=3
Column_45=3
Column_47=3
Column_56=3
Column_58=3
Column_5=2
Column_24=2
Column_25=2
Column_32=2
Column_44=2
Column_48=2
Column_74=2
Column_75=2
Column_82=2
Column_84=2
Column_96=2
Column_0=1
Column_1=1
Column_6=1
Column_20=1
Column_21=1
Column_22=1
Column_23=1
Column_27=1
Column_39=1
Column_50=1
Column_60=1
Column_61=1
Column_66=1
Column_69=1
Column_76=1
Column_86=1
Column_94=1
Column_99=1
Column_100=1
Column_105=1

parameters:
[boosting: gbdt]
[objective: quantile]
[metric: quantile]
[tree_learner: serial]
[device_type: cpu]
[data_sample_strategy: bagging]
[data: ]
[valid: ]
[num_iterations: 120]
[learning_rate: 0.04]
[num_leaves: 15]
[num_threads: 2]
[seed: 42]
[deterministic: 0]
[force_col_wise: 0]
[force_row_wise: 0]
[histogram_pool_size: -1]
[max_depth: 3]
[min_data_in_leaf: 40]
[min_sum_hessian_in_leaf: 0.001]
[bagging_fraction: 0.85]
[pos_bagging_fraction: 1]
[neg_bagging_fraction: 1]
[bagging_freq: 0]
[bagging_seed: 400]
[bagging_by_query: 0]
[feature_fraction: 0.8]
[feature_fraction_bynode: 1]
[feature_fraction_seed: 30056]
[extra_trees: 0]
[extra_seed: 12879]
[early_stopping_round: 0]
[early_stopping_min_delta: 0]
[first_metric_only: 0]
[max_delta_step: 0]
[lambda_l1: 0]
[lambda_l2: 2]
[linear_lambda: 0]
[min_gain_to_split: 0]
[drop_rate: 0.1]
[max_drop: 50]
[skip_drop: 0.5]
[xgboost_dart_mode: 0]
[uniform_drop: 0]
[drop_seed: 17869]
[top_rate: 0.2]
[other_rate: 0.1]
[min_data_per_group: 100]
[max_cat_threshold: 32]
[cat_l2: 10]
[cat_smooth: 10]
[max_cat_to_onehot: 4]
[top_k: 20]
[monotone_constraints: ]
[monotone_constraints_method: basic]
[monotone_penalty: 0]
[feature_contri: ]
[forcedsplits_filename: ]
[refit_decay_rate: 0.9]
[cegb_tradeoff: 1]
[cegb_penalty_split: 0]
[cegb_penalty_feature_lazy: ]
[cegb_penalty_feature_coupled: ]
[path_smooth: 0]
[interaction_constraints: ]
[verbosity: -1]
[saved_feature_importance_type: 0]
[use_quantized_grad: 0]
[num_grad_quant_bins: 4]
[quant_train_renew_leaf: 0]
[stochastic_rounding: 1]
[linear_tree: 0]
[max_bin: 255]
[max_bin_by_feature: ]
[min_data_in_bin: 3]
[bin_construct_sample_cnt: 200000]
[data_random_seed: 175]
[is_enable_sparse: 1]
[enable_bundle: 1]
[use_missing: 1]
[zero_as_missing: 0]
[feature_pre_filter: 1]
[pre_partition: 0]
[two_round: 0]
[header: 0]
[label_column: ]
[weight_column: ]
[group_column: ]
[ignore_column: ]
[categorical_feature: ]
[forcedbins_filename: ]
[precise_float_parser: 0]
[parser_config_file: ]
[objective_seed: 16083]
[num_class: 1]
[is_unbalance: 0]
[scale_pos_weight: 1]
[sigmoid: 1]
[boost_from_average: 1]
[reg_sqrt: 0]
[alpha: 0.25]
[fair_c: 1]
[poisson_max_delta_step: 0.7]
[tweedie_variance_power: 1.5]
[lambdarank_truncation_level: 30]
[lambdarank_norm: 1]
[label_gain: ]
[lambdarank_position_bias_regularization: 0]
[eval_at: ]
[multi_error_top_k: 1]
[auc_mu_weights: ]
[num_machines: 1]
[local_listen_port: 12400]
[time_out: 120]
[machine_list_filename: ]
[machines: ]
[gpu_platform_id: -1]
[gpu_device_id: -1]
[gpu_device_id_list: ]
[gpu_use_dp: 0]
[num_gpu: 1]

end of parameters

pandas_categorical:null
