tree
version=v4
num_class=1
num_tree_per_iteration=1
label_index=0
max_feature_idx=118
objective=quantile
feature_names=Column_0 Column_1 Column_2 Column_3 Column_4 Column_5 Column_6 Column_7 Column_8 Column_9 Column_10 Column_11 Column_12 Column_13 Column_14 Column_15 Column_16 Column_17 Column_18 Column_19 Column_20 Column_21 Column_22 Column_23 Column_24 Column_25 Column_26 Column_27 Column_28 Column_29 Column_30 Column_31 Column_32 Column_33 Column_34 Column_35 Column_36 Column_37 Column_38 Column_39 Column_40 Column_41 Column_42 Column_43 Column_44 Column_45 Column_46 Column_47 Column_48 Column_49 Column_50 Column_51 Column_52 Column_53 Column_54 Column_55 Column_56 Column_57 Column_58 Column_59 Column_60 Column_61 Column_62 Column_63 Column_64 Column_65 Column_66 Column_67 Column_68 Column_69 Column_70 Column_71 Column_72 Column_73 Column_74 Column_75 Column_76 Column_77 Column_78 Column_79 Column_80 Column_81 Column_82 Column_83 Column_84 Column_85 Column_86 Column_87 Column_88 Column_89 Column_90 Column_91 Column_92 Column_93 Column_94 Column_95 Column_96 Column_97 Column_98 Column_99 Column_100 Column_101 Column_102 Column_103 Column_104 Column_105 Column_106 Column_107 Column_108 Column_109 Column_110 Column_111 Column_112 Column_113 Column_114 Column_115 Column_116 Column_117 Column_118
feature_infos=[-6.1494263252328025:6.6061960993655529] [-5.6522784346433577:5.4832838684511591] [-4.8559241605259214:4.1477959605288151] [-4.33888282187307:3.824279883304142] [-3.6414431646999081:2.1625018577196875] [-2.584660181685583:2.3755294842494035] [-4.2285280778511627:3.9729044606645747] [-1.3381510876261198:6.4766165432213398] [-1.6783332715664483:1.6290114926236889] [-3.5975055655820118:2.2047623296026582] [-1.4896162687556538:5.2197471217980853] [-2.4465927334399118:2.1345520030130363] [-2.5447284368719827:2.4509230795873793] [-1.4552411016693578:3.9207061093180591] [-2.8232168863287725:2.6238444139443988] [-1.578419311864117:1.6219208859723271] [-1.7641344462963811:1.7858000541608721] [-0.9555316294552727:0.77153972766360324] [-1.0014586054677583:0.78312327608897747] [-0.95553162945527259:0.77153972766360335] [-2.236022825448658:1.6628352523810395] [-4.0101948763906297:4.1136839338227524] [-3.2941972767850598:2.3034162605961641] [-2.330090478874141:2.610391676138732] [-2.1497203954504807:1.5849148362405623] [-2.1580666772069192:1.5776500705641745] [-3.3740672975345571:2.0325201033051816] [-1.78685205411133:1.4187506318541363] [-1.1740389847534209:3.6353595895542314] [-3.7029372328752115:4.2663329863372192] [-3.6928841446672904:4.4999448642381603] [-3.0645141778222365:3.2695631752433072] [-3.1876180100898388:3.4367669681823227] [-1.9650602119963321:2.0854736061815387] [-2.2048070207626553:2.2377199059736479] [-1.7870279372344176:1.7595132022350959] [-1.8118353004790653:1.8481789149766474] [-1.5818531459409828:3.8317327797649186] [-1.4717876624517972:4.9894452178114053] [-1.4482381781921132:3.8021014741433574] [-1.1766149869204305:3.1686055099290296] [-1.6677591782064429:1.4478383247540301] [-1.97860756207653:1.7379185936070511] [-1.8738137062410385:14.029786202998315] [-181.8676745335967:162.37016701151938] [-397.40505650234456:131.2649119205891] [-325.94020498646915:76.491907701529883] [-1.3726837840162185:2.8311544749495972] [-1.9442321499051451:1.9988497826964602] [-1.1939428390087008:9.0184297688006829] [-4.8797530978009371:4.443622956831601] [-8.9976670568740182:6.6833137351881202] [-1:1] [-0.83333333333333337:1] [0:1] [0:1] [-6.4047156225222386:3.3341970520779416] [-2.9921316023223743:2.2722183253291721] [-2.3188574790080199:2.1983317192307692] [-1.0641717865348141:3.109165003299446] [-2.2569775924697169:1.8436964290932365] [-2.6611769355386707:0.55844612798166771] [-4.5411529035394462:3.6757536127437742] [-3.2753891089851783:2.4642842810957788] [-2.9496960929589218:2.0704061731140517] [-3.0492585173359399:3.997020471703594] [-3.4013406933631081:2.2570305485626045] [-2.2920747121329543:1.5799927445346897] [-0.9478825388445028:2.1446192663460937] [-2.0436656999992779:1.2371074081227864] [-1.3740090300471668:0.35241732705539019] [-4.525540226857852:7.1421988438634587] [-4.1951379978685965:5.854363850293332] [-2.4360070041401345:4.2308794416620072] [-1.2789996049275307:4.8332299486974764] [-1.1995200493852389:7.9639652798064224] [-1.0859219244900009:2.3006975765388638] [-6.5367895696088674:6.7073473359072455] [-4.5902263932938059:3.5532217461542404] [-3.3362295653270166:3.669601970798464] [-1.2103947788856002:3.5448267214798435] [-1.7492582356046078:4.326002286467336] [-0.7841322370702436:2.0005146080155143] [-11.32703163466349:11.105335188711166] [-5.9612414146408881:5.2190346539849655] [-3.6529578367215239:4.0245515238104321] [-0.99303799465963494:3.0489392696515356] [-2.187787418289969:4.264994612816337] [-1.3394030597733593:0.73043373982817406] [-3.9510544801765133:2.9642181446572184] [-3.4899660730333029:3.060403858141302] [-2.5314097556064912:1.7177773326879078] [-1.2686046620856066:3.0527887643434344] [-1.9996997211690439:1.8290971815506269] [-1.4050804549025588:0.47400153606163398] [-5.2567068122514806:2.6350421120750878] [-3.9889467347548617:3.4026258704799917] [-1.8241257739893431:2.7355288883320719] [-1.4530535419961319:4.1432370169171557] [-1.6517628774159003:4.387061124633802] [-1.4710938262346245:1.1929356080011335] [-4.2531948684837353:2.4368701735741731] [-3.7612608519904582:3.4923494232901628] [-1.8974280614639452:2.5965043880301386] [-1.4643086829627063:3.9475622535160353] [-1.4986959863574343:3.8064190164794147] [-1.4486101005755379:1.1374218824344038] [-3.4200107359923004:3.7181960458765135] [-2.2298902782856893:2.6792187739290445] [-1.972366955776762:2.0491065850626997] [-1.4679832832005844:2.0686730800067834] [-1.4524841859704558:1.8967311786050898] [-2.1675284767264524:0.57906891098412872] [-3.0803370434432149:3.271570682463576] [-2.7824577473515886:3.58808894075865] [-1.6675850293785217:2.3805251008513824] [-0.86439570251993936:2.919768428348954] [-1.4130858841661282:2.285489754159626] [-1.3943396325113102:0.9957277852179961]
tree_sizes=749 682 772 680 687 684 763 687 682 689 603 771 778 691 692 602 517 520 770 599 602 600 600 602 610 776 519 776 604 604 866 610 605 873 780 518 608 693 611 865 610 872 603 788 695 604 779 782 782 872 791 697 696 790 784 880 791 781 698 876 789 785 866 873 696 698 782 790 785 785 783 875 868 779 784 693 793 700 609 609 609 782 790 779 873 877 694 879 869 783 785 696 867 518 876 776 702 781 791 784 785 779 878 782 874 702 705 703 787 876 874 784 611 874 697 788 703 781 790 877

Tree=0
num_leaves=7
num_cat=0
split_feature=61 82 110 59 74 14
split_gain=7.56982 5.20134 5.38856 5.14582 3.40617 2.2194
threshold=-1.0898313325734452 0.020513377914895863 0.29130072240350163 2.3195702608057851 -0.53504435564176422 -0.53473683602700905
decision_type=2 2 2 2 2 2
left_child=1 -1 -3 4 -2 -5
right_child=3 2 -4 5 -6 -7
leaf_value=0.053673913772930605 0.053365583519027808 0.052585345919307386 0.054084486927357317 0.05438780035560406 0.052367507234248691 0.053464509012423882
leaf_weight=45 423 114 120 40 1356 44
leaf_count=45 423 114 120 40 1356 44
internal_value=0.0529805 0.0591008 0.0566266 0.0520584 0.0515978 0.0616168
internal_weight=2142 279 234 1863 1779 84
internal_count=2142 279 234 1863 1779 84
is_linear=0
shrinkage=1


Tree=1
num_leaves=6
num_cat=0
split_feature=61 68 110 80 37
split_gain=7.69707 7.2949 4.89813 4.40971 3.1508
threshold=-1.293184766376098 1.0664343247430568 0.30129018447587869 3.3496393312485258 -1.1074316720478363
decision_type=2 2 2 2 2
left_child=1 -1 -3 4 -2
right_child=3 2 -4 -5 -6
leaf_value=0.0014335334090708641 0.00081166332874740594 -0.00074146752981083864 0.00086264360501378979 0.0011381457777534065 -0.00026317542448555542
leaf_weight=63 72 93 60 42 1812
leaf_count=63 72 93 60 42 1812
internal_value=-7.83592e-05 0.00704587 0.00224516 -0.000883818 -0.00117497
internal_weight=2142 216 153 1926 1884
internal_count=2142 216 153 1926 1884
is_linear=0
shrinkage=0.04


Tree=2
num_leaves=7
num_cat=0
split_feature=60 80 74 80 102 25
split_gain=6.93369 5.62674 3.91938 3.54187 3.45249 2.59155
threshold=-1.2108648533374897 -0.90761894125226084 0.78477872660457848 2.0269918798780773 0.31975283939331017 -0.75440118350411722
decision_type=2 2 2 2 2 2
left_child=2 4 -1 -3 -2 -4
right_child=1 3 5 -5 -6 -7
leaf_value=-0.00026429100138111619 0.0011807329786437037 -0.00028916661094770593 0.00072192218459224715 0.00071674202193708889 -3.8888052542143946e-05 0.0014568073213231463
leaf_weight=42 63 1755 44 153 45 40
leaf_count=42 63 1755 44 153 45 40
internal_value=-0.000152986 -0.000725472 0.008875 -0.00123141 0.00807273 0.0137674
internal_weight=2142 2016 126 1908 108 84
internal_count=2142 2016 126 1908 108 84
is_linear=0
shrinkage=0.04


Tree=3
num_leaves=6
num_cat=0
split_feature=59 80 60 38 96
split_gain=6.06139 5.08578 3.77555 3.09814 3.02788
threshold=2.3195702608057851 -0.90761894125226084 -1.1783515683703865 1.9100861057638907 0.3457465635588442
decision_type=2 2 2 2 2
left_child=1 4 -3 -2 -1
right_child=3 2 -4 -5 -6
leaf_value=0.0011482468113580815 0.00029988271405216371 0.0006338423134574627 -0.0002735780987116109 0.0018407048989285127 2.30292807231176e-06
leaf_weight=60 75 105 1809 45 48
leaf_count=60 75 105 1809 45 48
internal_value=-0.000134329 -0.000656127 -0.0011357 0.00852459 0.00770909
internal_weight=2142 2022 1914 120 108
internal_count=2142 2022 1914 120 108
is_linear=0
shrinkage=0.04


Tree=4
num_leaves=6
num_cat=0
split_feature=59 87 58 38 116
split_gain=6.00932 4.08214 4.26948 3.09814 2.53743
threshold=2.3195702608057851 1.3437978843339866 0.52491266292502481 1.9100861057638907 -0.015707346738506975
decision_type=2 2 2 2 2
left_child=1 4 -3 -2 -1
right_child=3 2 -4 -5 -6
leaf_value=1.5361188079675848e-05 0.00028788740549007708 0.0001024468349576968 0.00069468537005008802 0.0017670767029713721 -0.00058537827285941508
leaf_weight=957 75 156 57 45 852
leaf_count=957 75 156 57 45 852
internal_value=-9.70159e-05 -0.000616602 0.00459535 0.00852459 -0.00123468
internal_weight=2142 2022 213 120 1809
internal_count=2142 2022 213 120 1809
is_linear=0
shrinkage=0.04


Tree=5
num_leaves=6
num_cat=0
split_feature=59 80 86 38 96
split_gain=6.00932 4.6074 3.33472 3.09814 2.74296
threshold=2.3195702608057851 -0.90761894125226084 0.9241345090687455 1.9100861057638907 0.3457465635588442
decision_type=2 2 2 2 2
left_child=1 4 -3 -2 -1
right_child=3 2 -4 -5 -6
leaf_value=0.0010985674031929332 0.00027637190927047388 -0.00035266506381238501 0.00038916373581529654 0.0016963936348525172 -1.7424744118078351e-05
leaf_weight=60 75 1632 282 45 48
leaf_count=60 75 1632 282 45 48
internal_value=-9.70159e-05 -0.000616602 -0.00107307 0.00852459 0.00734545
internal_weight=2142 2022 1914 120 108
internal_count=2142 2022 1914 120 108
is_linear=0
shrinkage=0.04


Tree=6
num_leaves=7
num_cat=0
split_feature=60 80 59 74 25 64
split_gain=5.6939 3.884 3.51936 3.4437 4.18384 2.46827
threshold=-1.1783515683703865 -0.90761894125226084 2.3195702608057851 0.78477872660457848 -0.72163081954148678 0.29100948427423157
decision_type=2 2 2 2 2 2
left_child=3 5 -3 -1 -5 -2
right_child=1 2 -4 4 -6 -7
leaf_value=-0.00025238369659653524 7.4588165243540854e-05 -0.0002455307669854188 0.0007326296820708958 0.00062682406476330442 0.0013776801957702603 0.0011491073675180209
leaf_weight=45 61 1809 90 49 41 47
leaf_count=45 61 1809 90 49 41 47
internal_value=-0.000152986 -0.000690892 -0.0011131 0.00773723 0.0121739 0.00661818
internal_weight=2142 2007 1899 135 90 108
internal_count=2142 2007 1899 135 90 108
is_linear=0
shrinkage=0.04


Tree=7
num_leaves=6
num_cat=0
split_feature=59 80 86 38 102
split_gain=5.20222 3.82476 3.0706 2.95346 2.37389
threshold=2.3195702608057851 -0.90761894125226084 0.9241345090687455 1.9100861057638907 0.31975283939331017
decision_type=2 2 2 2 2
left_child=1 4 -3 -2 -1
right_child=3 2 -4 -5 -6
leaf_value=0.00099426561314109371 0.00023601184561681895 -0.00033076070556548092 0.00038341841706210155 0.0016017720325511825 -0.00011047936730135155
leaf_weight=63 75 1632 282 45 45
leaf_count=63 75 1632 282 45 45
internal_value=-0.000152986 -0.000636365 -0.00105219 0.00786885 0.00661818
internal_weight=2142 2022 1914 120 108
internal_count=2142 2022 1914 120 108
is_linear=0
shrinkage=0.04


Tree=8
num_leaves=6
num_cat=0
split_feature=60 80 92 59 64
split_gain=5.19803 3.77102 3.38187 3.23688 2.46827
threshold=-1.308264690458748 -0.90761894125226084 0.71334125304177054 2.3195702608057851 0.29100948427423157
decision_type=2 2 2 2 2
left_child=2 4 -1 -3 -2
right_child=1 3 -4 -5 -6
leaf_value=0.0013617379996840697 3.1834014108155406e-05 -0.0002195055500467326 2.3032037711890853e-07 0.00070024467884732616 0.0010633724482916563
leaf_weight=48 61 1845 42 99 47
leaf_count=48 61 1845 42 99 47
internal_value=-0.000171643 -0.000588122 0.00913043 -0.000994862 0.00661818
internal_weight=2142 2052 90 1944 108
internal_count=2142 2052 90 1944 108
is_linear=0
shrinkage=0.04


Tree=9
num_leaves=6
num_cat=0
split_feature=60 92 104 64 70
split_gain=5.15647 3.38187 3.22728 4.05055 3.64015
threshold=-1.308264690458748 0.71334125304177054 1.6114987133881462 -0.0050945040105427114 0.29797716885583242
decision_type=2 2 2 2 2
left_child=1 -1 4 -4 -2
right_child=2 -3 3 -5 -6
leaf_value=0.0013072684796967072 -0.00034216498038302574 2.2110756203420591e-07 -5.5425184900090578e-05 0.0011393848231120234 0.00040437143829951424
leaf_weight=48 1440 42 77 52 483
leaf_count=48 1440 42 77 52 483
internal_value=-0.000134329 0.00913043 -0.000549173 0.00552672 -0.000962079
internal_weight=2142 90 2052 129 1923
internal_count=2142 90 2052 129 1923
is_linear=0
shrinkage=0.04


Tree=10
num_leaves=5
num_cat=0
split_feature=36 59 74 39
split_gain=4.10981 3.28109 3.74329 2.85653
threshold=-1.4272145106823577 2.3195702608057851 -0.53504435564176422 1.620191776791664
decision_type=2 2 2 2
left_child=-1 2 -2 -3
right_child=1 3 -4 -5
leaf_value=0.00072312403443133518 0.00035140946143164979 -3.0951981804337227e-05 -0.00038252531013644126 0.0011911437700949127
leaf_weight=45 445 56 1538 58
leaf_count=45 445 56 1538 58
internal_value=-0.000208956 -0.000470701 -0.000852394 0.00606896
internal_weight=2142 2097 1983 114
internal_count=2142 2097 1983 114
is_linear=0
shrinkage=0.04


Tree=11
num_leaves=7
num_cat=0
split_feature=61 68 37 62 74 110
split_gain=3.6114 4.44413 3.33504 2.87669 2.82235 2.03577
threshold=-1.0898313325734452 1.2430086639579165 -1.1074316720478363 0.11765887222574072 -0.53504435564176422 0.32274263965914946
decision_type=2 2 2 2 2 2
left_child=1 3 -2 -1 -4 -3
right_child=2 5 4 -5 -6 -7
leaf_value=0.0011038210693327425 0.00079427846247055983 -0.00050640651939543198 0.00026125380592574977 0.00027245481583156343 -0.00044509501167369793 0.00063326439985069642
leaf_weight=59 72 108 415 67 1376 45
leaf_count=59 72 108 415 67 1376 45
internal_value=-0.000227613 0.004 -0.000864344 0.0095 -0.00120692 -0.000593549
internal_weight=2142 279 1863 126 1791 153
internal_count=2142 279 1863 126 1791 153
is_linear=0
shrinkage=0.04


Tree=12
num_leaves=7
num_cat=0
split_feature=60 74 63 114 74 2
split_gain=3.70847 2.7954 4.36086 2.40848 2.20659 1.17619
threshold=-1.2108648533374897 -0.53504435564176422 -0.69556972015885166 -0.75977381868714755 0.78477872660457848 -0.30975965125356086
decision_type=2 2 2 2 2 2
left_child=4 2 -2 -3 -1 -6
right_child=1 3 -4 -5 5 -7
leaf_value=-0.00022035255603581908 -0.00092151461959117525 0.00035181921851819037 0.00058985788078503936 -0.00045985356084973279 0.0013054619279863628 0.0003026543377479195
leaf_weight=42 134 207 325 1350 41 43
leaf_count=42 134 207 325 1350 41 43
internal_value=-0.000227613 -0.000646185 0.00209111 -0.00145478 0.006375 0.0100465
internal_weight=2142 2016 459 1557 126 84
internal_count=2142 2016 459 1557 126 84
is_linear=0
shrinkage=0.04


Tree=13
num_leaves=6
num_cat=0
split_feature=60 80 86 96 93
split_gain=3.86997 2.79293 3.10579 2.42569 2.34502
threshold=-1.1783515683703865 -0.90761894125226084 0.9241345090687455 0.27938530186925675 0.61776069981303783
decision_type=2 2 2 2 2
left_child=4 3 -3 -2 -1
right_child=1 2 -4 -5 -6
leaf_value=1.0471758463054349e-05 0.00096354362709682138 -0.00033793195684665538 0.00036716046442371113 -0.00011818461012596262 0.00091483345063132022
leaf_weight=66 57 1602 297 51 69
leaf_count=66 57 1602 297 51 69
internal_value=-0.000227613 -0.000670982 -0.00102893 0.00552727 0.00627737
internal_weight=2142 2007 1899 108 135
internal_count=2142 2007 1899 108 135
is_linear=0
shrinkage=0.04


Tree=14
num_leaves=6
num_cat=0
split_feature=59 13 73 109 74
split_gain=3.80053 3.30326 2.81031 4.19776 2.04828
threshold=2.5945570140217611 1.5880960582759522 -0.22299139734933626 0.080265320497519985 1.920527681120801
decision_type=2 2 2 2 2
left_child=2 -2 3 -1 -4
right_child=1 -3 4 -5 -6
leaf_value=0.00046118178899193267 -0.00013884420692867358 0.0014495524426480094 -0.00045826212321850855 -0.00022801887007535695 0.00060737342293774963
leaf_weight=387 51 63 1173 378 90
leaf_count=387 51 63 1173 378 90
internal_value=-0.000283583 0.00675862 -0.000685715 0.00122555 -0.00184348
internal_weight=2142 114 2028 765 1263
internal_count=2142 114 2028 765 1263
is_linear=0
shrinkage=0.04


Tree=15
num_leaves=5
num_cat=0
split_feature=37 80 13 74
split_gain=2.89933 3.32654 4.3406 2.92286
threshold=-1.1074316720478363 0.88472319148998868 1.5880960582759522 -0.53504435564176422
decision_type=2 2 2 2
left_child=-1 3 -3 -2
right_child=1 2 -4 -5
leaf_value=0.0007089671303635443 0.00017625089892412787 4.5431476128405588e-05 0.0014372915384364938 -0.0004349073238418264
leaf_weight=72 415 277 82 1296
leaf_count=72 415 277 82 1296
internal_value=-0.000320896 -0.000598457 0.00289197 -0.00133333
internal_weight=2142 2070 359 1711
internal_count=2142 2070 359 1711
is_linear=0
shrinkage=0.04


Tree=16
num_leaves=4
num_cat=0
split_feature=36 37 80
split_gain=3.63127 2.71224 2.65464
threshold=-1.4272145106823577 -1.1074316720478363 1.2590417660919226
decision_type=2 2 2
left_child=-1 -2 -3
right_child=1 2 -4
leaf_value=0.00062779220449477036 0.00068060844514900259 -0.00018774999549631892 0.00044258782371247831
leaf_weight=45 72 1789 236
leaf_count=45 72 1789 236
internal_value=-0.00035821 -0.000604098 -0.000878146
internal_weight=2142 2097 2025
internal_count=2142 2097 2025
is_linear=0
shrinkage=0.04


Tree=17
num_leaves=4
num_cat=0
split_feature=36 37 110
split_gain=3.07958 2.68491 2.64246
threshold=-1.4272145106823577 -1.1074316720478363 0.30129018447587869
decision_type=2 2 2
left_child=-1 -2 -3
right_child=1 2 -4
leaf_value=0.00060268051631497967 0.00065338410734304257 -0.00041977024650972168 0.00012630686916398923
leaf_weight=45 72 1248 777
leaf_count=45 72 1248 777
internal_value=-0.000339553 -0.000565985 -0.000838679
internal_weight=2142 2097 2025
internal_count=2142 2097 2025
is_linear=0
shrinkage=0.04


Tree=18
num_leaves=7
num_cat=0
split_feature=86 94 64 114 48 76
split_gain=2.85487 3.25845 3.58425 2.30165 2.1716 1.19648
threshold=0.9241345090687455 -0.16812654029267518 0.60311843247746999 0.02598635733803523 -0.11475038363241696 -0.84136493970710258
decision_type=2 2 2 2 2 2
left_child=3 -2 -3 4 -1 -5
right_child=1 2 -4 5 -6 -7
leaf_value=0.00041035309293931078 -0.0002359384462947457 0.00045612132421205247 0.0007470800824571544 0.00031318605162526203 -0.00014787101459688338 -0.00052292727131733542
leaf_weight=395 90 196 56 54 502 849
leaf_count=395 90 196 56 54 502 849
internal_value=-0.000339553 0.003 0.00532283 -0.000976694 0.000458286 -0.0024
internal_weight=2142 342 252 1800 897 903
internal_count=2142 342 252 1800 897 903
is_linear=0
shrinkage=0.04


Tree=19
num_leaves=5
num_cat=0
split_feature=60 37 74 8
split_gain=2.72967 2.78336 2.43427 1.06066
threshold=-1.3722231596287222 -1.1074316720478363 -0.53504435564176422 0.1785428513596766
decision_type=2 2 2 2
left_child=3 -2 -3 -1
right_child=1 2 -4 -5
leaf_value=0.0010963719099093263 0.00060094540473717387 0.00018362419732224797 -0.0002842555339568796 0.00035764555208167808
leaf_weight=41 72 439 1550 40
leaf_count=41 72 439 1550 40
internal_value=-0.00041418 -0.000699952 -0.000982422 0.00669879
internal_weight=2142 2061 1989 81
internal_count=2142 2061 1989 81
is_linear=0
shrinkage=0.04


Tree=20
num_leaves=5
num_cat=0
split_feature=60 37 80 70
split_gain=2.85857 2.77328 2.21892 2.03307
threshold=-1.308264690458748 -1.1074316720478363 0.89747954659664908 -0.96269804293736416
decision_type=2 2 2 2
left_child=3 -2 -3 -1
right_child=1 2 -4 -5
leaf_value=0.00019277799018711271 0.00057690758854768692 -0.00020067656423020626 0.00035776053100043448 0.0010849677684627802
leaf_weight=45 72 1657 323 45
leaf_count=45 72 1657 323 45
internal_value=-0.000376867 -0.000685493 -0.000968719 0.00652174
internal_weight=2142 2052 1980 90
internal_count=2142 2052 1980 90
is_linear=0
shrinkage=0.04


Tree=21
num_leaves=5
num_cat=0
split_feature=60 37 74 8
split_gain=2.67281 2.72714 2.28766 1.06066
threshold=-1.3722231596287222 -1.1074316720478363 -0.53504435564176422 0.1785428513596766
decision_type=2 2 2 2
left_child=3 -2 -3 -1
right_child=1 2 -4 -5
leaf_value=0.0010091183568087809 0.00055383128500577957 0.00018430629199856605 -0.00027220445157300307 0.00029994101925989963
leaf_weight=41 72 439 1550 40
leaf_count=41 72 439 1550 40
internal_value=-0.000339553 -0.000622396 -0.00090206 0.00669879
internal_weight=2142 2061 1989 81
internal_count=2142 2061 1989 81
is_linear=0
shrinkage=0.04


Tree=22
num_leaves=5
num_cat=0
split_feature=60 37 74 8
split_gain=2.67281 2.72714 2.1273 1.06066
threshold=-1.3722231596287222 -1.1074316720478363 -0.53504435564176422 0.1785428513596766
decision_type=2 2 2 2
left_child=3 -2 -3 -1
right_child=1 2 -4 -5
leaf_value=0.00096875362253642967 0.00053167803360554841 0.00017693404031862367 -0.00026131627351008284 0.00028794337848950371
leaf_weight=41 72 439 1550 40
leaf_count=41 72 439 1550 40
internal_value=-0.000339553 -0.000622396 -0.00090206 0.00669879
internal_weight=2142 2061 1989 81
internal_count=2142 2061 1989 81
is_linear=0
shrinkage=0.04


Tree=23
num_leaves=5
num_cat=0
split_feature=59 38 37 63
split_gain=2.79103 2.77207 2.75349 2.09222
threshold=2.3195702608057851 1.9100861057638907 -1.1074316720478363 -0.69556972015885166
decision_type=2 2 2 2
left_child=2 -2 -1 -4
right_child=1 -3 3 -5
leaf_value=0.00051041091226132636 7.2293098470088685e-05 0.001074667024264644 -0.00057152057144347279 -3.4355824948489937e-05
leaf_weight=72 75 45 406 1544
leaf_count=72 75 45 406 1544
internal_value=-0.00030224 0.00557377 -0.000656127 -0.000942624
internal_weight=2142 120 2022 1950
internal_count=2142 120 2022 1950
is_linear=0
shrinkage=0.04


Tree=24
num_leaves=5
num_cat=0
split_feature=36 70 47 114
split_gain=2.56297 2.70252 2.03313 2.00192
threshold=-1.4272145106823577 0.29797716885583242 0.56095829224493232 -0.64095218909169249
decision_type=2 2 2 2
left_child=-1 3 -3 -2
right_child=1 2 -4 -5
leaf_value=0.00050050310070954239 0.00023128959039174694 0.00049173056655879251 -0.00046629968092769258 -0.00032692175881783028
leaf_weight=45 338 345 139 1275
leaf_count=45 338 345 139 1275
internal_value=-0.00030224 -0.000508815 0.00210699 -0.00129536
internal_weight=2142 2097 484 1613
internal_count=2142 2097 484 1613
is_linear=0
shrinkage=0.04


Tree=25
num_leaves=7
num_cat=0
split_feature=86 94 64 80 110 64
split_gain=2.65949 3.14334 3.16024 2.4224 3.38605 2.14199
threshold=0.9241345090687455 -0.16812654029267518 0.60311843247746999 -0.90761894125226084 0.30129018447587869 0.40933830216133399
decision_type=2 2 2 2 2 2
left_child=3 -2 -3 5 -5 -1
right_child=1 2 -4 4 -6 -7
leaf_value=-9.6492773117246973e-06 -0.00022581732370867259 0.00044347994860897098 0.00063006727992698437 -0.00063615736528574972 7.640653185502435e-05 0.00097427078463938586
leaf_weight=66 90 196 56 1071 621 42
leaf_count=66 90 196 56 1071 621 42
internal_value=-0.000339553 0.00288372 0.00516535 -0.000954496 -0.00132704 0.0048
internal_weight=2142 342 252 1800 1692 108
internal_count=2142 342 252 1800 1692 108
is_linear=0
shrinkage=0.04


Tree=26
num_leaves=4
num_cat=0
split_feature=36 37 110
split_gain=2.57331 2.6577 2.27159
threshold=-1.4272145106823577 -1.1074316720478363 0.77881362602872983
decision_type=2 2 2
left_child=-1 -2 -3
right_child=1 2 -4
leaf_value=0.00047742671540695956 0.00049681238661166696 -0.00021937969737461895 0.00015928281692033613
leaf_weight=45 72 1587 438
leaf_count=45 72 1587 438
internal_value=-0.000320896 -0.000527871 -0.000799212
internal_weight=2142 2097 2025
internal_count=2142 2097 2025
is_linear=0
shrinkage=0.04


Tree=27
num_leaves=7
num_cat=0
split_feature=61 68 37 70 43 23
split_gain=2.42827 3.37246 2.72125 2.2313 2.04768 1.1054
threshold=-1.0898313325734452 1.2430086639579165 -1.1219483459740081 0.29797716885583242 0.45246758224185391 -0.64635128083650562
decision_type=2 2 2 2 2 2
left_child=1 4 -2 -4 -1 -3
right_child=2 5 3 -5 -6 -7
leaf_value=0.0001417987353957784 0.00047568327523436787 0.00028622516945900594 -0.00029820267332007663 0.00011845012287939871 0.0010339802496986601 -0.00040424654456839974
leaf_weight=80 63 49 1347 453 46 104
leaf_count=80 63 49 1347 453 46 104
internal_value=-0.000320896 0.00314591 -0.000842896 -0.00113208 0.0079375 -0.000851614
internal_weight=2142 279 1863 1800 126 153
internal_count=2142 279 1863 1800 126 153
is_linear=0
shrinkage=0.04


Tree=28
num_leaves=5
num_cat=0
split_feature=37 60 80 62
split_gain=2.40468 2.51946 1.94364 0.959966
threshold=-1.1219483459740081 -1.3722231596287222 -0.90761894125226084 0.40438698305316384
decision_type=2 2 2 2
left_child=-1 3 -3 -2
right_child=1 2 -4 -5
leaf_value=0.00045665594422499315 0.0010119653942353233 0.00038545441049643857 -0.00013443197976142476 8.4373938487705138e-05
leaf_weight=63 40 104 1894 41
leaf_count=63 40 104 1894 41
internal_value=-0.000376867 -0.000613168 -0.000896001 0.00621687
internal_weight=2142 2079 1998 81
internal_count=2142 2079 1998 81
is_linear=0
shrinkage=0.04


Tree=29
num_leaves=5
num_cat=0
split_feature=37 87 70 115
split_gain=2.34596 2.4178 2.09166 1.71019
threshold=-1.1219483459740081 1.3847873865753788 0.23116141061546827 0.82694509480927414
decision_type=2 2 2 2
left_child=-1 2 -2 -3
right_child=1 3 -4 -5
leaf_value=0.00043838970645599355 -0.00035120323202208115 0.00047756771367019529 4.590255555158173e-05 -0.00019314760132768034
leaf_weight=63 1188 183 648 60
leaf_count=63 1188 183 648 60
internal_value=-0.000283583 -0.00051706 -0.00101415 0.00321633
internal_weight=2142 2079 1836 243
internal_count=2142 2079 1836 243
is_linear=0
shrinkage=0.04


Tree=30
num_leaves=8
num_cat=0
split_feature=86 110 80 13 94 64 13
split_gain=2.41212 2.46502 3.09416 2.53764 2.2409 2.50035 0.113274
threshold=0.9241345090687455 0.30129018447587869 -0.90761894125226084 1.2620725449740247 -0.16812654029267518 0.60311843247746999 -0.18630858857812635
decision_type=2 2 2 2 2 2 2
left_child=1 2 -1 -3 6 -6 -2
right_child=4 3 -4 -5 5 -7 -8
leaf_value=0.00043820173154769079 -0.00010239103804505264 8.3350531207558738e-06 -0.00058270596973823057 0.0009262434498276945 0.00044929393376911777 0.00055462948092076594 -0.00020217817690878538
leaf_weight=108 40 545 1071 76 196 56 50
leaf_count=108 40 545 1071 76 196 56 50
internal_value=-0.00030224 -0.000887903 -0.00196105 0.00114928 0.00276744 0.00469291 -0.0026087
internal_weight=2142 1800 1179 621 342 252 90
internal_count=2142 1800 1179 621 342 252 90
is_linear=0
shrinkage=0.04


Tree=31
num_leaves=5
num_cat=0
split_feature=37 110 39 74
split_gain=2.38111 2.48555 3.21054 2.99979
threshold=-1.1219483459740081 0.28518606542713693 1.2945903142171591 -0.53504435564176422
decision_type=2 2 2 2
left_child=-1 3 -3 -2
right_child=1 2 -4 -5
leaf_value=0.00044416235698728295 0.00034738782061163794 -3.9857044270490237e-07 0.00092139757114404321 -0.00049297678308739398
leaf_weight=63 229 684 132 1034
leaf_count=63 229 684 132 1034
internal_value=-0.000339553 -0.000574725 0.00114425 -0.00168538
internal_weight=2142 2079 816 1263
internal_count=2142 2079 816 1263
is_linear=0
shrinkage=0.04


Tree=32
num_leaves=5
num_cat=0
split_feature=37 110 13 80
split_gain=2.41651 2.47323 3.16766 2.06542
threshold=-1.1219483459740081 0.29130072240350163 1.5880960582759522 -0.90761894125226084
decision_type=2 2 2 2
left_child=-1 3 -3 -2
right_child=1 2 -4 -5
leaf_value=0.00042639586270779158 0.00036521110961688116 8.5610245673890843e-06 0.0010380035913835366 -0.00039619205842977216
leaf_weight=63 104 716 92 1167
leaf_count=63 104 716 92 1167
internal_value=-0.000395523 -0.000632389 0.0010963 -0.00173134
internal_weight=2142 2079 808 1271
internal_count=2142 2079 808 1271
is_linear=0
shrinkage=0.04


Tree=33
num_leaves=8
num_cat=0
split_feature=81 117 16 74 28 80 110
split_gain=2.34886 3.86013 4.00968 2.53048 3.2761 2.15546 1.81331
threshold=0.11091277009372687 -0.051911355142398009 0.52084583974309717 -0.89054482885779107 0.3640277887051136 -0.88600570635973541 0.30129018447587869
decision_type=2 2 2 2 2 2 2
left_child=3 2 -2 4 -1 -5 -3
right_child=1 6 -4 5 -6 -7 -8
leaf_value=0.0010582669364360745 0.00056362399653560726 -0.00050177524580199018 -0.00013852922606628557 0.00036728192137979511 -0.00012211612254495589 -0.0004579473403994796 0.00022116659331797447
leaf_weight=41 289 363 122 108 40 1026 153
leaf_count=41 289 363 122 108 40 1026 153
internal_value=-0.000339553 0.00117546 0.00405811 -0.00149548 0.00525301 -0.00198592 -0.00112741
internal_weight=2142 927 411 1215 81 1134 516
internal_count=2142 927 411 1215 81 1134 516
is_linear=0
shrinkage=0.04


Tree=34
num_leaves=7
num_cat=0
split_feature=86 65 115 109 64 73
split_gain=2.49355 2.28499 1.87381 2.41508 1.86374 0.5085
threshold=0.9241345090687455 -0.96736223388771692 0.32740585480474854 -0.28445055954962012 0.60311843247746999 -0.23605663693992082
decision_type=2 2 2 2 2 2
left_child=2 -2 3 -1 -3 -4
right_child=1 4 5 -5 -6 -7
leaf_value=0.00028119963306752856 0.0013446136722688798 -4.8419249477226148e-05 -1.8975512211091823e-05 -0.0001485005026983407 0.00031650167189689734 -0.0006605915144788138
leaf_weight=315 48 215 78 894 79 513
leaf_count=315 48 215 78 894 79 513
internal_value=-0.00047015 0.00265116 -0.00106548 -0.000161851 0.0012973 -0.00290725
internal_weight=2142 342 1800 1209 294 591
internal_count=2142 342 1800 1209 294 591
is_linear=0
shrinkage=0.04


Tree=35
num_leaves=4
num_cat=0
split_feature=36 37 110
split_gain=2.16909 2.16562 1.78722
threshold=-1.4272145106823577 -1.1219483459740081 0.30129018447587869
decision_type=2 2 2
left_child=-1 -2 -3
right_child=1 2 -4
leaf_value=0.00040610841447617888 0.00040149799309538035 -0.0002924446363174789 4.7779595767437849e-05
leaf_weight=45 63 1255 779
leaf_count=45 63 1255 779
internal_value=-0.00041418 -0.000604098 -0.000833007
internal_weight=2142 2097 2034
internal_count=2142 2097 2034
is_linear=0
shrinkage=0.04


Tree=36
num_leaves=5
num_cat=0
split_feature=37 110 13 74
split_gain=2.02989 2.00135 3.54162 2.62271
threshold=-1.1219483459740081 0.28518606542713693 1.5880960582759522 -0.53504435564176422
decision_type=2 2 2 2
left_child=-1 3 -3 -2
right_child=1 2 -4 -5
leaf_value=0.00038543807337156505 0.0003141275529060774 -2.6194801144912327e-06 0.00098924010321135738 -0.00044662952144552292
leaf_weight=63 229 722 94 1034
leaf_count=63 229 722 94 1034
internal_value=-0.000376867 -0.000593946 0.000948654 -0.00159051
internal_weight=2142 2079 816 1263
internal_count=2142 2079 816 1263
is_linear=0
shrinkage=0.04


Tree=37
num_leaves=6
num_cat=0
split_feature=63 75 73 68 94
split_gain=2.0337 2.76508 3.02899 1.0713 0.464235
threshold=-0.52203789095119324 1.6935864363065747 -0.22299139734933626 -0.70433619915897461 -0.96348234564276336
decision_type=2 2 2 2 2
left_child=3 2 -2 -1 -5
right_child=1 -3 -4 4 -6
leaf_value=0.00038982683917624593 0.00018443743620779468 0.0012141021394674256 -0.00013775490418049095 5.1875682309198535e-05 -0.00058578735259969927
leaf_weight=41 604 40 947 52 458
leaf_count=41 604 40 947 52 458
internal_value=-0.000376867 0.000349026 7.46932e-05 -0.00246655 -0.00296875
internal_weight=2142 1591 1551 551 510
internal_count=2142 1591 1551 551 510
is_linear=0
shrinkage=0.04


Tree=38
num_leaves=5
num_cat=0
split_feature=37 59 110 80
split_gain=2.10656 2.27657 2.54131 1.54296
threshold=-1.1219483459740081 0.021946266886422813 0.32274263965914946 -0.90761894125226084
decision_type=2 2 2 2
left_child=-1 3 -3 -2
right_child=1 2 -4 -5
leaf_value=0.00036826596662328342 0.00034160295636808405 -0.00014953958222932963 0.00037138289369158148 -0.00032842584636463617
leaf_weight=63 83 599 423 974
leaf_count=63 83 599 423 974
internal_value=-0.000507464 -0.000728497 0.000617187 -0.00202833
internal_weight=2142 2079 1022 1057
internal_count=2142 2079 1022 1057
is_linear=0
shrinkage=0.04


Tree=39
num_leaves=8
num_cat=0
split_feature=81 117 30 74 42 37 73
split_gain=2.1998 2.64851 3.52055 2.53048 3.45871 1.96746 1.2603
threshold=0.11091277009372687 -0.051911355142398009 0.49617734827566046 -0.89054482885779107 0.35964811896752363 1.4832591999739557 -0.50985745773879776
decision_type=2 2 2 2 2 2 2
left_child=3 2 -2 4 -1 -3 -5
right_child=1 5 -4 6 -6 -7 -8
leaf_value=0.0010885029058230473 0.0004932884949397432 -0.00025047693351297072 -0.00023981055990145405 8.1821886249939394e-06 -0.00052465971900493818 0.0003627319122952248 -0.00039297097214260706
leaf_weight=40 306 450 105 318 41 66 816
leaf_count=40 306 450 105 318 41 66 816
internal_value=-0.000376867 0.00108934 0.003477 -0.00149548 0.00525301 -0.000818534 -0.00198592
internal_weight=2142 927 411 1215 81 516 1134
internal_count=2142 927 411 1215 81 516 1134
is_linear=0
shrinkage=0.04


Tree=40
num_leaves=5
num_cat=0
split_feature=37 59 3 80
split_gain=2.09552 2.03284 2.31171 1.23841
threshold=-1.1219483459740081 0.016829736415404924 -0.18189788374470559 -0.90761894125226084
decision_type=2 2 2 2
left_child=-1 3 -3 -2
right_child=1 2 -4 -5
leaf_value=0.00033380378816076243 0.00031208818670222976 0.00041819950148082189 -7.5450639829409728e-05 -0.00032217293390775958
leaf_weight=63 83 438 601 957
leaf_count=63 83 438 601 957
internal_value=-0.000488807 -0.000709275 0.000541786 -0.00195777
internal_weight=2142 2079 1039 1040
internal_count=2142 2079 1039 1040
is_linear=0
shrinkage=0.04


Tree=41
num_leaves=8
num_cat=0
split_feature=81 117 32 74 42 37 80
split_gain=1.81674 2.70719 2.98018 2.22722 3.06645 1.73049 1.38392
threshold=0.11091277009372687 -0.19841989638840724 0.39134680526118504 -0.89054482885779107 0.35964811896752363 1.4832591999739557 -0.88600570635973541
decision_type=2 2 2 2 2 2 2
left_child=3 2 -2 4 -1 -3 -5
right_child=1 5 -4 6 -6 -7 -8
leaf_value=0.0010568628269465384 0.00074152727840036349 -0.00017658362264813098 -4.6816213686962304e-05 0.0003305323304970635 -0.00050065530465156431 0.00036884842767258226 -0.00036659890694876673
leaf_weight=40 224 508 124 108 41 71 1026
leaf_count=40 224 508 124 108 41 71 1026
internal_value=-0.000544777 0.000787943 0.00356571 -0.00156122 0.00477108 -0.000888125 -0.00202113
internal_weight=2142 927 348 1215 81 579 1134
internal_count=2142 927 348 1215 81 579 1134
is_linear=0
shrinkage=0.04


Tree=42
num_leaves=5
num_cat=0
split_feature=35 74 42 37
split_gain=1.63359 1.67005 6.06824 1.58273
threshold=-1.362366010369416 -0.89054482885779107 0.25761390757015373 -1.1219483459740081
decision_type=2 2 2 2
left_child=-1 2 -2 -3
right_child=1 3 -4 -5
leaf_value=0.00039723213238760459 0.0016094192872238961 0.0003363470330744797 -0.00027220210914062273 -0.00012758812317378786
leaf_weight=54 40 53 107 1888
leaf_count=54 40 53 107 1888
internal_value=-0.000600747 -0.000780862 0.00330201 -0.00109316
internal_weight=2142 2088 147 1941
internal_count=2142 2088 147 1941
is_linear=0
shrinkage=0.04


Tree=43
num_leaves=7
num_cat=0
split_feature=6 59 115 73 86 74
split_gain=1.62423 2.14043 2.32774 1.9669 1.81152 0.830837
threshold=-0.15002391116586411 -0.066393973696114647 0.60582429900851398 -0.49714813105037048 1.7012454935322925 -0.91627985084295849
decision_type=2 2 2 2 2 2
left_child=1 3 -3 -1 5 -2
right_child=4 2 -4 -5 -6 -7
leaf_value=0.00022209103237733023 0.00024967079167572824 0.00053395081155766715 -0.00021943646303954151 -0.00034790399958309999 0.00029757704157483639 -0.00025350560731589306
leaf_weight=95 110 318 182 300 67 1070
leaf_count=95 110 318 182 300 67 1070
internal_value=-0.000563434 0.000735785 0.00247012 -0.00146096 -0.0014956 -0.00186125
internal_weight=2142 895 500 395 1247 1180
internal_count=2142 895 500 395 1247 1180
is_linear=0
shrinkage=0.04


Tree=44
num_leaves=6
num_cat=0
split_feature=63 75 74 80 43
split_gain=1.65398 2.91792 2.24127 0.794616 0.565961
threshold=-0.52203789095119324 1.6935864363065747 -0.53504435564176422 3.3031680478174055 1.5107509659122649
decision_type=2 2 2 2 2
left_child=3 2 -2 4 -1
right_child=1 -3 -4 -5 -6
leaf_value=-0.00050809351168440886 0.00030133616555498148 0.0010494140708928663 -9.1266343494124938e-05 0.00038520303914864009 2.7252775604467627e-05
leaf_weight=467 318 40 1233 40 44
leaf_count=467 318 40 1233 40 44
internal_value=-0.000582091 7.28176e-05 -0.000208629 -0.00246655 -0.00289279
internal_weight=2142 1591 1551 551 511
internal_count=2142 1591 1551 551 511
is_linear=0
shrinkage=0.04


Tree=45
num_leaves=5
num_cat=0
split_feature=35 86 114 64
split_gain=1.59776 1.5801 1.85923 1.51749
threshold=-1.362366010369416 0.90326095586181665 0.14711172516782792 -0.7772405661182078
decision_type=2 2 2 2
left_child=-1 2 -2 -3
right_child=1 3 -4 -5
leaf_value=0.00036482065146820509 -4.5080736088793202e-06 -0.00041474912565935283 -0.00047792948147745668 0.00025929786852209639
leaf_weight=54 996 72 745 275
leaf_count=54 996 72 745 275
internal_value=-0.00052612 -0.000704307 -0.00119564 0.00175358
internal_weight=2142 2088 1741 347
internal_count=2142 2088 1741 347
is_linear=0
shrinkage=0.04


Tree=46
num_leaves=7
num_cat=0
split_feature=63 104 116 42 112 59
split_gain=1.61227 2.56035 2.52714 2.07871 0.8744 0.968123
threshold=-0.11334742103135419 0.8986993333593688 -0.10757860294188905 -0.030706046067221483 -1.5904369418754036 2.5945570140217611
decision_type=2 2 2 2 2 2
left_child=4 2 -2 -3 -1 -6
right_child=1 3 -4 -5 5 -7
leaf_value=0.00016847237246910951 0.00032289661523988788 3.4451182428529957e-05 -0.0002120378842882303 0.0013596978168667589 -0.00038261256324756496 0.00032942009939215133
leaf_weight=74 450 67 642 40 792 77
leaf_count=74 450 67 642 40 792 77
internal_value=-0.00047015 0.000502913 -8.04397e-05 0.00634862 -0.00170582 -0.002062
internal_weight=2142 1199 1092 107 943 869
internal_count=2142 1199 1092 107 943 869
is_linear=0
shrinkage=0.04


Tree=47
num_leaves=7
num_cat=0
split_feature=6 115 109 86 10 74
split_gain=1.58904 2.08081 2.87794 1.18214 1.0921 0.932423
threshold=0.025983406383738677 0.32740585480474854 -0.3831178032214253 0.67728658276213272 -0.99362024504949487 -0.91627985084295849
decision_type=2 2 2 2 2 2
left_child=1 2 -1 -3 -2 -6
right_child=4 3 -4 -5 5 -7
leaf_value=0.00071864691892522994 0.000279407116147621 -0.00052552226510656057 6.2331789982040229e-05 0.00028353373471491546 0.0002352976397310649 -0.00028286717046120441
leaf_weight=142 41 336 524 96 97 906
leaf_count=142 41 336 524 96 97 906
internal_value=-0.000582091 0.000479999 0.00188024 -0.00167742 -0.0016979 -0.00196219
internal_weight=2142 1098 666 432 1044 1003
internal_count=2142 1098 666 432 1044 1003
is_linear=0
shrinkage=0.04


Tree=48
num_leaves=7
num_cat=0
split_feature=73 80 28 60 109 70
split_gain=1.47307 3.12359 1.93701 3.01363 1.96858 0.914486
threshold=0.10887764877659252 2.7464907289708242 -0.70800834634136611 0.016234999762857621 -0.29354441363188061 -1.274871095490324
decision_type=2 2 2 2 2 2
left_child=2 5 3 -1 -4 -2
right_child=1 -3 4 -5 -6 -7
leaf_value=0.00064084235856245618 0.0001216977142485369 0.00080284927495428927 0.00032946893475549487 -5.3787181341948421e-05 -0.00014101039778768005 -0.00032343229563090833
leaf_weight=42 45 69 291 69 801 825
leaf_count=42 45 69 291 69 801 825
internal_value=-0.000638061 -0.00182359 0.000288796 0.00527434 -0.000226692 -0.00247707
internal_weight=2142 939 1203 111 1092 870
internal_count=2142 939 1203 111 1092 870
is_linear=0
shrinkage=0.04


Tree=49
num_leaves=8
num_cat=0
split_feature=81 117 16 74 28 98 80
split_gain=1.51322 2.359 3.00579 2.20428 3.69336 1.1767 0.75846
threshold=0.11091277009372687 -0.075781090080854194 0.52084583974309717 -0.89054482885779107 0.3640277887051136 -0.27753728242547387 -0.96174070540822731
decision_type=2 2 2 2 2 2 2
left_child=3 2 -2 4 -1 -3 -5
right_child=1 5 -4 6 -6 -7 -8
leaf_value=0.00083142713646996535 0.00043000234578130368 -0.00041952152139917629 -0.00010677712014833229 0.00053316760682382521 -0.00024503122757543538 4.8279301233901711e-05 -0.00030262426578366047
leaf_weight=41 283 231 122 54 40 291 1080
leaf_count=41 283 231 122 54 40 291 1080
internal_value=-0.000600747 0.000615715 0.00289926 -0.00152835 0.00477108 -0.00116031 -0.00198592
internal_weight=2142 927 405 1215 81 522 1134
internal_count=2142 927 405 1215 81 522 1134
is_linear=0
shrinkage=0.04


Tree=50
num_leaves=7
num_cat=0
split_feature=16 74 59 116 103 0
split_gain=1.41643 4.1502 1.59602 0.14794 0.341291 0.00726614
threshold=0.76727427295979522 -0.89054482885779107 0.020042060698532236 -0.10757860294188905 0.15251857607723504 -0.13134651597465483
decision_type=2 2 2 2 2 2
left_child=1 -1 -3 4 -2 -5
right_child=3 2 -4 5 -6 -7
leaf_value=0.00084161132008027297 -6.8335743020764806e-07 -0.00021635042856886527 4.6578243765113245e-05 -0.00030816157303989607 -0.00024163775241313297 -0.00067410570827310459
leaf_weight=67 54 853 910 40 62 156
leaf_count=67 54 853 910 40 62 156
internal_value=-0.000600747 -0.000174673 -0.000550709 -0.0030828 -0.00189831 -0.00375758
internal_weight=2142 1830 1763 312 116 196
internal_count=2142 1830 1763 312 116 196
is_linear=0
shrinkage=0.04


Tree=51
num_leaves=6
num_cat=0
split_feature=63 75 74 59 42
split_gain=1.6214 2.93201 2.28007 0.794616 0.511884
threshold=-0.52203789095119324 1.6935864363065747 -0.53504435564176422 2.8914924823648005 -0.79268198398506529
decision_type=2 2 2 2 2
left_child=3 2 -2 4 -1
right_child=1 -3 -4 -5 -6
leaf_value=1.7909083725535759e-05 0.00027119758118191296 0.00092750080670116197 -7.7969414222013012e-05 0.00033449035939505018 -0.00050771859539343431
leaf_weight=62 318 40 1233 40 449
leaf_count=62 318 40 1233 40 449
internal_value=-0.000600747 4.77078e-05 -0.000234386 -0.00246655 -0.00289279
internal_weight=2142 1591 1551 551 511
internal_count=2142 1591 1551 551 511
is_linear=0
shrinkage=0.04


Tree=52
num_leaves=6
num_cat=0
split_feature=81 0 115 112 69
split_gain=1.43889 2.01306 1.56926 1.32838 1.05399
threshold=0.11091277009372687 -1.3685019900917064 -0.65818697360302514 -1.8831454325918846 0.45323566062259052
decision_type=2 2 2 2 2
left_child=3 -2 -3 -1 -5
right_child=1 2 -4 4 -6
leaf_value=0.00016150470077939827 0.00087552883559048123 0.00023997773386393896 -6.0905155693918113e-05 -0.00031674956911007462 3.1825010322511252e-05
leaf_weight=42 62 179 686 897 276
leaf_count=42 62 179 686 897 276
internal_value=-0.000656717 0.000529601 2.30671e-05 -0.00156122 -0.00181447
internal_weight=2142 927 865 1215 1173
internal_count=2142 927 865 1215 1173
is_linear=0
shrinkage=0.04


Tree=53
num_leaves=7
num_cat=0
split_feature=16 73 117 100 40 9
split_gain=1.58804 2.0849 2.15595 1.76158 0.285794 0.0087601
threshold=0.76727427295979522 -0.20797275263610895 -0.08990463175759604 0.59706924023473895 -0.66710480160551267 0.45009384952266446
decision_type=2 2 2 2 2 2
left_child=1 3 -3 -1 -2 -6
right_child=4 2 -4 -5 5 -7
leaf_value=0.00017812308408947426 -4.5006876695601473e-05 0.00013810052695892967 -0.00031276170019255459 -0.00063984050679860354 -0.00032473230722899392 -0.00079582824982547199
leaf_weight=577 62 406 769 78 40 210
leaf_count=577 62 406 769 78 40 210
internal_value=-0.000582091 -0.000131005 -0.00113849 0.00167428 -0.00321019 -0.00380952
internal_weight=2142 1830 1175 655 312 250
internal_count=2142 1830 1175 655 312 250
is_linear=0
shrinkage=0.04


Tree=54
num_leaves=7
num_cat=0
split_feature=48 115 64 70 10 13
split_gain=1.64896 2.80961 2.36821 1.28551 1.2792 0.780039
threshold=0.06681193814785194 0.32740585480474854 -0.11429613810995368 -1.1492791152461688 -0.99362024504949487 0.24788535096468942
decision_type=2 2 2 2 2 2
left_child=1 2 -1 -2 -5 -3
right_child=3 5 -4 4 -6 -7
leaf_value=-3.4913780673887402e-05 7.7876429762277277e-05 -0.0005552498442227045 0.00035351425099349284 0.00023919776146246691 -0.00024682843430127386 -3.8020085757251373e-06
leaf_weight=343 44 252 335 47 908 213
leaf_count=343 44 252 335 47 908 213
internal_value=-0.000488807 0.000548471 0.00218823 -0.00167433 -0.00198537 -0.00184154
internal_weight=2142 1143 678 999 955 465
internal_count=2142 1143 678 999 955 465
is_linear=0
shrinkage=0.04


Tree=55
num_leaves=8
num_cat=0
split_feature=59 116 25 37 106 33 70
split_gain=1.59736 2.02587 3.65904 1.83098 1.6673 1.58418 0.852031
threshold=0.016829736415404924 -0.10298170196053537 0.056360783656979281 -0.88568519249935618 -1.0929547472370342 0.32295115438796956 0.30017765438736371
decision_type=2 2 2 2 2 2 2
left_child=3 2 -2 5 -3 -1 -5
right_child=1 4 -4 6 -6 -7 -8
leaf_value=0.00037807638902660192 -0.00017895290109076721 0.00043413836496132541 0.00071485787577709858 -0.00038857409180035506 -8.3751705642584463e-05 -0.00042567604212693968 -3.3903251156123185e-05
leaf_weight=136 138 54 114 663 738 66 233
leaf_count=136 138 54 114 663 738 66 233
internal_value=-0.000638061 0.000481835 0.00359055 -0.00170182 -0.000513855 0.00172549 -0.00247662
internal_weight=2142 1044 252 1098 792 202 896
internal_count=2142 1044 252 1098 792 202 896
is_linear=0
shrinkage=0.04


Tree=56
num_leaves=7
num_cat=0
split_feature=86 65 114 62 116 86
split_gain=1.62096 1.55181 1.53765 1.72302 1.15882 0.702098
threshold=0.90326095586181665 -0.96736223388771692 0.14711172516782792 -0.16753775923888811 -0.017353392048666854 -0.61548232647863987
decision_type=2 2 2 2 2 2
left_child=2 -2 3 -1 -3 -4
right_child=1 4 5 -5 -6 -7
leaf_value=0.00024752385123329152 0.0008505925818775462 0.00037060131544299087 -3.1245561204761183e-06 -8.2006500785999001e-05 -6.777451892201402e-05 -0.00050442836392787494
leaf_weight=398 51 87 162 619 213 612
leaf_count=398 51 87 162 619 213 612
internal_value=-0.000563434 0.00191501 -0.00105075 -2.74789e-05 0.000794701 -0.00239175
internal_weight=2142 351 1791 1017 300 774
internal_count=2142 351 1791 1017 300 774
is_linear=0
shrinkage=0.04


Tree=57
num_leaves=7
num_cat=0
split_feature=64 74 106 104 59 27
split_gain=1.53951 1.66794 3.36039 2.04389 0.8218 0.43489
threshold=-0.5747115831261761 -0.53504435564176422 0.17171376276235434 0.95877860723444452 2.8914924823648005 -0.88382492094336707
decision_type=2 2 2 2 2 2
left_child=4 2 -2 -3 5 -1
right_child=1 3 -4 -5 -6 -7
leaf_value=0.00012430477641747374 2.5553640288673482e-05 -0.00010893151497791435 0.00090567414915754751 0.00039891248582953959 0.00029278731724420299 -0.00055476074379850863
leaf_weight=40 277 1154 41 143 40 447
leaf_count=40 277 1154 41 143 40 447
internal_value=-0.000675374 -6.18439e-05 0.002525 -0.000699 -0.00254821 -0.00300205
internal_weight=2142 1615 318 1297 527 487
internal_count=2142 1615 318 1297 527 487
is_linear=0
shrinkage=0.04


Tree=58
num_leaves=6
num_cat=0
split_feature=16 74 25 40 9
split_gain=1.37414 2.81662 1.56804 0.333413 0.00850961
threshold=0.76727427295979522 -0.89054482885779107 1.1038204213742391 -0.5760653832746182 0.45009384952266446
decision_type=2 2 2 2 2
left_child=1 -1 -3 -2 -5
right_child=3 2 -4 4 -6
leaf_value=0.00075892272550423187 -3.1218411008445084e-05 -5.5826762392962703e-05 0.00079915419451694752 -0.00032588484222643142 -0.00075669592294665578
leaf_weight=67 73 1720 43 40 199
leaf_count=67 73 1720 43 40 199
internal_value=-0.000638061 -0.000218342 -0.000528046 -0.0030828 -0.00380083
internal_weight=2142 1830 1763 312 239
internal_count=2142 1830 1763 312 239
is_linear=0
shrinkage=0.04


Tree=59
num_leaves=8
num_cat=0
split_feature=59 2 115 37 16 110 70
split_gain=1.4777 1.90764 1.9403 1.39444 1.46981 0.897033 0.690015
threshold=-0.071644777123950218 0.088351157349572787 0.60582429900851398 -0.88568519249935618 0.34328986483132035 0.42483323496521547 0.33953328988607367
decision_type=2 2 2 2 2 2 2
left_child=3 2 -2 4 -1 -3 -5
right_child=1 5 -4 6 -6 -7 -8
leaf_value=0.00044868619509833132 0.00029907117418646856 -0.0002895296542006096 -0.00024949827661125827 -0.00029731364197075331 -0.00015745634211188238 5.1744746780555252e-05 4.3388450719497469e-05
leaf_weight=104 425 328 212 641 88 232 112
leaf_count=104 425 328 212 641 88 232 112
internal_value=-0.000656717 0.000276896 0.00177152 -0.00183738 0.00119588 -0.00142349 -0.00261192
internal_weight=2142 1197 637 945 192 560 753
internal_count=2142 1197 637 945 192 560 753
is_linear=0
shrinkage=0.04


Tree=60
num_leaves=7
num_cat=0
split_feature=63 110 87 74 68 17
split_gain=1.64996 1.79756 2.31529 1.75171 0.788028 0.425955
threshold=-0.52203789095119324 0.15918454509865135 -0.44318608359681394 -0.53504435564176422 -0.70433619915897461 -0.80765929138175074
decision_type=2 2 2 2 2 2
left_child=4 3 -3 -2 -1 -6
right_child=1 2 -4 -5 5 -7
leaf_value=0.00024862333415073769 0.00040100352923253679 -0.00021529235019434687 0.00023419700757360069 -0.00027576098017246452 0.00012846763001305892 -0.0005209749795522902
leaf_weight=41 159 139 471 822 40 470
leaf_count=41 159 139 471 822 40 470
internal_value=-0.000656717 -2.51194e-06 0.00169935 -0.00106206 -0.00253888 -0.00296875
internal_weight=2142 1591 610 981 551 510
internal_count=2142 1591 610 981 551 510
is_linear=0
shrinkage=0.04


Tree=61
num_leaves=7
num_cat=0
split_feature=63 15 104 33 110 70
split_gain=1.52232 2.11107 2.83595 0.858417 0.843667 0.42251
threshold=0.057089350287468123 0.50658889730103362 0.95877860723444452 -1.0634010283829356 1.0949598193186787 0.31012653858975303
decision_type=2 2 2 2 2 2
left_child=3 2 -2 -1 -5 -3
right_child=1 5 -4 4 -6 -7
leaf_value=0.00011499415699508766 5.8700887332455692e-05 -0.00031493101780277755 0.0010224607673930948 -0.00025330436512100227 9.0493076519035997e-05 -1.9866345101282839e-05
leaf_weight=64 672 170 55 932 147 102
leaf_count=64 672 170 55 932 147 102
internal_value=-0.000656717 0.000483516 0.00160768 -0.0016524 -0.00192044 -0.00251095
internal_weight=2142 999 727 1143 1079 272
internal_count=2142 999 727 1143 1079 272
is_linear=0
shrinkage=0.04


Tree=62
num_leaves=8
num_cat=0
split_feature=59 29 33 59 87 112 64
split_gain=1.31754 1.54542 4.28429 1.52173 1.71699 1.43852 0.693758
threshold=-0.071644777123950218 -0.30215530797092977 0.38556839061538811 -0.68788160480364524 -0.19720678848134723 -1.9097855608664938 1.0084203625723676
decision_type=2 2 2 2 2 2 2
left_child=3 2 -2 4 -1 -3 -5
right_child=1 5 -4 6 -6 -7 -8
leaf_value=0.0010351576180363338 5.6456154829074484e-05 0.00010023127904025473 0.00099824813953832336 -0.0002667316114965327 -0.00018300352367783037 -0.00010867667669263861 5.2771455799904608e-05
leaf_weight=54 396 42 40 743 72 719 76
leaf_count=54 396 42 40 743 72 719 76
internal_value=-0.000638061 0.000243535 0.00213699 -0.0017529 0.0023125 -0.000844038 -0.00238246
internal_weight=2142 1197 436 945 126 761 819
internal_count=2142 1197 436 945 126 761 819
is_linear=0
shrinkage=0.04


Tree=63
num_leaves=8
num_cat=0
split_feature=64 47 70 110 64 117 86
split_gain=1.25503 1.99935 2.57354 1.2404 1.44539 1.06215 0.427006
threshold=0.35359770458148188 0.57643190361695451 0.31463192630660625 0.15918454509865135 -0.59306031590862718 -0.80007632965983511 -0.49715266264779862
decision_type=2 2 2 2 2 2 2
left_child=3 2 -2 5 -5 -1 -3
right_child=1 6 -4 4 -6 -7 -8
leaf_value=0.00013681717612321843 6.2430968081666924e-05 0.00049364851527669638 0.00066483219357156293 -0.00029608616796842192 6.353226279494668e-05 -0.00042647803437610449 -0.00048063490969091246
leaf_weight=40 365 40 81 321 410 741 144
leaf_count=40 365 40 81 321 410 741 144
internal_value=-0.000675374 0.000822784 0.00226786 -0.00129987 -0.000114598 -0.00240613 -0.00266667
internal_weight=2142 630 446 1512 731 781 184
internal_count=2142 630 446 1512 731 781 184
is_linear=0
shrinkage=0.04


Tree=64
num_leaves=6
num_cat=0
split_feature=16 74 25 53 113
split_gain=1.35323 2.83213 1.57766 0.272277 0.14359
threshold=0.76727427295979522 -0.89054482885779107 1.1038204213742391 -0.74999999999999989 0.53290629164747172
decision_type=2 2 2 2 2
left_child=1 -1 -3 -2 -5
right_child=3 2 -4 4 -6
leaf_value=0.00069552246715458841 3.7523447967933392e-07 -5.0119339123050123e-05 0.00073382227399736285 -0.0005958369883202056 -0.00027146020995489636
leaf_weight=67 40 1720 43 223 49
leaf_count=67 40 1720 43 223 49
internal_value=-0.000656717 -0.000240176 -0.000550709 -0.0030828 -0.00353285
internal_weight=2142 1830 1763 312 272
internal_count=2142 1830 1763 312 272
is_linear=0
shrinkage=0.04


Tree=65
num_leaves=6
num_cat=0
split_feature=1 84 117 63 110
split_gain=1.29049 1.43126 1.13421 0.695343 0.811075
threshold=-0.080903038364546057 -1.5833742363601837 0.055254863271031546 1.1850229577246016 0.40636847352999855
decision_type=2 2 2 2 2
left_child=1 -1 -3 4 -2
right_child=3 2 -4 -5 -6
leaf_value=0.00025003831622100723 -0.00031345000204694806 0.00023564009922848165 -8.6267103630424492e-05 0.00055773248020604346 -1.968800019341843e-05
leaf_weight=45 707 459 463 51 417
leaf_count=45 707 459 463 51 417
internal_value=-0.000656717 0.00042518 7.79211e-05 -0.00154631 -0.00175489
internal_weight=2142 967 922 1175 1124
internal_count=2142 967 922 1175 1124
is_linear=0
shrinkage=0.04


Tree=66
num_leaves=7
num_cat=0
split_feature=81 115 0 112 70 33
split_gain=1.47644 1.73252 1.76086 1.32236 1.20518 0.917988
threshold=0.11252237035824451 0.61831997670782879 -1.2967213714845871 -1.8831454325918846 0.29797716885583242 -0.92286593355815705
decision_type=2 2 2 2 2 2
left_child=3 2 -2 -1 -5 -3
right_child=1 5 -4 4 -6 -7
leaf_value=9.7205354155298609e-05 0.00080695611244085291 0.00011199297785657366 4.9622431287867141e-05 -0.00029864045189272363 0.00011283758446256392 -0.00052680973187652189
leaf_weight=42 49 40 650 972 210 179
leaf_count=42 49 40 650 972 210 179
internal_value=-0.000638061 0.000573912 0.00154636 -0.00154649 -0.0017973 -0.00251584
internal_weight=2142 918 699 1224 1182 219
internal_count=2142 918 699 1224 1182 219
is_linear=0
shrinkage=0.04


Tree=67
num_leaves=7
num_cat=0
split_feature=6 114 63 67 38 37
split_gain=1.34382 2.0174 2.5904 1.64067 0.796343 0.732471
threshold=-0.011441072613402031 -0.49676014165205001 -0.11892671129575845 0.025082724208213454 -0.99472376616313152 1.5784825349543306
decision_type=2 2 2 2 2 2
left_child=1 2 -1 -3 -2 -6
right_child=4 3 -4 -5 5 -7
leaf_value=-3.5669827252376925e-05 0.00022924620471023811 -0.00015347192048460349 0.00066931384648985948 0.00023351532948298726 -0.00018613577808798898 0.00031089298933728089
leaf_weight=125 40 453 102 375 994 53
leaf_count=125 40 453 102 375 994 53
internal_value=-0.000619404 0.00039735 0.00372052 -0.000520483 -0.00160514 -0.00181888
internal_weight=2142 1055 227 828 1087 1047
internal_count=2142 1055 227 828 1087 1047
is_linear=0
shrinkage=0.04


Tree=68
num_leaves=7
num_cat=0
split_feature=63 86 59 104 112 62
split_gain=1.07047 1.55468 2.39359 1.57789 0.856681 0.932811
threshold=-0.11334742103135419 -0.33660232102869903 -0.44378252722086214 0.8986993333593688 -1.5904369418754036 -0.32171817692230237
decision_type=2 2 2 2 2 2
left_child=4 2 -2 -3 -1 -6
right_child=1 3 -4 -5 5 -7
leaf_value=3.7834961343009718e-05 0.0011070458254204237 -7.9102119883293128e-05 7.4923246984333715e-05 0.00039748891843799112 -6.0136023060829818e-05 -0.0003515392507018538
leaf_weight=74 40 774 278 107 293 576
leaf_count=74 40 774 278 107 293 576
internal_value=-0.000656717 0.000136552 0.002525 -0.000729333 -0.00166349 -0.00201607
internal_weight=2142 1199 318 881 943 869
internal_count=2142 1199 318 881 943 869
is_linear=0
shrinkage=0.04


Tree=69
num_leaves=7
num_cat=0
split_feature=81 43 117 79 36 64
split_gain=1.14856 1.86192 1.38986 1.10556 1.19988 0.911832
threshold=0.11252237035824451 1.5920727385924658 -0.075781090080854194 -0.83725608372529903 0.56621758617872209 0.93775755180776932
decision_type=2 2 2 2 2 2
left_child=3 2 -2 4 -1 -5
right_child=1 -3 -4 5 -6 -7
leaf_value=0.00012779444782996468 0.00019589505232470985 0.00051893325021737033 -0.00011567365699019637 -0.00037097727874065489 -0.00077176823679442883 0.00017298328441570099
leaf_weight=267 358 77 483 806 78 73
leaf_count=267 358 77 483 806 78 73
internal_value=-0.000712688 0.000356521 -0.000194544 -0.00151387 0.000403457 -0.00226561
internal_weight=2142 918 841 1224 345 879
internal_count=2142 918 841 1224 345 879
is_linear=0
shrinkage=0.04


Tree=70
num_leaves=7
num_cat=0
split_feature=30 117 63 110 47 103
split_gain=1.54805 1.58763 2.5379 1.65675 0.432183 0.254522
threshold=0.48854778353275996 0.061572851017847922 -0.18792670060531111 0.77881362602872983 -0.658529399159412 1.0223140731298175
decision_type=2 2 2 2 2 2
left_child=1 2 -1 -3 -2 -6
right_child=4 3 -4 -5 5 -7
leaf_value=-0.00011314535807538019 4.169612501235053e-05 -0.0002392504603831497 0.00034087478907014491 8.6459633355228283e-05 -0.00028156155209517751 -5.8454679791834775e-05
leaf_weight=376 49 739 436 71 431 40
leaf_count=376 49 739 436 71 431 40
internal_value=-0.000787314 -0.000177341 0.00107125 -0.00142857 -0.00268199 -0.00305286
internal_weight=2142 1622 812 810 520 471
internal_count=2142 1622 812 810 520 471
is_linear=0
shrinkage=0.04


Tree=71
num_leaves=8
num_cat=0
split_feature=59 74 28 37 44 17 74
split_gain=1.38646 1.67981 3.12123 1.37825 1.69361 1.27889 0.894526
threshold=0.016829736415404924 -0.29383639386445609 0.49877173993849738 -1.0205802617656048 -0.22053795835097931 -0.42282976657791665 -0.78047160062294407
decision_type=2 2 2 2 2 2 2
left_child=3 2 -2 4 -1 -3 -5
right_child=1 5 -4 6 -6 -7 -8
leaf_value=-0.00027037431052912833 0.00059277339492802669 0.00012205632908627223 -0.0001557811563762894 5.2942947683565949e-06 0.00053042636853121799 -0.00018260122018591484 -0.00027828914254227207
leaf_weight=53 122 313 88 155 74 521 816
leaf_count=53 122 313 88 155 74 521 816
internal_value=-0.000638061 0.000405353 0.0035849 -0.00162909 0.00226356 -0.000401915 -0.00214183
internal_weight=2142 1044 210 1098 127 834 971
internal_count=2142 1044 210 1098 127 834 971
is_linear=0
shrinkage=0.04


Tree=72
num_leaves=8
num_cat=0
split_feature=59 110 74 37 16 1 74
split_gain=1.145 1.82579 1.35405 1.27867 1.7957 1.19046 0.896763
threshold=0.016829736415404924 0.32274263965914946 -0.22610851973635762 -1.0404479053506837 0.26748056940472592 0.77313157564046364 -0.78047160062294407
decision_type=2 2 2 2 2 2 2
left_child=3 2 -2 4 -1 -3 -5
right_child=1 5 -4 6 -6 -7 -8
leaf_value=0.00055123030729523797 0.0003234192604221157 0.0003045808256599924 -0.00033607613905428538 7.3004057508374915e-06 -0.00011944906039608387 -9.0176851586446852e-05 -0.00027216540695253232
leaf_weight=60 147 331 459 159 49 107 830
leaf_count=60 147 331 459 159 49 107 830
internal_value=-0.000619404 0.000328871 -0.00109211 -0.00152 0.00255856 0.00229091 -0.00197376
internal_weight=2142 1044 606 1098 109 438 989
internal_count=2142 1044 606 1098 109 438 989
is_linear=0
shrinkage=0.04


Tree=73
num_leaves=7
num_cat=0
split_feature=64 58 74 79 112 66
split_gain=1.1804 2.05352 2.98248 1.22522 0.83138 0.938749
threshold=-0.1029478399552861 -0.10986169791816765 -0.38895530216826785 -1.5504207452754806 -1.5904369418754036 0.31707001454852002
decision_type=2 2 2 2 2 2
left_child=4 2 -2 -3 -1 -6
right_child=1 3 -4 -5 5 -7
leaf_value=1.1563231241305117e-05 0.00076653982231164846 0.00044916048398175874 4.7724263916011392e-05 -0.00014132381679514416 -0.00032557179082412768 -1.7254989444649996e-05
leaf_weight=75 40 42 458 643 594 290
leaf_count=75 40 42 458 643 594 290
internal_value=-0.000619404 0.000226159 0.002176 -0.0011936 -0.00166077 -0.00200452
internal_weight=2142 1183 498 685 959 884
internal_count=2142 1183 498 685 959 884
is_linear=0
shrinkage=0.04


Tree=74
num_leaves=7
num_cat=0
split_feature=48 117 41 91 66 70
split_gain=1.37024 2.0325 2.21497 1.46694 0.779049 0.841759
threshold=0.074665745626221622 0.061572851017847922 -0.076401851562847595 -0.33668255632771321 1.4491885713025268 -1.1356344938220591
decision_type=2 2 2 2 2 2
left_child=1 2 -1 -3 5 -2
right_child=4 3 -4 -5 -6 -7
leaf_value=1.8079488217883046e-05 4.4178826684890149e-05 0.00037912551370103978 0.00053717190815731522 -0.00018643690943294058 6.6900868184038969e-05 -0.00019799613176137908
leaf_weight=353 50 44 167 588 41 899
leaf_count=353 50 44 167 588 41 899
internal_value=-0.000563434 0.000374349 0.00222222 -0.00114827 -0.00165323 -0.00188854
internal_weight=2142 1152 520 632 990 949
internal_count=2142 1152 520 632 990 949
is_linear=0
shrinkage=0.04


Tree=75
num_leaves=6
num_cat=0
split_feature=70 34 28 46 64
split_gain=1.36158 2.19155 1.9283 1.99985 0.978593
threshold=0.23116141061546827 -1.3030502569651947 0.7600510783645601 0.26985826889982706 0.97322945278657957
decision_type=2 2 2 2 2
left_child=1 -1 3 -2 -3
right_child=2 4 -4 -5 -6
leaf_value=0.00025901836973452172 0.00037673914017642387 -0.00012692245839050965 -0.00071144030898907449 -7.013327654105583e-05 0.00014115013661134915
leaf_weight=64 348 1343 111 225 51
leaf_count=64 348 1343 111 225 51
internal_value=-0.000619404 -0.00130959 0.000851311 0.00178783 -0.0016447
internal_weight=2142 1458 684 573 1394
internal_count=2142 1458 684 573 1394
is_linear=0
shrinkage=0.04


Tree=76
num_leaves=7
num_cat=0
split_feature=16 114 64 110 53 68
split_gain=1.25462 1.39741 2.10062 0.946048 0.250239 0.165584
threshold=0.76727427295979522 0.22010487264561715 0.27916392683469177 0.15918454509865135 -0.74999999999999989 -0.74482234312124407
decision_type=2 2 2 2 2 2
left_child=1 2 -1 -3 -2 -6
right_child=4 3 -4 -5 5 -7
leaf_value=-2.2493378777106305e-05 -1.8367368197772546e-05 -0.00040141109234942234 0.00028573447321280894 8.839565821476664e-06 -0.00025256667021375843 -0.00055753620270927783
leaf_weight=756 40 499 324 251 40 232
leaf_count=756 40 499 324 251 40 232
internal_value=-0.000619404 -0.000218342 0.000702402 -0.00154255 -0.00295541 -0.00338686
internal_weight=2142 1830 1080 750 312 272
internal_count=2142 1830 1080 750 312 272
is_linear=0
shrinkage=0.04


Tree=77
num_leaves=6
num_cat=0
split_feature=29 36 73 100 36
split_gain=1.10475 2.6548 1.85348 1.01898 1.24341
threshold=-0.30215530797092977 0.6738831106182237 -0.49714813105037048 0.58415276809965067 0.56621758617872209
decision_type=2 2 2 2 2
left_child=1 2 -1 4 -2
right_child=3 -3 -4 -5 -6
leaf_value=0.00032506773709615094 -2.0059398568084547e-06 0.00056843080806786054 -4.9623399821629393e-05 -0.00096089155484402073 -0.00046978002195910743
leaf_weight=108 883 49 586 187 329
leaf_count=108 883 49 586 187 329
internal_value=-0.000563434 0.000681878 3.44818e-05 -0.00122484 -0.000797365
internal_weight=2142 743 694 1399 1212
internal_count=2142 743 694 1399 1212
is_linear=0
shrinkage=0.04


Tree=78
num_leaves=5
num_cat=0
split_feature=60 100 59 32
split_gain=1.11935 1.23588 1.15761 0.514361
threshold=-1.4566191713265317 0.58415276809965067 -0.68788160480364524 -0.72123651994906079
decision_type=2 2 2 2
left_child=-1 2 -2 -3
right_child=1 3 -4 -5
leaf_value=0.00025946439496886376 0.00049720045419021414 1.5157533140452208e-06 -3.0596275253535456e-05 -0.0009016486651147363
leaf_weight=72 96 56 1677 241
leaf_count=72 96 56 1677 241
internal_value=-0.000619404 -0.000791507 -0.00038986 -0.00317057
internal_weight=2142 2070 1773 297
internal_count=2142 2070 1773 297
is_linear=0
shrinkage=0.04


Tree=79
num_leaves=5
num_cat=0
split_feature=60 100 53 27
split_gain=1.10221 1.27637 1.53467 0.55051
threshold=-1.4566191713265317 0.58415276809965067 -0.74999999999999989 -0.72008541009576954
decision_type=2 2 2 2
left_child=-1 2 -2 -3
right_child=1 3 -4 -5
leaf_value=0.0002490858191701092 0.00026277319461698876 2.503386928994991e-06 -3.3605004854572081e-05 -0.00082508229556329767
leaf_weight=72 126 53 1647 244
leaf_count=72 126 53 1647 244
internal_value=-0.000582091 -0.000752897 -0.00034479 -0.00317057
internal_weight=2142 2070 1773 297
internal_count=2142 2070 1773 297
is_linear=0
shrinkage=0.04


Tree=80
num_leaves=5
num_cat=0
split_feature=82 29 36 74
split_gain=1.1196 1.15501 1.53229 1.15334
threshold=-0.55386086207541319 -0.30215530797092977 0.6738831106182237 -0.43459877818675346
decision_type=2 2 2 2
left_child=-1 2 -2 -3
right_child=1 3 -4 -5
leaf_value=-0.00081334334876474919 2.7388430563635109e-05 1.0960604698680748e-05 0.00056397780148132739 -0.00019178066901376012
leaf_weight=150 642 423 46 881
leaf_count=150 642 423 46 881
internal_value=-0.000638061 -0.000385156 0.000939129 -0.00108423
internal_weight=2142 1992 688 1304
internal_count=2142 1992 688 1304
is_linear=0
shrinkage=0.04


Tree=81
num_leaves=7
num_cat=0
split_feature=66 35 98 2 47 42
split_gain=1.17695 1.61852 1.59243 1.58199 1.21027 0.758274
threshold=0.28221024351472923 -1.362366010369416 -0.47448035007879841 0.088351157349572787 -0.29128919124592945 -0.93034739857092863
decision_type=2 2 2 2 2 2
left_child=1 -1 3 -2 -3 -4
right_child=2 4 5 -5 -6 -7
leaf_value=0.00025874489820679663 0.00045772527499407398 6.718060564874502e-06 0.00014178803936860341 -1.5227886139100215e-05 -0.00015655509269631995 -4.5050884016779616e-05
leaf_weight=41 97 453 40 89 952 470
leaf_count=41 97 453 40 89 952 470
internal_value=-0.000582091 -0.00123205 0.000767907 0.00391489 -0.00146411 -0.000390626
internal_weight=2142 1446 696 186 1405 510
internal_count=2142 1446 696 186 1405 510
is_linear=0
shrinkage=0.04


Tree=82
num_leaves=7
num_cat=0
split_feature=63 60 86 1 112 70
split_gain=1.11935 1.71341 2.12845 1.62823 0.775298 0.959926
threshold=-0.095874718009268653 -0.75551845542537166 -0.45789997358397527 0.77313157564046364 -1.5904369418754036 0.29797716885583242
decision_type=2 2 2 2 2 2
left_child=4 3 -3 -2 -1 -6
right_child=1 2 -4 -5 5 -7
leaf_value=1.8435219668304199e-05 0.00024501107205436552 0.00044615647454743115 -7.8592156325410986e-05 -0.00018506331122438051 -0.00029844696503142332 0.00010633399005153958
leaf_weight=76 135 195 811 42 678 205
leaf_count=76 135 195 811 42 678 205
internal_value=-0.000563434 0.000259915 -0.000380953 0.00386592 -0.00157752 -0.00191187
internal_weight=2142 1183 1006 177 959 883
internal_count=2142 1183 1006 177 959 883
is_linear=0
shrinkage=0.04


Tree=83
num_leaves=7
num_cat=0
split_feature=48 115 70 82 38 66
split_gain=1.11819 2.35411 2.0208 1.00304 0.732682 0.800258
threshold=0.074665745626221622 -0.87583073781707643 0.2179074267615238 -0.0165593284063923 -0.99472376616313152 1.4491885713025268
decision_type=2 2 2 2 2 2
left_child=1 3 -3 -1 -2 -6
right_child=4 2 -4 -5 5 -7
leaf_value=5.1662297207694776e-05 0.00016957701348156942 -0.00010174499682666073 0.00026976947689037615 0.00046602146523034183 -0.00016938328641311572 6.5351788706686229e-05
leaf_weight=40 41 755 312 45 908 41
leaf_count=40 41 755 312 45 908 41
internal_value=-0.000507464 0.000339687 -0.000175866 0.00666667 -0.00149194 -0.0017203
internal_weight=2142 1152 1067 85 990 949
internal_count=2142 1152 1067 85 990 949
is_linear=0
shrinkage=0.04


Tree=84
num_leaves=8
num_cat=0
split_feature=110 87 63 37 44 74 43
split_gain=1.11478 1.88097 2.01199 1.38741 1.73498 1.23975 0.261569
threshold=0.32014730888322301 -0.37134655992724747 0.057089350287468123 -1.0404479053506837 -0.13575557521775508 -0.22610851973635762 -0.35615197623555311
decision_type=2 2 2 2 2 2 2
left_child=3 6 -3 4 -1 -5 -2
right_child=1 2 -4 5 -6 -7 -8
leaf_value=-0.0002132601103551898 -1.8036984973952272e-05 5.239006837452055e-06 0.00028819975106313719 8.6284554995857471e-06 0.00048557925442292547 -0.00034655929247259044 -0.00023727103207159009
leaf_weight=40 40 427 197 425 56 817 140
leaf_count=40 40 427 197 425 56 817 140
internal_value=-0.000451493 0.000724565 0.00176358 -0.00115821 0.00342857 -0.00151769 -0.00285714
internal_weight=2142 804 624 1338 96 1242 180
internal_count=2142 804 624 1338 96 1242 180
is_linear=0
shrinkage=0.04


Tree=85
num_leaves=8
num_cat=0
split_feature=0 114 51 63 58 60 57
split_gain=1.18334 1.56145 1.38935 1.01962 2.15977 0.87315 0.702868
threshold=-0.47050856089914411 0.094940445733560891 -0.41397321817552241 0.82368740694368203 0.075623209596433094 -1.4566191713265317 -0.57150281263295044
decision_type=2 2 2 2 2 2 2
left_child=1 2 -1 5 -5 -2 -3
right_child=3 6 -4 4 -6 -7 -8
leaf_value=0.00035147510748550158 0.00012107250647404361 0.00026282469908245858 6.5431213779891922e-06 0.00041343642672841101 -7.216158395599119e-05 -0.00011470366406143608 -0.00024700991423310759
leaf_weight=128 52 109 156 54 145 1324 174
leaf_count=128 52 109 156 54 145 1324 174
internal_value=-0.000488807 0.00107557 0.00316084 -0.00105263 0.00161194 -0.00143977 -0.00102456
internal_weight=2142 567 284 1575 199 1376 283
internal_count=2142 567 284 1575 199 1376 283
is_linear=0
shrinkage=0.04


Tree=86
num_leaves=6
num_cat=0
split_feature=72 17 60 70 101
split_gain=1.15578 1.72755 1.29715 1.48938 1.00321
threshold=-1.0188494127339256 -0.40193795397193322 -1.4566191713265317 0.29797716885583242 0.23250080072033533
decision_type=2 2 2 2 2
left_child=1 -1 -2 -4 -3
right_child=2 4 3 -5 -6
leaf_value=0.00010243530101783057 0.00023547148502747574 -0.00044653905458421684 -0.00011350735966711836 8.756096943919718e-05 0.00028152258768281445
leaf_weight=63 69 69 1449 450 42
leaf_count=63 69 69 1449 450 42
internal_value=-0.00047015 0.00263636 -0.000747209 -0.000944767 -0.000389381
internal_weight=2142 174 1968 1899 111
internal_count=2142 174 1968 1899 111
is_linear=0
shrinkage=0.04


Tree=87
num_leaves=8
num_cat=0
split_feature=86 116 47 29 36 102 116
split_gain=1.16737 1.46572 1.47472 1.34928 1.53902 0.934566 0.703217
threshold=0.4788834629423469 -0.1970401042109079 0.25946876874271946 0.20877368371733326 -0.25478706185890926 -0.2745089258998164 -0.034577231394586468
decision_type=2 2 2 2 2 2 2
left_child=1 2 -1 4 -2 -3 -5
right_child=3 5 -4 6 -6 -7 -8
leaf_value=0.00012017886333034989 1.6610523358776725e-05 -1.1700119732791927e-05 -0.00016047922507586777 2.6066169438571644e-05 0.00038844085746975355 -0.00040555730423407903 -0.00030076808405759094
leaf_weight=429 218 312 264 42 130 534 213
leaf_count=429 218 312 264 42 130 534 213
internal_value=-0.000451493 -0.00103569 0.000328057 0.00103802 0.00265143 -0.00215094 -0.00116732
internal_weight=2142 1539 693 603 348 846 255
internal_count=2142 1539 693 603 348 846 255
is_linear=0
shrinkage=0.04


Tree=88
num_leaves=8
num_cat=0
split_feature=66 116 9 78 104 64 63
split_gain=1.08147 1.49075 1.51652 1.3756 1.26913 3.30191 1.17971
threshold=0.28221024351472923 -0.1970401042109079 -0.62765562947681763 0.21966469802974067 0.78708350312269693 0.15121912050736927 0.66775004041495645
decision_type=2 2 2 2 2 2 2
left_child=4 3 -3 -2 6 -6 -1
right_child=1 2 -4 -5 5 -7 -8
leaf_value=-0.0001766765855450823 0.00019702410609041452 9.9382452421240396e-05 -0.00013879106277498869 0.00052024854559086118 -4.9840574521854946e-05 0.00090699668550447174 3.640222663939089e-05
leaf_weight=1021 162 66 390 78 133 47 245
leaf_count=1021 162 66 390 78 133 47 245
internal_value=-0.00052612 0.000767907 -0.00057642 0.00330578 -0.00114917 0.00197802 -0.00159622
internal_weight=2142 696 456 240 1446 180 1266
internal_count=2142 696 456 240 1446 180 1266
is_linear=0
shrinkage=0.04


Tree=89
num_leaves=7
num_cat=0
split_feature=110 0 64 116 93 66
split_gain=1.23185 1.4903 1.45209 1.40967 1.1497 0.82619
threshold=0.15918454509865135 -1.2692143037133556 0.27047718394787562 -0.017353392048666854 -0.49148861861163201 0.8542867810838467
decision_type=2 2 2 2 2 2
left_child=2 -2 5 -4 -3 -1
right_child=1 4 3 -5 -6 -7
leaf_value=-0.00039680801309293121 0.00091306054376760564 -0.00011654349669631671 0.00022017444172479217 -0.00019933864025838672 2.5783904068766099e-05 6.1083000493126195e-05
leaf_weight=651 63 329 266 212 553 68
leaf_count=651 63 329 266 212 553 68
internal_value=-0.000339553 0.000739175 -0.00119099 0.000516666 0.000307691 -0.00232455
internal_weight=2142 945 1197 478 882 719
internal_count=2142 945 1197 478 882 719
is_linear=0
shrinkage=0.04


Tree=90
num_leaves=7
num_cat=0
split_feature=114 43 45 29 88 74
split_gain=1.38372 1.37734 1.30756 1.01192 1.49032 1.25035
threshold=-0.75977381868714755 1.3782771565990637 -0.7316997752499117 -0.30215530797092977 0.27241086573478912 -0.84454095300052467
decision_type=2 2 2 2 2 2
left_child=1 2 -1 4 -2 -5
right_child=3 -3 -4 5 -6 -7
leaf_value=0.0002405513983536553 0.00019539294002320865 0.00044163382704658945 -9.5439183445767293e-06 4.627250135989403e-05 -0.00020906999015437818 -0.00017870705639858798
leaf_weight=57 329 44 259 92 299 1062
leaf_count=57 329 44 259 92 299 1062
internal_value=-0.000376867 0.00187845 0.000930817 -0.000834082 0.000457142 -0.00153633
internal_weight=2142 360 316 1782 628 1154
internal_count=2142 360 316 1782 628 1154
is_linear=0
shrinkage=0.04


Tree=91
num_leaves=6
num_cat=0
split_feature=35 114 0 70 85
split_gain=1.08385 1.12172 1.58346 1.50609 0.171286
threshold=0.98058363558217543 -0.37056362961183026 -1.1415927103664851 0.253383263433337 -0.49599241231188113
decision_type=2 2 2 2 2
left_child=1 2 -1 -3 -2
right_child=4 3 -4 -5 -6
leaf_value=0.00084742972295635875 -0.00029011068058456109 -0.00015457213766444531 1.819803598636655e-05 0.00011964637691497495 -0.00047032683327341427
leaf_weight=44 40 999 570 337 152
leaf_count=44 40 999 570 337 152
internal_value=-0.000488807 -0.000204919 0.00120779 -0.000855008 -0.00334021
internal_weight=2142 1950 614 1336 192
internal_count=2142 1950 614 1336 192
is_linear=0
shrinkage=0.04


Tree=92
num_leaves=8
num_cat=0
split_feature=86 75 115 67 46 61 4
split_gain=1.40148 1.44962 1.83941 1.28083 2.22828 1.00438 0.555031
threshold=0.4788834629423469 -0.40440654244299135 -0.63892284667850374 0.55987889933392621 0.12092556252806715 -1.3496187790598537 0.27223128794864743
decision_type=2 2 2 2 2 2 2
left_child=3 6 -3 5 -5 -1 -2
right_child=1 2 -4 4 -6 -7 -8
leaf_value=4.6410507760378839e-05 5.367207424047676e-05 0.00031407556669345342 3.2150236455411073e-05 0.00049930615406664175 -0.00028991994978027919 -0.00014969384601895119 -0.00028945623662101006
leaf_weight=90 69 48 366 78 87 1284 120
leaf_count=90 69 48 366 78 87 1284 120
internal_value=-0.000395523 0.00123636 0.00255769 -0.00103569 0.00227545 -0.00143605 -0.00165445
internal_weight=2142 603 414 1539 165 1374 189
internal_count=2142 603 414 1539 165 1374 189
is_linear=0
shrinkage=0.04


Tree=93
num_leaves=4
num_cat=0
split_feature=70 60 66
split_gain=1.22667 1.10221 1.37621
threshold=-1.2854607852296571 -1.4566191713265317 0.28221024351472923
decision_type=2 2 2
left_child=-1 -2 -3
right_child=1 2 -4
leaf_value=4.829966483668054e-05 0.00018210296921342169 -0.00011757262228308485 3.0578323060110833e-05
leaf_weight=48 72 1332 690
leaf_count=48 72 1332 690
internal_value=-0.000432837 -0.000580154 -0.000754942
internal_weight=2142 2094 2022
internal_count=2142 2094 2022
is_linear=0
shrinkage=0.04


Tree=94
num_leaves=8
num_cat=0
split_feature=59 87 10 0 107 116 114
split_gain=1.15215 1.58741 1.74232 1.35307 1.61838 1.03954 0.315547
threshold=0.016829736415404924 0.068528748193445913 -0.99362024504949487 0.33361413179234262 1.3293319146445033 -0.27706691088404872 -0.64736494888806628
decision_type=2 2 2 2 2 2 2
left_child=1 2 -1 4 -2 -5 -3
right_child=3 6 -4 5 -6 -7 -8
leaf_value=0.00019275751766070494 3.4793522701679368e-05 -1.1147855133589343e-05 -3.8073795060737237e-05 0.00025373344059991616 0.00055979850572101034 -0.00014776057919932677 -0.00053017583265381181
leaf_weight=40 643 42 671 70 42 289 345
leaf_count=40 643 42 671 70 42 289 345
internal_value=-0.000507464 -0.00141091 -0.000286116 0.000443594 0.00148472 -0.00154017 -0.0034653
internal_weight=2142 1098 711 1044 685 359 387
internal_count=2142 1098 711 1044 685 359 387
is_linear=0
shrinkage=0.04


Tree=95
num_leaves=7
num_cat=0
split_feature=86 72 75 67 1 45
split_gain=1.14844 1.17242 1.26145 1.15272 1.02736 0.697355
threshold=0.9637784075366721 -0.99092390296155297 0.154115479775081 0.23197852057219018 -0.3963123377609945 0.65732184589732312
decision_type=2 2 2 2 2 2
left_child=1 2 -1 -3 -2 -6
right_child=4 3 -4 -5 5 -7
leaf_value=-6.811838851979637e-06 0.00032512006742141912 -0.0001404493576121964 7.6171583730664445e-05 1.4046885606886975e-05 3.0282070039466284e-05 -7.433093369684002e-05
leaf_weight=90 71 1095 45 588 208 45
leaf_count=90 71 1095 45 588 208 45
internal_value=-0.000395523 -0.000786814 0.00277372 -0.00107537 0.00179141 0.000580391
internal_weight=2142 1818 135 1683 324 253
internal_count=2142 1818 135 1683 324 253
is_linear=0
shrinkage=0.04


Tree=96
num_leaves=6
num_cat=0
split_feature=82 100 53 27 4
split_gain=1.10584 1.3549 1.73451 1.71241 0.00516917
threshold=-0.55386086207541319 0.58415276809965067 -0.74999999999999989 -0.72904558180508439 0.39586863264663236
decision_type=2 2 2 2 2
left_child=4 2 -2 -3 -1
right_child=1 3 -4 -5 -6
leaf_value=-0.00076792447945425984 0.0002875965182652032 9.3361683954701038e-05 -1.1925371623697751e-06 -0.0006944781613516303 -0.00063973386692925144
leaf_weight=110 114 66 1554 258 40
leaf_count=110 114 66 1554 258 40
internal_value=-0.000395523 -0.000144434 0.000316167 -0.00250307 -0.00368421
internal_weight=2142 1992 1668 324 150
internal_count=2142 1992 1668 324 150
is_linear=0
shrinkage=0.04


Tree=97
num_leaves=7
num_cat=0
split_feature=63 86 76 29 59 19
split_gain=1.13695 1.57645 2.09866 1.36444 0.671819 0.597682
threshold=-0.52203789095119324 1.067162500257737 0.45927147274397262 0.59818784760009047 2.8914924823648005 -0.76159610502302844
decision_type=2 2 2 2 2 2
left_child=4 3 -3 -2 5 -1
right_child=1 2 -4 -5 -6 -7
leaf_value=3.2581308646133173e-05 1.0020430036497467e-05 3.4636745705134835e-06 0.00045392513628848721 -0.00016983385662901841 0.00025297477596192801 -0.00038320163466655722
leaf_weight=60 1147 94 56 294 40 451
leaf_count=60 1147 94 56 294 40 451
internal_value=-0.00047015 7.28176e-05 0.00394737 -0.000335413 -0.00203255 -0.00242495
internal_weight=2142 1591 150 1441 551 511
internal_count=2142 1591 150 1441 551 511
is_linear=0
shrinkage=0.04


Tree=98
num_leaves=7
num_cat=0
split_feature=59 100 116 87 10 112
split_gain=1.32377 1.75983 1.66761 1.55013 1.86173 0.166889
threshold=0.014061403091245815 -1.1486041983696451 -0.10806677415801304 0.11141529522803824 -0.99362024504949487 0.16534167151849805
decision_type=2 2 2 2 2 2
left_child=3 -2 -3 4 -1 -5
right_child=1 2 -4 5 -6 -7
leaf_value=0.00017338414446744146 0.00036801020132969591 0.00028371667456696212 -4.6526034479816051e-05 -0.00045003652098064839 -5.8298872048847159e-05 -7.3452995805816645e-05
leaf_weight=44 54 246 753 282 718 45
leaf_count=44 54 246 753 282 718 45
internal_value=-0.000339553 0.000671089 0.000283715 -0.00131622 -0.000324608 -0.00361094
internal_weight=2142 1053 999 1089 762 327
internal_count=2142 1053 999 1089 762 327
is_linear=0
shrinkage=0.04


Tree=99
num_leaves=7
num_cat=0
split_feature=114 104 70 70 116 63
split_gain=1.47508 1.49782 1.28677 1.58417 1.46479 0.67458
threshold=-0.75977381868714755 1.1161442134763389 0.2179074267615238 -1.274871095490324 -0.17497521128083574 -0.085695931091836541
decision_type=2 2 2 2 2 2
left_child=1 5 3 -2 -4 -1
right_child=2 -3 4 -5 -6 -7
leaf_value=-4.0423795384534049e-05 4.495740473547066e-05 0.00030356049414137265 0.00019401725855975935 -0.00017502646087209312 -0.00017666284084179665 8.8930126755782429e-05
leaf_weight=154 66 42 420 1110 186 164
leaf_count=154 66 42 420 1110 186 164
internal_value=-0.000339553 0.00198895 -0.00081166 -0.00158234 0.00068421 0.001025
internal_weight=2142 360 1782 1176 606 318
internal_count=2142 360 1782 1176 606 318
is_linear=0
shrinkage=0.04


Tree=100
num_leaves=7
num_cat=0
split_feature=110 28 25 64 35 64
split_gain=1.23185 1.67615 2.65269 1.68843 1.56742 1.31817
threshold=0.15918454509865135 -0.70800834634136611 0.056360783656979281 0.78241970557152174 0.8861483278714517 -0.59306031590862718
decision_type=2 2 2 2 2 2
left_child=1 2 -1 -3 5 -2
right_child=4 3 -4 -5 -6 -7
leaf_value=0.000438302136451111 -0.00014388042806795298 -0.00019613486890617598 -0.00033123163547271088 8.8306176610409488e-05 -0.00084767756039294128 5.9014794766717357e-05
leaf_weight=65 268 901 64 167 101 576
leaf_count=65 268 901 64 167 101 576
internal_value=-0.000339553 -0.00119099 0.00308397 -0.00171215 0.000739175 0.00130496
internal_weight=2142 1197 129 1068 945 844
internal_count=2142 1197 129 1068 945 844
is_linear=0
shrinkage=0.04


Tree=101
num_leaves=7
num_cat=0
split_feature=114 39 70 57 86 79
split_gain=1.52104 1.61804 1.17377 1.58663 1.14793 0.981488
threshold=-0.75977381868714755 1.4603199798087052 0.2179074267615238 -1.0327630830353376 0.43672908496224822 0.79703533318485109
decision_type=2 2 2 2 2 2
left_child=1 5 4 -4 -2 -1
right_child=2 -3 3 -5 -6 -7
leaf_value=4.6212161139247545e-05 -0.00030463266203131382 0.00038606776295227636 0.0004317685200442928 6.1486849526724287e-06 8.191857745463752e-07 -0.00014980876703171229
leaf_weight=258 729 49 42 564 447 53
leaf_count=258 729 49 42 564 447 53
internal_value=-0.000264926 0.00209945 -0.000744396 0.00068421 -0.00148048 0.00100958
internal_weight=2142 360 1782 606 1176 311
internal_count=2142 360 1782 606 1176 311
is_linear=0
shrinkage=0.04


Tree=102
num_leaves=8
num_cat=0
split_feature=63 58 118 96 105 70 28
split_gain=1.25948 2.03114 2.60646 1.46847 0.765339 1.06177 0.307468
threshold=-0.095874718009268653 -0.10986169791816765 -0.45108828682280233 0.19206883679679251 0.40206963645999189 0.29797716885583242 1.0983633366228716
decision_type=2 2 2 2 2 2 2
left_child=4 2 -2 -3 5 -1 -6
right_child=1 3 -4 -5 6 -7 -8
leaf_value=-9.7334915216150953e-05 0.00057620255557464428 2.00038872000626e-05 2.1632868047474963e-05 -0.00020089873079216233 -0.00038574817823189446 0.00020825772995843655 5.8446720047780622e-06
leaf_weight=559 74 406 422 281 232 128 40
leaf_count=559 74 406 422 281 232 128 40
internal_value=-0.000376867 0.000496202 0.00244177 -0.000911467 -0.00145265 -0.000737301 -0.00324088
internal_weight=2142 1183 496 687 959 687 272
internal_count=2142 1183 496 687 959 687 272
is_linear=0
shrinkage=0.04


Tree=103
num_leaves=7
num_cat=0
split_feature=2 90 56 45 74 86
split_gain=1.30034 1.8193 1.52568 0.91012 1.35467 0.226609
threshold=0.19233227788153048 -1.4018024511314706 0.93958306864288399 0.13296900194999339 -0.89054482885779107 0.98108990373654914
decision_type=2 2 2 2 2 2
left_child=1 -1 -3 4 -2 -5
right_child=3 2 -4 5 -6 -7
leaf_value=0.00021250988002152871 0.00040621706813109409 -2.2486451456442737e-06 0.0004203144462786175 -0.00036169114166757652 -2.9841472247358444e-05 -3.9706262413538729e-05
leaf_weight=40 42 1194 62 304 453 47
leaf_count=40 42 1194 62 304 453 47
internal_value=-0.00041418 0.000382125 0.000108107 -0.00163208 -0.00052314 -0.00318414
internal_weight=2142 1296 1256 846 495 351
internal_count=2142 1296 1256 846 495 351
is_linear=0
shrinkage=0.04


Tree=104
num_leaves=8
num_cat=0
split_feature=64 33 74 110 64 17 35
split_gain=1.22706 1.6898 1.92057 1.22938 1.01903 0.966578 0.395119
threshold=0.27047718394787562 0.59969287135893212 -0.66749532000212641 0.081192957679123087 -0.5747115831261761 -0.84697040790044753 0.70601890887133201
decision_type=2 2 2 2 2 2 2
left_child=3 2 -2 5 -5 -1 -3
right_child=1 6 -4 4 -6 -7 -8
leaf_value=9.2471001733013191e-05 0.00064272939567133454 -0.00046647198730890346 1.8535666785216516e-05 -0.00021292868001623227 3.5855964104082126e-05 -0.00031934448060112297 2.5169798229526622e-05
leaf_weight=51 72 128 488 328 387 647 41
leaf_count=51 72 128 488 328 387 647 41
internal_value=-0.000395523 0.000935704 0.00199288 -0.00108269 8.36811e-05 -0.00227429 -0.00254971
internal_weight=2142 729 560 1413 715 698 169
internal_count=2142 729 560 1413 715 698 169
is_linear=0
shrinkage=0.04


Tree=105
num_leaves=6
num_cat=0
split_feature=82 114 39 100 5
split_gain=1.19545 1.16259 1.83622 1.2182 0.00516917
threshold=-0.55386086207541319 -0.90547294594602945 1.4603199798087052 0.58415276809965067 0.62749276384979658
decision_type=2 2 2 2 2
left_child=4 2 -2 -3 -1
right_child=1 3 -4 -5 -6
leaf_value=-0.00084120299044619163 6.9098620754485889e-06 1.5233355633224346e-06 0.00041356356782529312 -0.00039245299627958829 -0.00035856372184220949
leaf_weight=110 236 1404 46 306 40
leaf_count=110 236 1404 46 306 40
internal_value=-0.000264926 -4.01299e-06 0.0023662 -0.000397197 -0.00368421
internal_weight=2142 1992 282 1710 150
internal_count=2142 1992 282 1710 150
is_linear=0
shrinkage=0.04


Tree=106
num_leaves=6
num_cat=0
split_feature=82 30 117 72 4
split_gain=1.11843 1.21514 1.56968 0.579409 0.00516917
threshold=-0.55386086207541319 0.48854778353275996 0.061572851017847922 -0.90266455634464327 0.39586863264663236
decision_type=2 2 2 2 2
left_child=4 2 -2 -3 -1
right_child=1 3 -4 -5 -6
leaf_value=-0.00067078083261448967 9.8476016800782225e-05 3.7022384082456946e-05 -4.0326780966889817e-05 -0.00014007853651572553 -0.00053801528413639766
leaf_weight=110 736 52 769 435 40
leaf_count=110 736 52 769 435 40
internal_value=-0.000376867 -0.000124374 0.000437955 -0.00185685 -0.00368421
internal_weight=2142 1992 1505 487 150
internal_count=2142 1992 1505 487 150
is_linear=0
shrinkage=0.04


Tree=107
num_leaves=6
num_cat=0
split_feature=82 29 35 100 4
split_gain=1.17592 1.2618 1.53708 1.13439 0.00567219
threshold=-0.54809610684579757 -0.30215530797092977 0.52393720138562883 0.58415276809965067 0.45026157970046593
decision_type=2 2 2 2 2
left_child=4 2 -2 -3 -1
right_child=1 3 -4 -5 -6
leaf_value=-0.00060246723959406624 2.1273896343213416e-05 -4.7776809207949695e-06 0.00037934941923195169 -0.00070137027302575585 -0.00027749008513955234
leaf_weight=119 602 1109 85 187 40
leaf_count=119 602 1109 85 187 40
internal_value=-0.00041418 -0.000147104 0.00123657 -0.000881357 -0.00370186
internal_weight=2142 1983 687 1296 159
internal_count=2142 1983 687 1296 159
is_linear=0
shrinkage=0.04


Tree=108
num_leaves=7
num_cat=0
split_feature=116 25 109 95 109 50
split_gain=1.05352 1.87397 2.90821 1.51455 1.1346 1.04397
threshold=-0.1392195803612242 -0.043202193880755253 0.31741942897431563 1.4186959066062965 0.91957588696033576 -0.4888133456162273
decision_type=2 2 2 2 2 2
left_child=1 4 -3 5 -1 -2
right_child=3 2 -4 -5 -6 -7
leaf_value=-0.00026286560476435864 9.2493270159918315e-06 0.00030178016139727426 -0.00014784623777167532 0.00030059629669778795 0.00029761282060635229 -0.00012374888916714881
leaf_weight=320 358 290 157 42 40 935
leaf_count=320 358 290 157 42 40 935
internal_value=-0.000432837 0.000707045 0.00243207 -0.00112192 -0.00143647 -0.00136834
internal_weight=2142 807 447 1335 360 1293
internal_count=2142 807 447 1335 360 1293
is_linear=0
shrinkage=0.04


Tree=109
num_leaves=8
num_cat=0
split_feature=64 15 98 110 35 85 36
split_gain=1.18588 2.00118 2.51856 1.21188 0.960271 0.24561 0.189725
threshold=0.25529635892890074 0.68687855540626297 -0.99152332464172077 -0.28238409863009012 0.79022029944947458 -1.104631725715425 0.51283478432345164
decision_type=2 2 2 2 2 2 2
left_child=3 2 -2 5 -5 -1 -3
right_child=1 6 -4 4 -6 -7 -8
leaf_value=-9.1001534734849561e-08 0.00039545420025458174 -0.00023289591188075648 1.8328739458806461e-05 2.6802398785804939e-06 -0.00066806151670007342 -0.00039147782054591983 -7.7092487310243563e-05
leaf_weight=40 48 111 534 842 158 355 54
leaf_count=40 48 111 534 842 158 355 54
internal_value=-0.00041418 0.000870493 0.0019726 -0.00110236 -0.000359282 -0.00297229 -0.00299401
internal_weight=2142 747 582 1395 1000 395 165
internal_count=2142 747 582 1395 1000 395 165
is_linear=0
shrinkage=0.04


Tree=110
num_leaves=8
num_cat=0
split_feature=47 64 104 72 71 114 44
split_gain=1.10416 1.48949 1.65876 0.93135 0.821565 1.07938 0.371109
threshold=0.50308587928424642 0.14271068307068027 0.8986993333593688 -0.90266455634464327 0.73386518389899924 0.28478712184372124 -0.44100359510160253
decision_type=2 2 2 2 2 2 2
left_child=1 3 -3 -1 6 -6 -2
right_child=4 2 -4 -5 5 -7 -8
leaf_value=7.2860059142111202e-05 -0.00010180638983970663 1.9165795068922368e-05 0.00069725576184681397 -9.028677087639532e-05 0.00016231612682749246 -0.00031356590143753787 -0.00022138559934853523
leaf_weight=117 122 569 59 812 74 43 346
leaf_count=117 122 569 59 812 74 43 346
internal_value=-0.000395523 0.000161641 0.00166349 -0.000854996 -0.00187394 0.00110924 -0.00262128
internal_weight=2142 1557 628 929 585 117 468
internal_count=2142 1557 628 929 585 117 468
is_linear=0
shrinkage=0.04


Tree=111
num_leaves=7
num_cat=0
split_feature=1 87 75 56 29 38
split_gain=1.27365 1.12306 1.26888 0.725033 1.11693 0.903465
threshold=-0.067613217691943797 2.2148139813568855 0.67299312610063711 0.59106050589851866 0.058808511797335448 -0.99472376616313152
decision_type=2 2 2 2 2 2
left_child=1 2 -1 5 -5 -2
right_child=3 -3 -4 4 -6 -7
leaf_value=3.9596324732761811e-05 5.3832230972979399e-05 0.00052791144312895925 -0.00014346032533414511 0.00028804459888850188 -4.127841722703012e-05 -0.00016514549261438622
leaf_weight=666 40 48 269 95 274 750
leaf_count=666 40 48 269 95 274 750
internal_value=-0.000339553 0.000718781 0.000405549 -0.00123687 0.000226414 -0.00191919
internal_weight=2142 983 935 1159 369 790
internal_count=2142 983 935 1159 369 790
is_linear=0
shrinkage=0.04


Tree=112
num_leaves=5
num_cat=0
split_feature=60 88 46 59
split_gain=1.20775 1.10035 1.49348 0.771469
threshold=-1.4566191713265317 0.39425651394485539 0.26985826889982706 -0.071644777123950218
decision_type=2 2 2 2
left_child=-1 2 -2 -3
right_child=1 3 -4 -5
leaf_value=0.0001169348650160782 1.7984027532710787e-05 -0.00026264319565772989 -7.9202353666164488e-05 -2.067894456295891e-05
leaf_weight=72 908 258 532 372
leaf_count=72 908 258 532 372
internal_value=-0.000264926 -0.000444016 0.000166435 -0.00183544
internal_weight=2142 2070 1440 630
internal_count=2142 2070 1440 630
is_linear=0
shrinkage=0.04


Tree=113
num_leaves=8
num_cat=0
split_feature=115 36 14 116 59 86 11
split_gain=1.41042 2.26656 2.62363 1.30231 2.18751 0.843271 0.601684
threshold=-0.90586520178480301 -0.027303738105944674 0.029665220529817789 -0.1181293705853997 0.34741317533033117 0.48370170618314939 0.087580889378833779
decision_type=2 2 2 2 2 2 2
left_child=1 2 -1 4 -2 -5 -3
right_child=3 6 -4 5 -6 -7 -8
leaf_value=0.00028815575101391692 -3.7144526226838106e-06 3.0291171774342978e-05 3.6604138639149022e-07 -0.00026459311028202584 0.00038925080120371324 -2.0408668711813565e-06 -0.00055633113856373121
leaf_weight=48 687 66 50 648 132 444 67
leaf_count=48 687 66 50 648 132 444 67
internal_value=-0.000208956 0.00272961 0.00728 -0.00056665 0.000638245 -0.00146984 -0.000681482
internal_weight=2142 231 98 1911 819 1092 133
internal_count=2142 231 98 1911 819 1092 133
is_linear=0
shrinkage=0.04


Tree=114
num_leaves=6
num_cat=0
split_feature=1 90 104 41 0
split_gain=1.20555 1.35193 1.1846 0.673347 0.773592
threshold=-0.067613217691943797 -1.3363779706047241 1.0460487787666888 -0.68308748792319529 -0.5027153670728518
decision_type=2 2 2 2 2
left_child=1 -1 -3 -2 -5
right_child=3 2 -4 4 -6
leaf_value=0.00018749457104555036 -0.00038700551262497231 -2.1549717609334415e-06 0.00030107237573471872 0.00025819719670691421 -4.9903445445429911e-05
leaf_weight=40 135 863 80 66 958
leaf_count=40 135 863 80 66 958
internal_value=-0.000432837 0.000596953 0.000283597 -0.00130577 -0.000951268
internal_weight=2142 983 943 1159 1024
internal_count=2142 983 943 1159 1024
is_linear=0
shrinkage=0.04


Tree=115
num_leaves=7
num_cat=0
split_feature=74 42 4 59 74 53
split_gain=1.05014 1.66016 1.43524 1.4666 1.28693 0.562359
threshold=-0.78047160062294407 -0.068626181162205771 0.38634713511908964 -0.071644777123950218 -0.82752691299087922 -0.74999999999999989
decision_type=2 2 2 2 2 2
left_child=1 -1 3 -2 -3 -4
right_child=2 4 5 -5 -6 -7
leaf_value=0.0011446606835532609 -0.00012458169453760358 -0.00011038727197826411 1.3976232725257378e-05 3.0263857285496564e-05 4.3258412738120433e-05 -0.00029191471559463341
leaf_weight=41 608 147 52 801 40 453
leaf_count=41 608 147 52 801 40 453
internal_value=-0.000432837 0.00212174 -0.000739041 -8.22122e-05 0.000486772 -0.0025641
internal_weight=2142 228 1914 1409 187 505
internal_count=2142 228 1914 1409 187 505
is_linear=0
shrinkage=0.04


Tree=116
num_leaves=6
num_cat=0
split_feature=82 115 35 116 4
split_gain=0.982704 1.21615 2.17082 1.14246 0.0637531
threshold=-0.55386086207541319 -0.95262774758929292 0.039670043393322058 -0.040800126350658709 0.39586863264663236
decision_type=2 2 2 2 2
left_child=4 2 -2 -3 -1
right_child=1 3 -4 -5 -6
leaf_value=-0.0005975535234972164 0.00013204146207170195 1.7930025328482682e-05 -5.5952028923895399e-05 -0.00010324428541218678 -0.00047112309791018034
leaf_weight=110 85 867 89 951 40
leaf_count=110 85 867 89 951 40
internal_value=-0.000320896 -8.42537e-05 0.00309091 -0.00039121 -0.00342105
internal_weight=2142 1992 174 1818 150
internal_count=2142 1992 174 1818 150
is_linear=0
shrinkage=0.04


Tree=117
num_leaves=7
num_cat=0
split_feature=114 35 70 43 28 37
split_gain=1.09467 1.20312 1.07267 1.06616 1.00638 0.761991
threshold=-0.38546914721258702 0.98058363558217543 0.2179074267615238 -0.76845937306140921 0.84298057534129389 0.096279374475488233
decision_type=2 2 2 2 2 2
left_child=1 3 5 -1 -4 -2
right_child=2 -3 4 -5 -6 -7
leaf_value=0.00018266263710613542 -0.00024154952164883329 -0.00063493087343805964 8.999832259369003e-05 1.7895976503123249e-05 -0.00084465488345161852 -9.6391966071900878e-06
leaf_weight=44 527 69 417 553 66 466
leaf_count=44 527 69 417 553 66 466
internal_value=-0.00030224 0.00104192 -0.000909338 0.0016227 0.000635051 -0.0016603
internal_weight=2142 666 1476 597 483 993
internal_count=2142 666 1476 597 483 993
is_linear=0
shrinkage=0.04


Tree=118
num_leaves=7
num_cat=0
split_feature=114 70 116 115 26 45
split_gain=1.10385 1.35794 1.24499 1.15277 0.916006 1.20762
threshold=-0.75977381868714755 0.2179074267615238 -0.17497521128083574 -0.96105153952691491 0.92909590453622148 -0.69120008526752386
decision_type=2 2 2 2 2 2
left_child=4 3 -3 -2 5 -1
right_child=1 2 -4 -5 -6 -7
leaf_value=0.00025628666452488921 3.1139153312115147e-05 0.00015375882772845968 -0.00012082216951867183 -0.00012770559058416638 -0.00082092168774949847 1.2581550965417795e-05
leaf_weight=57 60 420 186 1116 40 263
leaf_count=57 60 420 186 1116 40 263
internal_value=-0.00024627 -0.000654709 0.000881578 -0.00144652 0.00176795 0.00248447
internal_weight=2142 1782 606 1176 360 320
internal_count=2142 1782 606 1176 360 320
is_linear=0
shrinkage=0.04


Tree=119
num_leaves=8
num_cat=0
split_feature=4 41 64 94 74 4 79
split_gain=1.03351 1.48377 1.89828 1.22036 0.894682 0.992262 0.343938
threshold=0.36681391414531156 -0.35158816412706545 0.17746651120586612 -0.95627572875059386 -0.41970845001297502 0.85004673575545786 0.38823300653114468
decision_type=2 2 2 2 2 2 2
left_child=1 3 -3 -1 5 -2 -6
right_child=4 2 -4 -5 6 -7 -8
leaf_value=0.00030478935034775306 3.6130091614707047e-05 -5.1708283497112467e-06 0.00024256961661506808 -0.00011028929235862478 -0.00044818566136874474 -0.00038296203393780286 -2.1463491519206581e-06
leaf_weight=56 198 485 343 601 290 103 66
leaf_count=56 198 485 343 601 290 103 66
internal_value=-0.00030224 0.000282447 0.00140723 -0.00113505 -0.00162064 -1.32023e-05 -0.00297207
internal_weight=2142 1485 828 657 657 301 356
internal_count=2142 1485 828 657 657 301 356
is_linear=0
shrinkage=0.04


end of trees

feature_importances:
Column_74=41
Column_59=31
Column_37=30
Column_64=27
Column_110=26
Column_70=25
Column_80=23
Column_86=22
Column_60=20
Column_63=19
Column_114=17
Column_116=16
Column_36=13
Column_115=13
Column_117=11
Column_35=10
Column_16=9
Column_104=9
Column_0=8
Column_4=8
Column_28=8
Column_29=8
Column_38=8
Column_73=8
Column_82=8
Column_87=8
Column_100=8
Column_112=8
Column_13=7
Column_25=7
Column_42=7
Column_66=7
Column_81=7
Column_1=6
Column_43=6
Column_47=6
Column_68=6
Column_75=6
Column_109=6
Column_33=5
Column_53=5
Column_61=5
Column_94=5
Column_2=4
Column_10=4
Column_17=4
Column_39=4
Column_45=4
Column_48=4
Column_58=4
Column_62=4
Column_72=4
Column_79=4
Column_96=4
Column_6=3
Column_8=3
Column_9=3
Column_27=3
Column_30=3
Column_41=3
Column_44=3
Column_46=3
Column_67=3
Column_98=3
Column_102=3
Column_14=2
Column_15=2
Column_32=2
Column_40=2
Column_56=2
Column_57=2
Column_65=2
Column_76=2
Column_85=2
Column_88=2
Column_90=2
Column_92=2
Column_93=2
Column_103=2
Column_106=2
Column_3=1
Column_5=1
Column_11=1
Column_19=1
Column_23=1
Column_26=1
Column_34=1
Column_50=1
Column_51=1
Column_69=1
Column_71=1
Column_78=1
Column_84=1
Column_91=1
Column_95=1
Column_101=1
Column_105=1
Column_107=1
Column_113=1
Column_118=1

parameters:
[boosting: gbdt]
[objective: quantile]
[metric: quantile]
[tree_learner: serial]
[device_type: cpu]
[data_sample_strategy: bagging]
[data: ]
[valid: ]
[num_iterations: 120]
[learning_rate: 0.04]
[num_leaves: 15]
[num_threads: 2]
[seed: 42]
[deterministic: 0]
[force_col_wise: 0]
[force_row_wise: 0]
[histogram_pool_size: -1]
[max_depth: 3]
[min_data_in_leaf: 40]
[min_sum_hessian_in_leaf: 0.001]
[bagging_fraction: 0.85]
[pos_bagging_fraction: 1]
[neg_bagging_fraction: 1]
[bagging_freq: 0]
[bagging_seed: 400]
[bagging_by_query: 0]
[feature_fraction: 0.8]
[feature_fraction_bynode: 1]
[feature_fraction_seed: 30056]
[extra_trees: 0]
[extra_seed: 12879]
[early_stopping_round: 0]
[early_stopping_min_delta: 0]
[first_metric_only: 0]
[max_delta_step: 0]
[lambda_l1: 0]
[lambda_l2: 2]
[linear_lambda: 0]
[min_gain_to_split: 0]
[drop_rate: 0.1]
[max_drop: 50]
[skip_drop: 0.5]
[xgboost_dart_mode: 0]
[uniform_drop: 0]
[drop_seed: 17869]
[top_rate: 0.2]
[other_rate: 0.1]
[min_data_per_group: 100]
[max_cat_threshold: 32]
[cat_l2: 10]
[cat_smooth: 10]
[max_cat_to_onehot: 4]
[top_k: 20]
[monotone_constraints: ]
[monotone_constraints_method: basic]
[monotone_penalty: 0]
[feature_contri: ]
[forcedsplits_filename: ]
[refit_decay_rate: 0.9]
[cegb_tradeoff: 1]
[cegb_penalty_split: 0]
[cegb_penalty_feature_lazy: ]
[cegb_penalty_feature_coupled: ]
[path_smooth: 0]
[interaction_constraints: ]
[verbosity: -1]
[saved_feature_importance_type: 0]
[use_quantized_grad: 0]
[num_grad_quant_bins: 4]
[quant_train_renew_leaf: 0]
[stochastic_rounding: 1]
[linear_tree: 0]
[max_bin: 255]
[max_bin_by_feature: ]
[min_data_in_bin: 3]
[bin_construct_sample_cnt: 200000]
[data_random_seed: 175]
[is_enable_sparse: 1]
[enable_bundle: 1]
[use_missing: 1]
[zero_as_missing: 0]
[feature_pre_filter: 1]
[pre_partition: 0]
[two_round: 0]
[header: 0]
[label_column: ]
[weight_column: ]
[group_column: ]
[ignore_column: ]
[categorical_feature: ]
[forcedbins_filename: ]
[precise_float_parser: 0]
[parser_config_file: ]
[objective_seed: 16083]
[num_class: 1]
[is_unbalance: 0]
[scale_pos_weight: 1]
[sigmoid: 1]
[boost_from_average: 1]
[reg_sqrt: 0]
[alpha: 0.9]
[fair_c: 1]
[poisson_max_delta_step: 0.7]
[tweedie_variance_power: 1.5]
[lambdarank_truncation_level: 30]
[lambdarank_norm: 1]
[label_gain: ]
[lambdarank_position_bias_regularization: 0]
[eval_at: ]
[multi_error_top_k: 1]
[auc_mu_weights: ]
[num_machines: 1]
[local_listen_port: 12400]
[time_out: 120]
[machine_list_filename: ]
[machines: ]
[gpu_platform_id: -1]
[gpu_device_id: -1]
[gpu_device_id_list: ]
[gpu_use_dp: 0]
[num_gpu: 1]

end of parameters

pandas_categorical:null
