tree
version=v4
num_class=1
num_tree_per_iteration=1
label_index=0
max_feature_idx=118
objective=regression
feature_names=Column_0 Column_1 Column_2 Column_3 Column_4 Column_5 Column_6 Column_7 Column_8 Column_9 Column_10 Column_11 Column_12 Column_13 Column_14 Column_15 Column_16 Column_17 Column_18 Column_19 Column_20 Column_21 Column_22 Column_23 Column_24 Column_25 Column_26 Column_27 Column_28 Column_29 Column_30 Column_31 Column_32 Column_33 Column_34 Column_35 Column_36 Column_37 Column_38 Column_39 Column_40 Column_41 Column_42 Column_43 Column_44 Column_45 Column_46 Column_47 Column_48 Column_49 Column_50 Column_51 Column_52 Column_53 Column_54 Column_55 Column_56 Column_57 Column_58 Column_59 Column_60 Column_61 Column_62 Column_63 Column_64 Column_65 Column_66 Column_67 Column_68 Column_69 Column_70 Column_71 Column_72 Column_73 Column_74 Column_75 Column_76 Column_77 Column_78 Column_79 Column_80 Column_81 Column_82 Column_83 Column_84 Column_85 Column_86 Column_87 Column_88 Column_89 Column_90 Column_91 Column_92 Column_93 Column_94 Column_95 Column_96 Column_97 Column_98 Column_99 Column_100 Column_101 Column_102 Column_103 Column_104 Column_105 Column_106 Column_107 Column_108 Column_109 Column_110 Column_111 Column_112 Column_113 Column_114 Column_115 Column_116 Column_117 Column_118
feature_infos=[-6.156096696400521:6.6138237006096681] [-5.7003301740194008:5.5365903826259038] [-4.9416341769486776:4.221065308726824] [-4.3839386257828181:3.8638757137101596] [-3.6326686621750341:2.1634476153030042] [-2.5761122489336747:2.3746244508326697] [-4.2752775832583785:4.0167955351832685] [-1.3585723580383116:6.5985573476824211] [-1.6749806132939884:1.632373972225277] [-3.5893270314631094:2.2019504522214808] [-1.4807851208443914:5.2351487630192501] [-2.443761123349308:2.1349332502796741] [-2.5388493856459302:2.4483934173122912] [-1.4394187293345406:3.9076763663910365] [-2.8090076018281249:2.6121876092653595] [-1.5810913861863538:1.6249771909307384] [-1.7720711570211227:1.7866918465798602] [-0.95293335421993663:0.77426825424013579] [-1.0013864130356334:0.78181316715985694] [-0.95293335421993663:0.77426825424013601] [-2.2464902526284249:1.6683890972405564] [-4.0522358923420851:4.1566845964698009] [-3.2857281774093026:2.3040649072395425] [-2.3218292314234894:2.6087983128777923] [-2.1336504288114715:1.5693990188377376] [-2.1600584107931988:1.5732670010982612] [-3.3662261204192028:2.028852569054215] [-1.7888544134102788:1.4175640421566904] [-1.1671542518122415:3.6117380643299124] [-3.7374055630545842:4.3114375546118859] [-3.7193862889775984:4.5335198523011524] [-3.0693039988366047:3.271850881151265] [-3.204483742689181:3.4529719397485437] [-1.9854198973303003:2.0976702437743358] [-2.2152825269608782:2.2452521119500877] [-1.7377527458242907:1.7645154979379585] [-1.8124202436297805:1.8529826568831333] [-1.5797511010932721:3.8724590738963447] [-1.4908263667832495:5.088993800707116] [-1.4369395901025588:3.7888377782503415] [-1.1511450082483394:3.1160388445078389] [-1.6693899279878688:1.4366520887002938] [-1.9638785354400508:1.718468648215898] [-1.88132812027623:13.850380891923276] [-181.57755859011118:162.11245753981683] [-391.18265152617522:129.20761426048361] [-320.47556800997518:75.213159941439855] [-1.371304538718422:2.8299223547866799] [-1.9425948513538505:1.9980171936644997] [-1.1971328262373895:9.0773491309800356] [-4.8832652413953603:4.4498757904459376] [-8.9723613372893141:6.6682131180395734] [-1:1] [-0.83333333333333337:1] [0:1] [0:1] [-6.4663066053559541:3.3591872379133894] [-3.0276726075692078:2.2857280765950758] [-2.3488956184251504:2.1894960706509168] [-1.0512762068780064:3.1145948721259757] [-2.3122831931163366:1.8484574586179099] [-2.7232452109524798:0.55714932535007444] [-4.5578693528172343:3.6987864195964453] [-3.2157318140505926:2.4196790753429815] [-2.8865701670724353:2.0280324842429964] [-3.0080503649112194:3.939765824426702] [-3.3982558998806782:2.2566279941814482] [-2.2710865770914284:1.5804441979941017] [-0.95776159874724809:2.108034306205147] [-2.0236842535666373:1.2360925958467075] [-1.3589832808823605:0.36533958855456244] [-4.5664178172214216:7.2024287889489162] [-4.2111491478732486:5.8735873963297234] [-2.4780304475573738:4.2654164863335646] [-1.2918038204178004:4.8985465250259947] [-1.2006919773720826:7.8925489307411647] [-1.029594942988908:2.3302838252491487] [-6.5528230564549537:6.7354739339773824] [-4.5622300765513106:3.5368149246326781] [-3.3287502146029788:3.7006325912046063] [-1.2067735971875637:3.5087395416326719] [-1.7442181362781004:4.3487276686804082] [-0.77541558699533042:1.9893805033189704] [-11.02619625659719:10.806093126843889] [-5.9153669924072565:5.1779533506593935] [-3.5815563724407742:3.957926503947895] [-0.99724534580123125:3.0673568468649508] [-2.1486586674357042:4.2142272754045189] [-1.3377628130305743:0.74375040937073489] [-3.9625248960789232:2.9736406631417212] [-3.44776787116554:3.0457122523279616] [-2.5205677702860809:1.7307427225510545] [-1.2365097022943334:3.0439353552775485] [-2.0057804915198729:1.8578742322407795] [-1.4059940218372737:0.48390759882441903] [-5.256791746558318:2.6349571777682499] [-3.9996495544768913:3.4091893000073226] [-1.8135644457879121:2.7074268154103791] [-1.4204806479623484:4.0879877913429166] [-1.6550917126338591:4.3501408892639244] [-1.4665957315105267:1.1797352980556191] [-4.2723392029740692:2.4470728331712635] [-3.7604727037514114:3.4895921323255434] [-1.8936116257378246:2.5852528233984593] [-1.4658998497248601:3.9169424390878329] [-1.5070202220762441:3.7329675670751419] [-1.443217874094016:1.112407268949001] [-2.8439730441404238:3.7380586372606208] [-2.2671388469704197:2.7021675438863757] [-2.0290451533247555:2.0820636079967989] [-1.4914280711076389:2.1192124873476539] [-1.4651634408430974:1.8889940547627573] [-2.15559161453585:0.57026398042336168] [-3.0701769662561604:3.2681101553412524] [-2.7422125173962346:3.5222464429384126] [-1.6416451065413302:2.3522909382889776] [-0.88524450631354912:2.9599739295147596] [-1.4026951997252088:2.313305708091014] [-1.3662122841290252:0.98891009647358608]
tree_sizes=603 605 604 695 694 785 605 788 607 785 786 884 787 799 787 690 875 889 788 888 798 895 787 876 789 893 885 876 698 789 615 800 614 893 801 614 884 699 617 704 898 893 888 622 797 520 798 619 800 891 522 799 887 795 522 887 800 810 795 613 801 892 708 883 797 705 886 521 885 893 886 791 887 618 883 892 802 804 892 523

Tree=0
num_leaves=5
num_cat=0
split_feature=38 36 61 109
split_gain=0.0217225 0.0189948 0.0195573 0.00446824
threshold=3.0828060901657026 -1.2673778635284003 -1.95661269816724 -1.3093834338897132
decision_type=2 2 2 2
left_child=1 3 -3 -1
right_child=-2 2 -4 -5
leaf_value=-0.00092705562649893138 -0.0020856317554483854 -0.0017897843232215528 -0.001038086765841957 -0.00024610125752432661
leaf_weight=21 32 57 1947 58
leaf_count=21 32 57 1947 58
internal_value=-0.00105137 -0.00103548 -0.00105947 -0.000427114
internal_weight=2115 2083 2004 79
internal_count=2115 2083 2004 79
is_linear=0
shrinkage=1


Tree=1
num_leaves=5
num_cat=0
split_feature=38 36 61 109
split_gain=0.0200194 0.0175056 0.018024 0.00411793
threshold=3.0828060901657026 -1.2673778635284003 -1.95661269816724 -1.3093834338897132
decision_type=2 2 2 2
left_child=1 3 -3 -1
right_child=-2 2 -4 -5
leaf_value=0.00011934513226151466 -0.00099288792735023894 -0.00070887439622821513 1.275524214219019e-05 0.00077306133312206305
leaf_weight=21 32 57 1947 58
leaf_count=21 32 57 1947 58
internal_value=3.44643e-12 1.52532e-05 -7.77015e-06 0.000599289
internal_weight=2115 2083 2004 79
internal_count=2115 2083 2004 79
is_linear=0
shrinkage=0.04


Tree=2
num_leaves=5
num_cat=0
split_feature=38 10 36 18
split_gain=0.0184499 0.0173984 0.0202969 0.0128246
threshold=3.0828060901657026 1.899479978044404 1.2520718084945377 0.39646746850136921
decision_type=2 2 2 2
left_child=1 2 -1 -3
right_child=-2 3 -4 -5
leaf_value=1.7847146246963938e-05 -0.00095317242343298861 0.00021119156105936889 -0.00062475899945683326 0.0012647109116218855
leaf_weight=1921 32 51 82 29
leaf_count=1921 32 51 82 29
internal_value=-7.15762e-13 1.46431e-05 -8.46024e-06 0.000593092
internal_weight=2115 2083 2003 80
internal_count=2115 2083 2003 80
is_linear=0
shrinkage=0.04


Tree=3
num_leaves=6
num_cat=0
split_feature=36 38 61 109 67
split_gain=0.0170088 0.0181597 0.0166859 0.00366129 0.00351581
threshold=-1.2673778635284003 3.0828060901657026 -1.95661269816724 -1.3093834338897132 -0.76809655042635072
decision_type=2 2 2 2 2
left_child=3 2 -2 -1 -5
right_child=1 -3 -4 4 -6
leaf_value=0.00011385744570621424 -0.00068259011659967269 -0.00099948523015094305 1.1735789116192882e-05 0.00096893963164876448 0.00033916723221014052
leaf_weight=21 57 30 1947 37 23
leaf_count=21 57 30 1947 37 23
internal_value=3.27668e-12 -2.26365e-05 -8.013e-06 0.000568427 0.000727527
internal_weight=2115 2034 2004 81 60
internal_count=2115 2034 2004 81 60
is_linear=0
shrinkage=0.04


Tree=4
num_leaves=6
num_cat=0
split_feature=36 38 13 42 88
split_gain=0.0156753 0.016736 0.0154336 0.00349325 0.00404315
threshold=-1.2673778635284003 3.0828060901657026 2.2264000467871585 0.054481028189197138 0.62171619452557769
decision_type=2 2 2 2 2
left_child=3 2 -2 4 -1
right_child=1 -3 -4 -5 -6
leaf_value=0.00065948401504595374 -2.249229464978585e-05 -0.00095950584424038727 0.00082490188852742509 0.00097586712037975147 -1.4587614750780632e-05
leaf_weight=35 1969 30 35 22 24
leaf_count=35 1969 30 35 22 24
internal_value=-1.08621e-11 -2.1731e-05 -7.6925e-06 0.00054569 0.000385285
internal_weight=2115 2034 2004 81 59
internal_count=2115 2034 2004 81 59
is_linear=0
shrinkage=0.04


Tree=5
num_leaves=7
num_cat=0
split_feature=9 36 61 94 76 42
split_gain=0.01534 0.0129227 0.016656 0.0116947 0.00795086 0.00321938
threshold=1.0305186977344227 -1.2673778635284003 -1.95661269816724 0.29985578528641627 -0.72127835237827997 0.054481028189197138
decision_type=2 2 2 2 2 2
left_child=1 5 -3 4 -2 -1
right_child=3 2 -4 -5 -6 -7
leaf_value=0.00036987398018551424 -0.00092869719211012124 -0.00066546304470026187 2.8853962696840773e-05 -0.0010729321168764727 -4.8728461640522526e-05 0.00093683243305845701
leaf_weight=59 20 57 1833 32 92 22
leaf_count=59 20 57 1833 32 92 22
internal_value=3.96239e-12 2.91176e-05 7.91424e-06 -0.000398547 -0.000205866 0.000523863
internal_weight=2115 1971 1890 144 112 81
internal_count=2115 1971 1890 144 112 81
is_linear=0
shrinkage=0.04


Tree=6
num_leaves=5
num_cat=0
split_feature=38 10 36 66
split_gain=0.0143833 0.0156744 0.0184466 0.0118171
threshold=3.0828060901657026 1.899479978044404 1.2520718084945377 -0.24781538450725302
decision_type=2 2 2 2
left_child=1 2 -1 -3
right_child=-2 3 -4 -5
leaf_value=1.6079839972968059e-05 -0.00084159646401531067 -3.4992925151634741e-06 -0.00059653641292598187 0.00097992783736275597
leaf_weight=1921 32 34 82 46
leaf_count=1921 32 34 82 46
internal_value=2.10535e-12 1.2929e-05 -8.99981e-06 0.000561971
internal_weight=2115 2083 2003 80
internal_count=2115 2083 2003 80
is_linear=0
shrinkage=0.04


Tree=7
num_leaves=7
num_cat=0
split_feature=9 36 61 94 76 109
split_gain=0.0140404 0.0118793 0.0153799 0.0107199 0.0072036 0.00315833
threshold=1.0305186977344227 -1.2673778635284003 -1.95661269816724 0.29985578528641627 -0.72127835237827997 -1.3093834338897132
decision_type=2 2 2 2 2 2
left_child=1 5 -3 4 -2 -1
right_child=3 2 -4 -5 -6 -7
leaf_value=8.0014591415723167e-05 -0.00088484108867123727 -0.00063954055862779026 2.7649137055164356e-05 -0.0010269578138832002 -4.7244319072848631e-05 0.00064997632903396145
leaf_weight=21 20 57 1833 32 92 60
leaf_count=21 20 57 1833 32 92 60
internal_value=-3.13489e-12 2.78569e-05 7.52754e-06 -0.000381291 -0.000196815 0.000502208
internal_weight=2115 1971 1890 144 112 81
internal_count=2115 1971 1890 144 112 81
is_linear=0
shrinkage=0.04


Tree=8
num_leaves=5
num_cat=0
split_feature=38 13 9 47
split_gain=0.0132018 0.015268 0.0147365 0.00465091
threshold=3.0828060901657026 2.2264000467871585 1.0305186977344227 -0.33056814106999866
decision_type=2 2 2 2
left_child=1 2 -1 -3
right_child=-2 3 -4 -5
leaf_value=2.5518366604521377e-05 -0.00080628987816453444 0.0012131954333744943 -0.00040843547028211405 0.00036088837734756191
leaf_weight=1908 32 20 134 21
leaf_count=1908 32 20 134 21
internal_value=-9.95076e-12 1.23866e-05 -2.95853e-06 0.000776648
internal_weight=2115 2083 2042 41
internal_count=2115 2083 2042 41
is_linear=0
shrinkage=0.04


Tree=9
num_leaves=7
num_cat=0
split_feature=36 38 10 7 80 75
split_gain=0.0126532 0.0141996 0.0166743 0.0118586 0.0114044 0.0085815
threshold=1.1338649966916814 2.7989061694027568 1.9617888006471167 0.085695281108830693 -0.045642313234618065 0.37925101691301888
decision_type=2 2 2 2 2 2
left_child=1 2 -1 4 -2 -5
right_child=3 -3 -4 5 -6 -7
leaf_value=2.0200550870278629e-05 -0.0014891407039502394 -0.00075144172979619455 0.00074622539116367436 -0.00034589596965815871 -0.000366100293975204 0.00061133215092527479
leaf_weight=1898 23 37 52 43 39 23
leaf_count=1898 23 37 52 43 39 23
internal_value=-6.14188e-12 2.48319e-05 3.95612e-05 -0.000385477 -0.000782712 -1.23165e-05
internal_weight=2115 1987 1950 128 62 66
internal_count=2115 1987 1950 128 62 66
is_linear=0
shrinkage=0.04


Tree=10
num_leaves=7
num_cat=0
split_feature=36 28 74 61 42 88
split_gain=0.0121017 0.0135602 0.0214109 0.0158779 0.00291829 0.0035725
threshold=-1.2673778635284003 1.1798173197001323 0.96410375217811095 -1.724536243115476 0.054481028189197138 0.62171619452557769
decision_type=2 2 2 2 2 2
left_child=4 3 -3 -2 5 -1
right_child=1 2 -4 -5 -6 -7
leaf_value=0.00059060465783945153 -0.00059523085908922573 -0.00060291672655231928 0.00072759019299511519 3.1758886742908034e-05 0.00087265415286475964 -4.302102548535913e-05
leaf_weight=35 67 122 23 1822 22 24
leaf_count=35 67 122 23 1822 22 24
internal_value=3.62263e-12 -1.90939e-05 -0.000391871 9.5205e-06 0.00047947 0.000332859
internal_weight=2115 2034 145 1889 81 59
internal_count=2115 2034 145 1889 81 59
is_linear=0
shrinkage=0.04


Tree=11
num_leaves=8
num_cat=0
split_feature=4 28 10 28 73 80 76
split_gain=0.0115771 0.013867 0.0144035 0.0116097 0.0176385 0.01262 0.00756812
threshold=0.40883348270282055 1.3960620037320377 1.5918647872201084 -0.46078879681394852 -0.014049082860651796 0.13590721441662848 0.11622911923654185
decision_type=2 2 2 2 2 2 2
left_child=3 2 -2 4 -1 -5 -3
right_child=1 6 -4 5 -6 -7 -8
leaf_value=0.00014184867624915544 -0.00014273173177404471 -0.0012242080537705786 0.00065527904874239211 -7.8075935139192756e-06 -0.00037785055279614235 0.00026353631907246851 -0.00031487472100707239
leaf_weight=207 502 27 39 551 211 546 32
leaf_count=207 502 27 39 551 211 546 32
internal_value=2.63517e-13 -0.000148708 -8.52042e-05 5.88944e-05 -0.000120488 0.000127246 -0.00073101
internal_weight=2115 600 541 1515 418 1097 59
internal_count=2115 600 541 1515 418 1097 59
is_linear=0
shrinkage=0.04


Tree=12
num_leaves=7
num_cat=0
split_feature=36 38 10 7 80 75
split_gain=0.0113117 0.012798 0.0147173 0.0106921 0.010325 0.00787345
threshold=1.1338649966916814 2.7989061694027568 1.9617888006471167 0.085695281108830693 -0.045642313234618065 0.37925101691301888
decision_type=2 2 2 2 2 2
left_child=1 2 -1 4 -2 -5
right_child=3 -3 -4 5 -6 -7
leaf_value=1.9273161588688919e-05 -0.0014138308248442153 -0.00071348772850280903 0.00070136232218758854 -0.00032966083536996657 -0.00034525542374467475 0.00058722741532382433
leaf_weight=1898 23 37 52 43 39 23
leaf_count=1898 23 37 52 43 39 23
internal_value=-1.75621e-13 2.34787e-05 3.74622e-05 -0.000364471 -0.000741662 -1.01392e-05
internal_weight=2115 1987 1950 128 62 66
internal_count=2115 1987 1950 128 62 66
is_linear=0
shrinkage=0.04


Tree=13
num_leaves=7
num_cat=0
split_feature=9 28 60 80 94 76
split_gain=0.0108055 0.0110251 0.0154211 0.0126232 0.00946957 0.00608747
threshold=1.0305186977344227 -0.3762849221170958 0.85781277147895041 -0.039248845471406051 0.29985578528641627 -0.72127835237827997
decision_type=2 2 2 2 2 2
left_child=1 2 -1 -3 5 -2
right_child=4 3 -4 -5 -6 -7
leaf_value=-8.0691332275730114e-05 -0.00079359244043007498 -6.2722290945460703e-05 -0.0011843550954723642 0.00018472103126792973 -0.00094133947713999084 -2.3613895160530735e-05
leaf_weight=572 20 547 21 831 32 92
leaf_count=572 20 547 21 831 32 92
internal_value=-2.67707e-12 2.44379e-05 -0.000119776 8.64979e-05 -0.000334494 -0.00016111
internal_weight=2115 1971 593 1378 144 112
internal_count=2115 1971 593 1378 144 112
is_linear=0
shrinkage=0.04


Tree=14
num_leaves=7
num_cat=0
split_feature=36 61 64 38 109 111
split_gain=0.0105285 0.0118639 0.0127435 0.0116414 0.00323512 0.00249554
threshold=-1.302374804500692 -1.7703129554539889 -0.54572188900676422 3.0828060901657026 -1.3093834338897132 -0.33369814295815275
decision_type=2 2 2 2 2 2
left_child=4 2 -2 -3 -1 -6
right_child=1 3 -4 -5 5 -7
leaf_value=5.7553526102786975e-05 -0.001368652792647481 1.4422742011687266e-05 -0.00020275976482662375 -0.00080707078317313313 0.00088155339099466794 0.00031301901365319884
leaf_weight=21 20 1935 60 28 30 21
leaf_count=21 20 1935 60 28 30 21
internal_value=3.39761e-12 -1.67541e-05 -0.000494233 2.70506e-06 0.000475398 0.000647451
internal_weight=2115 2043 80 1963 72 51
internal_count=2115 2043 80 1963 72 51
is_linear=0
shrinkage=0.04


Tree=15
num_leaves=6
num_cat=0
split_feature=36 38 10 39 106
split_gain=0.0103878 0.011 0.0135623 0.00687893 0.00610524
threshold=1.2520718084945377 2.7989061694027568 1.9617888006471167 1.1617425074360355 0.20665855567723448
decision_type=2 2 2 2 2
left_child=1 2 -1 4 -2
right_child=3 -3 -4 -5 -6
leaf_value=1.474287136996455e-05 -0.00037046300953853524 -0.00066401403321415765 0.00066333959415062983 0.00012113129013284509 -0.001190828193156492
leaf_weight=1929 47 37 53 28 21
leaf_count=1929 47 37 53 28 21
internal_value=3.55954e-13 1.93301e-05 3.20868e-05 -0.000406536 -0.000623811
internal_weight=2115 2019 1982 96 68
internal_count=2115 2019 1982 96 68
is_linear=0
shrinkage=0.04


Tree=16
num_leaves=8
num_cat=0
split_feature=4 28 10 98 42 91 76
split_gain=0.0102729 0.0119936 0.0124522 0.0107992 0.0191371 0.0108745 0.00629389
threshold=0.40883348270282055 1.3960620037320377 1.5918647872201084 1.3723223081888223 0.45423028416283773 0.27588277627295266 0.11622911923654185
decision_type=2 2 2 2 2 2 2
left_child=3 2 -2 5 -5 -1 -3
right_child=1 6 -4 4 -6 -7 -8
leaf_value=0.00012197369052156073 -0.00013451194396104285 -0.0011313906582762245 0.00060747689477956069 8.7526756604867329e-05 0.0015908578172093258 -0.00010180335564696377 -0.00030213453290343749
leaf_weight=878 502 27 39 42 20 575 32
leaf_count=878 502 27 39 42 20 575 32
internal_value=5.22037e-13 -0.000140082 -8.10229e-05 5.54781e-05 0.000572472 3.34177e-05 -0.000681625
internal_weight=2115 600 541 1515 62 1453 59
internal_count=2115 600 541 1515 62 1453 59
is_linear=0
shrinkage=0.04


Tree=17
num_leaves=8
num_cat=0
split_feature=62 59 38 64 93 47 46
split_gain=0.00995259 0.0110439 0.00983489 0.00888802 0.00925109 0.00912176 0.00707374
threshold=-0.2659339001562388 1.6090429149585457 0.86971875624413808 0.16431981741367077 0.028617518947400746 -0.40045498586491485 0.29064894859846352
decision_type=2 2 2 2 2 2 2
left_child=1 2 -1 4 -2 -5 -3
right_child=3 6 -4 5 -6 -7 -8
leaf_value=0.00013404001367948678 -2.5749944476199564e-05 0.0011385147252048439 -0.00030874134592151129 0.00033380148324006645 -0.00029799390658066447 -3.5091740056022458e-05 0.00025026121448718186
leaf_weight=586 441 26 93 143 365 429 32
leaf_count=586 441 26 93 143 365 429 32
internal_value=-5.82627e-13 0.000118649 7.3394e-05 -6.34574e-05 -0.000149037 5.71316e-05 0.000648444
internal_weight=2115 737 679 1378 806 572 58
internal_count=2115 737 679 1378 806 572 58
is_linear=0
shrinkage=0.04


Tree=18
num_leaves=7
num_cat=0
split_feature=36 61 25 28 91 67
split_gain=0.00979894 0.010665 0.0121288 0.0101415 0.00299956 0.00235514
threshold=-1.302374804500692 -1.7703129554539889 -0.44886400342616034 1.1583571888982098 0.95863783892561283 -0.90871243457512152
decision_type=2 2 2 2 2 2
left_child=4 2 -2 -3 5 -1
right_child=1 3 -4 -5 -6 -7
leaf_value=0.00088057624279624881 -0.00093735470292380168 2.7190185160752472e-05 4.8919040954818852e-05 -0.00032963978359050857 5.6285399588800613e-05 0.00033599141718392879
leaf_weight=27 42 1826 38 137 21 24
leaf_count=27 42 1826 38 137 21 24
internal_value=-1.20853e-13 -1.61632e-05 -0.000468875 2.28662e-06 0.00045863 0.000624301
internal_weight=2115 2043 80 1963 72 51
internal_count=2115 2043 80 1963 72 51
is_linear=0
shrinkage=0.04


Tree=19
num_leaves=8
num_cat=0
split_feature=41 28 118 117 69 74 4
split_gain=0.00939776 0.014714 0.0180734 0.00961541 0.0101551 0.00961435 0.00324032
threshold=0.71973562473364139 -0.46078879681394852 -0.6297341207974988 -0.61874484732215962 0.51289807052118719 -1.0234107596904274 0.49850704869973855
decision_type=2 2 2 2 2 2 2
left_child=1 2 -1 6 -5 -3 -2
right_child=3 5 -4 4 -6 -7 -8
leaf_value=-0.0008052777633776949 0.00042485769963329374 0.00071260590548030082 -6.7330998809297485e-05 -0.00025963818142253842 -0.0010716375301902494 7.5803346610460744e-05 -7.6510768955234784e-05
leaf_weight=62 33 39 370 138 30 1388 55
leaf_count=62 33 39 370 138 30 1388 55
internal_value=6.49427e-13 3.12894e-05 -0.00017324 -0.000227215 -0.000404638 9.32072e-05 0.000111502
internal_weight=2115 1859 432 256 168 1427 88
internal_count=2115 1859 432 256 168 1427 88
is_linear=0
shrinkage=0.04


Tree=20
num_leaves=7
num_cat=0
split_feature=36 97 40 11 39 106
split_gain=0.00905833 0.0100021 0.0155044 0.0117345 0.00614047 0.00540562
threshold=1.2520718084945377 -0.030009076679635555 -0.81139325817511221 0.81957479597747029 1.1617425074360355 0.20665855567723448
decision_type=2 2 2 2 2 2
left_child=1 3 -3 -1 5 -2
right_child=4 2 -4 -5 -6 -7
leaf_value=-2.090631490673628e-05 -0.00034652166561461347 -0.00066472388012334713 0.00013886207276959326 -0.00044230820802234423 0.00011890999311747561 -0.0011184532558988958
leaf_weight=889 47 40 970 120 28 21
leaf_count=889 47 40 970 120 28 21
internal_value=-1.81405e-13 1.80508e-05 0.000107037 -7.10235e-05 -0.000379631 -0.000584912
internal_weight=2115 2019 1010 1009 96 68
internal_count=2115 2019 1010 1009 96 68
is_linear=0
shrinkage=0.04


Tree=21
num_leaves=8
num_cat=0
split_feature=62 105 11 46 64 93 68
split_gain=0.00889701 0.0100491 0.0136396 0.00972185 0.00816954 0.00866521 0.00840389
threshold=-0.2659339001562388 0.13272728842429579 -0.68599372674111958 1.5629454971245822 0.16431981741367077 0.028617518947400746 -0.46671313313493384
decision_type=2 2 2 2 2 2 2
left_child=1 3 -3 -1 5 -2 -6
right_child=4 2 -4 -5 6 -7 -8
leaf_value=-7.2263668648467753e-05 -2.272636087821446e-05 -0.0002004113338464069 0.0004264130981527882 0.00063313601934704129 0.00029040252755134645 -0.00028620863485481741 -4.4507343659109632e-05
leaf_weight=388 441 72 243 34 171 365 401
leaf_count=388 441 72 243 34 171 365 401
internal_value=-6.75623e-13 0.000112181 0.000283139 -1.54305e-05 -5.99979e-05 -0.000142045 5.56143e-05
internal_weight=2115 737 315 422 1378 806 572
internal_count=2115 737 315 422 1378 806 572
is_linear=0
shrinkage=0.04


Tree=22
num_leaves=7
num_cat=0
split_feature=36 61 25 28 14 67
split_gain=0.00890698 0.0112805 0.0123336 0.0103407 0.0030136 0.00278801
threshold=-1.2485062535728004 -1.7703129554539889 -0.44886400342616034 1.4760658156454676 -0.55967603705208802 -0.90871243457512152
decision_type=2 2 2 2 2 2
left_child=4 2 -2 -3 -1 -6
right_child=1 3 -4 -5 5 -7
leaf_value=9.2314769691952003e-05 -0.00099172218731091093 1.9382807483540484e-05 2.7759235786475444e-05 -0.0004690925700358801 0.00085195980092976241 0.00028748688246456105
leaf_weight=34 39 1877 37 72 28 28
leaf_count=34 39 1877 37 72 28 28
internal_value=1.54876e-13 -1.73053e-05 -0.000495396 1.33754e-06 0.000389369 0.000569723
internal_weight=2115 2025 76 1949 90 56
internal_count=2115 2025 76 1949 90 56
is_linear=0
shrinkage=0.04


Tree=23
num_leaves=8
num_cat=0
split_feature=4 98 42 74 45 91 42
split_gain=0.0086902 0.00999591 0.0176354 0.00953051 0.00950965 0.00946628 0.00942824
threshold=0.40883348270282055 1.3723223081888223 0.45423028416283773 -1.014620517602558 -2.1053749976703937 0.27588277627295266 0.49350633988354209
decision_type=2 2 2 2 2 2 2
left_child=1 5 -3 6 -5 -1 -2
right_child=3 2 -4 4 -6 -7 -8
leaf_value=0.00011242514750317112 0.0010219226142560895 8.2891931385910592e-05 0.0015260327951109505 0.0003046576294385023 -0.00023264065657934148 -9.6360821460383825e-05 -0.00011346143698319792
leaf_weight=878 22 42 20 59 494 575 25
leaf_count=878 22 42 20 59 494 575 25
internal_value=7.39585e-13 5.10257e-05 0.000548421 -0.00012884 -0.000175316 2.98017e-05 0.000417995
internal_weight=2115 1515 62 600 553 1453 47
internal_count=2115 1515 62 600 553 1453 47
is_linear=0
shrinkage=0.04


Tree=24
num_leaves=7
num_cat=0
split_feature=36 61 64 38 91 67
split_gain=0.00826412 0.00891293 0.0117596 0.00931907 0.00262422 0.00215186
threshold=-1.302374804500692 -1.7703129554539889 -0.54572188900676422 3.0828060901657026 0.95863783892561283 -0.90871243457512152
decision_type=2 2 2 2 2 2
left_child=4 2 -2 -3 5 -1
right_child=1 3 -4 -5 -6 -7
leaf_value=0.00082110898082545544 -0.0012686889152973891 1.2506828429798397e-05 -0.00014870562277307425 -0.00072249234520963251 4.4852495193481445e-05 0.00030055599296853567
leaf_weight=27 20 1935 60 28 21 24
leaf_count=27 20 1935 60 28 21 24
internal_value=1.82531e-13 -1.48435e-05 -0.000428701 2.02289e-06 0.000421183 0.000576143
internal_weight=2115 2043 80 1963 72 51
internal_count=2115 2043 80 1963 72 51
is_linear=0
shrinkage=0.04


Tree=25
num_leaves=8
num_cat=0
split_feature=41 28 118 117 69 68 49
split_gain=0.00815696 0.0135409 0.0164125 0.00860101 0.00903331 0.0085356 0.0029479
threshold=0.71973562473364139 -0.46078879681394852 -0.6297341207974988 -0.61874484732215962 0.51289807052118719 -0.48360898764523347 -0.1688004514786493
decision_type=2 2 2 2 2 2 2
left_child=1 2 -1 6 -5 -3 -2
right_child=3 5 -4 4 -6 -7 -8
leaf_value=-0.00076935303863137963 0.00032000951046939007 0.00027618300475988378 -6.6130598164572567e-05 -0.00024273080361983401 -0.0010085705438007912 3.7543289652266354e-05 -0.00014494161840411835
leaf_weight=62 48 305 370 138 30 1122 40
leaf_count=62 48 305 370 138 30 1122 40
internal_value=1.07725e-12 2.91507e-05 -0.000167056 -0.000211684 -0.000379488 8.8549e-05 0.000108668
internal_weight=2115 1859 432 256 168 1427 88
internal_count=2115 1859 432 256 168 1427 88
is_linear=0
shrinkage=0.04


Tree=26
num_leaves=8
num_cat=0
split_feature=62 59 10 64 47 93 40
split_gain=0.00792903 0.00919095 0.00816993 0.00741271 0.008429 0.00780285 0.00586554
threshold=-0.2659339001562388 1.703920516741378 0.85664911155798817 0.16431981741367077 -0.40045498586491485 0.028617518947400746 1.0410539129766205
decision_type=2 2 2 2 2 2 2
left_child=1 2 -1 5 -5 -2 -3
right_child=3 6 -4 4 -6 -7 -8
leaf_value=0.00012205393619264747 -2.1568720846997481e-05 0.00021952794204009005 -0.00028118494575122194 0.0003194433669160752 -3.5165360706936962e-05 -0.00027159651819965802 0.0010789598503227655
leaf_weight=593 441 27 93 143 429 365 24
leaf_count=593 441 27 93 143 429 365 24
internal_value=8.22471e-13 0.000105902 6.73874e-05 -5.66401e-05 5.34868e-05 -0.000134795 0.000623966
internal_weight=2115 737 686 1378 572 806 51
internal_count=2115 737 686 1378 572 806 51
is_linear=0
shrinkage=0.04


Tree=27
num_leaves=8
num_cat=0
split_feature=4 98 42 28 10 91 76
split_gain=0.0077886 0.00925619 0.0160816 0.00889089 0.0107722 0.00855919 0.00528966
threshold=0.40883348270282055 1.3723223081888223 0.45423028416283773 1.3960620037320377 1.5918647872201084 0.27588277627295266 0.11622911923654185
decision_type=2 2 2 2 2 2 2
left_child=1 5 -3 4 -2 -1 -5
right_child=3 2 -4 6 -6 -7 -8
leaf_value=0.00010644787341701148 -0.00012087427261431583 8.2395679741499158e-05 0.0014604953943053263 -0.0010005613412983993 0.00056924869342205617 -9.208296883146471e-05 -0.0002403346912797133
leaf_weight=878 502 42 20 27 39 575 32
leaf_count=878 502 42 20 27 39 575 32
internal_value=3.42125e-14 4.83063e-05 0.000526944 -0.000121973 -7.11242e-05 2.78827e-05 -0.000588235
internal_weight=2115 1515 62 600 541 1453 59
internal_count=2115 1515 62 600 541 1453 59
is_linear=0
shrinkage=0.04


Tree=28
num_leaves=6
num_cat=0
split_feature=36 38 13 39 92
split_gain=0.0077201 0.00870573 0.0116558 0.00556217 0.00508304
threshold=1.2520718084945377 2.7989061694027568 2.2264000467871585 1.1617425074360355 -0.55629427646997109
decision_type=2 2 2 2 2
left_child=1 2 -1 4 -2
right_child=3 -3 -4 -5 -6
leaf_value=1.4270003189704962e-05 -0.0010141051094008919 -0.00059125423223736718 0.00071268604607142231 0.00012401587130146449 -0.00029042927972279195
leaf_weight=1943 24 37 39 28 44
leaf_count=1943 24 37 39 28 44
internal_value=-5.36824e-13 1.66642e-05 2.80128e-05 -0.000350468 -0.000545844
internal_weight=2115 2019 1982 96 68
internal_count=2115 2019 1982 96 68
is_linear=0
shrinkage=0.04


Tree=29
num_leaves=7
num_cat=0
split_feature=36 61 25 28 14 67
split_gain=0.007545 0.00915363 0.0113051 0.0084036 0.00261534 0.00243464
threshold=-1.2485062535728004 -1.7703129554539889 -0.44886400342616034 1.1583571888982098 -0.55967603705208802 -0.98378988881111551
decision_type=2 2 2 2 2 2
left_child=4 2 -2 -3 -1 -6
right_child=1 3 -4 -5 5 -7
leaf_value=8.1634499981780259e-05 -0.00092177729910382855 2.3162232109395475e-05 5.4270836203736632e-05 -0.00030855338068950909 0.00079971813355331071 0.00027189266643133658
leaf_weight=34 39 1818 37 131 27 29
leaf_count=34 39 1818 37 131 27 29
internal_value=6.19798e-13 -1.59273e-05 -0.000446596 8.66314e-07 0.000358365 0.00052638
internal_weight=2115 2025 76 1949 90 56
internal_count=2115 2025 76 1949 90 56
is_linear=0
shrinkage=0.04


Tree=30
num_leaves=5
num_cat=0
split_feature=74 4 80 94
split_gain=0.00749294 0.00898433 0.00937009 0.0074778
threshold=-1.1635055743316054 0.40883348270282055 0.16700441732761831 0.38269688638214444
decision_type=2 2 2 2
left_child=-1 2 -2 -3
right_child=1 3 -4 -5
leaf_value=0.0005721458955344537 -4.1775720618024277e-05 -0.00010126902497821798 0.00016125044945982734 -0.00062774844338839991
leaf_weight=36 886 529 617 47
leaf_count=36 886 529 617 47
internal_value=1.68568e-14 -9.90729e-06 4.1569e-05 -0.000144228
internal_weight=2115 2079 1503 576
internal_count=2115 2079 1503 576
is_linear=0
shrinkage=0.04


Tree=31
num_leaves=7
num_cat=0
split_feature=35 97 40 11 98 46
split_gain=0.00704311 0.00867836 0.013167 0.00992292 0.00668697 0.00258506
threshold=1.3012400804509592 -0.030009076679635555 -0.81139325817511221 0.81957479597747029 -0.93626083945005367 0.26732808523682711
decision_type=2 2 2 2 2 2
left_child=1 3 -3 -1 -2 -6
right_child=4 2 -4 -5 5 -7
leaf_value=-2.1263669812225856e-05 -0.00095148144093716678 -0.00060590559900624728 0.00012578642333978298 -0.0003965158897939151 -0.0004602023928115765 0.00012688802160222882
leaf_weight=895 23 41 978 129 21 28
leaf_count=895 23 41 978 129 21 28
internal_value=-2.76142e-13 1.37031e-05 9.63464e-05 -6.85367e-05 -0.000388826 -0.000124722
internal_weight=2115 2043 1019 1024 72 49
internal_count=2115 2043 1019 1024 72 49
is_linear=0
shrinkage=0.04


Tree=32
num_leaves=5
num_cat=0
split_feature=74 4 117 45
split_gain=0.00694919 0.00814424 0.00860376 0.0071239
threshold=-1.1635055743316054 0.40883348270282055 1.9531140159756397 -2.1053749976703937
decision_type=2 2 2 2
left_child=-1 2 -2 -3
right_child=1 3 -4 -5
leaf_value=0.0005509953559117599 2.6283697880828219e-05 0.00027131114315363716 0.00073408042097331168 -0.00018584178108834996
leaf_weight=36 1475 61 28 515
leaf_count=36 1475 61 28 515
internal_value=6.83768e-13 -9.54104e-06 3.94695e-05 -0.000137428
internal_weight=2115 2079 1503 576
internal_count=2115 2079 1503 576
is_linear=0
shrinkage=0.04


Tree=33
num_leaves=8
num_cat=0
split_feature=28 41 80 86 25 28 28
split_gain=0.00682941 0.0131017 0.0127777 0.016013 0.00831142 0.00746782 0.00551737
threshold=-0.46078879681394852 0.70177811860313788 -0.38192834200519249 0.72284277796297591 -0.3895639210708714 -0.74891352673418976 1.1798173197001323
decision_type=2 2 2 2 2 2 2
left_child=2 4 5 -4 -2 -1 -3
right_child=1 6 3 -5 -6 -7 -8
leaf_value=0.00043060951528748546 -3.8110419803920074e-05 -0.00015009596683250429 -0.00023231307599255873 -0.0014109313378576189 0.00016119106088179937 -7.4864698970778751e-05 -0.00066536860476480806
leaf_weight=71 545 197 237 20 868 137 40
leaf_count=71 545 197 237 20 868 137 40
internal_value=-7.3064e-13 3.81576e-05 -0.000135398 -0.000324034 8.43196e-05 9.7677e-05 -0.000237062
internal_weight=2115 1650 465 257 1413 208 237
internal_count=2115 1650 465 257 1413 208 237
is_linear=0
shrinkage=0.04


Tree=34
num_leaves=7
num_cat=0
split_feature=46 46 60 36 24 25
split_gain=0.00683273 0.0110485 0.0153039 0.00974618 0.00755013 0.00747766
threshold=2.1763813187858081 0.0078159619188341838 0.7160441398490629 1.1022884728686115 0.63971495479101947 -0.039077551110427218
decision_type=2 2 2 2 2 2
left_child=1 3 -3 -1 5 -2
right_child=4 2 -4 -5 -6 -7
leaf_value=9.7222846258567398e-05 0.00033750027303213782 -5.7904038349936318e-05 -0.00053698682383964628 -0.00040462304951771253 0.00075230293227611367 -0.00031000281493955603
leaf_weight=1001 78 764 124 66 37 45
leaf_count=1001 78 764 124 66 37 45
internal_value=-2.3658e-13 -2.05678e-05 -0.000124803 6.61808e-05 0.000251313 0.000100609
internal_weight=2115 1955 888 1067 160 123
internal_count=2115 1955 888 1067 160 123
is_linear=0
shrinkage=0.04


Tree=35
num_leaves=5
num_cat=0
split_feature=38 13 47 47
split_gain=0.00677553 0.00979515 0.011567 0.00323463
threshold=3.0828060901657026 2.2264000467871585 -0.91248991428705606 -0.33056814106999866
decision_type=2 2 2 2
left_child=1 2 -1 -3
right_child=-2 3 -4 -5
leaf_value=-0.00038274412199735549 -0.00057762497206567784 0.00098508387710899122 2.0475860889345393e-05 0.00027429672013524743
leaf_weight=121 32 20 1921 21
leaf_count=121 32 20 1921 21
internal_value=-2.05357e-13 8.87374e-06 -3.41719e-06 0.000621022
internal_weight=2115 2083 2042 41
internal_count=2115 2083 2042 41
is_linear=0
shrinkage=0.04


Tree=36
num_leaves=8
num_cat=0
split_feature=62 105 11 46 63 4 29
split_gain=0.0067083 0.00817451 0.01206 0.0087072 0.00682349 0.0124106 0.00543013
threshold=-0.2659339001562388 0.13272728842429579 -0.68599372674111958 1.5629454971245822 1.1636558311346064 0.56143030489243428 -0.44202584724559152
decision_type=2 2 2 2 2 2 2
left_child=1 3 -3 -1 6 -6 -2
right_child=4 2 -4 -5 5 -7 -8
leaf_value=-7.1470899061544687e-05 0.00013510168920986596 -0.00020308916929530422 0.00038632308018028276 0.00059610420334673319 0.0010936485506270242 -0.00011675255542451685 -0.00010239519699600758
leaf_weight=388 178 72 243 34 23 33 1144
leaf_count=388 178 72 243 34 23 33 1144
internal_value=1.12494e-14 9.74097e-05 0.0002516 -1.76852e-05 -5.20979e-05 0.000380376 -7.04176e-05
internal_weight=2115 737 315 422 1378 56 1322
internal_count=2115 737 315 422 1378 56 1322
is_linear=0
shrinkage=0.04


Tree=37
num_leaves=6
num_cat=0
split_feature=36 61 64 38 84
split_gain=0.0065671 0.00747347 0.0112566 0.00726437 0.00228792
threshold=-1.302374804500692 -1.7703129554539889 -0.54572188900676422 3.0828060901657026 0.95132398435685916
decision_type=2 2 2 2 2
left_child=4 2 -2 -3 -1
right_child=1 3 -4 -5 -6
leaf_value=0.00058874234875762148 -0.0012140251453965903 1.1468770703660607e-05 -0.00011825761554064229 -0.00063746369412651148 0.00013707833022207899
leaf_weight=38 20 1935 60 28 34
leaf_count=38 20 1935 60 28 34
internal_value=2.43977e-13 -1.32319e-05 -0.000392199 2.21247e-06 0.000375457
internal_weight=2115 2043 80 1963 72
internal_count=2115 2043 80 1963 72
is_linear=0
shrinkage=0.04


Tree=38
num_leaves=5
num_cat=0
split_feature=74 46 40 25
split_gain=0.00648552 0.00724889 0.0114778 0.00659237
threshold=-1.1635055743316054 2.1763813187858081 -0.87176354783965759 0.56661420154995579
decision_type=2 2 2 2
left_child=-1 2 -2 -3
right_child=1 3 -4 -5
leaf_value=0.00053229599631676033 -0.00061096415881348675 0.00011575011911966121 -1.4038933956351898e-05 0.00074558049221249193
leaf_weight=36 53 122 1870 34
leaf_count=36 53 122 1870 34
internal_value=1.03893e-13 -9.21725e-06 -3.04909e-05 0.000253021
internal_weight=2115 2079 1923 156
internal_count=2115 2079 1923 156
is_linear=0
shrinkage=0.04


Tree=39
num_leaves=6
num_cat=0
split_feature=9 28 91 74 74
split_gain=0.00633583 0.00828362 0.00927868 0.00909965 0.00401175
threshold=-1.5760594612362355 1.1798173197001323 1.1664232202451787 0.96410375217811095 0.44733913737665293
decision_type=2 2 2 2 2
left_child=4 2 -2 -3 -1
right_child=1 3 -4 -5 -6
leaf_value=0.00011626937154384602 2.4205255247703093e-05 -0.00045081415150503992 -0.00059911414022700718 0.00038928284794092181 0.00087330773561483329
leaf_weight=24 1888 118 39 25 21
leaf_count=24 1888 118 39 25 21
internal_value=-4.13852e-13 -1.02077e-05 1.15901e-05 -0.000303944 0.000469554
internal_weight=2115 2070 1927 143 45
internal_count=2115 2070 1927 143 45
is_linear=0
shrinkage=0.04


Tree=40
num_leaves=8
num_cat=0
split_feature=62 94 90 64 47 93 94
split_gain=0.00619566 0.00788131 0.0104828 0.0063307 0.00755089 0.00724378 0.00512429
threshold=-0.2659339001562388 -0.15074445596627958 0.43305894372572057 0.16431981741367077 -0.40045498586491485 0.028617518947400746 -1.104848210853514
decision_type=2 2 2 2 2 2 2
left_child=1 6 -3 5 -5 -2 -1
right_child=3 2 -4 4 -6 -7 -8
leaf_value=0.00040651605027078682 -1.3199087808059387e-05 0.00035683669507695874 -4.6630476496944311e-05 0.00030342719513577754 -3.2202607099227892e-05 -0.00025410325060760421 -0.00012172946680133898
leaf_weight=33 441 269 167 143 429 365 268
leaf_count=33 441 269 167 143 429 365 268
internal_value=1.04306e-13 9.36137e-05 0.000202298 -5.00677e-05 5.17048e-05 -0.000122293 -6.38155e-05
internal_weight=2115 737 436 1378 572 806 301
internal_count=2115 737 436 1378 572 806 301
is_linear=0
shrinkage=0.04


Tree=41
num_leaves=8
num_cat=0
split_feature=28 41 80 86 25 28 34
split_gain=0.00608251 0.0115343 0.0115033 0.0144598 0.00762988 0.00681859 0.00504956
threshold=-0.46078879681394852 0.70177811860313788 -0.38192834200519249 0.72284277796297591 -0.3895639210708714 -0.74891352673418976 1.0822867790538797
decision_type=2 2 2 2 2 2 2
left_child=2 4 5 -4 -2 -1 -3
right_child=1 6 3 -5 -6 -7 -8
leaf_value=0.00041149786889100524 -3.797962207094432e-05 -8.9178234369076872e-05 -0.00021960211438527195 -0.0013396025956608354 0.00015297573368908132 -7.1504657317367622e-05 -0.00047845300355590925
leaf_weight=71 545 156 237 20 868 137 81
leaf_count=71 545 156 237 20 868 137 81
internal_value=1.21991e-12 3.60106e-05 -0.00012778 -0.000306762 7.93235e-05 9.33664e-05 -0.000222222
internal_weight=2115 1650 465 257 1413 208 237
internal_count=2115 1650 465 257 1413 208 237
is_linear=0
shrinkage=0.04


Tree=42
num_leaves=8
num_cat=0
split_feature=33 61 25 28 68 40 11
split_gain=0.00606116 0.0112034 0.0104134 0.00845726 0.00643896 0.00690658 0.00531155
threshold=-0.74760188227990654 -1.724536243115476 -0.45550354070874993 1.4760658156454676 0.34145020266793197 -0.67404905745255139 -0.44579325043476814
decision_type=2 2 2 2 2 2 2
left_child=4 2 -2 -3 5 -1 -6
right_child=1 3 -4 -5 6 -7 -8
leaf_value=0.00067797959967893324 -0.001188303841650486 5.8502357270850913e-06 -0.00012562960597279016 -0.00051207310517873761 0.00011684359031611346 -9.5917486198327662e-05 0.00060612265638757868
leaf_weight=21 25 1687 36 52 71 152 71
leaf_count=21 25 1687 36 52 71 152 71
internal_value=7.34321e-13 -2.83271e-05 -0.000561152 -9.63683e-06 0.000161869 -1.97622e-06 0.000361483
internal_weight=2115 1800 61 1739 315 173 142
internal_count=2115 1800 61 1739 315 173 142
is_linear=0
shrinkage=0.04


Tree=43
num_leaves=5
num_cat=0
split_feature=74 38 47 25
split_gain=0.00594441 0.00685084 0.0125601 0.00623743
threshold=-1.1635055743316054 -0.18696585127557747 -0.8832982654141216 0.13557963233586875
decision_type=2 2 2 2
left_child=-1 3 -3 -2
right_child=1 2 -4 -5
leaf_value=0.00050960690583451657 -7.9377419165320884e-07 -0.00044515454853649022 8.2107613824866239e-05 -0.00022285552033160825
leaf_weight=36 459 77 1181 362
leaf_count=36 459 77 1181 362
internal_value=-1.95797e-13 -8.82436e-06 4.98348e-05 -9.87065e-05
internal_weight=2115 2079 1258 821
internal_count=2115 2079 1258 821
is_linear=0
shrinkage=0.04


Tree=44
num_leaves=7
num_cat=0
split_feature=35 97 40 11 92 60
split_gain=0.00588447 0.00707696 0.0108386 0.00841757 0.0061509 0.00223996
threshold=1.3012400804509592 -0.030009076679635555 -0.83170667358225192 0.81957479597747029 -0.55629427646997109 0.23063458524252345
decision_type=2 2 2 2 2 2
left_child=1 3 -3 -1 -2 -6
right_child=4 2 -4 -5 5 -7
leaf_value=-1.8200139966749866e-05 -0.00091276854834921488 -0.0005945329114587771 0.00011212028433206355 -0.00036381861707613018 -0.0003287678799436738 0.00021773087268229575
leaf_weight=895 22 36 983 129 30 20
leaf_count=895 22 36 983 129 30 20
internal_value=3.80375e-13 1.25254e-05 8.71551e-05 -6.174e-05 -0.000355407 -0.000110168
internal_weight=2115 2043 1019 1024 72 50
internal_count=2115 2043 1019 1024 72 50
is_linear=0
shrinkage=0.04


Tree=45
num_leaves=4
num_cat=0
split_feature=38 117 10
split_gain=0.0055974 0.00942073 0.00945956
threshold=3.0828060901657026 1.9531140159756397 1.899479978044404
decision_type=2 2 2
left_child=1 2 -1
right_child=-2 -3 -4
leaf_value=-1.9507151143263241e-05 -0.00052500982816127361 0.0007117719138041138 0.00042418459658802017
leaf_weight=1973 32 30 80
leaf_count=1973 32 30 80
internal_value=6.78178e-13 8.06544e-06 -2.21765e-06
internal_weight=2115 2083 2053
internal_count=2115 2083 2053
is_linear=0
shrinkage=0.04


Tree=46
num_leaves=7
num_cat=0
split_feature=46 33 61 35 74 47
split_gain=0.00560939 0.0100653 0.0107724 0.00884861 0.00750483 0.00422636
threshold=0.0078159619188341838 -0.96651647376164218 -1.724536243115476 1.326531802640303 2.2246516537235714 0.84757890002508873
decision_type=2 2 2 2 2 2
left_child=3 5 -3 4 -1 -2
right_child=1 2 -4 -5 -6 -7
leaf_value=5.9067080799145615e-05 0.00053529855562373997 -0.00078360898678915374 -7.8222673482374847e-05 -0.00072933363029733297 0.00059872739109059065 -1.4657057925230927e-05
leaf_weight=1002 59 36 917 22 43 36
leaf_count=1002 59 36 917 22 43 36
internal_value=-7.09294e-13 -6.57301e-05 -0.000104869 6.45597e-05 8.12732e-05 0.000326894
internal_weight=2115 1048 953 1067 1045 95
internal_count=2115 1048 953 1067 1045 95
is_linear=0
shrinkage=0.04


Tree=47
num_leaves=5
num_cat=0
split_feature=74 4 80 76
split_gain=0.00552047 0.00656414 0.0075752 0.00626965
threshold=-1.1635055743316054 0.40883348270282055 0.16700441732761831 -0.86665400656054903
decision_type=2 2 2 2
left_child=-1 2 -2 -3
right_child=1 3 -4 -5
leaf_value=0.00049109893016672384 -3.9442021290913212e-05 -0.00061987429278240983 0.00014310603648293678 -8.8243740902492856e-05
leaf_weight=36 886 38 617 538
leaf_count=36 886 38 617 538
internal_value=-2.83238e-13 -8.50388e-06 3.54962e-05 -0.000123317
internal_weight=2115 2079 1503 576
internal_count=2115 2079 1503 576
is_linear=0
shrinkage=0.04


Tree=48
num_leaves=7
num_cat=0
split_feature=46 46 40 35 25 25
split_gain=0.00536776 0.00945621 0.0135117 0.00803017 0.00685776 0.00606063
threshold=2.1763813187858081 0.0078159619188341838 -0.87176354783965759 1.326531802640303 0.56661420154995579 -0.039077551110427218
decision_type=2 2 2 2 2 2
left_child=1 3 -3 -1 5 -2
right_child=4 2 -4 -5 -6 -7
leaf_value=7.7946294929909368e-05 0.00030433922350848428 -0.0011172185602065709 -9.0378627802471977e-05 -0.00069426310904832048 0.00072687223896055527 -0.00026692385765879107
leaf_weight=1045 78 21 867 22 34 48
leaf_count=1045 78 21 867 22 34 48
internal_value=5.87753e-14 -1.82301e-05 -0.000114662 6.20245e-05 0.000222749 8.67152e-05
internal_weight=2115 1955 888 1067 160 126
internal_count=2115 1955 888 1067 160 126
is_linear=0
shrinkage=0.04


Tree=49
num_leaves=8
num_cat=0
split_feature=62 10 116 46 74 70 47
split_gain=0.00538215 0.0073618 0.00800446 0.00692715 0.00941029 0.00753286 0.0047002
threshold=0.65836067092459338 0.32304711426589899 -0.11621679947900838 2.0490892607465785 -1.2324495359059291 0.1769262764149632 -0.66904187414171867
decision_type=2 2 2 2 2 2 2
left_child=3 6 -3 4 -1 -5 -2
right_child=1 2 -4 5 -6 -7 -8
leaf_value=0.00087255981052294376 -0.00072988912907683045 0.00042334883443301453 -0.00011542162900559263 0.00016105850480936383 -6.7726931999692437e-07 0.00094688602508394976 -0.00021146869999978191
leaf_weight=20 33 62 153 89 1549 25 184
leaf_count=20 33 62 153 89 1549 25 184
internal_value=1.24878e-14 -0.000125946 3.99447e-05 3.23283e-05 1.04539e-05 0.000333389 -0.000290307
internal_weight=2115 432 215 1683 1569 114 217
internal_count=2115 432 215 1683 1569 114 217
is_linear=0
shrinkage=0.04


Tree=50
num_leaves=4
num_cat=0
split_feature=38 117 13
split_gain=0.00526279 0.00848692 0.00855272
threshold=3.0828060901657026 1.9531140159756397 2.2264000467871585
decision_type=2 2 2
left_child=1 2 -1
right_child=-2 -3 -4
leaf_value=-1.2999956575312253e-05 -0.00050907571978314086 0.00067574041181554399 0.00060070604035580486
leaf_weight=2016 32 30 37
leaf_count=2016 32 30 37
internal_value=1.69618e-13 7.82065e-06 -1.9395e-06
internal_weight=2115 2083 2053
internal_count=2115 2083 2053
is_linear=0
shrinkage=0.04


Tree=51
num_leaves=7
num_cat=0
split_feature=9 94 28 60 80 76
split_gain=0.00528092 0.00695833 0.00674904 0.0113456 0.00855672 0.00453536
threshold=1.0305186977344227 0.29985578528641627 -0.3762849221170958 0.85781277147895041 -0.039248845471406051 -0.72127835237827997
decision_type=2 2 2 2 2 2
left_child=2 5 3 -1 -4 -2
right_child=1 -3 4 -5 -6 -7
leaf_value=-6.2224199156679042e-05 -0.00063114311418030413 -0.00075403559400001542 -5.7215825233172623e-05 -0.0010088821593672037 0.00014650904527025086 3.346528721917623e-05
leaf_weight=572 20 32 547 21 831 92
leaf_count=572 20 32 547 21 831 92
internal_value=-9.05315e-13 -0.000233842 1.70843e-05 -9.57483e-05 6.564e-05 -8.52148e-05
internal_weight=2115 144 1971 593 1378 112
internal_count=2115 144 1971 593 1378 112
is_linear=0
shrinkage=0.04


Tree=52
num_leaves=8
num_cat=0
split_feature=62 2 94 63 63 106 91
split_gain=0.00511517 0.00662327 0.00930227 0.00724329 0.00601673 0.0114214 0.0047124
threshold=-0.2659339001562388 -1.2444266192578797 -0.15074445596627958 -0.027715550654317935 1.1636558311346064 -0.17387025112098367 1.2171691369352371
decision_type=2 2 2 2 2 2 2
left_child=1 3 -3 -1 6 -6 -2
right_child=4 2 -4 -5 5 -7 -8
leaf_value=-0.00052336961318823433 -5.1998836907971031e-05 -3.668133037671627e-05 0.00027804924693395662 8.6282714911350115e-05 0.0010202322828020745 -0.0001341047136065754 -0.0005958847198277139
leaf_weight=55 1296 268 342 72 24 32 26
leaf_count=55 1296 268 342 72 24 32 26
internal_value=5.96835e-13 8.50601e-05 0.000139774 -0.00017774 -4.54929e-05 0.000360611 -6.26955e-05
internal_weight=2115 737 610 127 1378 56 1322
internal_count=2115 737 610 127 1378 56 1322
is_linear=0
shrinkage=0.04


Tree=53
num_leaves=7
num_cat=0
split_feature=24 41 68 25 25 10
split_gain=0.00498313 0.0070235 0.00668776 0.0102455 0.00845936 0.00347214
threshold=1.1378841078146127 0.47724581143056638 -0.55116642921450187 1.0997406634058098 1.0211434388330427 0.0068195153722239712
decision_type=2 2 2 2 2 2
left_child=2 -2 4 -4 -1 -3
right_child=1 5 3 -5 -6 -7
leaf_value=0.00026512360290264288 0.00024624242321588099 -0.00014191918619326315 -2.9048886068083164e-05 0.00072906995055683208 -0.00050644843592308458 -0.00080259839703129333
leaf_weight=251 25 20 1730 29 25 35
leaf_count=251 25 20 1730 29 25 35
internal_value=9.73658e-13 -0.000309666 1.21736e-05 -1.65501e-05 0.000195235 -0.000562351
internal_weight=2115 80 2035 1759 276 55
internal_count=2115 80 2035 1759 276 55
is_linear=0
shrinkage=0.04


Tree=54
num_leaves=4
num_cat=0
split_feature=38 117 10
split_gain=0.00501367 0.00769477 0.00796366
threshold=3.0828060901657026 1.9531140159756397 1.899479978044404
decision_type=2 2 2
left_child=1 2 -1
right_child=-2 -3 -4
leaf_value=-1.7523844203735388e-05 -0.00049688091603456992 0.00064361841542025418 0.00038957727243541743
leaf_weight=1973 32 30 80
leaf_count=1973 32 30 80
internal_value=1.56201e-13 7.63331e-06 -1.66019e-06
internal_weight=2115 2083 2053
internal_count=2115 2083 2053
is_linear=0
shrinkage=0.04


Tree=55
num_leaves=8
num_cat=0
split_feature=46 33 61 36 74 13 47
split_gain=0.00493344 0.00877642 0.00988429 0.00741669 0.00838452 0.00629434 0.00384793
threshold=0.0078159619188341838 -0.96651647376164218 -1.724536243115476 1.1338649966916814 2.2246516537235714 0.33639283202080666 0.84757890002508873
decision_type=2 2 2 2 2 2 2
left_child=3 6 -3 4 -1 -5 -2
right_child=1 2 -4 5 -6 -7 -8
leaf_value=6.5450375308194047e-05 0.00050383800586440873 -0.00074834889473600525 -7.2665545921786045e-05 -0.00094809372207237173 0.00071377427143020072 -8.5927061376250578e-05 -2.0918899228692883e-05
leaf_weight=972 59 36 917 20 33 42 36
leaf_count=972 59 36 917 20 33 42 36
internal_value=4.21042e-13 -6.16427e-05 -9.81898e-05 6.0545e-05 8.67386e-05 -0.000364045 0.000304983
internal_weight=2115 1048 953 1067 1005 62 95
internal_count=2115 1048 953 1067 1005 62 95
is_linear=0
shrinkage=0.04


Tree=56
num_leaves=7
num_cat=0
split_feature=93 33 116 35 14 47
split_gain=0.00498597 0.0096577 0.0113644 0.00950076 0.00787563 0.00651412
threshold=0.079912824613476499 -0.74760188227990654 -0.59067448749433449 1.3012400804509592 0.42908714691283451 0.84757890002508873
decision_type=2 2 2 2 2 2
left_child=3 5 -3 4 -1 -2
right_child=1 2 -4 -5 -6 -7
leaf_value=4.7295204343262521e-06 0.0002961771061198995 0.0005102703796947026 -0.00018417231306993426 -0.00061423695404576426 0.00023289637301953831 -0.00014360748564847458
leaf_weight=795 161 40 657 33 348 81
leaf_count=795 161 40 657 33 348 81
internal_value=1.51866e-13 -6.87307e-05 -0.000144319 5.48793e-05 7.41976e-05 0.000148976
internal_weight=2115 939 697 1176 1143 242
internal_count=2115 939 697 1176 1143 242
is_linear=0
shrinkage=0.04


Tree=57
num_leaves=7
num_cat=0
split_feature=62 47 91 112 111 90
split_gain=0.00481415 0.00601022 0.00553959 0.00877132 0.00860531 0.00455457
threshold=0.72247608082536308 -0.84028367567189155 0.23623551596582887 0.063331303965640975 0.17432429014092102 0.78513308834371354
decision_type=2 2 2 2 2 2
left_child=2 -2 3 -1 -4 -3
right_child=1 5 4 -5 -6 -7
leaf_value=0.00021579627201624151 -0.00075507349749703119 -4.541147662875534e-05 -0.00013709392390567166 -1.5356711649352799e-05 0.00021706765657981768 -0.00056012130063027145
leaf_weight=463 23 331 522 607 139 30
leaf_count=463 23 331 522 607 139 30
internal_value=-1.07199e-12 -0.000128129 2.84238e-05 8.46656e-05 -6.26182e-05 -8.81851e-05
internal_weight=2115 384 1731 1070 661 361
internal_count=2115 384 1731 1070 661 361
is_linear=0
shrinkage=0.04


Tree=58
num_leaves=7
num_cat=0
split_feature=47 61 18 47 73 38
split_gain=0.00464206 0.0105792 0.00851372 0.00628137 0.0109957 0.0073213
threshold=-0.91248991428705606 0.22241291278781086 0.37302322492466983 -0.40045498586491485 0.43380396079833122 -0.18696585127557747
decision_type=2 2 2 2 2 2
left_child=1 2 -1 4 -2 -5
right_child=3 -3 -4 5 -6 -7
leaf_value=-0.00074932190315340152 0.0002572415273472935 0.00033878802597571759 1.8371373267942353e-05 -0.00013430228115792549 -0.0002278492643624001 4.5360743434794431e-05
leaf_weight=59 338 38 38 582 96 964
leaf_count=59 338 38 38 582 96 964
internal_value=3.72119e-13 -0.000226948 -0.000448576 1.54737e-05 0.00014994 -2.22744e-05
internal_weight=2115 135 97 1980 434 1546
internal_count=2115 135 97 1980 434 1546
is_linear=0
shrinkage=0.04


Tree=59
num_leaves=5
num_cat=0
split_feature=38 13 47 47
split_gain=0.00469425 0.00715302 0.00870606 0.00294814
threshold=3.0828060901657026 2.2264000467871585 -0.91248991428705606 -0.33056814106999866
decision_type=2 2 2 2
left_child=1 2 -1 -3
right_child=-2 3 -4 -5
leaf_value=-0.00033220652516831236 -0.00048079236050398323 0.00087806564336642625 1.7611584044980091e-05 0.00019948477696050845
leaf_weight=121 32 20 1921 21
leaf_count=121 32 20 1921 21
internal_value=4.97595e-13 7.38615e-06 -3.11711e-06 0.0005305
internal_weight=2115 2083 2042 41
internal_count=2115 2083 2042 41
is_linear=0
shrinkage=0.04


Tree=60
num_leaves=7
num_cat=0
split_feature=9 94 28 60 80 76
split_gain=0.00471415 0.00608592 0.00558038 0.0103272 0.00778361 0.00394455
threshold=1.0305186977344227 0.29985578528641627 -0.3762849221170958 0.85781277147895041 -0.039248845471406051 -0.72127835237827997
decision_type=2 2 2 2 2 2
left_child=2 5 3 -1 -4 -2
right_child=1 -3 4 -5 -6 -7
leaf_value=-5.447395588912418e-05 -0.00059106926643289631 -0.00070742930314736439 -5.6880782617595923e-05 -0.00095764508925120552 0.00013742282020033026 2.8741283676936293e-05
leaf_weight=572 20 32 547 21 831 92
leaf_count=572 20 32 547 21 831 92
internal_value=4.35319e-13 -0.000220937 1.61415e-05 -8.64581e-05 6.02936e-05 -8.19392e-05
internal_weight=2115 144 1971 593 1378 112
internal_count=2115 144 1971 593 1378 112
is_linear=0
shrinkage=0.04


Tree=61
num_leaves=8
num_cat=0
split_feature=46 46 118 59 36 74 57
split_gain=0.00456912 0.00797925 0.00947216 0.00806215 0.0067188 0.0076816 0.00575291
threshold=0.0078159619188341838 0.7142299393742283 -0.65209500616651139 -0.32405735842930222 1.1338649966916814 2.2246516537235714 -0.18899880033792762
decision_type=2 2 2 2 2 2 2
left_child=4 2 -2 -3 5 -1 -6
right_child=1 3 -4 -5 6 -7 -8
leaf_value=6.2821050577011926e-05 -0.00055458814486337364 -0.00037155239296738398 -8.9285429721257977e-05 0.00014909858680612186 -0.0009042180795222521 0.00068337401532158823 -7.9965967375929237e-05
leaf_weight=972 80 55 560 353 20 33 42
leaf_count=972 80 55 560 353 20 33 42
internal_value=-5.94509e-13 -5.9323e-05 -0.000147448 7.89128e-05 5.82666e-05 8.31974e-05 -0.000345854
internal_weight=2115 1048 640 408 1067 1005 62
internal_count=2115 1048 640 408 1067 1005 62
is_linear=0
shrinkage=0.04


Tree=62
num_leaves=6
num_cat=0
split_feature=62 74 46 47 90
split_gain=0.00455041 0.0055045 0.0063275 0.00521489 0.0041468
threshold=0.72247608082536308 -1.2324495359059291 2.0490892607465785 -0.84028367567189155 0.78513308834371354
decision_type=2 2 2 2 2
left_child=1 -1 -3 -2 -5
right_child=3 2 -4 4 -6
leaf_value=0.0006423159166360679 -0.00070856122421505659 -1.4252417928840639e-06 0.00030457348003531888 -4.6548576178751942e-05 -0.00053767730295658112
leaf_weight=23 23 1592 116 331 30
leaf_count=23 23 1592 116 331 30
internal_value=-5.33501e-13 2.76342e-05 1.93569e-05 -0.00012457 -8.73626e-05
internal_weight=2115 1731 1708 384 361
internal_count=2115 1731 1708 384 361
is_linear=0
shrinkage=0.04


Tree=63
num_leaves=8
num_cat=0
split_feature=2 18 62 94 37 63 2
split_gain=0.0045329 0.00751692 0.007245 0.00774322 0.0056368 0.00549584 0.00329314
threshold=-1.320633817754852 -0.75357892563829132 -0.2659339001562388 -0.15074445596627958 1.5466278943535317 1.1636558311346064 -1.6984464790902087
decision_type=2 2 2 2 2 2 2
left_child=1 6 3 -2 -3 -4 -1
right_child=2 4 5 -5 -6 -7 -8
leaf_value=0.00038843407422642812 -3.3717938225621498e-05 -0.00022536697076597754 -5.331806844824972e-05 0.00025033614338487465 -0.00092931502631732408 0.00035490760119335558 -0.00024336330896899613
leaf_weight=33 270 52 1299 356 28 55 22
leaf_count=33 270 52 1299 356 28 55 22
internal_value=-3.25818e-13 -0.000224263 1.52907e-05 0.000127821 -0.000471749 -3.67358e-05 0.000135715
internal_weight=2115 135 1980 626 80 1354 55
internal_count=2115 135 1980 626 80 1354 55
is_linear=0
shrinkage=0.04


Tree=64
num_leaves=7
num_cat=0
split_feature=24 68 25 41 25 74
split_gain=0.00445836 0.00783034 0.0101878 0.00696443 0.00619083 0.00346087
threshold=1.0580968484405437 -0.55116642921450187 1.0588290935047018 0.43625841068455851 -0.23366649604058332 -0.85179232503108959
decision_type=2 2 2 2 2 2
left_child=1 4 -3 -2 -1 -5
right_child=3 2 -4 5 -6 -7
leaf_value=-0.00014130836289565443 0.0003426190035847517 -2.7418438494871311e-05 0.00083886413782073013 -0.00084958205431965846 0.0003247035666764482 -0.00026688108030923529
leaf_weight=59 26 1713 22 21 201 73
leaf_count=59 26 1713 22 21 201 73
internal_value=6.95688e-13 1.42433e-05 -1.64339e-05 -0.000236795 0.000218955 -0.000397059
internal_weight=2115 1995 1735 120 260 94
internal_count=2115 1995 1735 120 260 94
is_linear=0
shrinkage=0.04


Tree=65
num_leaves=6
num_cat=0
split_feature=4 40 10 114 93
split_gain=0.00441276 0.00629265 0.00912382 0.00612488 0.00594763
threshold=0.40883348270282055 1.9602075614083454 1.5918647872201084 1.7696709778024207 0.079912824613476499
decision_type=2 2 2 2 2
left_child=3 2 -2 4 -1
right_child=1 -3 -4 -5 -6
leaf_value=0.00010346284592473145 -0.00011378701945537908 -0.00077200094770107951 0.00047335753943669897 0.00067028232694913944 -5.6403759378381427e-05
leaf_weight=770 533 21 46 24 721
leaf_count=770 533 21 46 24 721
internal_value=1.05894e-12 -9.18101e-05 -6.714e-05 3.63604e-05 2.61565e-05
internal_weight=2115 600 579 1515 1491
internal_count=2115 600 579 1515 1491
is_linear=0
shrinkage=0.04


Tree=66
num_leaves=8
num_cat=0
split_feature=45 74 94 94 18 42 68
split_gain=0.00441381 0.0103031 0.00747182 0.00817571 0.00797833 0.00583687 0.00474519
threshold=-1.6868469319930781 0.51360964619161165 0.24063182243609507 -0.16191780848081719 -0.74089467851605117 0.19067682524991703 1.0096586624043997
decision_type=2 2 2 2 2 2 2
left_child=1 5 3 -2 -4 -1 -3
right_child=2 6 4 -5 -6 -7 -8
leaf_value=-0.0002550590612938524 -5.7619928469794475e-05 0.00033612010795978784 0.00024521070844628779 0.00013429581969739957 -0.00021897767078790477 0.00028413031504646039 0.0010716457488825141
leaf_weight=72 798 36 69 640 419 58 23
leaf_count=72 798 36 69 640 419 58 23
internal_value=-7.18445e-13 0.000184463 -1.81015e-05 2.77946e-05 -0.000153344 -1.44976e-05 0.00062285
internal_weight=2115 189 1926 1438 488 130 59
internal_count=2115 189 1926 1438 488 130 59
is_linear=0
shrinkage=0.04


Tree=67
num_leaves=4
num_cat=0
split_feature=38 117 9
split_gain=0.0043438 0.00682472 0.00688455
threshold=3.0828060901657026 1.9531140159756397 -1.5760594612362355
decision_type=2 2 2
left_child=1 2 -1
right_child=-2 -3 -4
leaf_value=0.00061029357217444946 -0.00046249753300799058 0.00060605657612904909 -1.0415162377718192e-05
leaf_weight=29 32 30 2024
leaf_count=29 32 30 2024
internal_value=5.52328e-13 7.1051e-06 -1.64724e-06
internal_weight=2115 2083 2053
internal_count=2115 2083 2053
is_linear=0
shrinkage=0.04


Tree=68
num_leaves=8
num_cat=0
split_feature=2 18 62 94 93 63 2
split_gain=0.00433197 0.00660015 0.00650978 0.00692716 0.00515936 0.00504989 0.00299213
threshold=-1.320633817754852 -0.75357892563829132 -0.2659339001562388 -0.15074445596627958 -0.28631938742799579 1.1636558311346064 -1.6984464790902087
decision_type=2 2 2 2 2 2 2
left_child=1 6 3 -2 -3 -4 -1
right_child=2 4 5 -5 -6 -7 -8
leaf_value=0.00035896938763361309 -3.1173935448923321e-05 8.7290103935326138e-05 -5.026337608999937e-05 0.00023749525217241948 -0.00064278432270669836 0.00034104972876693038 -0.00024326196605794725
leaf_weight=33 270 21 1299 356 59 55 22
leaf_count=33 270 21 1299 356 59 55 22
internal_value=2.00957e-13 -0.000219237 1.4948e-05 0.000121616 -0.00045114 -3.43681e-05 0.000118077
internal_weight=2115 135 1980 626 80 1354 55
internal_count=2115 135 1980 626 80 1354 55
is_linear=0
shrinkage=0.04


Tree=69
num_leaves=8
num_cat=0
split_feature=46 60 46 36 115 74 13
split_gain=0.0042005 0.00724487 0.00933953 0.00607926 0.00714378 0.00606928 0.00549502
threshold=0.0078159619188341838 0.7160441398490629 1.5051835370959588 1.1338649966916814 0.64734917298575212 1.8381935187202003 0.33639283202080666
decision_type=2 2 2 2 2 2 2
left_child=3 5 -3 4 -1 -2 -5
right_child=1 2 -4 6 -6 -7 -8
leaf_value=0.00013090616864348267 1.0476728959508791e-05 -0.00046024601110218079 0.00047395734628662465 -0.00087424482349888425 -0.00014201111117255919 -0.00042303440889174287 -6.8679550839165348e-05
leaf_weight=816 854 119 20 20 189 55 42
leaf_count=816 854 119 20 20 189 55 42
internal_value=7.76923e-13 -5.68797e-05 -0.000325828 5.58668e-05 7.95814e-05 -1.57533e-05 -0.000328539
internal_weight=2115 1048 139 1067 1005 909 62
internal_count=2115 1048 139 1067 1005 909 62
is_linear=0
shrinkage=0.04


Tree=70
num_leaves=8
num_cat=0
split_feature=4 41 80 53 94 10 90
split_gain=0.00415129 0.00602636 0.0108941 0.0108321 0.00566708 0.00831303 0.00536111
threshold=0.40883348270282055 -0.1756496823998924 0.13590721441662848 -0.74999999999999989 0.36434592292516538 1.5918647872201084 0.66668408600839435
decision_type=2 2 2 2 2 2 2
left_child=1 2 -1 -3 5 -2 -6
right_child=4 3 -4 -5 6 -7 -8
leaf_value=-0.00017603495107575452 -9.5116851821076134e-05 0.00062153277090854116 0.00011743651400358526 7.1783760072328576e-05 -0.00018326445397719539 0.00048447248432852954 -0.00099611179498606357
leaf_weight=433 500 63 380 639 37 43 20
leaf_count=433 500 63 380 639 37 43 20
internal_value=-4.83344e-13 3.52668e-05 -3.8865e-05 0.00012112 -8.90485e-05 -4.92194e-05 -0.000468474
internal_weight=2115 1515 813 702 600 543 57
internal_count=2115 1515 813 702 600 543 57
is_linear=0
shrinkage=0.04


Tree=71
num_leaves=7
num_cat=0
split_feature=24 35 97 41 80 91
split_gain=0.00406779 0.00517317 0.0057447 0.00511726 0.00415935 0.00379489
threshold=1.1239535584547997 1.326531802640303 -0.030009076679635555 0.47724581143056638 -0.25405756589945427 0.22066407939575225
decision_type=2 2 2 2 2 2
left_child=1 2 -1 -2 -3 -5
right_child=3 4 -4 5 -6 -7
leaf_value=-4.7491250939093604e-05 0.00020479008519592193 -0.00084671235829591757 8.853583091190763e-05 -0.00024781490548602531 -3.0933302827179433e-05 -0.00091726162913255394
leaf_weight=992 26 20 995 42 20 20
leaf_count=992 26 20 995 42 20 20
internal_value=5.69898e-13 1.15584e-05 2.0625e-05 -0.000266238 -0.000438823 -0.000463765
internal_weight=2115 2027 1987 88 40 62
internal_count=2115 2027 1987 88 40 62
is_linear=0
shrinkage=0.04


Tree=72
num_leaves=8
num_cat=0
split_feature=2 18 62 94 117 37 2
split_gain=0.00401445 0.00608289 0.00596361 0.00631201 0.0049429 0.00481821 0.00272324
threshold=-1.320633817754852 -0.75357892563829132 -0.2659339001562388 -0.15074445596627958 1.8429477532346399 1.5466278943535317 -1.6984464790902087
decision_type=2 2 2 2 2 2 2
left_child=1 6 3 -2 -4 -3 -1
right_child=2 5 4 -5 -6 -7 -8
leaf_value=0.00034259052796352824 -2.9363101497033817e-05 -0.00020588898341744564 -4.2170148012189911e-05 0.00022709953774200373 0.00059135987330228093 -0.00085671867277207115 -0.00023194340549790383
leaf_weight=33 270 52 1334 356 20 28 22
leaf_count=33 270 52 1334 356 20 28 22
internal_value=2.72461e-13 -0.000211049 1.43897e-05 0.000116485 -3.28122e-05 -0.000433679 0.000112777
internal_weight=2115 135 1980 626 1354 80 55
internal_count=2115 135 1980 626 1354 80 55
is_linear=0
shrinkage=0.04


Tree=73
num_leaves=5
num_cat=0
split_feature=74 4 110 40
split_gain=0.00391434 0.00482872 0.00590263 0.00510853
threshold=-1.1635055743316054 0.40883348270282055 1.0498588961669213 1.9602075614083454
decision_type=2 2 2 2
left_child=-1 2 -2 -3
right_child=1 3 -4 -5
leaf_value=0.00041353269134156617 3.5047680194516731e-06 -8.2461893552209474e-05 0.0002626777657012568 -0.00071803110829066663
leaf_weight=36 1346 555 157 21
leaf_count=36 1346 555 157 21
internal_value=-1.59813e-13 -7.16074e-06 3.05774e-05 -0.000105634
internal_weight=2115 2079 1503 576
internal_count=2115 2079 1503 576
is_linear=0
shrinkage=0.04


Tree=74
num_leaves=8
num_cat=0
split_feature=45 74 94 94 18 42 68
split_gain=0.0039333 0.00912648 0.00686907 0.00721444 0.00672337 0.0053346 0.00418241
threshold=-1.6868469319930781 0.51360964619161165 0.24063182243609507 -0.10830755420210321 -0.74089467851605117 0.19067682524991703 1.0096586624043997
decision_type=2 2 2 2 2 2 2
left_child=1 5 3 -2 -4 -1 -3
right_child=2 6 4 -5 -6 -7 -8
leaf_value=-0.00024310118493910222 -4.7171835538763387e-05 0.00031753946509626178 0.0002191084572383999 0.00013526199953783563 -0.0002070115660601074 0.00027236749450602129 0.001008071837865788
leaf_weight=72 854 36 69 584 419 58 23
leaf_count=72 854 36 69 584 419 58 23
internal_value=-3.29224e-14 0.000174133 -1.70878e-05 2.69181e-05 -0.000146761 -1.31229e-05 0.00058673
internal_weight=2115 189 1926 1438 488 130 59
internal_count=2115 189 1926 1438 488 130 59
is_linear=0
shrinkage=0.04


Tree=75
num_leaves=8
num_cat=0
split_feature=97 11 40 75 47 33 26
split_gain=0.00384351 0.0087 0.00696816 0.00655197 0.0107389 0.00747403 0.00627254
threshold=-0.21909270086391316 0.88633758459194578 0.40855068339679884 0.84262553899025938 -0.40658398723686801 -0.74760188227990654 -0.10320346559740314
decision_type=2 2 2 2 2 2 2
left_child=1 6 -3 4 -2 -5 -1
right_child=3 2 -4 5 -6 -7 -8
leaf_value=9.6316334024038346e-05 0.00029283315643126165 -0.00020310792545105556 -0.00098102374295531611 0.00019290491586952942 6.6943022955763627e-06 -0.0002922978066988457 -0.00013487013893328836
leaf_weight=363 292 58 27 73 746 167 389
leaf_count=363 292 58 27 73 746 167 389
internal_value=3.78212e-13 -6.66303e-05 -0.000450211 4.36382e-05 8.71881e-05 -0.000144715 -2.32735e-05
internal_weight=2115 837 85 1278 1038 240 752
internal_count=2115 837 85 1278 1038 240 752
is_linear=0
shrinkage=0.04


Tree=76
num_leaves=7
num_cat=0
split_feature=47 61 38 41 53 42
split_gain=0.00389689 0.00900633 0.00455412 0.00797214 0.0077692 0.00409095
threshold=-1.0198191368554756 -0.38566086450069942 -0.18696585127557747 0.71973562473364139 0.75000000000000011 -0.033838333143881259
decision_type=2 2 2 2 2 2
left_child=1 -1 4 -4 -2 -3
right_child=2 5 3 -5 -6 -7
leaf_value=-0.0009863994887009972 -0.00011975934028571115 0.00036319567319005727 9.160037255099139e-05 -0.00024890127978249469 0.00021501349799923209 -0.00035344303343803267
leaf_weight=21 668 25 1120 122 133 26
leaf_count=21 668 25 1120 122 133 26
internal_value=3.51929e-13 -0.000289222 1.01929e-05 5.81534e-05 -6.41728e-05 -2.14955e-06
internal_weight=2115 72 2043 1242 801 51
internal_count=2115 72 2043 1242 801 51
is_linear=0
shrinkage=0.04


Tree=77
num_leaves=7
num_cat=0
split_feature=46 98 46 74 116 74
split_gain=0.0039037 0.00677065 0.00669693 0.00568515 0.0131254 0.00595627
threshold=0.0078159619188341838 -1.2064618512608478 0.7142299393742283 -0.69086646788316408 -0.15073030924735473 2.2066247851926653
decision_type=2 2 2 2 2 2
left_child=3 -2 -3 4 -1 -5
right_child=1 2 -4 5 -6 -7
leaf_value=0.00085370429532809395 -0.00061006478917346725 -0.00011901564006866391 9.1407246191284455e-05 -8.2255072868598848e-06 3.7194494656952365e-05 0.00043659812653227252
leaf_weight=45 34 615 399 866 105 51
leaf_count=45 34 615 399 866 105 51
internal_value=6.03621e-14 -5.48333e-05 -3.62161e-05 5.38569e-05 0.000282147 1.65139e-05
internal_weight=2115 1048 1014 1067 150 917
internal_count=2115 1048 1014 1067 150 917
is_linear=0
shrinkage=0.04


Tree=78
num_leaves=8
num_cat=0
split_feature=2 62 105 18 25 108 109
split_gain=0.00384927 0.00536594 0.00607508 0.00530876 0.00480907 0.00454459 0.00250178
threshold=-1.320633817754852 -0.2659339001562388 0.13272728842429579 -0.75357892563829132 -0.38027833497710423 -0.057602766923339592 0.22888228144620551
decision_type=2 2 2 2 2 2 2
left_child=3 2 -2 6 -3 -5 -1
right_child=1 4 -4 5 -6 -7 -8
leaf_value=0.00035129936981006881 5.5631372359142634e-06 -0.00014467137175203782 0.00025829301352235255 -0.00077443804690670792 1.9170785162096395e-05 -0.0001620218832729424 -0.00018905744538642467
leaf_weight=29 365 412 261 33 942 47 26
leaf_count=29 365 412 261 33 942 47 26
internal_value=7.75382e-14 1.40906e-05 0.000110935 -0.000206661 -3.06837e-05 -0.000414644 9.5858e-05
internal_weight=2115 1980 626 135 1354 80 55
internal_count=2115 1980 626 135 1354 80 55
is_linear=0
shrinkage=0.04


Tree=79
num_leaves=4
num_cat=0
split_feature=38 117 13
split_gain=0.00371723 0.00593911 0.00564159
threshold=3.0828060901657026 1.9851064874629627 2.2264000467871585
decision_type=2 2 2
left_child=1 2 -1
right_child=-2 -3 -4
leaf_value=-9.7984747782057317e-06 -0.00042784247420058819 0.00063217563389722888 0.00048214376848926282
leaf_weight=2021 32 24 38
leaf_count=2021 32 24 38
internal_value=8.10852e-13 6.57271e-06 -7.19405e-07
internal_weight=2115 2083 2059
internal_count=2115 2083 2059
is_linear=0
shrinkage=0.04


end of trees

feature_importances:
Column_38=25
Column_36=24
Column_74=22
Column_28=20
Column_46=19
Column_47=19
Column_61=17
Column_94=17
Column_25=16
Column_10=15
Column_62=13
Column_4=12
Column_80=12
Column_40=10
Column_42=10
Column_13=9
Column_41=9
Column_76=9
Column_91=9
Column_117=9
Column_2=8
Column_9=8
Column_18=8
Column_11=7
Column_64=7
Column_68=7
Column_93=7
Column_35=6
Column_60=6
Column_109=6
Column_33=5
Column_63=5
Column_67=5
Column_97=5
Column_98=5
Column_24=4
Column_45=4
Column_90=4
Column_14=3
Column_39=3
Column_59=3
Column_75=3
Column_105=3
Column_106=3
Column_116=3
Column_118=3
Column_7=2
Column_37=2
Column_53=2
Column_69=2
Column_73=2
Column_86=2
Column_88=2
Column_92=2
Column_111=2
Column_26=1
Column_29=1
Column_34=1
Column_49=1
Column_57=1
Column_66=1
Column_70=1
Column_84=1
Column_108=1
Column_110=1
Column_112=1
Column_114=1
Column_115=1

parameters:
[boosting: gbdt]
[objective: regression]
[metric: l2]
[tree_learner: serial]
[device_type: cpu]
[data_sample_strategy: bagging]
[data: ]
[valid: ]
[num_iterations: 80]
[learning_rate: 0.04]
[num_leaves: 15]
[num_threads: 2]
[seed: 42]
[deterministic: 0]
[force_col_wise: 0]
[force_row_wise: 0]
[histogram_pool_size: -1]
[max_depth: 3]
[min_data_in_leaf: 20]
[min_sum_hessian_in_leaf: 0.001]
[bagging_fraction: 1]
[pos_bagging_fraction: 1]
[neg_bagging_fraction: 1]
[bagging_freq: 0]
[bagging_seed: 400]
[bagging_by_query: 0]
[feature_fraction: 1]
[feature_fraction_bynode: 1]
[feature_fraction_seed: 30056]
[extra_trees: 0]
[extra_seed: 12879]
[early_stopping_round: 0]
[early_stopping_min_delta: 0]
[first_metric_only: 0]
[max_delta_step: 0]
[lambda_l1: 0]
[lambda_l2: 0]
[linear_lambda: 0]
[min_gain_to_split: 0]
[drop_rate: 0.1]
[max_drop: 50]
[skip_drop: 0.5]
[xgboost_dart_mode: 0]
[uniform_drop: 0]
[drop_seed: 17869]
[top_rate: 0.2]
[other_rate: 0.1]
[min_data_per_group: 100]
[max_cat_threshold: 32]
[cat_l2: 10]
[cat_smooth: 10]
[max_cat_to_onehot: 4]
[top_k: 20]
[monotone_constraints: ]
[monotone_constraints_method: basic]
[monotone_penalty: 0]
[feature_contri: ]
[forcedsplits_filename: ]
[refit_decay_rate: 0.9]
[cegb_tradeoff: 1]
[cegb_penalty_split: 0]
[cegb_penalty_feature_lazy: ]
[cegb_penalty_feature_coupled: ]
[path_smooth: 0]
[interaction_constraints: ]
[verbosity: -1]
[saved_feature_importance_type: 0]
[use_quantized_grad: 0]
[num_grad_quant_bins: 4]
[quant_train_renew_leaf: 0]
[stochastic_rounding: 1]
[linear_tree: 0]
[max_bin: 255]
[max_bin_by_feature: ]
[min_data_in_bin: 3]
[bin_construct_sample_cnt: 200000]
[data_random_seed: 175]
[is_enable_sparse: 1]
[enable_bundle: 1]
[use_missing: 1]
[zero_as_missing: 0]
[feature_pre_filter: 1]
[pre_partition: 0]
[two_round: 0]
[header: 0]
[label_column: ]
[weight_column: ]
[group_column: ]
[ignore_column: ]
[categorical_feature: ]
[forcedbins_filename: ]
[precise_float_parser: 0]
[parser_config_file: ]
[objective_seed: 16083]
[num_class: 1]
[is_unbalance: 0]
[scale_pos_weight: 1]
[sigmoid: 1]
[boost_from_average: 1]
[reg_sqrt: 0]
[alpha: 0.9]
[fair_c: 1]
[poisson_max_delta_step: 0.7]
[tweedie_variance_power: 1.5]
[lambdarank_truncation_level: 30]
[lambdarank_norm: 1]
[label_gain: ]
[lambdarank_position_bias_regularization: 0]
[eval_at: ]
[multi_error_top_k: 1]
[auc_mu_weights: ]
[num_machines: 1]
[local_listen_port: 12400]
[time_out: 120]
[machine_list_filename: ]
[machines: ]
[gpu_platform_id: -1]
[gpu_device_id: -1]
[gpu_device_id_list: ]
[gpu_use_dp: 0]
[num_gpu: 1]

end of parameters

pandas_categorical:null
