tree
version=v4
num_class=1
num_tree_per_iteration=1
label_index=0
max_feature_idx=118
objective=binary sigmoid:1
feature_names=Column_0 Column_1 Column_2 Column_3 Column_4 Column_5 Column_6 Column_7 Column_8 Column_9 Column_10 Column_11 Column_12 Column_13 Column_14 Column_15 Column_16 Column_17 Column_18 Column_19 Column_20 Column_21 Column_22 Column_23 Column_24 Column_25 Column_26 Column_27 Column_28 Column_29 Column_30 Column_31 Column_32 Column_33 Column_34 Column_35 Column_36 Column_37 Column_38 Column_39 Column_40 Column_41 Column_42 Column_43 Column_44 Column_45 Column_46 Column_47 Column_48 Column_49 Column_50 Column_51 Column_52 Column_53 Column_54 Column_55 Column_56 Column_57 Column_58 Column_59 Column_60 Column_61 Column_62 Column_63 Column_64 Column_65 Column_66 Column_67 Column_68 Column_69 Column_70 Column_71 Column_72 Column_73 Column_74 Column_75 Column_76 Column_77 Column_78 Column_79 Column_80 Column_81 Column_82 Column_83 Column_84 Column_85 Column_86 Column_87 Column_88 Column_89 Column_90 Column_91 Column_92 Column_93 Column_94 Column_95 Column_96 Column_97 Column_98 Column_99 Column_100 Column_101 Column_102 Column_103 Column_104 Column_105 Column_106 Column_107 Column_108 Column_109 Column_110 Column_111 Column_112 Column_113 Column_114 Column_115 Column_116 Column_117 Column_118
feature_infos=[-6.156096696400521:6.6138237006096681] [-5.7003301740194008:5.5365903826259038] [-4.9416341769486776:4.221065308726824] [-4.3839386257828181:3.8638757137101596] [-3.6326686621750341:2.1634476153030042] [-2.5761122489336747:2.3746244508326697] [-4.2752775832583785:4.0167955351832685] [-1.3585723580383116:6.5985573476824211] [-1.6749806132939884:1.632373972225277] [-3.5893270314631094:2.2019504522214808] [-1.4807851208443914:5.2351487630192501] [-2.443761123349308:2.1349332502796741] [-2.5388493856459302:2.4483934173122912] [-1.4394187293345406:3.9076763663910365] [-2.8090076018281249:2.6121876092653595] [-1.5810913861863538:1.6249771909307384] [-1.7720711570211227:1.7866918465798602] [-0.95293335421993663:0.77426825424013579] [-1.0013864130356334:0.78181316715985694] [-0.95293335421993663:0.77426825424013601] [-2.2464902526284249:1.6683890972405564] [-4.0522358923420851:4.1566845964698009] [-3.2857281774093026:2.3040649072395425] [-2.3218292314234894:2.6087983128777923] [-2.1336504288114715:1.5693990188377376] [-2.1600584107931988:1.5732670010982612] [-3.3662261204192028:2.028852569054215] [-1.7888544134102788:1.4175640421566904] [-1.1671542518122415:3.6117380643299124] [-3.7374055630545842:4.3114375546118859] [-3.7193862889775984:4.5335198523011524] [-3.0693039988366047:3.271850881151265] [-3.204483742689181:3.4529719397485437] [-1.9854198973303003:2.0976702437743358] [-2.2152825269608782:2.2452521119500877] [-1.7377527458242907:1.7645154979379585] [-1.8124202436297805:1.8529826568831333] [-1.5797511010932721:3.8724590738963447] [-1.4908263667832495:5.088993800707116] [-1.4369395901025588:3.7888377782503415] [-1.1511450082483394:3.1160388445078389] [-1.6693899279878688:1.4366520887002938] [-1.9638785354400508:1.718468648215898] [-1.88132812027623:13.850380891923276] [-181.57755859011118:162.11245753981683] [-391.18265152617522:129.20761426048361] [-320.47556800997518:75.213159941439855] [-1.371304538718422:2.8299223547866799] [-1.9425948513538505:1.9980171936644997] [-1.1971328262373895:9.0773491309800356] [-4.8832652413953603:4.4498757904459376] [-8.9723613372893141:6.6682131180395734] [-1:1] [-0.83333333333333337:1] [0:1] [0:1] [-6.4663066053559541:3.3591872379133894] [-3.0276726075692078:2.2857280765950758] [-2.3488956184251504:2.1894960706509168] [-1.0512762068780064:3.1145948721259757] [-2.3122831931163366:1.8484574586179099] [-2.7232452109524798:0.55714932535007444] [-4.5578693528172343:3.6987864195964453] [-3.2157318140505926:2.4196790753429815] [-2.8865701670724353:2.0280324842429964] [-3.0080503649112194:3.939765824426702] [-3.3982558998806782:2.2566279941814482] [-2.2710865770914284:1.5804441979941017] [-0.95776159874724809:2.108034306205147] [-2.0236842535666373:1.2360925958467075] [-1.3589832808823605:0.36533958855456244] [-4.5664178172214216:7.2024287889489162] [-4.2111491478732486:5.8735873963297234] [-2.4780304475573738:4.2654164863335646] [-1.2918038204178004:4.8985465250259947] [-1.2006919773720826:7.8925489307411647] [-1.029594942988908:2.3302838252491487] [-6.5528230564549537:6.7354739339773824] [-4.5622300765513106:3.5368149246326781] [-3.3287502146029788:3.7006325912046063] [-1.2067735971875637:3.5087395416326719] [-1.7442181362781004:4.3487276686804082] [-0.77541558699533042:1.9893805033189704] [-11.02619625659719:10.806093126843889] [-5.9153669924072565:5.1779533506593935] [-3.5815563724407742:3.957926503947895] [-0.99724534580123125:3.0673568468649508] [-2.1486586674357042:4.2142272754045189] [-1.3377628130305743:0.74375040937073489] [-3.9625248960789232:2.9736406631417212] [-3.44776787116554:3.0457122523279616] [-2.5205677702860809:1.7307427225510545] [-1.2365097022943334:3.0439353552775485] [-2.0057804915198729:1.8578742322407795] [-1.4059940218372737:0.48390759882441903] [-5.256791746558318:2.6349571777682499] [-3.9996495544768913:3.4091893000073226] [-1.8135644457879121:2.7074268154103791] [-1.4204806479623484:4.0879877913429166] [-1.6550917126338591:4.3501408892639244] [-1.4665957315105267:1.1797352980556191] [-4.2723392029740692:2.4470728331712635] [-3.7604727037514114:3.4895921323255434] [-1.8936116257378246:2.5852528233984593] [-1.4658998497248601:3.9169424390878329] [-1.5070202220762441:3.7329675670751419] [-1.443217874094016:1.112407268949001] [-2.8439730441404238:3.7380586372606208] [-2.2671388469704197:2.7021675438863757] [-2.0290451533247555:2.0820636079967989] [-1.4914280711076389:2.1192124873476539] [-1.4651634408430974:1.8889940547627573] [-2.15559161453585:0.57026398042336168] [-3.0701769662561604:3.2681101553412524] [-2.7422125173962346:3.5222464429384126] [-1.6416451065413302:2.3522909382889776] [-0.88524450631354912:2.9599739295147596] [-1.4026951997252088:2.313305708091014] [-1.3662122841290252:0.98891009647358608]
tree_sizes=774 783 778 786 782 779 784 782 888 781 791 992 890 893 994 995 689 884 888 684 888 994 894 684 997 885 883 688 995 886 886 993 582 782 1006 898 994 582 887 895 578 583 1000 1001 578 995 690 998 578 795 889 888 582 999 899 682 998 898 787 579 887 575 1000 1001 683 894 882 885 1004 688 998 576 682 793 582 889 888 1004 999 578

Tree=0
num_leaves=6
num_cat=0
split_feature=36 38 14 109 66
split_gain=34.1026 24.2438 16.6291 16.4928 2.08673
threshold=-1.2485062535728004 3.0828060901657026 -0.66926264852554096 1.3369898375969484 -0.24781538450725302
decision_type=2 2 2 2 2
left_child=2 3 -1 -2 -4
right_child=1 -3 4 -5 -6
leaf_value=-0.13243276152192787 -0.13503083443988365 -0.21036478047775209 -0.049629991381364646 -0.17219026806736007 -0.081776949200642129
leaf_weight=8.2122856378555316 476.81028127670288 7.2168570756912223 9.2077142000198346 19.908571243286133 4.9771428108215323
leaf_count=33 1916 29 37 80 20
internal_value=-0.135431 -0.137578 -0.0871348 -0.13652 -0.0609096
internal_weight=526.333 503.936 22.3971 496.719 14.1849
internal_count=2115 2025 90 1996 57
is_linear=0
shrinkage=1


Tree=1
num_leaves=6
num_cat=0
split_feature=36 38 118 14 43
split_gain=31.3536 22.4998 15.6589 15.2304 2.06594
threshold=-1.2485062535728004 3.0828060901657026 -0.87175723589223253 -0.66926264852554096 0.858681030682097
decision_type=2 2 2 2 2
left_child=3 2 -2 -1 -5
right_child=1 -3 -4 4 -6
leaf_value=0.0028779225466938939 -0.025437730722075117 -0.072411545038005273 0.0010224458598089318 0.082480354019284052 0.050551017736320036
leaf_weight=8.213932469487192 38.818517535924911 7.1703785061836234 457.85715070366859 9.2411428838968259 4.9948133826255789
leaf_count=33 156 29 1840 37 20
internal_value=-3.69253e-07 -0.00206122 -0.00104559 0.0462517 0.0712777
internal_weight=526.296 503.846 496.676 22.4499 14.236
internal_count=2115 2025 1996 90 57
is_linear=0
shrinkage=0.04


Tree=2
num_leaves=6
num_cat=0
split_feature=36 38 75 14 7
split_gain=28.8781 20.9362 15.3608 14.0174 2.00143
threshold=-1.2485062535728004 3.0828060901657026 0.63753626474027725 -0.66926264852554096 1.1661054572914735
decision_type=2 2 2 2 2
left_child=3 2 -2 -1 -5
right_child=1 -3 -4 4 -6
leaf_value=0.0027622747405535615 0.002802132019791881 -0.07014753090507142 -0.014006312344427155 0.07938970321395461 0.047976140644845774
leaf_weight=8.2154784947633761 384.17752847075462 7.106978014111518 112.45648714900017 9.2487245649099332 4.999101221561431
leaf_count=33 1544 29 452 37 20
internal_value=-6.40435e-07 -0.00197943 -0.00100393 0.0443739 0.0683677
internal_weight=526.204 503.741 496.634 22.4633 14.2478
internal_count=2115 2025 1996 90 57
is_linear=0
shrinkage=0.04


Tree=3
num_leaves=6
num_cat=0
split_feature=36 38 34 14 72
split_gain=26.6408 19.5272 15.4614 12.9606 3.23585
threshold=-1.2485062535728004 3.0828060901657026 0.95721494532254392 -0.73886130326149524 0.19945668726123952
decision_type=2 2 2 2 2
left_child=3 2 -2 -1 -5
right_child=1 -3 -4 4 -6
leaf_value=-0.0038393617946037152 0.0014304937795842651 -0.068105226722900383 -0.021769004796019703 0.040155667683749591 0.077248369600871392
leaf_weight=6.722943618893626 445.33951789140701 7.0288486778736106 51.253212615847588 6.2407186925411215 9.4778825193643552
leaf_count=27 1790 29 206 25 38
internal_value=-8.32541e-07 -0.00190099 -0.000963921 0.0426414 0.0625215
internal_weight=526.063 503.622 496.593 22.4415 15.7186
internal_count=2115 2025 1996 90 63
is_linear=0
shrinkage=0.04


Tree=4
num_leaves=6
num_cat=0
split_feature=36 38 109 14 43
split_gain=24.608 18.2517 15.1877 12.1438 1.88102
threshold=-1.2485062535728004 3.0828060901657026 1.3369898375969484 -0.66926264852554096 0.858681030682097
decision_type=2 2 2 2 2
left_child=3 2 -2 -1 -5
right_child=1 -3 -4 4 -6
leaf_value=0.0023485894272649499 0.00050176159220862457 -0.066254837547955053 -0.035213281651185667 0.074191950104917068 0.043670435212642009
leaf_weight=8.2194195538759249 476.70994307100773 6.9379657804965964 19.843689128756523 9.1902982145547849 4.982146516442298
leaf_count=33 1916 29 80 37 20
internal_value=-9.84581e-07 -0.00182573 -0.000925513 0.0410293 0.0634625
internal_weight=525.883 503.492 496.554 22.3919 14.1724
internal_count=2115 2025 1996 90 57
is_linear=0
shrinkage=0.04


Tree=5
num_leaves=6
num_cat=0
split_feature=36 38 45 14 7
split_gain=22.7617 17.0922 15.0603 11.305 1.8511
threshold=-1.2485062535728004 3.0828060901657026 -3.3150733814431006 -0.66926264852554096 1.1661054572914735
decision_type=2 2 2 2 2
left_child=3 2 -2 -1 -5
right_child=1 -3 -4 4 -6
leaf_value=0.0022543292673015713 0.028532191313248849 -0.064571701219968566 -0.0025382698454579477 0.071965249895432987 0.041611635088605457
leaf_weight=8.2205575257539767 26.360336005687714 6.8361058235168448 470.14209739863873 9.13076603412628 4.9612981379032126
leaf_count=33 106 29 1890 37 20
internal_value=-1.0861e-06 -0.00175359 -0.000888675 0.0395327 0.0612789
internal_weight=525.651 503.339 496.502 22.3126 14.0921
internal_count=2115 2025 1996 90 57
is_linear=0
shrinkage=0.04


Tree=6
num_leaves=6
num_cat=0
split_feature=36 38 41 14 72
split_gain=21.0773 16.0343 15.0212 10.6321 3.034
threshold=-1.2485062535728004 3.0828060901657026 0.71973562473364139 -0.73886130326149524 0.19945668726123952
decision_type=2 2 2 2 2
left_child=3 2 -2 -1 -5
right_child=1 -3 -4 4 -6
leaf_value=-0.0038697171246623008 0.0018089439333184288 -0.063035207281733813 -0.019037406643491041 0.034636268834607929 0.070792635737774237
leaf_weight=6.7232678979635265 433.06510904431343 6.7248677015304557 63.401694193482399 6.1778515726327887 9.3083964139223081
leaf_count=27 1741 29 255 25 38
internal_value=-1.12345e-06 -0.00168428 -0.000853256 0.0381335 0.056369
internal_weight=525.401 503.192 496.467 22.2095 15.4862
internal_count=2115 2025 1996 90 63
is_linear=0
shrinkage=0.04


Tree=7
num_leaves=6
num_cat=0
split_feature=36 38 13 14 68
split_gain=19.5344 15.0657 14.3279 9.9741 1.79042
threshold=-1.2485062535728004 3.0828060901657026 2.2264000467871585 -0.66926264852554096 0.96849251057981434
decision_type=2 2 2 2 2
left_child=3 2 -2 -1 -5
right_child=1 -3 -4 4 -6
leaf_value=0.0019060308934105228 -0.0017006556598267995 -0.061627995778419771 0.051574508375364536 0.068910364243960728 0.039388594589308927
leaf_weight=8.2210590988397616 488.21455760300159 6.6056899875402442 8.2129570692777616 8.512952193617819 5.3542766571044913
leaf_count=33 1963 29 33 35 22
internal_value=-1.14907e-06 -0.00161779 -0.000819265 0.0368158 0.0575117
internal_weight=525.121 503.033 496.428 22.0883 13.8672
internal_count=2115 2025 1996 90 57
is_linear=0
shrinkage=0.04


Tree=8
num_leaves=7
num_cat=0
split_feature=36 45 109 76 14 72
split_gain=18.1194 14.5438 16.0723 12.6658 9.38471 2.91945
threshold=-1.2485062535728004 -3.3150733814431006 1.3663487297789019 -0.17558867955059912 -0.73886130326149524 0.19945668726123952
decision_type=2 2 2 2 2 2
left_child=4 3 -3 -2 -1 -6
right_child=1 2 -4 -5 5 -7
leaf_value=-0.0037916440935851416 -0.016750588657256277 -0.0017421231265147619 -0.041345281412832814 0.044747041062288488 0.031558754458762238 0.067290216076889134
leaf_weight=6.7224306464195278 7.4736002683639553 459.46154956519604 17.002791911363602 18.93266250193119 6.1110760122537604 9.1167338043451291
leaf_count=27 30 1850 69 76 25 38
internal_value=-1.1328e-06 -0.00155394 -0.00315538 0.0273417 0.035573 0.0529508
internal_weight=524.821 502.871 476.464 26.4063 21.9502 15.2278
internal_count=2115 2025 1919 106 90 63
is_linear=0
shrinkage=0.04


Tree=9
num_leaves=6
num_cat=0
split_feature=36 38 13 26 95
split_gain=16.8848 15.0131 15.9973 9.47611 0.220291
threshold=-1.2673778635284003 2.7989061694027568 2.1990313990298405 -0.5896888228279189 -0.033448517322145814
decision_type=2 2 2 2 2
left_child=3 2 -2 4 -1
right_child=1 -3 -4 -5 -6
leaf_value=0.057344755625622676 -0.0015019320684279921 -0.054250322058335736 0.051745611309689271 0.007993968494045 0.069219214965305878
leaf_weight=4.7487836629152298 487.26513594388962 8.4608921408653242 9.1978976130485517 9.599841579794882 5.2779584825038928
leaf_count=20 1960 37 37 39 22
internal_value=-9.52453e-07 -0.00141585 -0.000515423 0.0363993 0.0635953
internal_weight=524.551 504.924 496.463 19.6266 10.0267
internal_count=2115 2034 1997 81 42
is_linear=0
shrinkage=0.04


Tree=10
num_leaves=6
num_cat=0
split_feature=36 38 118 26 95
split_gain=15.6697 14.2275 14.2441 8.94279 0.204482
threshold=-1.2673778635284003 3.0828060901657026 -0.87175723589223253 -0.5896888228279189 -0.033448517322145814
decision_type=2 2 2 2 2
left_child=3 2 -2 4 -1
right_child=1 -3 -4 -5 -6
leaf_value=0.055802685224622436 -0.023895864051498551 -0.059704171283784996 0.0013758128312020158 0.0076760634725411819 0.067317842670728267
leaf_weight=4.6860792189836502 38.689951777458191 6.5999097377061835 459.45872570574284 9.5975694060325605 5.2112855315208453
leaf_count=20 156 30 1848 39 22
internal_value=-8.82994e-07 -0.00135997 -0.000586975 0.0351876 0.0618658
internal_weight=524.244 504.749 498.149 19.4949 9.89736
internal_count=2115 2034 2004 81 42
is_linear=0
shrinkage=0.04


Tree=11
num_leaves=8
num_cat=0
split_feature=34 14 41 11 44 98 100
split_gain=15.363 22.7497 17.7603 14.6994 14.2288 14.1483 11.6676
threshold=0.95721494532254392 0.94079210636127975 0.4489787934229304 -0.53234907193334136 0.88795879085521989 -0.93626083945005367 0.15366325100800451
decision_type=2 2 2 2 2 2 2
left_child=1 4 6 -4 -1 -3 -2
right_child=2 5 3 -5 -6 -7 -8
leaf_value=-0.003683104670529016 0.054047447645453939 -0.02943612047295974 0.030557008993306899 -0.0430794679234065 0.01591652539360779 0.039721368150545541 -0.025663177272854512
leaf_weight=360.10442024469376 7.1973140090703946 5.4519628286361685 4.9632395654916754 34.399711042642593 70.939054355025291 35.89715801179409 4.9648974388837814
leaf_count=1452 29 22 20 139 287 146 20
internal_value=-9.11405e-07 0.00226126 -0.0207409 -0.0337947 -0.000457492 0.0306028 0.0215077
internal_weight=523.918 472.393 51.5252 39.363 431.043 41.3491 12.1622
internal_count=2115 1907 208 159 1739 168 49
is_linear=0
shrinkage=0.04


Tree=12
num_leaves=7
num_cat=0
split_feature=62 103 46 74 28 48
split_gain=14.9853 22.0662 22.8966 14.5073 18.8979 18.3587
threshold=-0.2659339001562388 1.2154040684649254 1.431844558151063 -0.21151315485806929 -0.77500450757186068 -0.72214576877919689
decision_type=2 2 2 2 2 2
left_child=1 2 -1 4 -2 -5
right_child=3 -3 -4 5 -6 -7
leaf_value=0.0017773529569349992 0.078169303749146032 0.072670636090145596 0.053785684071533731 0.020739926619427963 0.0022810901903894841 -0.015854621098396547
leaf_weight=159.07579453289509 5.4769849032163611 8.3770929127931577 14.804408013820646 24.89735159277916 126.85721631348133 184.32278628647327
leaf_count=643 22 34 60 101 511 744
internal_value=-1.38624e-06 0.00926036 0.00620542 -0.00494356 0.00542192 -0.0114998
internal_weight=523.812 182.257 173.88 341.554 132.334 209.22
internal_count=2115 737 703 1378 533 845
is_linear=0
shrinkage=0.04


Tree=13
num_leaves=7
num_cat=0
split_feature=41 28 73 28 38 34
split_gain=14.1467 22.6225 26.3866 17.2072 14.0894 10.32
threshold=0.71973562473364139 -0.42429050079635378 -0.081815513312875981 -0.53013406552586695 3.0828060901657026 0.98008449643876749
decision_type=2 2 2 2 2 2
left_child=1 2 -1 -2 -3 -5
right_child=3 4 -4 5 -6 -7
leaf_value=0.0071998697031914662 0.044234919096200025 0.0088859091090100224 -0.030233923762904413 -0.011254211387933788 -0.049599901229256317 -0.04625121150492259
leaf_weight=57.459827497601509 6.4434779435396186 332.76975449919701 63.339976102113724 35.008377447724342 6.7235608994960776 21.924405112862587
leaf_count=231 26 1342 255 141 31 89
internal_value=-1.5929e-06 0.00243793 -0.0124281 -0.0177195 0.00772762 -0.0247313
internal_weight=523.669 460.293 120.8 63.3763 339.493 56.9328
internal_count=2115 1859 486 256 1373 230
is_linear=0
shrinkage=0.04


Tree=14
num_leaves=8
num_cat=0
split_feature=36 109 97 69 26 5 8
split_gain=13.9038 15.348 14.8414 10.7299 6.8088 9.08276 1.70165
threshold=-1.2006978147393272 1.3369898375969484 0.016982887781467681 -0.13688981879440795 -0.5896888228279189 -1.0199521179771216 -0.014991959708677725
decision_type=2 2 2 2 2 2 2
left_child=4 2 -2 -3 6 -6 -1
right_child=1 3 -4 -5 5 -7 -8
leaf_value=0.064740483943767343 -0.0066904296061076011 -0.065963359456978801 0.0074334595868835052 -0.0067627832815174548 -0.031832862500337365 0.034121440313029425 0.033245607555655018
leaf_weight=6.6871360838413239 253.80570481717587 9.7385843992233294 224.18231724202633 9.856086537241934 5.2108105719089499 9.3092636913061124 4.6558101922273654
leaf_count=29 1024 40 903 40 21 38 20
internal_value=-2.25275e-06 -0.00148852 -6.61502e-05 -0.0361856 0.0285923 0.0104525 0.0518131
internal_weight=523.446 497.583 477.988 19.5947 25.863 14.5201 11.3429
internal_count=2115 2007 1927 80 108 59 49
is_linear=0
shrinkage=0.04


Tree=15
num_leaves=8
num_cat=0
split_feature=62 45 103 74 28 59 62
split_gain=13.6099 20.7163 20.6457 13.2406 18.0495 17.4596 12.1278
threshold=-0.2659339001562388 1.4269099541894166 1.2154040684649254 -0.21151315485806929 1.1583571888982098 0.024024327366379449 -1.3211449299898976
decision_type=2 2 2 2 2 2 2
left_child=1 2 -1 4 -2 -5 -3
right_child=3 6 -4 5 -6 -7 -8
leaf_value=0.0007454469066004968 0.0093605205682682595 0.0041352000175321549 0.069947619543941117 -0.024887307463994052 -0.047060590858409058 -0.0013605508250049841 0.067093842030884573
leaf_weight=153.1419054120779 122.51986913383007 7.452893719077113 7.2231455594301215 85.447072222828865 9.7974341958761197 123.29319861531258 14.266170322895048
leaf_count=619 493 31 29 345 40 500 58
internal_value=-2.15071e-06 0.00882775 0.00386244 -0.00471626 0.00518282 -0.0109911 0.0454896
internal_weight=523.142 182.084 160.365 341.058 132.317 208.74 21.7191
internal_count=2115 737 648 1378 533 845 89
is_linear=0
shrinkage=0.04


Tree=16
num_leaves=5
num_cat=0
split_feature=13 118 118 111
split_gain=13.5203 18.1055 17.1456 11.0039
threshold=-1.1983502918710747 -0.87175723589223253 -0.30235872903943106 0.26437746338131124
decision_type=2 2 2 2
left_child=-1 3 -3 -2
right_child=1 2 -4 -5
leaf_value=0.069285302008564045 0.026221264482224164 0.013931658138308696 -0.0031024399889559213 -0.036534200456990254
leaf_weight=4.4675239175558081 5.2079572826623908 129.19333206117153 352.51649169623852 31.575536012649536
leaf_count=18 21 522 1426 128
internal_value=-2.44362e-06 -0.000599452 0.00146606 -0.027649
internal_weight=522.961 518.493 481.71 36.7835
internal_count=2115 2097 1948 149
is_linear=0
shrinkage=0.04


Tree=17
num_leaves=7
num_cat=0
split_feature=36 13 70 10 13 84
split_gain=13.185 15.972 19.5614 19.1755 9.91037 4.35564
threshold=1.2990526191481258 0.33639283202080666 0.24323217351586476 2.6267170422556614 1.2633113949157486 -0.19890651958613789
decision_type=2 2 2 2 2 2
left_child=1 2 -1 -3 5 -2
right_child=4 3 -4 -5 -6 -7
leaf_value=-0.010692842191184744 -0.021394485116592463 0.014122696974643682 0.010215643340856524 -0.045067722355398798 0.013781916977196407 -0.066872581683366877
leaf_weight=222.19403927028179 5.4390782713890085 166.07025104761124 105.6288800984621 9.2446772605180723 5.4603326618671408 8.8554946780204773
leaf_count=896 22 672 425 42 22 36
internal_value=-2.67314e-06 0.00125593 -0.00395585 0.0110015 -0.032058 -0.0495682
internal_weight=522.893 503.138 327.823 175.315 19.7549 14.2946
internal_count=2115 2035 1321 714 80 58
is_linear=0
shrinkage=0.04


Tree=18
num_leaves=7
num_cat=0
split_feature=9 91 34 94 11 10
split_gain=12.8326 15.2209 20.8901 13.3784 10.0782 5.92124
threshold=-1.2536803926250919 0.17564523411731559 1.0020594390509627 -0.479574365225097 -1.0427494371167734 0.85664911155798817
decision_type=2 2 2 2 2 2
left_child=4 2 -2 -3 -1 -6
right_child=1 3 -4 -5 5 -7
leaf_value=-0.02260945014317815 0.0080621350137908641 -0.026312585121792881 -0.025317682185687668 -0.0033977160183129239 0.059558598466551003 0.016587432793505205
leaf_weight=5.1450514346361187 264.56235408782959 57.32572340965271 33.834377452731133 141.1135791093111 11.244206354022028 9.4366674423217756
leaf_count=22 1067 231 138 571 46 40
internal_value=-3.11859e-06 -0.00143211 0.00427729 -0.0100174 0.0274876 0.0399509
internal_weight=522.662 496.836 298.397 198.439 25.8259 20.6809
internal_count=2115 2007 1205 802 108 86
is_linear=0
shrinkage=0.04


Tree=19
num_leaves=5
num_cat=0
split_feature=13 41 28 9
split_gain=12.3956 17.2299 19.353 12.1931
threshold=-1.1983502918710747 0.71973562473364139 -0.42429050079635378 -0.019609920992949739
decision_type=2 2 2 2
left_child=-1 2 -2 -3
right_child=1 3 -4 -5
leaf_value=0.06619514587717848 -0.011782821521300469 0.03955358056666651 0.0069614259858819258 -0.025980670094287579
leaf_weight=4.4869165122508994 119.18539197742939 4.9465896338224402 338.25282542407513 55.608609601855278
leaf_count=18 481 20 1370 226
internal_value=-3.25315e-06 -0.000576671 0.00207762 -0.0206274
internal_weight=522.48 517.993 457.438 60.5552
internal_count=2115 2097 1851 246
is_linear=0
shrinkage=0.04


Tree=20
num_leaves=7
num_cat=0
split_feature=45 9 28 39 79 81
split_gain=12.1991 13.8085 18.5936 17.4169 12.5103 11.7961
threshold=-3.3150733814431006 0.39117599101598449 0.7723801215958731 0.339170772125651 -0.13100786126403827 1.0793563416736669
decision_type=2 2 2 2 2 2
left_child=4 3 -3 -2 -1 -6
right_child=1 2 -4 -5 5 -7
leaf_value=-0.011533998272058336 -0.003457568095746215 -0.0036343463545918252 -0.037264704486068105 0.015365088227720352 0.067100484337404787 -0.0046181461354454067
leaf_weight=9.2140405327081698 237.96101333200932 104.90574589371681 35.106507807970047 117.4911397844553 12.451627641916277 5.2025239765644065
leaf_count=37 960 423 144 480 50 21
internal_value=-3.43197e-06 -0.00142695 -0.0120668 0.00276407 0.026247 0.0459656
internal_weight=522.333 495.464 140.012 355.452 26.8682 17.6542
internal_count=2115 2007 567 1440 108 71
is_linear=0
shrinkage=0.04


Tree=21
num_leaves=8
num_cat=0
split_feature=62 45 103 74 28 45 62
split_gain=11.8915 18.7484 18.7772 12.1736 17.302 15.9417 11.1405
threshold=-0.2659339001562388 1.4269099541894166 1.2154040684649254 -0.21151315485806929 -0.77500450757186068 -2.1053749976703937 -1.3211449299898976
decision_type=2 2 2 2 2 2 2
left_child=1 2 -1 4 -2 -5 -3
right_child=3 6 -4 5 -6 -7 -8
leaf_value=0.00055719769107115825 0.074561471668649779 0.0033779750354064383 0.066598739137954124 0.026764964108011612 0.0020638906138054887 -0.013738038147031005 0.063855548634531287
leaf_weight=152.97694528102875 5.4956645071506491 7.4048247933387783 7.2131614834070197 16.924396201968193 126.63220697641373 191.21835908293724 14.256013810634611
leaf_count=619 22 31 29 68 511 777 58
internal_value=-3.63831e-06 0.00825382 0.00353097 -0.00441667 0.00507932 -0.0104447 0.0431811
internal_weight=522.122 181.851 160.19 340.271 132.128 208.143 21.6608
internal_count=2115 737 648 1378 533 845 89
is_linear=0
shrinkage=0.04


Tree=22
num_leaves=7
num_cat=0
split_feature=36 91 118 28 26 109
split_gain=11.7968 12.8456 17.4359 15.3671 7.86109 0.231714
threshold=-1.2673778635284003 0.22066407939575225 -0.87175723589223253 0.18085991237502916 -0.5896888228279189 -0.20575603520698535
decision_type=2 2 2 2 2 2
left_child=4 2 -2 -3 5 -1
right_child=1 3 -4 -5 -6 -7
leaf_value=0.063023894387352966 -0.022097705267666454 -0.019611019724300464 0.0072090924833332487 0.0033773884776780883 0.0054730420077671359 0.050401328495419534
leaf_weight=4.9679082334041595 36.783353641629219 104.98871345818043 277.68927776813507 83.551710188388824 9.5242359638214094 4.377019479870798
leaf_count=22 150 424 1121 339 39 20
internal_value=-3.56039e-06 -0.00116834 0.00378112 -0.0094237 0.031047 0.0571117
internal_weight=521.882 503.013 314.473 188.54 18.8692 9.34493
internal_count=2115 2034 1271 763 81 42
is_linear=0
shrinkage=0.04


Tree=23
num_leaves=5
num_cat=0
split_feature=13 41 28 26
split_gain=11.6311 15.3343 17.0696 11.1985
threshold=-1.1983502918710747 0.71973562473364139 -0.42429050079635378 -0.039254174973645008
decision_type=2 2 2 2
left_child=-1 2 -2 -3
right_child=1 3 -4 -5
leaf_value=0.064090613668605245 -0.01109479373535169 0.028276745809329241 0.006527956390786618 -0.02574531842067607
leaf_weight=4.4910811036825171 118.87834750115871 6.9384249299764624 337.93211553990841 53.323847949504852
leaf_count=18 481 28 1370 218
internal_value=-3.3205e-06 -0.000560014 0.00194189 -0.0195254
internal_weight=521.564 517.073 456.81 60.2623
internal_count=2115 2097 1851 246
is_linear=0
shrinkage=0.04


Tree=24
num_leaves=8
num_cat=0
split_feature=62 46 80 74 26 53 56
split_gain=11.3979 14.8939 17.1056 14.5866 13.9962 12.6044 6.30848
threshold=0.72247608082536308 1.9741618935811538 -0.13345264710311036 -1.2324495359059291 -0.5566832232146669 -0.58333333333333315 -0.34521930279508867
decision_type=2 2 2 2 2 2 2
left_child=1 3 -3 -1 6 -6 -2
right_child=4 2 -4 -5 5 -7 -8
leaf_value=0.068750760052603069 0.00035824926425304874 -0.018894416389485455 0.047952678077147211 -0.00016943342152993767 0.014599600571178283 -0.025159791691851591 0.064754158644696552
leaf_weight=4.9758591651916495 4.8265835791826248 8.4434932023286837 22.303433924913406 391.26090911030769 15.651708379387854 68.990564569830894 4.9103010445833188
leaf_count=20 20 34 91 1586 63 281 20
internal_value=-3.47565e-06 0.0027771 0.0295956 0.000696052 -0.0125832 -0.0178076 0.032833
internal_weight=521.363 426.984 30.7469 396.237 94.3792 84.6423 9.73688
internal_count=2115 1731 125 1606 384 344 40
is_linear=0
shrinkage=0.04


Tree=25
num_leaves=7
num_cat=0
split_feature=36 13 10 70 37 30
split_gain=11.128 12.4022 17.806 17.4604 9.00399 7.17349
threshold=1.2990526191481258 0.33639283202080666 2.6267170422556614 0.24323217351586476 0.52663563743275466 0.3769199960164093
decision_type=2 2 2 2 2 2
left_child=1 3 -3 -1 5 -2
right_child=4 2 -4 -5 -6 -7
leaf_value=-0.0098310817435748529 -0.010098972950636206 0.012744854984617224 -0.044708264077436083 0.0099411818111754344 0.014032152223478245 -0.068911559331903988
leaf_weight=221.38652841746807 5.3568521589040783 165.65324394404888 9.1053851693868619 105.51990424096584 5.4480689615011206 8.7194212228059751
leaf_count=896 22 672 42 425 22 36
internal_value=-3.5599e-06 0.0011495 0.0097514 -0.00344893 -0.0296307 -0.0465299
internal_weight=521.189 501.665 174.759 326.906 19.5243 14.0763
internal_count=2115 2035 714 1321 80 58
is_linear=0
shrinkage=0.04


Tree=26
num_leaves=7
num_cat=0
split_feature=24 41 14 58 44 66
split_gain=10.8911 25.5259 16.7401 16.231 12.068 3.86692
threshold=1.087344646253223 0.41949340087135206 1.0175632285347143 1.1163677065984803 0.88795879085521989 0.16397747201760624
decision_type=2 2 2 2 2 2
left_child=2 -2 4 -4 -1 -3
right_child=1 5 3 -5 -6 -7
leaf_value=-0.0038091109286131114 0.048719967926672755 -0.032863178294718069 0.038972962633757796 -0.027000299402781858 0.013404643617375242 -0.069136714121846396
leaf_weight=377.81243662536144 5.7350928634405163 11.91623428463936 31.544185131788254 7.3584873527288428 78.74493083357811 7.7672954499721518
leaf_count=1530 23 49 129 31 321 32
internal_value=-4.01214e-06 -0.0255402 0.00130607 0.026494 -0.000840161 -0.047177
internal_weight=520.879 25.4186 495.46 38.9027 456.557 19.6835
internal_count=2115 104 2011 160 1851 81
is_linear=0
shrinkage=0.04


Tree=27
num_leaves=5
num_cat=0
split_feature=13 118 118 26
split_gain=10.6878 14.3858 15.1925 10.2175
threshold=-1.1983502918710747 -0.87175723589223253 -0.2602905305237358 -0.66138543401022754
decision_type=2 2 2 2
left_child=-1 3 -3 -2
right_child=1 2 -4 -5
leaf_value=0.061447313612088203 0.027131012049684506 0.012160705872324123 -0.0033652144445730477 -0.033478848242167125
leaf_weight=4.4893281012773505 5.1926638334989539 144.13360333442688 335.7216023504734 31.123362109065056
leaf_count=18 21 584 1364 128
internal_value=-4.30947e-06 -0.000538776 0.00129829 -0.0248125
internal_weight=520.661 516.171 479.855 36.316
internal_count=2115 2097 1948 149
is_linear=0
shrinkage=0.04


Tree=28
num_leaves=8
num_cat=0
split_feature=62 46 80 97 26 53 56
split_gain=10.5801 13.5051 15.7096 14.1984 12.8043 11.6604 5.80897
threshold=0.72247608082536308 1.9741618935811538 -0.13345264710311036 0.58573511236586351 -0.5566832232146669 -0.58333333333333315 -0.34521930279508867
decision_type=2 2 2 2 2 2 2
left_child=1 3 -3 -1 6 -6 -2
right_child=4 2 -4 -5 5 -7 -8
leaf_value=-0.0027129027593336408 0.00010163378062959521 -0.018282024880135347 0.045828327751192263 0.017554729151138114 0.014004415760391254 -0.02425180671562006 0.06191441769662262
leaf_weight=329.23495385050774 4.8192283809185028 8.4295146763324755 22.277091205120087 66.469001352787018 15.650867983698843 68.718803197145462 4.9118703454732877
leaf_count=1337 20 34 91 269 63 281 20
internal_value=-4.40402e-06 0.0026746 0.0282289 0.000691585 -0.0121441 -0.0171551 0.0313023
internal_weight=520.511 426.411 30.7066 395.704 94.1008 84.3697 9.7311
internal_count=2115 1731 125 1606 384 344 40
is_linear=0
shrinkage=0.04


Tree=29
num_leaves=7
num_cat=0
split_feature=45 9 28 14 79 81
split_gain=10.304 11.7868 16.3806 14.6927 11.1974 11.1207
threshold=-3.3150733814431006 0.39117599101598449 0.7723801215958731 1.1831862082266491 -0.13100786126403827 1.0793563416736669
decision_type=2 2 2 2 2 2
left_child=4 3 -3 -2 -1 -6
right_child=1 2 -4 -5 5 -7
leaf_value=-0.01162728377012125 0.00074477329035115925 -0.0032865227078092908 -0.035036745401631493 0.039155495549368674 0.063338454918411335 -0.0063656614179072668
leaf_weight=9.2020376324653643 337.51435928046703 104.57340049743652 34.60164287686348 16.723206460475922 12.434739470481874 5.1909103393554679
leaf_count=37 1371 423 144 69 50 21
internal_value=-4.37449e-06 -0.00131702 -0.0111803 0.00255811 0.0241377 0.04281
internal_weight=520.24 493.413 139.175 354.238 26.8277 17.6256
internal_count=2115 2007 567 1440 108 71
is_linear=0
shrinkage=0.04


Tree=30
num_leaves=7
num_cat=0
split_feature=36 75 44 28 14 43
split_gain=10.1353 13.2728 16.4485 15.5857 7.10005 2.23529
threshold=-1.2485062535728004 0.63753626474027725 -2.1310756878830763 1.232724488946167 -0.66926264852554096 0.858681030682097
decision_type=2 2 2 2 2 2
left_child=4 3 -3 -2 -1 -6
right_child=1 2 -4 -5 5 -7
leaf_value=-0.0013493386818403978 0.0043983244041308706 0.028405068442142745 -0.018862180889623072 -0.029483953944420459 0.059220710541403224 0.023660353025035302
leaf_weight=8.2024471312761325 363.93544311821461 13.370019510388373 99.016270443797112 23.100869983434677 7.9956582337617856 4.3762746453285217
leaf_count=33 1472 54 402 97 37 20
internal_value=-4.42396e-06 -0.00113788 -0.013239 0.00237601 0.0275092 0.0466421
internal_weight=519.997 499.423 112.386 387.036 20.5744 12.3719
internal_count=2115 2025 456 1569 90 57
is_linear=0
shrinkage=0.04


Tree=31
num_leaves=8
num_cat=0
split_feature=62 46 103 109 64 44 70
split_gain=10.0605 16.3621 18.7389 12.0688 10.0518 8.96962 7.32966
threshold=-0.2659339001562388 1.431844558151063 1.2154040684649254 1.3369898375969484 0.15503553793153826 0.1945084565401595 -0.16723198031754136
decision_type=2 2 2 2 2 2 2
left_child=1 2 -1 4 -2 -3 -5
right_child=3 5 -4 6 -6 -7 -8
leaf_value=0.0010534162182399501 -0.0084634669947556956 0.0021027592260029239 0.06762641122749391 -0.0094938006446426068 0.0058227066679901966 0.067117205663444923 -0.062828024287635245
leaf_weight=158.26019079983234 184.5427323281765 4.9604651331901541 7.067084088921546 7.8765068501234081 137.52463099360466 10.760382190346716 8.6509730368852598
leaf_count=643 752 20 29 33 557 45 36
internal_value=-4.1075e-06 0.00760722 0.00389915 -0.00407392 -0.00236319 0.0466029 -0.0374105
internal_weight=519.643 181.048 165.327 338.595 322.067 15.7208 16.5275
internal_count=2115 737 672 1378 1309 65 69
is_linear=0
shrinkage=0.04


Tree=32
num_leaves=4
num_cat=0
split_feature=13 118 41
split_gain=9.86561 13.7755 12.8443
threshold=-1.1983502918710747 -1.1973740601319627 0.71973562473364139
decision_type=2 2 2
left_child=-1 -2 -3
right_child=1 2 -4
leaf_value=0.059107190690717765 -0.067740496788156399 0.0024176560115101503 -0.017409084439421331
leaf_weight=4.4786144644021979 4.831765115261077 450.86909814178944 59.135840103030205
leaf_count=18 20 1833 244
internal_value=-3.93267e-06 -0.000518146 0.000118716
internal_weight=519.315 514.837 510.005
internal_count=2115 2097 2077
is_linear=0
shrinkage=0.04


Tree=33
num_leaves=6
num_cat=0
split_feature=36 38 13 13 98
split_gain=9.53598 11.5179 15.7058 8.17369 4.14266
threshold=1.2990526191481258 2.7989061694027568 0.33639283202080666 1.2633113949157486 -0.61022982716661855
decision_type=2 2 2 2 2
left_child=1 2 -1 4 -2
right_child=3 -3 -4 -5 -6
leaf_value=-0.0032811806205717948 -0.066701595253566337 -0.047556453491639873 0.011829980170720511 0.013913450494562985 -0.022864839912592933
leaf_weight=326.1099920719862 6.6542669087648401 7.6772883832454673 166.10126860439777 5.43799765408039 7.1612674295902261
leaf_count=1321 28 37 677 22 30
internal_value=-4.01782e-06 0.00105992 0.00181822 -0.0276277 -0.0439789
internal_weight=519.142 499.889 492.211 19.2535 13.8155
internal_count=2115 2035 1998 80 58
is_linear=0
shrinkage=0.04


Tree=34
num_leaves=8
num_cat=0
split_feature=91 28 112 31 45 2 112
split_gain=9.60314 16.979 16.1405 22.1449 16.8887 12.6855 11.0297
threshold=0.22066407939575225 -0.19659761979682819 0.065692231855007929 0.91104091948073052 -2.1053749976703937 -0.16698826287470672 -0.12538790204588549
decision_type=2 2 2 2 2 2 2
left_child=2 6 3 -1 -4 -3 -2
right_child=1 5 4 -5 -6 -7 -8
leaf_value=0.021259839203952836 -0.036006836794780062 0.014988994606403246 0.043800734012084383 -0.021794326295876597 -0.007052576780409929 -0.0099281863780104652 -0.0040361651444933413
leaf_weight=119.25161458551884 41.139372050762177 61.303912982344627 11.162881046533583 22.763142481446266 163.41391260921955 70.042103067040443 29.752032771706581
leaf_count=482 167 253 45 94 666 287 121
internal_value=-4.38255e-06 -0.00681323 0.00434508 0.0143588 -0.00380089 0.00170156 -0.0225892
internal_weight=518.829 202.237 316.592 142.015 174.577 131.346 70.8914
internal_count=2115 828 1287 576 711 540 288
is_linear=0
shrinkage=0.04


Tree=35
num_leaves=7
num_cat=0
split_feature=47 81 37 47 73 11
split_gain=9.32762 18.9618 20.0217 10.9106 19.0699 16.5062
threshold=-0.91248991428705606 -0.68208796385569792 -0.87861620615555069 -0.34557330148709392 0.46349611603775104 -0.098864012357328737
decision_type=2 2 2 2 2 2
left_child=1 -1 -3 4 -2 -5
right_child=3 2 -4 5 -6 -7
leaf_value=0.044355485147665789 0.020167940987797253 0.038108281391469843 -0.050843745191862473 0.0071588624559573511 -0.017761309668495765 -0.0099579886502628653
leaf_weight=5.9163020849227896 95.209503516554832 4.94910800457001 22.252220049500465 166.86875419318676 27.287676423788071 196.03806737065315
leaf_count=24 386 20 91 681 112 801
internal_value=-4.63504e-06 -0.0205439 -0.0346595 0.00139669 0.0117188 -0.00208746
internal_weight=518.522 33.1176 27.2013 485.404 122.497 362.907
internal_count=2115 135 111 1980 498 1482
is_linear=0
shrinkage=0.04


Tree=36
num_leaves=8
num_cat=0
split_feature=4 88 44 24 10 14 28
split_gain=9.28223 13.4708 12.5281 10.4757 9.24531 8.68691 4.72482
threshold=-1.2669284687680353 0.57612503924376079 -0.38590817679617712 1.087344646253223 0.90999110330360311 -0.44523792802900708 0.67293945318034176
decision_type=2 2 2 2 2 2 2
left_child=4 3 -3 -2 6 -6 -1
right_child=1 2 -4 -5 5 -7 -8
leaf_value=0.024318600613228609 0.0035182969428426132 -0.039822336314503812 -0.0060786635458157578 -0.02321975510869926 -0.042027227680054458 0.028148367927802259 0.071371957499174091
leaf_weight=7.4952258765697497 380.00454841554165 24.312051102519035 63.806895136833191 24.986301586031914 5.0623201876878738 6.3785666376352292 6.2714648246765137
leaf_count=31 1544 99 260 104 22 29 26
internal_value=-4.93752e-06 -0.00121521 -0.0153886 0.00186867 0.0236703 -0.00290266 0.0457539
internal_weight=518.317 493.11 88.1189 404.991 25.2076 11.4409 13.7667
internal_count=2115 2007 359 1648 108 51 57
is_linear=0
shrinkage=0.04


Tree=37
num_leaves=4
num_cat=0
split_feature=13 118 41
split_gain=9.0999 12.6883 11.0794
threshold=-1.1983502918710747 -1.1973740601319627 0.71973562473364139
decision_type=2 2 2
left_child=-1 -2 -3
right_child=1 2 -4
leaf_value=0.056886507917099378 -0.065556157755217837 0.0022408354246556727 -0.016230436863931379
leaf_weight=4.4597230404615393 4.7522188127040854 450.10624389350414 58.737046048045158
leaf_count=18 20 1833 244
internal_value=-4.92812e-06 -0.000498936 0.000108651
internal_weight=518.055 513.596 508.843
internal_count=2115 2097 2077
is_linear=0
shrinkage=0.04


Tree=38
num_leaves=7
num_cat=0
split_feature=45 76 4 88 87 62
split_gain=8.88857 10.6213 10.0486 13.0225 9.20821 8.65531
threshold=-3.3150733814431006 -0.17558867955059912 -1.2669284687680353 0.57612503924376079 -0.17584207241663358 0.5432002563194549
decision_type=2 2 2 2 2 2
left_child=1 -1 4 -4 -2 -3
right_child=2 5 3 -5 -6 -7
leaf_value=-0.018274673722611531 -0.02618198826313578 0.057068344677714364 0.00066057922856962937 -0.016605133601917753 0.037305631914836136 0.00032997104346341128
leaf_weight=7.4031980037689236 4.5656355619430569 12.850506305694582 382.72905793786049 85.511021748185158 18.331334069371223 6.4664828926324835
leaf_count=30 20 52 1559 349 79 26
internal_value=-4.97172e-06 0.0224624 -0.0012273 -0.00249252 0.0246463 0.0380748
internal_weight=517.857 26.7202 491.137 468.24 22.897 19.317
internal_count=2115 108 2007 1908 99 78
is_linear=0
shrinkage=0.04


Tree=39
num_leaves=7
num_cat=0
split_feature=47 81 63 11 91 93
split_gain=8.70004 17.5768 19.3048 9.93036 26.3359 16.1332
threshold=-0.91248991428705606 -0.67200376326351008 0.46459171888122813 -0.013558854752947202 -0.45596075789638063 -0.77718433799298692
decision_type=2 2 2 2 2 2
left_child=1 -1 -3 4 -2 -5
right_child=3 2 -4 5 -6 -7
leaf_value=0.03950398396691629 0.031375009743642809 -0.052568019406375878 0.029175353328735554 -0.024081951781592465 -0.00010747487934763879 0.001019796467559331
leaf_weight=6.4223827421665183 55.182885438203812 20.610294774174694 5.9590424150228491 52.068946018815041 185.17739488184452 192.13583233952522
leaf_count=26 223 85 24 213 759 785
internal_value=-4.62994e-06 -0.01988 -0.0342344 0.00134859 0.0071204 -0.00433236
internal_weight=517.557 32.9917 26.5693 484.565 240.36 244.205
internal_count=2115 135 109 1980 982 998
is_linear=0
shrinkage=0.04


Tree=40
num_leaves=4
num_cat=0
split_feature=38 39 47
split_gain=8.50975 13.2603 11.2793
threshold=3.0828060901657026 2.4538379959616177 -0.91248991428705606
decision_type=2 2 2
left_child=1 2 -1
right_child=-2 -3 -4
leaf_value=-0.023687883782342937 -0.046190058672801466 0.062088241689491848 0.0014042601674929295
leaf_weight=30.504074022173882 6.3053334206342688 5.5444180071353903 474.97573295235634
leaf_count=125 32 24 1934
internal_value=-5.00264e-06 0.000564857 -0.00010997
internal_weight=517.33 511.024 505.48
internal_count=2115 2083 2059
is_linear=0
shrinkage=0.04


Tree=41
num_leaves=4
num_cat=0
split_feature=13 118 41
split_gain=8.49692 11.8358 10.2246
threshold=-1.1983502918710747 -1.1973740601319627 0.71973562473364139
decision_type=2 2 2
left_child=-1 -2 -3
right_child=1 2 -4
leaf_value=0.055092555584294302 -0.063841214857248016 0.0021488752519405211 -0.015624130121844325
leaf_weight=4.4398933351039878 4.6743362993001929 449.44608852267265 58.534553036093712
leaf_count=18 20 1833 244
internal_value=-4.94713e-06 -0.000482124 0.000100894
internal_weight=517.095 512.655 507.981
internal_count=2115 2097 2077
is_linear=0
shrinkage=0.04


Tree=42
num_leaves=8
num_cat=0
split_feature=62 91 34 34 7 33 100
split_gain=8.46053 12.3762 17.2761 11.8109 11.1927 11.7794 10.2287
threshold=0.9435556455819335 0.38585490346341933 -0.86932250417873147 1.0020594390509627 0.66467884304083225 1.0239310334202789 0.0042999303055591548
decision_type=2 2 2 2 2 2 2
left_child=1 3 -3 -1 6 -6 -2
right_child=4 2 -4 -5 5 -7 -8
leaf_value=0.0081989718561364215 -0.0036513618482006249 0.016037767777930863 -0.017059161568963161 -0.021598526155739366 -0.015132242423698067 0.038119999109204855 -0.048387179432020727
leaf_weight=300.60090504586697 14.13880906999111 34.076659336686134 97.246393963694572 22.905322909355164 17.970615267753605 10.546626955270765 19.396105870604515
leaf_count=1221 58 144 397 97 74 44 80
internal_value=-4.98821e-06 0.00188525 -0.00847093 0.00608921 -0.0138601 0.00456221 -0.0295259
internal_weight=516.881 454.829 131.323 323.506 62.0522 28.5172 33.5349
internal_count=2115 1859 541 1318 256 118 138
is_linear=0
shrinkage=0.04


Tree=43
num_leaves=8
num_cat=0
split_feature=13 24 37 109 7 40 69
split_gain=8.1885 13.1293 16.1174 12.7845 12.011 11.5006 4.15484
threshold=0.33639283202080666 0.91717492763557373 0.34967445535950398 1.3663487297789019 -0.31513610370740619 0.54505228274055428 -0.13688981879440795
decision_type=2 2 2 2 2 2 2
left_child=3 2 -2 5 -3 -1 -5
right_child=1 4 -4 6 -6 -7 -8
leaf_value=0.00046720516362064551 0.031344398874557096 -0.060338645034929847 0.0030811838831979856 -0.063782468293875155 -0.0020627550173254938 -0.023910552911247406 -0.018131989908453602
leaf_weight=283.21987889707088 45.249132066965103 7.9048499166965511 112.65983752906322 6.9704176783561707 19.915206596255302 34.764256790280342 5.8816162496805173
leaf_count=1150 183 34 469 30 83 142 24
internal_value=-5.34738e-06 0.00671615 0.0111801 -0.00377875 -0.0186214 -0.00219794 -0.0428909
internal_weight=516.565 185.729 157.909 330.836 27.8201 317.984 12.852
internal_count=2115 769 652 1346 117 1292 54
is_linear=0
shrinkage=0.04


Tree=44
num_leaves=4
num_cat=0
split_feature=38 39 47
split_gain=8.09902 12.2867 10.4176
threshold=3.0828060901657026 2.4538379959616177 -0.91248991428705606
decision_type=2 2 2
left_child=1 2 -1
right_child=-2 -3 -4
leaf_value=-0.022812510204735889 -0.045435416577582773 0.060203937785647359 0.0013550647131521077
leaf_weight=30.365278482437134 6.2033189684152594 5.4644964933395377 474.20685891807079
leaf_count=125 32 24 1934
internal_value=-5.7985e-06 0.000546739 -9.9346e-05
internal_weight=516.24 510.037 504.572
internal_count=2115 2083 2059
is_linear=0
shrinkage=0.04


Tree=45
num_leaves=8
num_cat=0
split_feature=62 45 103 62 74 28 59
split_gain=8.13964 15.0563 15.1156 10.6657 10.6498 15.4707 12.6452
threshold=-0.2659339001562388 1.4269099541894166 1.2154040684649254 -1.3211449299898976 -0.21151315485806929 -0.77500450757186068 0.024024327366379449
decision_type=2 2 2 2 2 2 2
left_child=1 2 -1 -3 5 -2 -6
right_child=4 3 -4 -5 6 -7 -8
leaf_value=-1.18465157751294e-05 0.070998026192394856 -0.0014576704197000578 0.059803312478671745 0.058912863518085688 -0.021335309799955775 0.0023583086114477422 -0.0011296450665932596
leaf_weight=151.7224363386631 5.4834672808647147 7.0422732383012798 7.074830785393714 13.972120091319082 83.665164157748222 125.47555676102638 121.5572831183672
leaf_count=619 22 31 29 58 345 511 500
internal_value=-5.69798e-06 0.0068637 0.00265307 0.0386817 -0.0036799 0.00523237 -0.0093671
internal_weight=515.993 179.812 158.797 21.0144 336.181 130.959 205.222
internal_count=2115 737 648 89 1378 533 845
is_linear=0
shrinkage=0.04


Tree=46
num_leaves=5
num_cat=0
split_feature=13 118 118 111
split_gain=7.94213 11.1286 13.1219 8.62555
threshold=-1.1983502918710747 -0.87175723589223253 -0.53573261176666642 0.26437746338131124
decision_type=2 2 2 2
left_child=-1 3 -3 -2
right_child=1 2 -4 -5
leaf_value=0.053420849089451827 0.025662836746210799 0.018922214394613154 -0.001335869037941249 -0.030173461264300681
leaf_weight=4.4138226509094229 5.1809962391853324 58.306993991136551 417.30358217656612 30.402336850762367
leaf_count=18 21 237 1711 128
internal_value=-5.35293e-06 -0.000466653 0.00114765 -0.0220436
internal_weight=515.608 511.194 475.611 35.5833
internal_count=2115 2097 1948 149
is_linear=0
shrinkage=0.04


Tree=47
num_leaves=8
num_cat=0
split_feature=62 91 34 46 7 42 26
split_gain=7.84874 11.4954 15.5548 10.5293 10.3107 10.0797 9.38526
threshold=0.9435556455819335 0.38585490346341933 -0.86932250417873147 1.431844558151063 0.53037040444400019 0.21708482429645029 -0.069855714598394708
decision_type=2 2 2 2 2 2 2
left_child=1 3 -3 -1 6 -6 -2
right_child=4 2 -4 -5 5 -7 -8
leaf_value=0.0035668205129713139 0.0084691821365768354 0.015109256527485959 -0.016354132890319454 0.028526876624459591 -0.026409161153774306 0.019451127188002071 -0.043777999243939852
leaf_weight=292.98979456722736 7.3502114117145565 33.954956978559494 96.845642283558846 29.791018471121788 12.339664205908774 20.255611747503281 21.865044265985489
leaf_count=1196 30 144 397 122 51 84 91
internal_value=-5.33369e-06 0.00181686 -0.00818645 0.00587051 -0.0133771 0.0020897 -0.0306332
internal_weight=515.392 453.581 130.801 322.781 61.8105 32.5953 29.2153
internal_count=2115 1859 541 1318 256 135 121
is_linear=0
shrinkage=0.04


Tree=48
num_leaves=4
num_cat=0
split_feature=38 39 4
split_gain=7.69162 11.4338 10.1037
threshold=3.0828060901657026 2.4538379959616177 -1.7555448890920027
decision_type=2 2 2
left_child=1 2 -1
right_child=-2 -3 -4
leaf_value=0.058364358631331548 -0.044672778373513675 0.058518718259136862 -0.00063965205915193757
leaf_weight=4.6870245784521094 6.0952313542366019 5.3826574981212607 498.89691734313965
leaf_count=21 32 24 2038
internal_value=-5.57207e-06 0.000529349 -9.0482e-05
internal_weight=515.062 508.967 503.584
internal_count=2115 2083 2059
is_linear=0
shrinkage=0.04


Tree=49
num_leaves=6
num_cat=0
split_feature=26 97 64 73 11
split_gain=7.65827 9.30698 14.9669 11.9116 3.92624
threshold=1.2499993722649052 0.014376073980392928 0.13858700012934375 -0.52050682130170578 1.0000000180025095e-35
decision_type=2 2 2 2 2
left_child=1 3 -3 -1 -2
right_child=4 2 -4 -5 -6
leaf_value=0.0093956304794310854 -0.058415528760177242 -0.0022575114790042267 0.017788273667788901 -0.0097896827290734362 -0.011043566221639812
leaf_weight=71.325779646635056 5.1341414302587491 138.77125738561153 104.45019586384296 188.94044971466064 6.1555984914302826
leaf_count=291 21 569 427 780 27
internal_value=-5.2426e-06 0.00072533 0.00635105 -0.00453196 -0.0325865
internal_weight=514.777 503.488 243.221 260.266 11.2897
internal_count=2115 2067 996 1071 48
is_linear=0
shrinkage=0.04


Tree=50
num_leaves=7
num_cat=0
split_feature=36 10 13 25 66 114
split_gain=7.57482 9.51874 12.5465 7.91257 3.31347 2.02849
threshold=1.2990526191481258 2.6267170422556614 0.33639283202080666 1.1573744457127939 0.10988177364935529 0.13086802994128974
decision_type=2 2 2 2 2 2
left_child=1 2 -1 4 -2 -3
right_child=3 5 -4 -5 -6 -7
leaf_value=-0.0028930265464945067 -0.023945403424751439 -0.059898856949248909 0.010699339680684752 0.010485608700602906 -0.06559462448965378 -0.020395340390301837
leaf_weight=323.96615670621395 6.3733545839786547 4.4411310553550702 163.48852179944515 6.5737298578023902 5.8721733242273331 3.9116176664829254
leaf_count=1321 27 22 672 28 25 20
internal_value=-5.22107e-06 0.000940242 0.00166575 -0.0249142 -0.0439177 -0.0413992
internal_weight=514.627 495.807 487.455 18.8193 12.2455 8.35275
internal_count=2115 2035 1993 80 52 42
is_linear=0
shrinkage=0.04


Tree=51
num_leaves=7
num_cat=0
split_feature=45 41 9 14 28 72
split_gain=7.50969 9.98556 9.24425 12.8024 12.6048 7.18072
threshold=-3.3150733814431006 -0.54562147439935826 0.39117599101598449 1.1831862082266491 0.7723801215958731 0.24638009434548272
decision_type=2 2 2 2 2 2
left_child=1 -1 3 -2 -4 -3
right_child=2 5 4 -5 -6 -7
leaf_value=-0.02900012191842908 0.00062719282046698954 0.02022222045711556 -0.0030472342655193919 0.036967425295285176 -0.031272121499614371 0.075540959676945657
leaf_weight=5.1954291462898281 334.25281637907028 16.456416428089145 103.79019883275032 16.265604063868523 33.48255580663681 4.8641459047794333
leaf_count=21 1371 67 423 69 144 20
internal_value=-5.53304e-06 0.0207256 -0.00113246 0.00231354 -0.00993164 0.0328428
internal_weight=514.307 26.516 487.791 350.518 137.273 21.3206
internal_count=2115 108 2007 1440 567 87
is_linear=0
shrinkage=0.04


Tree=52
num_leaves=4
num_cat=0
split_feature=13 118 41
split_gain=7.38009 10.6333 8.56492
threshold=-1.1983502918710747 -1.1973740601319627 0.71973562473364139
decision_type=2 2 2
left_child=-1 -2 -3
right_child=1 2 -4
leaf_value=0.051697964308141123 -0.061416244955147033 0.0019716123289885545 -0.014381717225807823
leaf_weight=4.379524201154708 4.5365352481603614 447.21135565638542 57.873909667134285
leaf_count=18 20 1833 244
internal_value=-5.45379e-06 -0.000449776 9.78077e-05
internal_weight=514.001 509.622 505.085
internal_count=2115 2097 2077
is_linear=0
shrinkage=0.04


Tree=53
num_leaves=8
num_cat=0
split_feature=91 112 31 35 28 14 112
split_gain=7.41799 13.5632 18.4765 15.5674 13.3137 19.0328 11.3991
threshold=0.17564523411731559 0.065692231855007929 0.91104091948073052 -0.37829718701380388 0.18085991237502916 -0.73886130326149524 0.11289198609077161
decision_type=2 2 2 2 2 2 2
left_child=1 2 -1 -3 6 -6 -2
right_child=4 3 -4 -5 5 -7 -8
leaf_value=0.020004364763612743 -0.021168526065541524 0.018341075143226398 -0.019767216520113703 -0.010617480822223246 -0.028943762488525943 0.013834575128570914 0.010960558770768368
leaf_weight=113.06445902585983 92.36111107468605 39.03816431760788 22.390506774187088 124.19042155146599 21.021648526191711 79.852590769529343 21.847706511616707
leaf_count=458 378 159 94 513 87 336 90
internal_value=-5.46412e-06 0.0040732 0.0134302 -0.00369168 -0.00566946 0.0049198 -0.0150224
internal_weight=513.767 298.684 135.455 163.229 215.083 100.874 114.209
internal_count=2115 1224 552 672 891 423 468
is_linear=0
shrinkage=0.04


Tree=54
num_leaves=7
num_cat=0
split_feature=109 46 80 46 2 110
split_gain=7.40342 8.82041 16.1197 10.3225 8.30231 5.75106
threshold=1.3369898375969484 1.9741618935811538 -0.13345264710311036 1.0000000180025095e-35 -0.38964792475623516 -0.042636551077251846
decision_type=2 2 2 2 2 2
left_child=1 3 -3 -1 -2 -6
right_child=4 2 -4 -5 5 -7
leaf_value=0.004901468423566333 0.023347337130441764 -0.024612006263226665 0.034677369941035367 -0.0072161663987509216 -0.063772079197994797 -0.015672178208313254
leaf_weight=248.93514877557755 4.7099091708660152 9.8837255090475065 28.475699543952942 205.19078923761845 7.152422368526465 8.9590498805046028
leaf_count=1022 21 40 118 845 31 38
internal_value=-5.66501e-06 0.000982082 0.0194008 -0.000573724 -0.0233687 -0.0370253
internal_weight=513.307 492.485 38.3594 454.126 20.8214 16.1115
internal_count=2115 2025 158 1867 90 69
is_linear=0
shrinkage=0.04


Tree=55
num_leaves=5
num_cat=0
split_feature=0 36 75 12
split_gain=7.22467 9.50972 10.7672 6.49142
threshold=-2.7641575807435048 -1.2673778635284003 0.63753626474027725 -1.2362287565258308
decision_type=2 2 2 2
left_child=-1 3 -3 -2
right_child=1 2 -4 -5
leaf_value=-0.051923288364904348 -0.0041487644025819739 0.0026032764526585238 -0.011575801045870311 0.048198456168182233
leaf_weight=4.2530002892017356 5.7978481948375729 381.62097492814064 110.50165401399136 10.9463944286108
leaf_count=18 26 1563 456 52
internal_value=-5.77763e-06 0.000428138 -0.000580506 0.0300727
internal_weight=513.12 508.867 492.123 16.7442
internal_count=2115 2097 2019 78
is_linear=0
shrinkage=0.04


Tree=56
num_leaves=8
num_cat=0
split_feature=62 45 103 62 115 33 103
split_gain=7.1866 13.5044 13.5803 9.93578 9.8672 14.9181 12.7236
threshold=-0.2659339001562388 1.4269099541894166 1.2154040684649254 -1.3211449299898976 -0.52978821091943151 1.1914841449692088 -0.29083089901393883
decision_type=2 2 2 2 2 2 2
left_child=1 2 -1 -3 5 -2 -6
right_child=4 3 -4 -5 6 -7 -8
leaf_value=-2.2979111070546669e-05 0.014508007766381271 -0.0023977417720973046 0.057122627107972279 0.056462340040589386 -0.024944992585602045 -0.037067607945647847 -0.002803300384546964
leaf_weight=151.11936435103416 74.679948076605797 6.8769744634628323 6.9601487666368476 13.789548441767691 52.64283213019371 10.198563665151594 196.61987698078156
leaf_count=619 306 31 29 58 221 44 807
internal_value=-5.31963e-06 0.00646845 0.00249311 0.0368761 -0.00346841 0.00831095 -0.0074795
internal_weight=512.887 178.746 158.08 20.6665 334.141 84.8785 249.263
internal_count=2115 737 648 89 1378 350 1028
is_linear=0
shrinkage=0.04


Tree=57
num_leaves=7
num_cat=0
split_feature=109 46 80 46 2 110
split_gain=6.96271 8.14054 14.9312 9.66303 7.49068 5.40357
threshold=1.3369898375969484 1.9741618935811538 -0.42431383460658273 1.0000000180025095e-35 -0.38964792475623516 -0.042636551077251846
decision_type=2 2 2 2 2 2
left_child=1 3 -3 -1 -2 -6
right_child=4 2 -4 -5 5 -7
leaf_value=0.0047522172184934963 0.021763484504718846 -0.034606179988751262 0.030401373326690934 -0.0069792694593326411 -0.06215010979043098 -0.015210869340851823
leaf_weight=248.79024283587933 4.66911552846432 6.8973762094974509 31.336772739887238 204.82357497513294 7.0034707635641125 8.9241077005863136
leaf_count=1022 21 28 130 845 31 38
internal_value=-5.10933e-06 0.000949024 0.0186741 -0.000544987 -0.0227898 -0.0358504
internal_weight=512.445 491.848 38.2341 453.614 20.5967 15.9276
internal_count=2115 2025 158 1867 90 69
is_linear=0
shrinkage=0.04


Tree=58
num_leaves=6
num_cat=0
split_feature=26 14 69 44 11
split_gain=6.85828 8.0239 19.5854 9.4288 3.78995
threshold=1.2499993722649052 0.94079210636127975 0.60429543460031987 0.88795879085521989 1.0000000180025095e-35
decision_type=2 2 2 2 2
left_child=1 3 -3 -1 -2
right_child=4 2 -4 -5 -6
leaf_value=-0.0037670726746651074 -0.05651770212403455 0.025678290141734405 -0.040296259430708484 0.011462249480930171 -0.0096717976965280811
leaf_weight=368.02201551198959 5.0828332155942899 45.50576239824295 8.5525647103786451 79.009516850113869 6.0547374337911606
leaf_count=1511 21 191 36 329 27
internal_value=-5.26198e-06 0.000684777 0.0152405 -0.0010754 -0.0310508
internal_weight=512.227 501.09 54.0583 447.032 11.1376
internal_count=2115 2067 227 1840 48
is_linear=0
shrinkage=0.04


Tree=59
num_leaves=4
num_cat=0
split_feature=38 39 47
split_gain=6.87556 10.3189 9.24655
threshold=3.0828060901657026 2.4538379959616177 -1.0888629504443552
decision_type=2 2 2
left_child=1 2 -1
right_child=-2 -3 -4
leaf_value=-0.039040853640646758 -0.043320520960669899 0.05647030098105079 0.00066623454537313666
leaf_weight=9.5661178976297361 5.7969824522733679 5.2142995148897162 491.46879374980927
leaf_count=40 32 24 2019
internal_value=-5.29475e-06 0.000490701 -9.18817e-05
internal_weight=512.046 506.249 501.035
internal_count=2115 2083 2059
is_linear=0
shrinkage=0.04


Tree=60
num_leaves=7
num_cat=0
split_feature=24 41 14 91 106 66
split_gain=6.84857 20.7993 14.0691 11.0705 10.5039 3.6361
threshold=1.087344646253223 0.41949340087135206 1.1831862082266491 -1.6685201023606095 -0.52145106639749039 0.16397747201760624
decision_type=2 2 2 2 2 2
left_child=2 -2 3 -1 -4 -3
right_child=1 5 4 -5 -6 -7
leaf_value=-0.065172009727374192 0.045987353863401033 -0.026987942313892885 0.071068204386910611 2.7883642871111719e-05 0.013918132882685594 -0.06314943190039167
leaf_weight=4.2050019949674597 5.7305457442998913 11.381623521447183 7.154859974980357 457.69589380919933 18.323166847229004 7.3041668385267249
leaf_count=17 23 49 29 1884 81 32
internal_value=-5.21074e-06 -0.0206783 0.00103045 -0.000565676 0.0299673 -0.0411233
internal_weight=511.795 24.4163 487.379 461.901 25.478 18.6858
internal_count=2115 104 2011 1901 110 81
is_linear=0
shrinkage=0.04


Tree=61
num_leaves=4
num_cat=0
split_feature=13 118 37
split_gain=6.83365 9.96806 7.89715
threshold=-1.1983502918710747 -1.1973740601319627 -1.3196583998078375
decision_type=2 2 2
left_child=-1 -2 -3
right_child=1 2 -4
leaf_value=0.04998776920298359 -0.06007613124493634 -0.07493640586117721 0.0004292510530144733
leaf_weight=4.33763663470745 4.4441257417201987 2.2344862669706336 500.52528645098209
leaf_count=18 20 9 2068
internal_value=-5.37682e-06 -0.000432921 9.42928e-05
internal_weight=511.542 507.204 502.76
internal_count=2115 2097 2077
is_linear=0
shrinkage=0.04


Tree=62
num_leaves=8
num_cat=0
split_feature=62 91 42 7 118 42 58
split_gain=6.82889 10.3297 14.4526 9.42059 9.1472 9.09185 8.52524
threshold=0.9435556455819335 0.38585490346341933 0.96472475398731716 0.53037040444400019 -0.91741247936290271 0.21708482429645029 -0.16840360092437986
decision_type=2 2 2 2 2 2 2
left_child=1 4 -3 6 -1 -5 -2
right_child=3 2 -4 5 -6 -7 -8
leaf_value=-0.015421405753051379 -0.0060828874701699866 -0.011151531183336042 0.046019131413628102 -0.024947950230749475 0.0077227206534131974 0.018830287673264709 -0.049678266730461468
leaf_weight=30.158152729272842 13.545814514160158 122.01909758150578 7.5103593468666068 12.202189862728117 290.62710732221603 20.082116812467575 15.264954179525374
leaf_count=128 56 510 31 51 1190 84 65
internal_value=-5.33901e-06 0.00169719 -0.00783667 -0.0125542 0.00554686 0.00228385 -0.0291812
internal_weight=511.41 450.315 129.529 61.0951 320.785 32.2843 28.8108
internal_count=2115 1859 541 256 1318 135 121
is_linear=0
shrinkage=0.04


Tree=63
num_leaves=8
num_cat=0
split_feature=62 94 13 117 11 87 31
split_gain=6.66677 15.9659 15.576 15.4024 14.98 9.68885 8.79452
threshold=0.046697451992462592 -0.10830755420210321 0.72351829375292431 -0.64219554113452038 -1.0044904763126257 -0.070039276376894707 -0.60948181885438768
decision_type=2 2 2 2 2 2 2
left_child=1 2 -1 5 -3 -2 -5
right_child=3 4 -4 6 -6 -7 -8
leaf_value=-0.0090568475445315308 0.032187853844154166 -0.029435962680168206 0.059007264903083854 0.012653246885170317 0.017539446142792302 -0.0066407757140387307 -0.012595160881829251
leaf_weight=120.0273844152689 26.152185767889023 11.857159748673437 5.6319018304347983 25.238979190587997 129.34591080248356 16.944205030798912 175.97271949052811
leaf_count=493 108 51 23 105 536 71 728
internal_value=-5.6879e-06 0.0043651 -0.00600629 -0.00477999 0.0135948 0.0169216 -0.00942813
internal_weight=511.17 266.862 125.659 244.308 141.203 43.0964 201.212
internal_count=2115 1103 516 1012 587 179 833
is_linear=0
shrinkage=0.04


Tree=64
num_leaves=5
num_cat=0
split_feature=0 36 75 12
split_gain=6.66736 8.68215 9.80086 6.11373
threshold=-2.7641575807435048 -1.2673778635284003 0.63753626474027725 -1.2362287565258308
decision_type=2 2 2 2
left_child=-1 3 -3 -2
right_child=1 2 -4 -5
leaf_value=-0.050065842833508921 -0.0041834465472799587 0.0024949172320266719 -0.011064035410384433 0.046938966342946704
leaf_weight=4.2216653674840918 5.7648478299379375 380.14938290417194 109.97173227369785 10.67118203639984
leaf_count=18 26 1563 456 52
internal_value=-5.62632e-06 0.000411577 -0.000547395 0.0290081
internal_weight=510.779 506.557 490.121 16.436
internal_count=2115 2097 2019 78
is_linear=0
shrinkage=0.04


Tree=65
num_leaves=7
num_cat=0
split_feature=109 46 80 74 2 110
split_gain=6.55452 7.46824 13.8369 9.15451 6.88587 5.03149
threshold=1.3369898375969484 1.9741618935811538 -0.13345264710311036 -1.2324495359059291 -0.38964792475623516 -0.042636551077251846
decision_type=2 2 2 2 2 2
left_child=1 3 -3 -1 -2 -6
right_child=4 2 -4 -5 5 -7
leaf_value=0.049050183333247739 0.020588903545622435 -0.022944419761092631 0.032167872420775824 -0.0011680754443924091 -0.060660033301700618 -0.014992534270678483
leaf_weight=5.884655535221099 4.6330075412988689 9.8263073265552503 28.226972937583923 446.26686309278011 6.8453781008720425 8.8515428006648964
leaf_count=24 21 40 118 1843 31 38
internal_value=-5.18391e-06 0.000917806 0.0179365 -0.000514496 -0.0222607 -0.034908
internal_weight=510.535 490.205 38.0533 452.152 20.3299 15.6969
internal_count=2115 2025 158 1867 90 69
is_linear=0
shrinkage=0.04


Tree=66
num_leaves=7
num_cat=0
split_feature=36 10 13 25 28 114
split_gain=6.513 8.52688 10.1543 7.11082 3.13324 1.81636
threshold=1.2990526191481258 2.6267170422556614 2.2264000467871585 1.1573744457127939 0.41517184227144993 0.13086802994128974
decision_type=2 2 2 2 2 2
left_child=1 2 -1 4 -2 -3
right_child=3 5 -4 -5 -6 -7
leaf_value=0.00078135069119107811 -0.065183591196305929 -0.058210879820864724 0.045433061912076751 0.010294598295431239 -0.023836324578100487 -0.01994518731872898
leaf_weight=475.53661632537842 5.1489864438772219 4.2117910683155051 8.2908841818571073 6.5178223103284827 6.8116380274295807 3.7535115927457809
leaf_count=1956 22 22 37 28 30 20
internal_value=-5.2735e-06 0.000870701 0.0015465 -0.0233188 -0.0416361 -0.0401788
internal_weight=510.271 491.793 483.828 18.4784 11.9606 7.9653
internal_count=2115 2035 1993 80 52 42
is_linear=0
shrinkage=0.04


Tree=67
num_leaves=7
num_cat=0
split_feature=24 41 14 91 106 66
split_gain=6.50705 19.0233 12.3846 10.3267 10.0001 3.50327
threshold=1.087344646253223 0.41949340087135206 1.1831862082266491 -1.6685201023606095 -0.52145106639749039 0.16397747201760624
decision_type=2 2 2 2 2 2
left_child=2 -2 3 -1 -4 -3
right_child=1 5 4 -5 -6 -7
leaf_value=-0.063048618593936179 0.043486180097383448 -0.026099928722810809 0.068456946488605952 7.8512487572145862e-05 0.01253244153385078 -0.061830026181496037
leaf_weight=4.1841972768306723 5.7220835238695171 11.305384844541551 7.1118242889642742 456.25451387465 18.228320240974426 7.1784831732511512
leaf_count=17 23 49 29 1884 81 32
internal_value=-5.43356e-06 -0.0202464 0.00100316 -0.00049515 0.0282279 -0.0399762
internal_weight=509.985 24.206 485.779 460.439 25.3401 18.4839
internal_count=2115 104 2011 1901 110 81
is_linear=0
shrinkage=0.04


Tree=68
num_leaves=8
num_cat=0
split_feature=91 111 28 112 44 45 62
split_gain=6.41837 12.4186 13.3727 12.2284 15.5875 13.0454 10.6971
threshold=0.22066407939575225 0.014864622028647585 0.18085991237502916 0.065692231855007929 -0.36449154558025687 -2.1053749976703937 -0.44309976165092707
decision_type=2 2 2 2 2 2 2
left_child=3 2 -2 4 -1 -5 -3
right_child=1 6 -4 5 -6 -7 -8
leaf_value=-0.0072556803844769048 -0.022390165421481322 0.047257989607403468 0.0017418442939083384 0.03852891851895341 0.021383709652014936 -0.0065002370883723275 0.0019914833461318043
leaf_weight=44.494717016816139 80.978807508945465 10.620436757802961 67.255638390779495 11.001106560230253 96.034270882606506 160.18647706508636 39.119522631168365
leaf_count=183 334 46 284 45 393 666 164
internal_value=-5.55925e-06 -0.00563797 -0.0114412 0.00357164 0.0123158 -0.00360651 0.0116568
internal_weight=509.691 197.974 148.234 311.717 140.529 171.188 49.74
internal_count=2115 828 618 1287 576 711 210
is_linear=0
shrinkage=0.04


Tree=69
num_leaves=5
num_cat=0
split_feature=13 118 118 26
split_gain=6.42015 7.35241 10.7757 7.70348
threshold=-1.2739995422718267 -0.87175723589223253 -0.2602905305237358 -0.66138543401022754
decision_type=2 2 2 2
left_child=-1 3 -3 -2
right_child=1 2 -4 -5
leaf_value=0.068546980971898611 0.027334510902812068 0.010236942346412089 -0.0029465724445377102 -0.025687721202542244
leaf_weight=2.1765023767948142 5.1338125467300406 141.8109455704689 330.12177295982838 30.026088371872902
leaf_count=9 21 585 1370 130
internal_value=-5.49044e-06 -0.000299726 0.00101494 -0.0179458
internal_weight=509.269 507.093 471.933 35.1599
internal_count=2115 2106 1955 151
is_linear=0
shrinkage=0.04


Tree=70
num_leaves=8
num_cat=0
split_feature=47 61 86 47 79 11 25
split_gain=6.29322 14.4718 15.619 12.6271 18.1746 12.7489 9.88355
threshold=-0.81030683212411436 0.16022806816343382 0.65901491522024569 -0.34557330148709392 1.1709785115395732 -0.098864012357328737 0.048585793972612305
decision_type=2 2 2 2 2 2 2
left_child=1 2 -1 4 -2 -5 -3
right_child=3 6 -4 5 -6 -7 -8
leaf_value=-0.054592930147565152 0.018835686460287895 -0.0081229052948327361 0.0015017610756328007 0.0060712752588510744 -0.041609931420879646 -0.0091091107814950754 0.0540813518271272
leaf_weight=17.716222897171974 94.721747323870659 10.533571571111681 14.39529964327812 164.04182030260563 8.6890202611684781 192.26025256514549 6.6777767390012732
leaf_count=75 389 45 59 681 37 801 28
internal_value=-5.42109e-06 -0.0135836 -0.0294462 0.00145139 0.0137568 -0.00212005 0.0160115
internal_weight=509.036 49.3229 32.1115 459.713 103.411 356.302 17.2113
internal_count=2115 207 134 1908 426 1482 73
is_linear=0
shrinkage=0.04


Tree=71
num_leaves=4
num_cat=0
split_feature=38 4 38
split_gain=6.22465 9.79472 9.06313
threshold=3.0828060901657026 -1.7555448890920027 1.5361713641694636
decision_type=2 2 2
left_child=1 -1 -3
right_child=-2 2 -4
leaf_value=0.055090363394667323 -0.042169477302149962 -0.0015318425354357518 0.020390633256309503
leaf_weight=5.1965138316154471 5.5411648303270331 465.72386234998703 32.26329131424427
leaf_count=26 32 1923 134
internal_value=-5.773e-06 0.000458543 -0.000111542
internal_weight=508.725 503.184 497.987
internal_count=2115 2083 2057
is_linear=0
shrinkage=0.04


Tree=72
num_leaves=5
num_cat=0
split_feature=0 4 75 10
split_gain=6.18261 7.85208 8.8471 6.10402
threshold=-2.7641575807435048 -1.2669284687680353 0.72065003778203918 0.85664911155798817
decision_type=2 2 2 2
left_child=-1 3 -3 -2
right_child=1 2 -4 -5
leaf_value=-0.0484924233115753 0.042025779414356902 0.0019585133274701589 -0.011814931117406443 -0.00011065407632837839
leaf_weight=4.1731526106595984 12.561867147684099 389.64151474833488 92.290271937847137 9.7858925983309728
leaf_count=18 53 1608 387 49
internal_value=-5.53047e-06 0.000395722 -0.000679111 0.0235746
internal_weight=508.453 504.28 481.932 22.3478
internal_count=2115 2097 1995 102
is_linear=0
shrinkage=0.04


Tree=73
num_leaves=6
num_cat=0
split_feature=26 97 64 78 11
split_gain=6.19466 7.23405 12.6872 10.8761 3.64835
threshold=1.2499993722649052 0.014376073980392928 0.13858700012934375 -0.74350547218595764 1.0000000180025095e-35
decision_type=2 2 2 2 2
left_child=1 3 -3 -1 -2
right_child=4 2 -4 -5 -6
leaf_value=-0.027538548944967507 -0.054889361275380077 -0.0023389759063574926 0.016222983381671094 -0.0011377801249406086 -0.0085119285330131529
leaf_weight=28.022772595286369 5.0154096782207471 137.1236596852541 103.30062307417393 228.9298384860158 5.9143511354923248
leaf_count=120 21 569 427 951 27
internal_value=-5.30807e-06 0.00064928 0.00563635 -0.004017 -0.0297934
internal_weight=508.307 497.377 240.424 256.953 10.9298
internal_count=2115 2067 996 1071 48
is_linear=0
shrinkage=0.04


Tree=74
num_leaves=4
num_cat=0
split_feature=13 118 37
split_gain=6.10726 8.80757 7.33506
threshold=-1.1983502918710747 -1.1973740601319627 -1.3196583998078375
decision_type=2 2 2
left_child=-1 -2 -3
right_child=1 2 -4
leaf_value=0.047659370550536297 -0.057758129628860025 -0.072498051840706887 0.00040259048384231922
leaf_weight=4.2649354189634314 4.2485548704862586 2.2181639671325675 497.38709868490696
leaf_count=18 20 9 2068
internal_value=-5.30132e-06 -0.000408765 7.89238e-05
internal_weight=508.119 503.854 499.605
internal_count=2115 2097 2077
is_linear=0
shrinkage=0.04


Tree=75
num_leaves=7
num_cat=0
split_feature=109 2 44 38 2 110
split_gain=6.09452 7.24068 14.7352 8.24725 6.35528 4.75867
threshold=1.3369898375969484 -1.3631682654994317 -2.1310756878830763 1.5361713641694636 -0.38964792475623516 -0.042636551077251846
decision_type=2 2 2 2 2 2
left_child=1 2 -1 -3 -2 -6
right_child=4 3 -4 -5 5 -7
leaf_value=0.044645502844599783 0.01978232390487682 0.00070127575160664152 -0.031592739018652595 0.02263601426881057 -0.059372739186821698 -0.014552358565192158
leaf_weight=4.8889939934015301 4.5740361958742168 429.94753140211105 23.81536378711462 29.294801943004131 6.6675271689891842 8.7825164943933434
leaf_count=20 21 1774 102 129 31 38
internal_value=-5.28034e-06 0.000882286 -0.0186077 0.00210048 -0.0216335 -0.0338948
internal_weight=507.971 487.947 28.7044 459.242 20.0241 15.45
internal_count=2115 2025 122 1903 90 69
is_linear=0
shrinkage=0.04


Tree=76
num_leaves=7
num_cat=0
split_feature=24 41 14 91 106 66
split_gain=6.09172 17.2669 11.3024 9.71035 9.30597 3.36588
threshold=1.087344646253223 0.41949340087135206 1.1831862082266491 -1.6685201023606095 -0.52145106639749039 0.16397747201760624
decision_type=2 2 2 2 2 2
left_child=2 -2 3 -1 -4 -3
right_child=1 5 4 -5 -6 -7
leaf_value=-0.06131791646020622 0.04099872510789096 -0.025116991039611736 0.066093562669583966 9.4265407063841882e-05 0.01190179423136171 -0.060442892341017948
leaf_weight=4.1571859419345847 5.7091238051652935 11.207728743553163 7.0428472161293056 454.58173008263111 18.100385397672653 7.0176464170217505
leaf_count=17 23 49 29 1884 81 32
internal_value=-5.41375e-06 -0.019704 0.000968945 -0.000462264 0.0270814 -0.0387192
internal_weight=507.817 23.9345 483.882 458.739 25.1432 18.2254
internal_count=2115 104 2011 1901 110 81
is_linear=0
shrinkage=0.04


Tree=77
num_leaves=8
num_cat=0
split_feature=62 117 117 51 45 11 31
split_gain=6.07441 14.1153 14.1047 12.815 11.954 9.77576 8.21654
threshold=0.046697451992462592 -0.61354672185274806 0.49491496937049584 0.38144172941158788 0.72443625475812301 0.079717888351550872 -0.60948181885438768
decision_type=2 2 2 2 2 2 2
left_child=2 5 4 -4 -1 -2 -3
right_child=1 6 3 -5 -6 -7 -8
leaf_value=-0.0051190784699247137 0.032845633294967556 0.011902878865271008 0.0094574486993329893 0.049948113855688314 0.021321738705724232 -0.0027336838023987969 -0.012652934951703229
leaf_weight=170.98823468387127 23.939005568623543 25.054053276777267 43.945511296391487 17.481160782277584 32.569061607122421 25.5362458974123 167.97586987912655
leaf_count=706 99 105 185 73 139 108 700
internal_value=-5.51413e-06 -0.00458006 0.00418097 0.0209805 -0.000888561 0.0144817 -0.00946575
internal_weight=507.489 242.505 264.984 61.4267 203.557 49.4753 193.03
internal_count=2115 1012 1103 258 845 207 805
is_linear=0
shrinkage=0.04


Tree=78
num_leaves=8
num_cat=0
split_feature=91 111 28 112 26 45 62
split_gain=6.07023 11.535 11.8468 11.0382 14.5732 11.6695 9.38951
threshold=0.22066407939575225 0.014864622028647585 0.18085991237502916 0.065692231855007929 1.0740661647540868 -2.1053749976703937 -0.44309976165092707
decision_type=2 2 2 2 2 2 2
left_child=3 2 -2 4 -1 -5 -3
right_child=1 6 -4 5 -6 -7 -8
leaf_value=0.01544052831853431 -0.021436884822394916 0.044790220878699119 0.0013344330628208346 0.036650039853021114 -0.033867597294821077 -0.0061076977388024823 0.0021676570329647164
leaf_weight=129.7405780851841 80.545947328209877 10.503452755510805 66.930837452411652 10.912656009197233 10.355902984738348 159.2390503436327 38.882852017879486
leaf_count=531 334 46 284 45 45 666 164
internal_value=-5.33218e-06 -0.00549927 -0.0111024 0.00348076 0.0117957 -0.00336544 0.0112326
internal_weight=507.111 196.863 147.477 310.248 140.096 170.152 49.3863
internal_count=2115 828 618 1287 576 711 210
is_linear=0
shrinkage=0.04


Tree=79
num_leaves=4
num_cat=0
split_feature=38 4 88
split_gain=5.95123 8.55446 8.1465
threshold=3.0828060901657026 -1.7555448890920027 0.57612503924376079
decision_type=2 2 2
left_child=1 -1 -3
right_child=-2 2 -4
leaf_value=0.052447635644016229 -0.041685019386795981 0.0023511894365751012 -0.010886971287093814
leaf_weight=5.0108186006546012 5.4225536510348311 405.0687353014946 91.104571595788002
leaf_count=26 32 1677 380
internal_value=-5.31613e-06 0.000445637 -7.95277e-05
internal_weight=506.607 501.184 496.173
internal_count=2115 2083 2057
is_linear=0
shrinkage=0.04


end of trees

feature_importances:
Column_13=23
Column_36=21
Column_14=20
Column_38=20
Column_62=20
Column_28=19
Column_118=18
Column_45=15
Column_26=14
Column_41=14
Column_91=13
Column_109=11
Column_11=10
Column_46=10
Column_44=8
Column_47=8
Column_10=7
Column_34=7
Column_103=7
Column_2=6
Column_4=6
Column_7=6
Column_24=6
Column_66=6
Column_74=6
Column_112=6
Column_9=5
Column_37=5
Column_39=5
Column_75=5
Column_80=5
Column_31=4
Column_72=4
Column_81=4
Column_97=4
Column_110=4
Column_111=4
Column_0=3
Column_25=3
Column_42=3
Column_43=3
Column_64=3
Column_69=3
Column_70=3
Column_73=3
Column_79=3
Column_88=3
Column_106=3
Column_117=3
Column_12=2
Column_33=2
Column_53=2
Column_56=2
Column_58=2
Column_59=2
Column_76=2
Column_87=2
Column_94=2
Column_95=2
Column_98=2
Column_100=2
Column_114=2
Column_5=1
Column_8=1
Column_30=1
Column_35=1
Column_40=1
Column_48=1
Column_51=1
Column_61=1
Column_63=1
Column_68=1
Column_78=1
Column_84=1
Column_86=1
Column_93=1
Column_115=1

parameters:
[boosting: gbdt]
[objective: binary]
[metric: binary_logloss]
[tree_learner: serial]
[device_type: cpu]
[data_sample_strategy: bagging]
[data: ]
[valid: ]
[num_iterations: 80]
[learning_rate: 0.04]
[num_leaves: 15]
[num_threads: 2]
[seed: 42]
[deterministic: 0]
[force_col_wise: 0]
[force_row_wise: 0]
[histogram_pool_size: -1]
[max_depth: 3]
[min_data_in_leaf: 20]
[min_sum_hessian_in_leaf: 0.001]
[bagging_fraction: 1]
[pos_bagging_fraction: 1]
[neg_bagging_fraction: 1]
[bagging_freq: 0]
[bagging_seed: 400]
[bagging_by_query: 0]
[feature_fraction: 1]
[feature_fraction_bynode: 1]
[feature_fraction_seed: 30056]
[extra_trees: 0]
[extra_seed: 12879]
[early_stopping_round: 0]
[early_stopping_min_delta: 0]
[first_metric_only: 0]
[max_delta_step: 0]
[lambda_l1: 0]
[lambda_l2: 0]
[linear_lambda: 0]
[min_gain_to_split: 0]
[drop_rate: 0.1]
[max_drop: 50]
[skip_drop: 0.5]
[xgboost_dart_mode: 0]
[uniform_drop: 0]
[drop_seed: 17869]
[top_rate: 0.2]
[other_rate: 0.1]
[min_data_per_group: 100]
[max_cat_threshold: 32]
[cat_l2: 10]
[cat_smooth: 10]
[max_cat_to_onehot: 4]
[top_k: 20]
[monotone_constraints: ]
[monotone_constraints_method: basic]
[monotone_penalty: 0]
[feature_contri: ]
[forcedsplits_filename: ]
[refit_decay_rate: 0.9]
[cegb_tradeoff: 1]
[cegb_penalty_split: 0]
[cegb_penalty_feature_lazy: ]
[cegb_penalty_feature_coupled: ]
[path_smooth: 0]
[interaction_constraints: ]
[verbosity: -1]
[saved_feature_importance_type: 0]
[use_quantized_grad: 0]
[num_grad_quant_bins: 4]
[quant_train_renew_leaf: 0]
[stochastic_rounding: 1]
[linear_tree: 0]
[max_bin: 255]
[max_bin_by_feature: ]
[min_data_in_bin: 3]
[bin_construct_sample_cnt: 200000]
[data_random_seed: 175]
[is_enable_sparse: 1]
[enable_bundle: 1]
[use_missing: 1]
[zero_as_missing: 0]
[feature_pre_filter: 1]
[pre_partition: 0]
[two_round: 0]
[header: 0]
[label_column: ]
[weight_column: ]
[group_column: ]
[ignore_column: ]
[categorical_feature: ]
[forcedbins_filename: ]
[precise_float_parser: 0]
[parser_config_file: ]
[objective_seed: 16083]
[num_class: 1]
[is_unbalance: 0]
[scale_pos_weight: 1]
[sigmoid: 1]
[boost_from_average: 1]
[reg_sqrt: 0]
[alpha: 0.9]
[fair_c: 1]
[poisson_max_delta_step: 0.7]
[tweedie_variance_power: 1.5]
[lambdarank_truncation_level: 30]
[lambdarank_norm: 1]
[label_gain: ]
[lambdarank_position_bias_regularization: 0]
[eval_at: ]
[multi_error_top_k: 1]
[auc_mu_weights: ]
[num_machines: 1]
[local_listen_port: 12400]
[time_out: 120]
[machine_list_filename: ]
[machines: ]
[gpu_platform_id: -1]
[gpu_device_id: -1]
[gpu_device_id_list: ]
[gpu_use_dp: 0]
[num_gpu: 1]

end of parameters

pandas_categorical:null
