tree
version=v4
num_class=1
num_tree_per_iteration=1
label_index=0
max_feature_idx=118
objective=quantile
feature_names=Column_0 Column_1 Column_2 Column_3 Column_4 Column_5 Column_6 Column_7 Column_8 Column_9 Column_10 Column_11 Column_12 Column_13 Column_14 Column_15 Column_16 Column_17 Column_18 Column_19 Column_20 Column_21 Column_22 Column_23 Column_24 Column_25 Column_26 Column_27 Column_28 Column_29 Column_30 Column_31 Column_32 Column_33 Column_34 Column_35 Column_36 Column_37 Column_38 Column_39 Column_40 Column_41 Column_42 Column_43 Column_44 Column_45 Column_46 Column_47 Column_48 Column_49 Column_50 Column_51 Column_52 Column_53 Column_54 Column_55 Column_56 Column_57 Column_58 Column_59 Column_60 Column_61 Column_62 Column_63 Column_64 Column_65 Column_66 Column_67 Column_68 Column_69 Column_70 Column_71 Column_72 Column_73 Column_74 Column_75 Column_76 Column_77 Column_78 Column_79 Column_80 Column_81 Column_82 Column_83 Column_84 Column_85 Column_86 Column_87 Column_88 Column_89 Column_90 Column_91 Column_92 Column_93 Column_94 Column_95 Column_96 Column_97 Column_98 Column_99 Column_100 Column_101 Column_102 Column_103 Column_104 Column_105 Column_106 Column_107 Column_108 Column_109 Column_110 Column_111 Column_112 Column_113 Column_114 Column_115 Column_116 Column_117 Column_118
feature_infos=[-6.156096696400521:6.6138237006096681] [-5.7003301740194008:5.5365903826259038] [-4.9416341769486776:4.221065308726824] [-4.3839386257828181:3.8638757137101596] [-3.6326686621750341:2.1634476153030042] [-2.5761122489336747:2.3746244508326697] [-4.2752775832583785:4.0167955351832685] [-1.3585723580383116:6.5985573476824211] [-1.6749806132939884:1.632373972225277] [-3.5893270314631094:2.2019504522214808] [-1.4807851208443914:5.2351487630192501] [-2.443761123349308:2.1349332502796741] [-2.5388493856459302:2.4483934173122912] [-1.4394187293345406:3.9076763663910365] [-2.8090076018281249:2.6121876092653595] [-1.5810913861863538:1.6249771909307384] [-1.7720711570211227:1.7866918465798602] [-0.95293335421993663:0.77426825424013579] [-1.0013864130356334:0.78181316715985694] [-0.95293335421993663:0.77426825424013601] [-2.2464902526284249:1.6683890972405564] [-4.0522358923420851:4.1566845964698009] [-3.2857281774093026:2.3040649072395425] [-2.3218292314234894:2.6087983128777923] [-2.1336504288114715:1.5693990188377376] [-2.1600584107931988:1.5732670010982612] [-3.3662261204192028:2.028852569054215] [-1.7888544134102788:1.4175640421566904] [-1.1671542518122415:3.6117380643299124] [-3.7374055630545842:4.3114375546118859] [-3.7193862889775984:4.5335198523011524] [-3.0693039988366047:3.271850881151265] [-3.204483742689181:3.4529719397485437] [-1.9854198973303003:2.0976702437743358] [-2.2152825269608782:2.2452521119500877] [-1.7377527458242907:1.7645154979379585] [-1.8124202436297805:1.8529826568831333] [-1.5797511010932721:3.8724590738963447] [-1.4908263667832495:5.088993800707116] [-1.4369395901025588:3.7888377782503415] [-1.1511450082483394:3.1160388445078389] [-1.6693899279878688:1.4366520887002938] [-1.9638785354400508:1.718468648215898] [-1.88132812027623:13.850380891923276] [-181.57755859011118:162.11245753981683] [-391.18265152617522:129.20761426048361] [-320.47556800997518:75.213159941439855] [-1.371304538718422:2.8299223547866799] [-1.9425948513538505:1.9980171936644997] [-1.1971328262373895:9.0773491309800356] [-4.8832652413953603:4.4498757904459376] [-8.9723613372893141:6.6682131180395734] [-1:1] [-0.83333333333333337:1] [0:1] [0:1] [-6.4663066053559541:3.3591872379133894] [-3.0276726075692078:2.2857280765950758] [-2.3488956184251504:2.1894960706509168] [-1.0512762068780064:3.1145948721259757] [-2.3122831931163366:1.8484574586179099] [-2.7232452109524798:0.55714932535007444] [-4.5578693528172343:3.6987864195964453] [-3.2157318140505926:2.4196790753429815] [-2.8865701670724353:2.0280324842429964] [-3.0080503649112194:3.939765824426702] [-3.3982558998806782:2.2566279941814482] [-2.2710865770914284:1.5804441979941017] [-0.95776159874724809:2.108034306205147] [-2.0236842535666373:1.2360925958467075] [-1.3589832808823605:0.36533958855456244] [-4.5664178172214216:7.2024287889489162] [-4.2111491478732486:5.8735873963297234] [-2.4780304475573738:4.2654164863335646] [-1.2918038204178004:4.8985465250259947] [-1.2006919773720826:7.8925489307411647] [-1.029594942988908:2.3302838252491487] [-6.5528230564549537:6.7354739339773824] [-4.5622300765513106:3.5368149246326781] [-3.3287502146029788:3.7006325912046063] [-1.2067735971875637:3.5087395416326719] [-1.7442181362781004:4.3487276686804082] [-0.77541558699533042:1.9893805033189704] [-11.02619625659719:10.806093126843889] [-5.9153669924072565:5.1779533506593935] [-3.5815563724407742:3.957926503947895] [-0.99724534580123125:3.0673568468649508] [-2.1486586674357042:4.2142272754045189] [-1.3377628130305743:0.74375040937073489] [-3.9625248960789232:2.9736406631417212] [-3.44776787116554:3.0457122523279616] [-2.5205677702860809:1.7307427225510545] [-1.2365097022943334:3.0439353552775485] [-2.0057804915198729:1.8578742322407795] [-1.4059940218372737:0.48390759882441903] [-5.256791746558318:2.6349571777682499] [-3.9996495544768913:3.4091893000073226] [-1.8135644457879121:2.7074268154103791] [-1.4204806479623484:4.0879877913429166] [-1.6550917126338591:4.3501408892639244] [-1.4665957315105267:1.1797352980556191] [-4.2723392029740692:2.4470728331712635] [-3.7604727037514114:3.4895921323255434] [-1.8936116257378246:2.5852528233984593] [-1.4658998497248601:3.9169424390878329] [-1.5070202220762441:3.7329675670751419] [-1.443217874094016:1.112407268949001] [-2.8439730441404238:3.7380586372606208] [-2.2671388469704197:2.7021675438863757] [-2.0290451533247555:2.0820636079967989] [-1.4914280711076389:2.1192124873476539] [-1.4651634408430974:1.8889940547627573] [-2.15559161453585:0.57026398042336168] [-3.0701769662561604:3.2681101553412524] [-2.7422125173962346:3.5222464429384126] [-1.6416451065413302:2.3522909382889776] [-0.88524450631354912:2.9599739295147596] [-1.4026951997252088:2.313305708091014] [-1.3662122841290252:0.98891009647358608]
tree_sizes=763 775 768 781 858 772 860 771 773 862 863 769 865 775 695 870 868 859 775 604 777 604 602 781 602 780 873 777 779 864 877 515 781 610 613 608 606 787 517 608 874 863 867 774 519 607 601 766 694 692 686 696 685 606 608 604 771 777 773 601 690 695 865 691 693 867 609 693 688 871 773 869 869 608 614 688 779 693 687 785 782 689 877 778 693 862 878 782 605 781 694 604 695 780 870 605 688 606 879 522 877 781 777 785 859 601 866 691 865 600 873 691 695 788 691 602 872 786 694 784

Tree=0
num_leaves=7
num_cat=0
split_feature=115 87 36 26 39 9
split_gain=10.7553 13.5058 9.26522 6.86785 5.38394 4.61127
threshold=0.30783886233320573 2.2346731918441463 0.47298195173630103 0.69524150185676659 0.82187713630461856 -0.82868574077091905
decision_type=2 2 2 2 2 2
left_child=2 5 3 -1 -4 -2
right_child=1 -3 4 -5 -6 -7
leaf_value=0.002857543397694826 0.0025987510243430734 0.0033241742849349975 0.0022971643786877391 0.0023358602775260806 0.0028644429706037046 0.0019847051799297332
leaf_weight=830 124 78 342 150 82 509
leaf_count=830 124 78 342 150 82 509
internal_value=0.00254371 -0.00145807 0.00457307 0.00670794 -0.000357644 -0.0033996
internal_weight=2115 711 1404 980 424 633
internal_count=2115 711 1404 980 424 633
is_linear=0
shrinkage=1


Tree=1
num_leaves=7
num_cat=0
split_feature=86 115 48 106 70 84
split_gain=10.5648 10.118 8.96205 7.93383 5.22998 2.07125
threshold=1.0025188603127642 0.25791146480415522 0.60053199325335016 0.76411318575054754 -1.1112432905261789 -0.1644689537913239
decision_type=2 2 2 2 2 2
left_child=1 3 5 -1 -3 -2
right_child=2 4 -4 -5 -6 -7
leaf_value=9.3252738565206532e-05 0.00028541692122817044 0.00031154569387435916 -0.00020912634059786796 -0.0013077244482934474 -0.00042002623751759532 0.00098174825832247729
leaf_weight=1161 65 75 67 48 594 105
leaf_count=1161 65 75 67 48 594 105
internal_value=2.8342e-05 -0.000978723 0.00794979 0.00120562 -0.00491803 0.0127907
internal_weight=2115 1878 237 1209 669 170
internal_count=2115 1878 237 1209 669 170
is_linear=0
shrinkage=0.04


Tree=2
num_leaves=7
num_cat=0
split_feature=86 80 115 48 4 84
split_gain=10.6153 10.1568 9.28663 8.96205 2.98124 2.07125
threshold=1.0025188603127642 -0.8502577601629111 0.2257338070734454 0.60053199325335016 0.33095450362600526 -0.1644689537913239
decision_type=2 2 2 2 2 2
left_child=1 4 -3 5 -1 -2
right_child=3 2 -4 -5 -6 -7
leaf_value=0.00091602268719673155 0.00027400024437904363 3.0424744799733161e-05 -0.00035140055889636276 -0.00020076128697395324 2.5977532822638752e-05 0.00094247832798957827
leaf_weight=91 65 1074 669 67 44 105
leaf_count=91 65 1074 669 67 44 105
internal_value=9.44733e-06 -0.001 -0.00182235 0.00794979 0.00948905 0.0127907
internal_weight=2115 1878 1743 237 135 170
internal_count=2115 1878 1743 237 135 170
is_linear=0
shrinkage=0.04


Tree=3
num_leaves=7
num_cat=0
split_feature=86 74 48 59 81 84
split_gain=10.6658 10.1468 8.96205 8.55713 6.43862 2.07125
threshold=1.0025188603127642 -0.13326919082392316 0.60053199325335016 0.032898882502049052 0.082775630545441611 -0.1644689537913239
decision_type=2 2 2 2 2 2
left_child=1 3 5 -1 -3 -2
right_child=2 4 -4 -5 -6 -7
leaf_value=-2.178609544694423e-05 0.00026304023460388187 -0.00035478471430301666 -0.00019273083549499513 0.00046957701792657374 -2.0019162708371871e-05 0.00090477919486999512
leaf_weight=543 65 561 67 249 525 105
leaf_count=543 65 561 67 249 525 105
internal_value=-9.44733e-06 -0.00102128 0.00794979 0.00241814 -0.00352941 0.0127907
internal_weight=2115 1878 237 792 1086 170
internal_count=2115 1878 237 792 1086 170
is_linear=0
shrinkage=0.04


Tree=4
num_leaves=8
num_cat=0
split_feature=86 115 106 31 64 78 81
split_gain=10.6085 9.36614 8.00085 6.84057 4.76498 1.95846 1.53602
threshold=1.0025188603127642 0.25791146480415522 0.76411318575054754 0.49323708625554769 0.086327912863441172 -0.56329017111069379 -1.0000000180025095e-35
decision_type=2 2 2 2 2 2 2
left_child=1 2 -1 6 -3 -5 -2
right_child=3 4 -4 5 -6 -7 -8
leaf_value=8.7360929522180571e-05 0.00026007535423841477 -0.00058692872741345165 -0.0012734729751837611 -0.00055155653757194283 -7.540018138492702e-05 9.9195331496083758e-05 0.00077125497650113101
leaf_weight=1161 40 342 48 42 327 56 99
leaf_count=1161 40 342 48 42 327 56 99
internal_value=0.000179499 -0.000829787 0.00127168 0.00811715 -0.00461997 0 0.0137589
internal_weight=2115 1878 1209 237 669 98 139
internal_count=2115 1878 1209 237 669 98 139
is_linear=0
shrinkage=0.04


Tree=5
num_leaves=7
num_cat=0
split_feature=86 80 117 48 4 11
split_gain=8.9408 9.70946 8.9032 6.68772 2.98124 2.25573
threshold=1.0025188603127642 -0.8502577601629111 0.13698759434580354 0.60053199325335016 0.33095450362600526 -0.21734060420648693
decision_type=2 2 2 2 2 2
left_child=1 4 -3 5 -1 -2
right_child=3 2 -4 -5 -6 -7
leaf_value=0.00087675878634585285 0.00026996856576568033 3.3336066711468951e-05 -0.00031227077282901028 -0.00016295934057231759 2.2315438146723756e-05 0.00073561555099374207
leaf_weight=91 41 1008 735 67 44 129
leaf_count=91 41 1008 735 67 44 129
internal_value=0.000160605 -0.000765957 -0.0015702 0.0074477 0.00948905 0.0116279
internal_weight=2115 1878 1743 237 135 170
internal_count=2115 1878 1743 237 135 170
is_linear=0
shrinkage=0.04


Tree=6
num_leaves=8
num_cat=0
split_feature=86 74 82 9 31 92 47
split_gain=9.09609 8.71055 11.833 7.35703 5.60185 1.68866 1.60298
threshold=1.0242250573862755 -0.11011025125355997 -0.56361358628365543 -0.33502200627236228 0.49323708625554769 0.32858038546849289 -0.17989077450007071
decision_type=2 2 2 2 2 2 2
left_child=1 2 -1 -3 5 -2 -6
right_child=4 3 -4 -5 6 -7 -8
leaf_value=-0.00079308318549288297 0.00033170600690733091 7.3400707855746268e-06 0.00020533239624648543 -0.00042568759794319908 0.00024271782007517323 0.00080617693521867889 -0.00022702852958075942
leaf_weight=90 44 489 753 555 43 89 52
leaf_count=90 44 489 753 555 43 89 52
internal_value=0.00014171 -0.000772896 0.00224852 -0.00321224 0.00765217 0.0128889 0.000206186
internal_weight=2115 1887 843 1044 228 133 95
internal_count=2115 1887 843 1044 228 133 95
is_linear=0
shrinkage=0.04


Tree=7
num_leaves=7
num_cat=0
split_feature=115 59 74 36 82 28
split_gain=9.22615 7.99756 6.54963 5.708 4.49366 1.68274
threshold=-0.7431877101277502 2.6009074686127218 -0.012865458617329602 0.79981876243174477 -0.3176125718772343 0.1695927078982982
decision_type=2 2 2 2 2 2
left_child=3 2 -2 4 -1 -3
right_child=1 5 -4 -5 -6 -7
leaf_value=9.8688537994991869e-07 3.6615938907903222e-05 0.00010945279952614782 -0.00023356932730136037 -0.00030045043710420636 0.00051006357001989375 0.000678733077992589
leaf_weight=78 768 43 909 40 212 65
leaf_count=78 768 43 909 40 212 65
internal_value=0.00014171 -0.000996083 -0.00167957 0.00626506 0.00821918 0.00945455
internal_weight=2115 1785 1677 330 290 108
internal_count=2115 1785 1677 330 290 108
is_linear=0
shrinkage=0.04


Tree=8
num_leaves=7
num_cat=0
split_feature=86 80 118 79 2 26
split_gain=8.81424 8.2515 7.25574 4.94769 4.46109 2.22499
threshold=1.0242250573862755 -0.90652608182627281 0.066478858568325264 -1.0573830993280202 0.41912545212957669 0.23311513468674872
decision_type=2 2 2 2 2 2
left_child=1 5 -3 -2 -5 -1
right_child=3 2 -4 4 -6 -7
leaf_value=0.0009371687476342458 -0.00057712368927487147 2.6276445402293302e-05 -0.00031227125158042986 0.0005119199193128021 0.00015990283592673423 0.00044223904483823472
leaf_weight=60 51 1014 765 115 62 48
leaf_count=60 51 1014 765 115 62 48
internal_value=8.5026e-05 -0.000815246 -0.00147108 0.00747826 0.0106145 0.00981818
internal_weight=2115 1887 1779 228 177 108
internal_count=2115 1887 1779 228 177 108
is_linear=0
shrinkage=0.04


Tree=9
num_leaves=8
num_cat=0
split_feature=87 117 116 22 74 82 2
split_gain=8.39274 9.74003 6.6035 4.29761 3.73642 6.00372 3.457
threshold=1.2895669325306154 0.13698759434580354 -0.80852900875756439 -0.34772989467128856 -0.17413545656171592 0.53437599039005079 0.46666063697831056
decision_type=2 2 2 2 2 2 2
left_child=1 2 -1 -3 6 -6 -2
right_child=4 3 -4 -5 5 -7 -8
leaf_value=-0.0010431084768182774 0.0011081554877785467 -4.2275476416743293e-05 0.00010239586422787412 -0.00056795833722312933 -0.00030064012473577148 0.00078073017551751555 0.00016341580381833295
leaf_weight=42 60 307 1062 440 69 93 42
leaf_count=42 60 307 1062 440 69 93 42
internal_value=0.000122815 -0.000831085 0.00155515 -0.00435247 0.00676692 0.00292683 0.0126923
internal_weight=2115 1851 1104 747 264 162 102
internal_count=2115 1851 1104 747 264 162 102
is_linear=0
shrinkage=0.04


Tree=10
num_leaves=8
num_cat=0
split_feature=87 88 37 60 74 82 29
split_gain=7.1605 8.21924 7.8888 3.9977 3.53059 5.36674 2.50168
threshold=1.2895669325306154 0.41570951572196974 -0.77613864959858503 -0.55930337142186437 -0.17413545656171592 0.53437599039005079 0.37974086100012749
decision_type=2 2 2 2 2 2 2
left_child=1 2 -1 -3 6 -6 -2
right_child=4 3 -4 -5 5 -7 -8
leaf_value=0.00037268937922173506 0.0010574910626983706 -1.1855790533753709e-05 -3.0974926392550906e-05 -0.0004560175959693962 -0.00028861451974634061 0.00074950096849681492 0.00023122327292046988
leaf_weight=213 53 159 1182 297 69 93 49
leaf_count=213 53 159 1182 297 69 93 49
internal_value=2.8342e-05 -0.000852671 0.00067287 -0.00550218 0.00616541 0.00243902 0.0119231
internal_weight=2115 1851 1395 456 264 162 102
internal_count=2115 1851 1395 456 264 162 102
is_linear=0
shrinkage=0.04


Tree=11
num_leaves=7
num_cat=0
split_feature=86 80 81 5 1 4
split_gain=6.94246 7.60197 7.22621 5.67405 2.94022 2.00352
threshold=1.0242250573862755 -0.90652608182627281 0.096599793925114599 0.86456463236427172 0.074310026828003473 0.25893153500384075
decision_type=2 2 2 2 2 2
left_child=1 5 -3 4 -2 -1
right_child=3 2 -4 -5 -6 -7
leaf_value=0.00090600153620375851 0.00081683682605288 -0.00017331764731969658 7.6782141208825324e-05 -0.00050676379482422318 0.0002050499002353429 0.00017992427637660808
leaf_weight=67 78 951 828 44 106 41
leaf_count=67 78 951 828 44 106 41
internal_value=4.72367e-05 -0.00075172 -0.00138125 0.0066087 0.00967742 0.00945455
internal_weight=2115 1887 1779 228 184 108
internal_count=2115 1887 1779 228 184 108
is_linear=0
shrinkage=0.04


Tree=12
num_leaves=8
num_cat=0
split_feature=74 81 82 61 86 112 46
split_gain=7.27463 9.0352 8.60871 8.33902 6.63508 6.19114 1.24946
threshold=-0.13326919082392316 -1.0000000180025095e-35 -0.59785325616018437 0.52367272271332743 1.2911040720182618 -0.15964768958529288 -0.14771524941537212
decision_type=2 2 2 2 2 2 2
left_child=2 5 6 -4 -3 -2 -1
right_child=1 4 3 -5 -6 -7 -8
leaf_value=-0.00023248998874070677 -0.00078101180006224505 -5.7496058393482725e-06 0.00031871356630266523 -0.00019131760895740535 0.00050565770344907976 -6.9854106130697586e-05 -0.0010980248294904416
leaf_weight=44 192 594 603 225 72 345 40
leaf_count=44 192 594 603 225 72 345 40
internal_value=6.61313e-05 -0.0019751 0.00275711 0.004 0.00113772 -0.0058256 -0.00930233
internal_weight=2115 1203 912 828 666 537 84
internal_count=2115 1203 912 828 666 537 84
is_linear=0
shrinkage=0.04


Tree=13
num_leaves=7
num_cat=0
split_feature=86 82 74 48 80 46
split_gain=6.8147 7.1569 9.94389 5.17157 2.9602 1.08629
threshold=1.0242250573862755 -0.61582515005078076 -0.055858370920278018 0.60053199325335016 -0.007714360560857488 -0.16064373497468157
decision_type=2 2 2 2 2 2
left_child=1 5 -3 4 -2 -1
right_child=3 2 -4 -5 -6 -7
leaf_value=-0.00058185271802520385 0.00061379016806135933 0.00017023257771579003 -0.0001255291421842174 -0.00017331373900190622 0.00029915139120591987 -0.0010259650486719638
leaf_weight=43 63 801 996 66 99 47
leaf_count=43 63 801 996 66 99 47
internal_value=-6.61313e-05 -0.000857597 -0.000300167 0.00643478 0.0102439 -0.0117391
internal_weight=2115 1887 1797 228 162 90
internal_count=2115 1887 1797 228 162 90
is_linear=0
shrinkage=0.04


Tree=14
num_leaves=6
num_cat=0
split_feature=80 74 61 81 28
split_gain=6.7437 7.35779 9.40216 8.14083 2.37631
threshold=2.717070034422532 -0.17413545656171592 0.50081355613854805 -1.0000000180025095e-35 -0.078996700702267733
decision_type=2 2 2 2 2
left_child=1 2 -1 -3 -2
right_child=4 3 -4 -5 -6
leaf_value=0.00025743793421688214 7.4956790445445228e-05 -0.00036008193508132991 -0.00021065607530642742 9.4192801111157201e-06 0.00058187726280561165
leaf_weight=582 57 555 222 624 75
leaf_count=582 57 555 222 624 75
internal_value=-2.8342e-05 -0.00061461 0.00233251 -0.00262489 0.00865672
internal_weight=2115 1983 804 1179 132
internal_count=2115 1983 804 1179 132
is_linear=0
shrinkage=0.04


Tree=15
num_leaves=8
num_cat=0
split_feature=115 110 37 74 93 110 11
split_gain=6.32391 5.83343 7.47064 5.96149 5.20056 3.03244 2.75577
threshold=-0.7431877101277502 0.041136565827322134 -0.86012740900010576 -0.042319029310498753 -1.1160152670038326 0.881893013340875 0.79595629892580921
decision_type=2 2 2 2 2 2 2
left_child=4 2 -2 -3 5 -1 -6
right_child=1 3 -4 -5 6 -7 -8
leaf_value=9.4045633346956557e-05 0.00035958489712101054 0.00030676307481959967 -0.0002079591330706213 -9.4433569647294147e-05 0.00047540940420760276 -0.00059317104347578816 -2.4309285133100782e-05
leaf_weight=51 131 324 868 462 189 48 42
leaf_count=51 131 324 868 462 189 48 42
internal_value=-9.44733e-06 -0.000951315 -0.00297702 0.00162437 0.00506024 -0.00257426 0.00832618
internal_weight=2115 1785 999 786 330 99 231
internal_count=2115 1785 999 786 330 99 231
is_linear=0
shrinkage=0.04


Tree=16
num_leaves=8
num_cat=0
split_feature=87 112 48 81 68 2 60
split_gain=6.26952 8.07989 6.53533 6.35655 3.93652 4.13919 2.38996
threshold=1.2895669325306154 -0.13088272795992992 -0.092377053526836603 -0.097619605209784188 1.2608308388272795 0.37164778824050354 -0.99039508612970806
decision_type=2 2 2 2 2 2 2
left_child=1 3 -3 -1 5 -2 -6
right_child=4 2 -4 -5 6 -7 -8
leaf_value=-0.0005137934298890314 0.00092264975741230019 0.00019640446825196521 -4.3858156008956031e-05 -3.1617588955586403e-06 0.00057865169330511396 0.0001069396695255292 -0.00037444568462597082
leaf_weight=348 93 518 691 294 54 72 45
leaf_count=348 93 518 691 294 54 72 45
internal_value=-2.8342e-05 -0.000852671 0.00107349 -0.00447205 0.00571429 0.00946108 -0.000594059
internal_weight=2115 1851 1209 642 264 165 99
internal_count=2115 1851 1209 642 264 165 99
is_linear=0
shrinkage=0.04


Tree=17
num_leaves=8
num_cat=0
split_feature=86 80 79 31 4 74 1
split_gain=6.61826 7.40341 6.27558 5.05065 2.98798 2.10651 1.30962
threshold=1.0242250573862755 -0.88509332772632621 -0.93228265104621066 0.49323708625554769 0.27212752682276892 -0.62928548599309686 0.13761471775035825
decision_type=2 2 2 2 2 2 2
left_child=1 4 -3 6 -1 -5 -2
right_child=3 2 -4 5 -6 -7 -8
leaf_value=0.00075886776321878926 0.00057498971707086886 0.00036259965849492457 -0.00010132286838101712 0.00014063793347739189 3.5224601262415311e-05 -0.00026792358478297697 0.00020400702467323923
leaf_weight=77 80 201 1569 45 40 50 53
leaf_count=77 80 201 1569 45 40 50 53
internal_value=2.8342e-05 -0.00075172 -0.00139955 0.00643478 0.00890756 -0.000618557 0.0114074
internal_weight=2115 1887 1770 228 117 95 133
internal_count=2115 1887 1770 228 117 95 133
is_linear=0
shrinkage=0.04


Tree=18
num_leaves=7
num_cat=0
split_feature=115 59 70 33 93 28
split_gain=6.67636 6.92289 5.39736 5.22522 2.87238 2.36961
threshold=-0.7431877101277502 2.6009074686127218 -1.1156710171545556 1.1348888164969484 -1.323432964882765 0.1695927078982982
decision_type=2 2 2 2 2 2
left_child=3 2 -2 4 -1 -3
right_child=1 5 -4 -5 -6 -7
leaf_value=-1.7855788957815353e-05 0.0001928840626921327 6.9200535287499318e-05 -0.00011562000490550132 -0.00028186150881705577 0.00041340498828687652 0.00057072590507112005
leaf_weight=45 174 43 1503 41 244 65
leaf_count=45 174 43 1503 41 244 65
internal_value=-2.8342e-05 -0.000996083 -0.00163192 0.00518072 0.00707904 0.00872727
internal_weight=2115 1785 1677 330 289 108
internal_count=2115 1785 1677 330 289 108
is_linear=0
shrinkage=0.04


Tree=19
num_leaves=5
num_cat=0
split_feature=74 80 80 15
split_gain=6.08269 6.24063 6.38385 2.82657
threshold=-1.0234107596904274 2.7448337546719808 -0.90652608182627281 -0.10112462803707786
decision_type=2 2 2 2
left_child=-1 2 -2 -3
right_child=1 3 -4 -5
leaf_value=0.00055467143966320684 0.00065692762403638417 0.00081627148333867532 -6.6364443947787783e-05 0.00011275827369860193
leaf_weight=63 108 42 1818 84
leaf_count=63 108 42 1818 84
internal_value=-4.72367e-05 -0.000428432 -0.000995851 0.008125
internal_weight=2115 2052 1926 126
internal_count=2115 2052 1926 126
is_linear=0
shrinkage=0.04


Tree=20
num_leaves=7
num_cat=0
split_feature=115 59 18 33 82 28
split_gain=6.53198 6.32314 6.92818 5.22522 3.45564 2.14016
threshold=-0.7431877101277502 2.6009074686127218 0.42754856049069395 1.1348888164969484 -0.3176125718772343 0.1695927078982982
decision_type=2 2 2 2 2 2
left_child=3 2 -2 4 -1 -3
right_child=1 5 -4 -5 -6 -7
leaf_value=-6.6939036367341669e-07 -3.9678876893378682e-06 6.1922182928055253e-05 -0.00035635749739215325 -0.00027267774985586276 0.00042347721189689425 0.00055055144662618681
leaf_weight=80 1283 43 394 41 209 65
leaf_count=80 1283 43 394 41 209 65
internal_value=2.8342e-05 -0.000928931 -0.00153663 0.00518072 0.00707904 0.00836364
internal_weight=2115 1785 1677 330 289 108
internal_count=2115 1785 1677 330 289 108
is_linear=0
shrinkage=0.04


Tree=21
num_leaves=5
num_cat=0
split_feature=74 80 106 15
split_gain=5.98775 6.09957 6.06249 2.82657
threshold=-1.0234107596904274 2.7448337546719808 0.84889502743457779 -0.10112462803707786
decision_type=2 2 2 2
left_child=-1 2 -2 -3
right_child=1 3 -4 -5
leaf_value=0.00053264329758425202 -5.8089712334052916e-06 0.00078114373668800616 -0.00050981697502524138 0.00010702288689937022
leaf_weight=63 1767 42 159 84
leaf_count=63 1767 42 159 84
internal_value=4.72367e-05 -0.000331061 -0.000892116 0.008125
internal_weight=2115 2052 1926 126
internal_count=2115 2052 1926 126
is_linear=0
shrinkage=0.04


Tree=22
num_leaves=5
num_cat=0
split_feature=74 87 117 2
split_gain=6.00668 5.57467 7.73678 4.22478
threshold=-1.0234107596904274 2.0901163970159731 0.12633612079087717 0.46666063697831056
decision_type=2 2 2 2
left_child=-1 2 -2 -3
right_child=1 3 -4 -5
leaf_value=0.00051133756568088197 4.909771740796632e-05 0.00075690875522332988 -0.00019900589844500403 -6.7820356304527913e-05
leaf_weight=63 1095 83 822 52
leaf_count=63 1095 83 822 52
internal_value=2.8342e-05 -0.000350536 -0.000906722 0.00744526
internal_weight=2115 2052 1917 135
internal_count=2115 2052 1917 135
is_linear=0
shrinkage=0.04


Tree=23
num_leaves=7
num_cat=0
split_feature=115 100 36 69 28 79
split_gain=5.9001 7.19924 7.47102 6.52309 4.75598 4.36745
threshold=0.40119172445445089 0.68126761410172088 0.262328026002632 -1.4340830920321568 -0.42429050079635378 -0.15723924731963423
decision_type=2 2 2 2 2 2
left_child=1 2 -1 -2 -5 -3
right_child=3 5 -4 4 -6 -7
leaf_value=0.00022313412571841988 0.00057575628330249233 -0.00063260256043915961 -4.5777250561496057e-05 -0.00062428746949806039 -0.00020797209609734713 0.00023095537638422262
leaf_weight=796 69 63 596 119 424 48
leaf_count=796 69 63 596 119 424 48
internal_value=4.72367e-05 0.00139535 0.00218077 -0.00325733 -0.00473394 -0.00831858
internal_weight=2115 1503 1392 612 543 111
internal_count=2115 1503 1392 612 543 111
is_linear=0
shrinkage=0.04


Tree=24
num_leaves=5
num_cat=0
split_feature=74 9 73 106
split_gain=5.35124 5.40857 6.0998 4.82417
threshold=-1.0234107596904274 0.39117599101598449 0.41646316232339858 0.80076316065669984
decision_type=2 2 2 2
left_child=-1 2 -2 -3
right_child=1 3 -4 -5
leaf_value=0.00048195869802490995 0.00011705369156770458 -0.00010717279491845442 -9.5554564525117652e-05 -0.0011697182702212333
leaf_weight=63 937 532 534 49
leaf_count=63 937 532 534 49
internal_value=8.5026e-05 -0.000272639 0.00101833 -0.00353345
internal_weight=2115 2052 1471 581
internal_count=2115 2052 1471 581
is_linear=0
shrinkage=0.04


Tree=25
num_leaves=7
num_cat=0
split_feature=115 18 86 33 39 93
split_gain=5.47105 5.30673 5.28295 4.94429 4.66636 3.16917
threshold=-0.7431877101277502 0.42754856049069395 0.96821929050376976 1.1348888164969484 1.1617425074360355 -1.323432964882765
decision_type=2 2 2 2 2 2
left_child=3 2 -2 5 -3 -1
right_child=1 4 -4 -5 -6 -7
leaf_value=-2.9799266565471709e-05 -9.6223450757111904e-06 -0.00035098679881919668 0.00042965634645332723 -0.00025738418788941267 0.00027069213906780052 0.00034234891753726597
leaf_weight=45 1207 364 139 41 75 244
leaf_count=45 1207 364 139 41 75 244
internal_value=0.000103921 -0.000772244 0.000474777 0.00481928 -0.0045805 0.00666667
internal_weight=2115 1785 1346 330 439 289
internal_count=2115 1785 1346 330 439 289
is_linear=0
shrinkage=0.04


Tree=26
num_leaves=8
num_cat=0
split_feature=74 82 47 81 112 36 86
split_gain=5.62254 6.3727 8.06549 6.05202 7.03011 5.00425 2.58887
threshold=-0.13326919082392316 -0.58060025447897246 0.60320559747126212 -1.0000000180025095e-35 -0.15118894665086283 -0.74054535654409703 0.5126648472922869
decision_type=2 2 2 2 2 2 2
left_child=1 6 -3 4 -2 -5 -1
right_child=3 2 -4 5 -6 -7 -8
leaf_value=-0.00098579952338358396 -0.00063341391789313865 0.00031644711368508064 -9.6663688230575793e-05 0.00029585790779576045 -5.3945720192141132e-05 -5.1614651164161773e-05 -6.0073863454693764e-05
leaf_weight=45 201 578 241 195 336 471 48
leaf_count=45 201 578 241 195 336 471 48
internal_value=8.5026e-05 0.00245077 0.003581 -0.00170954 -0.00486085 0.000838323 -0.00736842
internal_weight=2115 912 819 1203 537 666 93
internal_count=2115 912 819 1203 537 666 93
is_linear=0
shrinkage=0.04


Tree=27
num_leaves=7
num_cat=0
split_feature=37 105 85 79 29 4
split_gain=5.0241 5.79912 5.49828 6.71269 4.63316 1.6725
threshold=-0.86012740900010576 -0.49164289007310114 -2.2109853000544066 -0.87476795345903802 0.096435769017516146 0.24162730059106205
decision_type=2 2 2 2 2 2
left_child=1 5 -2 -4 -3 -1
right_child=2 4 3 -5 -6 -7
leaf_value=0.00055542467102864443 -0.00085900554955205786 0.00038706182912599948 0.00027225911834205795 -5.1358960902886162e-05 -0.0005830604949655624 0.00019129892531808876
leaf_weight=48 42 62 292 1556 70 45
leaf_count=48 42 62 292 1556 70 45
internal_value=0.000103921 0.00572687 -0.000570825 -0.000237838 0.000298507 0.0132632
internal_weight=2115 225 1890 1848 132 93
internal_count=2115 225 1890 1848 132 93
is_linear=0
shrinkage=0.04


Tree=28
num_leaves=7
num_cat=0
split_feature=115 85 86 110 80 8
split_gain=5.02568 4.92685 5.69237 4.29999 3.36266 2.73407
threshold=-0.7431877101277502 -1.5708513035553853 0.96821929050376976 0.80237014221900205 0.81440047623172096 0.34343985765884222
decision_type=2 2 2 2 2 2
left_child=3 -2 -3 5 -5 -1
right_child=1 2 -4 4 -6 -7
leaf_value=0.00051841645498180967 -0.00079392490455158934 -5.0393144075879038e-05 0.0001655644541877277 -0.00034742840427928273 0.00019733368715475999 9.1913986791063751e-05
leaf_weight=95 69 1494 222 72 75 88
leaf_count=95 69 1494 222 72 75 88
internal_value=0.000179499 -0.000660325 -0.000232829 0.0046988 -0.000402685 0.00875676
internal_weight=2115 1785 1716 330 147 183
internal_count=2115 1785 1716 330 147 183
is_linear=0
shrinkage=0.04


Tree=29
num_leaves=8
num_cat=0
split_feature=115 18 77 98 84 98 2
split_gain=4.90164 4.99242 4.61357 4.56013 3.12722 3.00495 2.93303
threshold=-0.84264534825342696 0.42754856049069395 -0.18889054903823491 0.15643076592024699 0.85939960706665885 0.043320586443022127 0.46666063697831056
decision_type=2 2 2 2 2 2 2
left_child=3 2 -2 5 -3 -1 -5
right_child=1 4 -4 6 -6 -7 -8
leaf_value=9.3094808352827993e-05 0.00016893468416229833 -0.00031661810346053756 -5.9594706397732327e-05 0.00064814465799013484 0.00016161802054905067 -0.00037233449650876313 6.9528684176163385e-05
leaf_weight=99 560 403 830 73 55 45 50
leaf_count=99 560 403 830 73 55 45 50
internal_value=8.5026e-05 -0.000648649 0.000545977 0.00513011 -0.00426087 0.000273973 0.01072
internal_weight=2115 1848 1390 267 458 144 123
internal_count=2115 1848 1390 267 458 144 123
is_linear=0
shrinkage=0.04


Tree=30
num_leaves=8
num_cat=0
split_feature=74 111 81 112 88 36 78
split_gain=5.29702 5.93448 5.28983 6.06785 4.67057 4.63203 4.22398
threshold=-0.13326919082392316 -0.53690828854983919 -1.0000000180025095e-35 -0.15118894665086283 0.43251853896803233 -0.74054535654409703 -0.43836891236944958
decision_type=2 2 2 2 2 2 2
left_child=1 6 3 -2 -3 -4 -1
right_child=2 4 5 -5 -6 -7 -8
leaf_value=-1.537559393340781e-05 -0.00061292557994018307 7.9362271491393633e-05 0.00028355920588835288 -5.4052591870206536e-05 -0.00044110535248859605 -3.9817996446649485e-05 0.00073828231352002552
leaf_weight=42 201 675 195 336 90 471 105
leaf_count=42 201 675 195 336 90 471 105
internal_value=0.000198394 0.00249453 -0.00154357 -0.0044898 0.0010691 0.000838323 0.00979866
internal_weight=2115 912 1203 537 765 666 147
internal_count=2115 912 1203 537 765 666 147
is_linear=0
shrinkage=0.04


Tree=31
num_leaves=4
num_cat=0
split_feature=74 86 85
split_gain=5.26219 4.5506 5.52953
threshold=-1.0234107596904274 1.7741551636129738 -2.2109853000544066
decision_type=2 2 2
left_child=-1 2 -2
right_child=1 -3 -4
leaf_value=0.00044074201778514509 -0.00076716873572175374 0.00024562464026584675 -7.2620581858964545e-06
leaf_weight=63 42 66 1944
leaf_count=63 42 66 1944
internal_value=0.000179499 -0.000175268 -0.000523139
internal_weight=2115 2052 1986
internal_count=2115 2052 1986
is_linear=0
shrinkage=0.04


Tree=32
num_leaves=7
num_cat=0
split_feature=115 36 47 87 29 36
split_gain=5.17293 6.45893 6.13445 5.02833 4.89095 3.8338
threshold=0.43775322593260552 0.28105363669403488 -0.35360267690089459 2.5758003228250281 -0.30508335377242929 -0.81193101828881187
decision_type=2 2 2 2 2 2
left_child=1 2 -1 5 -3 -2
right_child=3 4 -4 -5 -6 -7
leaf_value=0.00031356383773013515 7.1097698961754375e-05 0.00029556595020220833 5.0810188240996077e-05 0.00065939892340793232 -0.0001490135450276198 -0.00041156684594757131
leaf_weight=302 114 121 613 42 494 429
leaf_count=302 114 121 613 42 494 429
internal_value=0.000160605 0.00138381 0.00351145 -0.00303237 -0.00178282 -0.00407339
internal_weight=2115 1530 915 585 615 543
internal_count=2115 1530 915 585 615 543
is_linear=0
shrinkage=0.04


Tree=33
num_leaves=5
num_cat=0
split_feature=74 80 81 47
split_gain=4.71685 4.92676 6.22645 3.06363
threshold=-1.0234107596904274 -0.8502577601629111 -1.0000000180025095e-35 -0.043667568244711734
decision_type=2 2 2 2
left_child=-1 3 -3 -2
right_child=1 2 -4 -5
leaf_value=0.00042107992954409945 0.00074168860850184397 -0.00014888662231969392 4.9913667500497246e-05 -1.2576367983022501e-05
leaf_weight=63 82 909 1008 53
leaf_count=63 82 909 1008 53
internal_value=0.000160605 -0.000175268 -0.00069828 0.00715328
internal_weight=2115 2052 1917 135
internal_count=2115 2052 1917 135
is_linear=0
shrinkage=0.04


Tree=34
num_leaves=5
num_cat=0
split_feature=85 79 81 35
split_gain=4.68042 4.62092 6.85265 5.27184
threshold=-2.2109853000544066 -0.77324224168989819 -0.097619605209784188 -0.0060937808813892923
decision_type=2 2 2 2
left_child=-1 3 -3 -2
right_child=1 2 -4 -5
leaf_value=-0.00065339506780780297 0.00045217792177391539 -0.00017604633241106635 5.5543264123631976e-05 -5.2324738158700255e-06
leaf_weight=45 176 603 1107 184
leaf_count=45 176 603 1107 184
internal_value=0.00014171 0.00042471 -0.000443925 0.00453039
internal_weight=2115 2070 1710 360
internal_count=2115 2070 1710 360
is_linear=0
shrinkage=0.04


Tree=35
num_leaves=5
num_cat=0
split_feature=85 36 74 28
split_gain=4.73719 4.70333 9.54946 5.06706
threshold=-2.2109853000544066 0.262328026002632 -0.67248386061961229 -0.38247345426481522
decision_type=2 2 2 2
left_child=-1 2 -2 -3
right_child=1 3 -4 -5
leaf_value=-0.00062725926509549083 0.00047965557215840459 -0.00042088247129583523 1.7534682751021923e-05 -1.3610800745201493e-06
leaf_weight=45 121 197 1229 523
leaf_count=45 121 197 1229 523
internal_value=0.000217289 0.000501931 0.00189349 -0.00210526
internal_weight=2115 2070 1350 720
internal_count=2115 2070 1350 720
is_linear=0
shrinkage=0.04


Tree=36
num_leaves=5
num_cat=0
split_feature=85 36 74 7
split_gain=4.75143 4.38541 7.08527 4.3084
threshold=-2.2109853000544066 0.44901104782909435 -0.58834252634597706 0.0047886517139320772
decision_type=2 2 2 2
left_child=-1 2 -2 -3
right_child=1 3 -4 -5
leaf_value=-0.0006021688944916712 0.00034559006163957295 -0.0003151499130809022 1.0090960779680705e-05 3.4307980353973831e-05
leaf_weight=45 211 251 1346 262
leaf_count=45 211 251 1346 262
internal_value=0.000236183 0.000521236 0.00157793 -0.00267961
internal_weight=2115 2070 1557 513
internal_count=2115 2070 1557 513
is_linear=0
shrinkage=0.04


Tree=37
num_leaves=7
num_cat=0
split_feature=115 58 86 94 108 20
split_gain=5.10457 5.97915 5.22306 4.68143 3.21366 2.06304
threshold=-0.5868722457394423 1.1209831960436902 0.96821929050376976 -0.16191780848081719 0.29812185898208593 0.72088105409172598
decision_type=2 2 2 2 2 2
left_child=3 2 -2 4 -1 -5
right_child=1 -3 -4 5 -6 -7
leaf_value=6.4245677824409345e-05 -5.0746411292924738e-05 -0.00068159888810505689 0.00016276904133546134 0.00047449939895851057 -0.00024001862877517328 2.1592550058997519e-05
leaf_weight=129 1404 63 189 168 111 51
leaf_count=129 1404 63 189 168 111 51
internal_value=0.000311762 -0.000723764 -0.000238245 0.00403471 0.000165289 0.00823529
internal_weight=2115 1656 1593 459 240 219
internal_count=2115 1656 1593 459 240 219
is_linear=0
shrinkage=0.04


Tree=38
num_leaves=4
num_cat=0
split_feature=74 47 117
split_gain=4.68332 4.48778 4.66884
threshold=-1.0234107596904274 1.601992763259759 -0.32777765329154579
decision_type=2 2 2
left_child=-1 2 -2
right_child=1 -3 -4
leaf_value=0.00035516964659117667 8.2313437916303923e-05 -0.0006128412877201547 -5.0166935237005434e-05
leaf_weight=63 673 75 1304
leaf_count=63 673 75 1304
internal_value=0.000198394 -0.000136319 0.000232441
internal_weight=2115 2052 1977
internal_count=2115 2052 1977
is_linear=0
shrinkage=0.04


Tree=39
num_leaves=5
num_cat=0
split_feature=85 79 82 67
split_gain=4.73719 4.77979 6.5304 3.22752
threshold=-2.2109853000544066 -0.82778267392542804 -0.54106207420819341 0.41931969161843524
decision_type=2 2 2 2
left_child=-1 3 -3 -2
right_child=1 2 -4 -5
leaf_value=-0.00055785051405002567 0.00029252106289821719 -0.00057560747453942924 8.0927075948516745e-06 -4.1601776508035562e-05
leaf_weight=45 231 105 1638 96
leaf_count=45 231 105 1638 96
internal_value=0.000217289 0.000501931 -0.000332378 0.00492401
internal_weight=2115 2070 1743 327
internal_count=2115 2070 1743 327
is_linear=0
shrinkage=0.04


Tree=40
num_leaves=8
num_cat=0
split_feature=115 84 74 26 47 97 67
split_gain=4.58121 5.17199 5.88259 4.89167 4.84886 3.11295 2.92844
threshold=-0.5868722457394423 0.85939960706665885 -0.1370723087304426 -0.012349634289625358 -0.053976107190482528 -0.80666461107675247 -0.1131990123768437
decision_type=2 2 2 2 2 2 2
left_child=4 3 -3 -2 6 -6 -1
right_child=1 2 -4 -5 5 -7 -8
leaf_value=3.8160174361992971e-05 1.463258078812692e-05 0.00055034784220474049 -3.7887866271683024e-06 -0.00027888760705969934 -0.00015570795435992487 8.8476339267171375e-05 0.00047357805826604932
leaf_weight=51 680 105 213 658 104 191 113
leaf_count=51 680 105 213 658 104 191 113
internal_value=0.000160605 -0.000820265 0.00375 -0.00191045 0.00368764 0.000606061 0.00915663
internal_weight=2115 1656 318 1338 459 295 164
internal_count=2115 1656 318 1338 459 295 164
is_linear=0
shrinkage=0.04


Tree=41
num_leaves=8
num_cat=0
split_feature=36 74 63 28 41 47 33
split_gain=4.12292 8.75615 6.63157 5.00001 5.66496 4.27373 3.80037
threshold=0.262328026002632 -0.67248386061961229 -1.110925269987534 -0.38247345426481522 0.72489904629911373 -0.19896591243397341 0.44213892247248315
decision_type=2 2 2 2 2 2 2
left_child=1 6 -3 5 -5 -2 -1
right_child=3 2 -4 4 -6 -7 -8
leaf_value=0.00076333551064780873 -0.00052974899772302748 0.00047886884961264811 -2.1351575605731492e-06 8.4937285696484526e-05 -0.00029307567977540123 8.3605934345198593e-05 2.5591368923561354e-05
leaf_weight=84 127 43 1211 395 140 71 44
leaf_count=84 127 43 1211 395 140 71 44
internal_value=0.000217289 0.00150289 0.000477707 -0.00220408 -0.00018622 -0.0076 0.0113846
internal_weight=2115 1382 1254 733 535 198 128
internal_count=2115 1382 1254 733 535 198 128
is_linear=0
shrinkage=0.04


Tree=42
num_leaves=8
num_cat=0
split_feature=106 73 30 36 74 118 45
split_gain=4.05939 8.1077 6.18527 5.41815 6.41417 4.94104 0.728424
threshold=0.84889502743457779 0.32417247922650005 -0.49696624824019697 0.262328026002632 -0.67248386061961229 -0.08358176399239807 -0.085394896080242741
decision_type=2 2 2 2 2 2 2
left_child=3 6 -3 4 -1 -5 -2
right_child=1 2 -4 5 -6 -7 -8
leaf_value=0.00041189337700262842 -0.0011413392973493692 0.00039495804422334547 -0.00038101508095278057 9.6432238781975127e-06 4.1745620609669105e-05 -0.00045185956297905062 -0.0014770823794744501
leaf_weight=128 41 49 47 476 1095 236 43
leaf_count=128 41 49 47 476 1095 236 43
internal_value=0.000217289 -0.00549451 0.00244898 0.000753743 0.00236735 -0.00201681 -0.0144186
internal_weight=2115 180 96 1935 1223 712 84
internal_count=2115 180 96 1935 1223 712 84
is_linear=0
shrinkage=0.04


Tree=43
num_leaves=7
num_cat=0
split_feature=80 73 9 51 30 28
split_gain=4.18172 4.58789 5.91198 4.71062 1.9516 2.48384
threshold=2.7448337546719808 0.41646316232339858 0.39117599101598449 0.67603638275906908 -0.08651062888006697 0.10185623047144397
decision_type=2 2 2 2 2 2
left_child=1 2 -1 -3 -2 -6
right_child=4 3 -4 -5 5 -7
leaf_value=0.00011289134113848323 0.00061362077284943912 -7.3795211063192539e-05 -0.00011050490096425947 -0.00048715278824918942 -7.865926827873097e-05 0.00040427565012882615
leaf_weight=929 40 442 511 107 43 43
leaf_count=929 40 442 511 107 43 43
internal_value=0.000179499 -0.00027122 0.000915395 -0.00337568 0.0071875 0.00363636
internal_weight=2115 1989 1440 549 126 86
internal_count=2115 1989 1440 549 126 86
is_linear=0
shrinkage=0.04


Tree=44
num_leaves=4
num_cat=0
split_feature=85 116 91
split_gain=4.05075 4.23826 4.36011
threshold=-2.2109853000544066 -0.80852900875756439 0.032365468232090182
decision_type=2 2 2
left_child=-1 -2 -3
right_child=1 2 -4
leaf_value=-0.00046079209168566537 -0.00081489216456195424 8.0241206843765118e-05 -3.8216211051850802e-05
leaf_weight=45 45 1026 999
leaf_count=45 45 1026 999
internal_value=0.000122815 0.0003861 0.000661075
internal_weight=2115 2070 2025
internal_count=2115 2070 2025
is_linear=0
shrinkage=0.04


Tree=45
num_leaves=5
num_cat=0
split_feature=116 115 4 28
split_gain=4.05075 3.97499 4.96079 4.92732
threshold=-0.80852900875756439 0.40119172445445089 0.39919734197586559 -0.45564537024212387
decision_type=2 2 2 2
left_child=-1 2 -2 -3
right_child=1 3 -4 -5
leaf_value=-0.00078229647797947613 0.00012579559408757709 -0.0005412350457836497 -6.7665979596452116e-05 -2.7383597459536141e-05
leaf_weight=45 993 112 468 497
leaf_count=45 993 112 468 497
internal_value=0.000122815 0.0003861 0.00151743 -0.00232406
internal_weight=2115 2070 1461 609
internal_count=2115 2070 1461 609
is_linear=0
shrinkage=0.04


Tree=46
num_leaves=5
num_cat=0
split_feature=74 36 47 108
split_gain=3.71563 4.0291 4.3969 3.49123
threshold=-1.0234107596904274 -1.2006978147393272 1.601992763259759 -0.36338443562416517
decision_type=2 2 2 2
left_child=-1 3 -3 -2
right_child=1 2 -4 -5
leaf_value=0.00030250384546273902 -5.2851690623887877e-06 -5.6966788478365637e-06 -0.00072476987742462308 0.0009507004824981048
leaf_weight=63 51 1878 66 57
leaf_count=63 51 1878 66 57
internal_value=0.000122815 -0.000175268 -0.000596095 0.00727273
internal_weight=2115 2052 1944 108
internal_count=2115 2052 1944 108
is_linear=0
shrinkage=0.04


Tree=47
num_leaves=7
num_cat=0
split_feature=80 110 97 59 4 41
split_gain=3.84916 4.89897 6.19476 5.09658 2.35707 1.25337
threshold=-0.8502577601629111 0.022654868747693419 -1.063682544538689 1.1422560761303437 0.37786573882323771 -0.28623535514266801
decision_type=2 2 2 2 2 2
left_child=4 3 -3 -2 5 -1
right_child=1 2 -4 -5 -6 -7
leaf_value=0.00012510909048238473 -4.5502807715489828e-05 -0.00050870016601817409 8.5754431589144881e-05 -0.0014166813272999007 -4.9666225471360273e-05 0.00083084618668480064
leaf_weight=42 897 81 939 63 41 52
leaf_count=42 897 81 939 63 41 52
internal_value=8.5026e-05 -0.000363269 0.00156556 -0.00241164 0.00656934 0.01
internal_weight=2115 1980 1020 960 135 94
internal_count=2115 1980 1020 960 135 94
is_linear=0
shrinkage=0.04


Tree=48
num_leaves=6
num_cat=0
split_feature=82 74 100 18 10
split_gain=3.87293 5.31179 7.0129 5.0138 1.44261
threshold=-0.62660832751953943 -0.055858370920278018 0.68352479494635443 -0.31315956634486913 -0.32275334385342908
decision_type=2 2 2 2 2
left_child=4 2 -2 -3 -1
right_child=1 3 -4 -5 -6
leaf_value=-7.9552191029913025e-05 0.00013079459769086544 4.6798972046265787e-05 -0.00063144021653942337 -0.00020260103081085973 -0.00065239680372030306
leaf_weight=40 870 541 45 566 53
leaf_count=40 870 541 45 566 53
internal_value=0.000103921 0.000474308 0.00272628 -0.00138864 -0.00778947
internal_weight=2115 2022 915 1107 93
internal_count=2115 2022 915 1107 93
is_linear=0
shrinkage=0.04


Tree=49
num_leaves=6
num_cat=0
split_feature=47 37 28 117 57
split_gain=3.82651 4.28408 4.89551 3.94467 2.59466
threshold=1.601992763259759 -0.86012740900010576 -0.46078879681394852 -0.7208211791258059 0.27250533489067408
decision_type=2 2 2 2 2
left_child=1 3 -3 -1 -2
right_child=4 2 -4 -5 -6
leaf_value=0.00053059773647401692 -2.9466118917571508e-05 -0.0002245050872475756 3.0064514595948043e-05 0.00012536051873345222 -0.00089813581251175253
leaf_weight=54 40 344 1478 159 40
leaf_count=54 40 344 1478 159 40
internal_value=0.000179499 0.000520373 -0.000109649 0.00586047 -0.00829268
internal_weight=2115 2035 1822 213 80
internal_count=2115 2035 1822 213 80
is_linear=0
shrinkage=0.04


Tree=50
num_leaves=6
num_cat=0
split_feature=97 105 84 33 10
split_gain=3.79405 4.79428 4.43363 4.12449 1.51206
threshold=-1.063682544538689 -1.049837076189869 0.83273023941120083 -0.03916634895315952 -0.53576819189410163
decision_type=2 2 2 2 2
left_child=3 -2 -3 -1 -5
right_child=1 2 -4 4 -6
leaf_value=7.6547703114525259e-05 0.00041465702139605184 -1.862398067683622e-05 0.000196207622090748 -0.00027750995707931554 -0.00056225886144378192
leaf_weight=51 54 1578 348 44 40
leaf_count=51 54 1578 348 44 40
internal_value=0.000160605 0.000605449 0.00026971 -0.00627737 -0.0116279
internal_weight=2115 1980 1926 135 84
internal_count=2115 1980 1926 135 84
is_linear=0
shrinkage=0.04


Tree=51
num_leaves=6
num_cat=0
split_feature=36 75 47 75 108
split_gain=3.62921 4.39834 5.34548 4.21843 3.49123
threshold=-1.2006978147393272 0.63753626474027725 0.46737852326082152 1.4290565222858946 -0.36338443562416517
decision_type=2 2 2 2 2
left_child=4 2 -2 -3 -1
right_child=1 3 -4 -5 -6
leaf_value=-6.5618299151319269e-06 7.358442384096526e-05 -0.00030987273466865603 -0.00011251143224665739 0.00016252139523144458 0.00089831944158529629
leaf_weight=51 1122 336 432 117 57
leaf_count=51 1122 336 432 117 57
internal_value=0.000198394 -0.000189149 0.000822622 -0.00364835 0.00727273
internal_weight=2115 2007 1554 453 108
internal_count=2115 2007 1554 453 108
is_linear=0
shrinkage=0.04


Tree=52
num_leaves=6
num_cat=0
split_feature=59 32 74 7 25
split_gain=3.49971 4.19688 4.88386 2.44956 2.2046
threshold=2.6009074686127218 1.0498139010576215 -1.0234107596904274 0.54576264685993248 -0.26396779582175661
decision_type=2 2 2 2 2
left_child=1 2 -1 -3 -2
right_child=4 3 -4 -5 -6
leaf_value=0.00043906292592173712 7.0434625014909603e-05 -0.00043769030673367933 -3.0887791014009086e-06 -4.337822209946253e-05 0.00061070000776574469
leaf_weight=53 58 78 1807 63 56
leaf_count=53 58 78 1807 63 56
internal_value=0.00014171 -0.000249626 0.000257787 -0.00685315 0.00689655
internal_weight=2115 2001 1860 141 114
internal_count=2115 2001 1860 141 114
is_linear=0
shrinkage=0.04


Tree=53
num_leaves=5
num_cat=0
split_feature=85 79 38 36
split_gain=3.50318 4.22941 4.75748 3.72789
threshold=-2.2109853000544066 -0.73090663814301293 1.8863359037332141 -0.50773441818080089
decision_type=2 2 2 2
left_child=-1 3 -3 -2
right_child=1 2 -4 -5
leaf_value=-0.00043964078014342234 0.0005022574019106921 -2.6304152038731723e-05 0.00037231239654746557 5.4844087138705511e-05
leaf_weight=45 104 1585 98 283
leaf_count=45 104 1585 98 283
internal_value=0.000160605 0.000405405 -0.000462908 0.00416452
internal_weight=2115 2070 1683 387
internal_count=2115 2070 1683 387
is_linear=0
shrinkage=0.04


Tree=54
num_leaves=5
num_cat=0
split_feature=116 97 117 31
split_gain=3.50318 3.74381 4.67244 3.93972
threshold=-0.80852900875756439 -1.063682544538689 -0.32777765329154579 0.38160528397098742
decision_type=2 2 2 2
left_child=-1 3 -3 -2
right_child=1 2 -4 -5
leaf_value=-0.00065235904285395176 -4.6909527901740558e-05 0.00013920602658401446 -1.9746524008495097e-05 -0.00068430895569691235
leaf_weight=45 95 639 1296 40
leaf_count=45 95 639 1296 40
internal_value=0.000160605 0.000405405 0.000856995 -0.0059854
internal_weight=2115 2070 1935 135
internal_count=2115 2070 1935 135
is_linear=0
shrinkage=0.04


Tree=55
num_leaves=5
num_cat=0
split_feature=116 37 109 97
split_gain=3.49095 3.40511 4.00047 3.64721
threshold=-0.80852900875756439 -0.86012740900010576 0.15716535645614663 -1.063682544538689
decision_type=2 2 2 2
left_child=-1 2 -2 -3
right_child=1 3 -4 -5
leaf_value=-0.00062626468113979373 5.2118955553926124e-05 -0.00034184497656736382 0.00038131671800935128 7.7777582984778905e-06
leaf_weight=45 154 115 64 1737
leaf_count=45 154 115 64 1737
internal_value=0.00014171 0.0003861 0.00509091 -0.0001726
internal_weight=2115 2070 218 1852
internal_count=2115 2070 218 1852
is_linear=0
shrinkage=0.04


Tree=56
num_leaves=7
num_cat=0
split_feature=80 110 97 59 47 69
split_gain=3.46765 3.85832 4.94108 4.7964 3.59669 1.80565
threshold=-0.8502577601629111 0.022654868747693419 -1.063682544538689 1.1422560761303437 -0.043667568244711734 0.58439198602497433
decision_type=2 2 2 2 2 2
left_child=4 3 -3 -2 5 -1
right_child=1 2 -4 -5 -6 -7
leaf_value=0.00079325129309248347 -3.9995544434126565e-05 -0.00045320566098214915 7.2100010414449838e-05 -0.0013437552922525974 -5.0144400195792601e-05 0.00044487004846938675
leaf_weight=41 897 81 939 63 53 41
leaf_count=41 897 81 939 63 53 41
internal_value=0.000122815 -0.000302725 0.001409 -0.00212058 0.00627737 0.0114286
internal_weight=2115 1980 1020 960 135 82
internal_count=2115 1980 1020 960 135 82
is_linear=0
shrinkage=0.04


Tree=57
num_leaves=7
num_cat=0
split_feature=9 115 69 10 37 99
split_gain=3.37498 4.18627 3.98786 3.25431 3.20824 2.84446
threshold=0.39117599101598449 0.30783886233320573 -1.4873064838238561 1.5918647872201084 -0.86012740900010576 0.4257025686768709
decision_type=2 2 2 2 2 2
left_child=1 4 -3 5 -1 -2
right_child=3 2 -4 -5 -6 -7
leaf_value=0.00035347859602553275 -3.6499631580239636e-05 0.00048654164554828763 -0.00017893034325042149 0.00043083842748150068 6.1123174073977852e-05 -0.00034169333824694885
leaf_weight=130 368 63 506 55 800 193
leaf_count=130 368 63 506 55 800 193
internal_value=2.8342e-05 0.00105263 -0.00164623 -0.00245955 0.00270386 -0.00337478
internal_weight=2115 1499 569 616 930 561
internal_count=2115 1499 569 616 930 561
is_linear=0
shrinkage=0.04


Tree=58
num_leaves=7
num_cat=0
split_feature=87 2 88 48 43 74
split_gain=3.29889 4.64338 3.94421 5.15469 3.32295 1.49187
threshold=2.0128479473875704 0.46666063697831056 0.51280007170893749 -0.092377053526836603 -0.1910825468397086 -0.17413545656171592
decision_type=2 2 2 2 2 2
left_child=2 5 3 -1 -4 -2
right_child=1 -3 4 -5 -6 -7
leaf_value=0.0001504272407097848 0.0007138537830147267 -0.00011179545199415729 -0.00041106739901584422 -4.7067663129049639e-05 -4.2467893471989392e-05 0.00014437571674666647
leaf_weight=629 55 58 160 928 242 43
leaf_count=629 55 58 160 928 242 43
internal_value=9.44733e-06 0.00556962 -0.000438552 0.000474663 -0.0039604 0.0108
internal_weight=2115 156 1959 1557 402 98
internal_count=2115 156 1959 1557 402 98
is_linear=0
shrinkage=0.04


Tree=59
num_leaves=5
num_cat=0
split_feature=59 97 91 42
split_gain=3.638 3.78995 3.82108 2.02069
threshold=2.6009074686127218 1.1016749918910147 0.032365468232090182 0.43194904468969492
decision_type=2 2 2 2
left_child=1 2 -1 -2
right_child=3 -3 -4 -5
leaf_value=5.1452492469936177e-05 5.858077716787553e-05 -0.00048246685818316702 -9.2949306808411678e-05 0.00063849914988419148
leaf_weight=1029 56 51 921 58
leaf_count=1029 56 51 921 58
internal_value=9.44733e-06 -0.000389416 -0.000102459 0.00689655
internal_weight=2115 2001 1950 114
internal_count=2115 2001 1950 114
is_linear=0
shrinkage=0.04


Tree=60
num_leaves=6
num_cat=0
split_feature=97 105 116 4 112
split_gain=3.59647 4.36189 3.66699 3.24355 1.46019
threshold=-1.063682544538689 -1.049837076189869 1.0994088103876856 0.25169299739450562 -1.0435038106360346
decision_type=2 2 2 2 2
left_child=3 -2 -3 4 -1
right_child=1 2 -4 -5 -6
leaf_value=7.6119537651388519e-05 0.00037209139592577059 -9.7847466021417501e-06 0.00032672953052325515 -0.00059658587894179148 -0.00024490373098507145
leaf_weight=44 54 1797 129 48 43
leaf_count=44 54 1797 129 48 43
internal_value=-9.44733e-06 0.000423814 0.000103734 -0.00627737 -0.00157303
internal_weight=2115 1980 1926 135 87
internal_count=2115 1980 1926 135 87
is_linear=0
shrinkage=0.04


Tree=61
num_leaves=6
num_cat=0
split_feature=36 28 75 116 81
split_gain=3.50896 3.93775 3.98968 3.43474 2.39667
threshold=-1.2006978147393272 1.4404051497280326 0.63753626474027725 0.77632522349211319 1.0000000180025095e-35
decision_type=2 2 2 2 2
left_child=3 2 -2 -1 -3
right_child=1 4 -4 -5 -6
leaf_value=-7.3977215220840183e-06 3.2403654915543815e-05 -0.00087290636595557488 -0.00014719876724896959 0.0011141721989829743 -0.00010553391898954143
leaf_weight=47 1479 48 434 61 46
leaf_count=47 1479 48 434 61 46
internal_value=-4.72367e-05 -0.000428074 -3.13316e-05 0.00690909 -0.00833333
internal_weight=2115 2007 1913 108 94
internal_count=2115 2007 1913 108 94
is_linear=0
shrinkage=0.04


Tree=62
num_leaves=8
num_cat=0
split_feature=9 97 10 74 112 59 86
split_gain=3.32396 3.9348 4.87051 3.76323 4.22973 3.2097 3.02986
threshold=0.39117599101598449 -0.69517791055500999 1.5918647872201084 -0.16645368117287962 -1.3168162636663132 -0.67565917323589686 0.48011765151765956
decision_type=2 2 2 2 2 2 2
left_child=3 6 -3 4 -1 -5 -2
right_child=1 2 -4 5 -6 -7 -8
leaf_value=0.00054225909545859579 -0.00019908006956257822 -8.6629137963509974e-05 0.0005922304598539015 0.00025309077050642568 8.7336828295912739e-05 -2.0460159587744923e-05 -0.00063193898474124544
leaf_weight=77 64 462 47 40 404 978 43
leaf_count=77 64 462 47 40 404 978 43
internal_value=9.44733e-06 -0.00245955 -0.000978474 0.00102598 0.00393375 -0.000352941 -0.0093578
internal_weight=2115 616 509 1499 481 1018 107
internal_count=2115 616 509 1499 481 1018 107
is_linear=0
shrinkage=0.04


Tree=63
num_leaves=6
num_cat=0
split_feature=47 118 36 90 57
split_gain=3.28702 3.33041 5.69984 3.26458 2.259
threshold=1.601992763259759 -0.0098148220362653041 0.15984487094284414 0.67286654869144447 0.27250533489067408
decision_type=2 2 2 2 2
left_child=1 3 -3 -1 -2
right_child=4 2 -4 -5 -6
leaf_value=9.6108675417648509e-05 -1.8332360562842909e-05 2.8715008560358794e-05 -0.00031986517102625963 -7.2045703469207493e-05 -0.00084801897021056973
leaf_weight=847 40 756 307 125 40
leaf_count=847 40 756 307 125 40
internal_value=4.72367e-05 0.000363279 -0.0011831 0.00205339 -0.00780488
internal_weight=2115 2035 1063 972 80
internal_count=2115 2035 1063 972 80
is_linear=0
shrinkage=0.04


Tree=64
num_leaves=6
num_cat=0
split_feature=36 108 97 115 31
split_gain=3.48994 3.88352 3.69523 3.85081 2.62058
threshold=-1.2006978147393272 -0.36338443562416517 -1.063682544538689 -0.5868722457394423 0.38160528397098742
decision_type=2 2 2 2 2
left_child=1 -1 4 -4 -2
right_child=2 -3 3 -5 -6
leaf_value=-5.550111855177134e-06 -4.4107900771958708e-05 0.00079513271710571296 0.0001411821271535946 -2.5373701696006312e-05 -0.00058835336023578197
leaf_weight=51 82 57 364 1521 40
leaf_count=51 82 57 364 1521 40
internal_value=-2.8342e-05 0.00690909 -0.000408163 3.17965e-05 -0.00709677
internal_weight=2115 108 2007 1885 122
internal_count=2115 108 2007 1885 122
is_linear=0
shrinkage=0.04


Tree=65
num_leaves=8
num_cat=0
split_feature=41 80 28 53 37 83 11
split_gain=3.45137 3.76799 4.01324 3.52572 4.30345 2.33726 1.40808
threshold=0.72489904629911373 -0.90652608182627281 -0.82444533018578525 0.41666666666666669 -0.70852083247888642 -0.22058996948081983 -0.059708314667158972
decision_type=2 2 2 2 2 2 2
left_child=1 6 -3 5 -5 -2 -1
right_child=3 2 -4 4 -6 -7 -8
leaf_value=0.00019808506899233566 -0.00011777122707170781 -0.0005004437024439944 1.6887478293270698e-05 0.00025718755399966605 -0.00010834240984792383 -0.00070514787569132234 0.00074147200828934498
leaf_weight=53 46 53 1713 50 69 83 48
leaf_count=53 46 53 1713 50 69 83 48
internal_value=-6.61313e-05 0.000524345 9.04977e-05 -0.00448 0.000495868 -0.00900763 0.00796117
internal_weight=2115 1867 1766 248 119 129 101
internal_count=2115 1867 1766 248 119 129 101
is_linear=0
shrinkage=0.04


Tree=66
num_leaves=5
num_cat=0
split_feature=116 106 31 36
split_gain=3.35777 3.12818 7.26852 3.68366
threshold=-0.80852900875756439 0.84889502743457779 -0.37419707588216294 0.28105363669403488
decision_type=2 2 2 2
left_child=-1 3 -3 -2
right_child=1 2 -4 -5
leaf_value=-0.0005807939495824421 6.4986277044687556e-05 0.00010549439013955843 -0.00093931832071199458 -5.6719876910463477e-05
leaf_weight=45 1232 84 96 658
leaf_count=45 1232 84 96 658
internal_value=-6.61313e-05 0.000173745 -0.00483516 0.000655391
internal_weight=2115 2070 180 1890
internal_count=2115 2070 180 1890
is_linear=0
shrinkage=0.04


Tree=67
num_leaves=6
num_cat=0
split_feature=47 37 85 14 108
split_gain=3.57503 3.05116 3.54922 3.49033 1.92799
threshold=1.601992763259759 -0.90582192177969867 -2.2109853000544066 0.44809856884958726 -0.062985592579652375
decision_type=2 2 2 2 2
left_child=1 3 -3 -1 -2
right_child=4 2 -4 -5 -6
leaf_value=7.0959309762337968e-05 -4.3367260540102974e-05 -0.00040311288515137143 7.0884709248544235e-07 0.00075184011031596029 -0.00082910054009464038
leaf_weight=148 40 41 1806 40 40
leaf_count=148 40 41 1806 40 40
internal_value=-0.000103921 0.000225822 -0.000270416 0.00505263 -0.00829268
internal_weight=2115 2035 1847 188 80
internal_count=2115 2035 1847 188 80
is_linear=0
shrinkage=0.04


Tree=68
num_leaves=6
num_cat=0
split_feature=47 37 28 14 57
split_gain=3.19287 3.0264 4.47039 3.49033 2.259
threshold=1.601992763259759 -0.90582192177969867 -0.81067800975250537 0.44809856884958726 0.27250533489067408
decision_type=2 2 2 2 2
left_child=1 3 -3 -1 -2
right_child=4 2 -4 -5 -6
leaf_value=6.8120937371844457e-05 -8.5091790821458996e-06 -0.00054125748847857753 6.7943358911629405e-06 0.00072176650590332183 -0.00078165706236282557
leaf_weight=148 40 51 1796 40 40
leaf_count=148 40 51 1796 40 40
internal_value=-6.61313e-05 0.000245459 -0.000248783 0.00505263 -0.00780488
internal_weight=2115 2035 1847 188 80
internal_count=2115 2035 1847 188 80
is_linear=0
shrinkage=0.04


Tree=69
num_leaves=8
num_cat=0
split_feature=36 20 31 74 74 63 84
split_gain=2.97183 4.58159 4.62937 4.35267 4.16265 5.32639 4.11056
threshold=0.47298195173630103 0.15218975442382757 0.56893260151036973 0.035681679075738403 -0.67248386061961229 -1.1386896034236791 0.10633435299107633
decision_type=2 2 2 2 2 2 2
left_child=4 3 -3 -2 6 -6 -1
right_child=1 2 -4 -5 5 -7 -8
leaf_value=6.1066418532717531e-05 0.00032030681609143962 -0.00055214456844313964 -7.5365382532672633e-05 -0.00015755252936630728 0.00040738888873212474 -1.8575834176373651e-05 0.00062316069076627154
leaf_weight=112 98 121 218 59 89 1351 67
leaf_count=112 98 121 218 59 89 1351 67
internal_value=-2.8342e-05 -0.00273092 -0.00533724 0.00289308 0.000801974 8.32178e-05 0.00651934
internal_weight=2115 496 339 157 1619 1440 179
internal_count=2115 496 339 157 1619 1440 179
is_linear=0
shrinkage=0.04


Tree=70
num_leaves=7
num_cat=0
split_feature=97 115 84 22 94 47
split_gain=3.03666 4.1238 3.24212 3.07468 2.99018 1.9666
threshold=-1.063682544538689 -0.5868722457394423 0.85939960706665885 0.2537391186761121 0.18185653674250532 0.10984272452040643
decision_type=2 2 2 2 2 2
left_child=3 4 -3 5 -2 -1
right_child=1 2 -4 -5 -6 -7
leaf_value=-0.00027428155240860505 8.483143696379253e-05 -5.2006623815791391e-05 0.00015888829242546767 -0.00051985335170221067 0.00058559652382635303 0.00010868544988656234
leaf_weight=46 318 1302 300 48 60 41
leaf_count=46 318 1302 300 48 60 41
internal_value=6.61313e-05 0.000464178 -0.00042394 -0.00569343 0.00421053 -0.0011236
internal_weight=2115 1980 1602 135 378 87
internal_count=2115 1980 1602 135 378 87
is_linear=0
shrinkage=0.04


Tree=71
num_leaves=8
num_cat=0
split_feature=9 115 69 97 10 98 14
split_gain=2.91612 4.42549 3.61904 3.34312 4.17135 3.03618 2.95419
threshold=0.39117599101598449 0.38689601552496111 -1.4340830920321568 -0.69517791055500999 1.5918647872201084 -1.1801181998533512 -0.039331469134136106
decision_type=2 2 2 2 2 2 2
left_child=1 5 -3 6 -5 -1 -2
right_child=3 2 -4 4 -6 -7 -8
leaf_value=-0.00047165222970751042 -2.2709917927931161e-05 0.00042785277736591859 -0.00022116735272524808 -7.0021386418528237e-05 0.0005720998913901601 0.00011340331907905871 -0.00066567627816200236
leaf_weight=41 43 66 424 462 47 968 64
leaf_count=41 43 66 424 462 47 968 64
internal_value=4.72367e-05 0.000999334 -0.00211382 -0.00226537 -0.000900196 0.00251236 -0.00862385
internal_weight=2115 1499 490 616 509 1009 107
internal_count=2115 1499 490 616 509 1009 107
is_linear=0
shrinkage=0.04


Tree=72
num_leaves=8
num_cat=0
split_feature=75 69 47 82 47 38 1
split_gain=2.95775 4.98682 3.94281 4.47417 3.11886 2.44838 2.41898
threshold=0.63753626474027725 -1.4873064838238561 0.56844013616989841 -0.61582515005078076 -0.02198009761164996 0.76468942179281252 0.11197284620791663
decision_type=2 2 2 2 2 2 2
left_child=2 5 3 -1 -3 -2 -4
right_child=1 4 6 -5 -6 -7 -8
leaf_value=-0.00054741453701714199 0.0005179914798988253 -0.00032179512970451822 1.2742858250234107e-05 9.2093764731552985e-05 -5.4515810951620474e-05 -4.997051090025387e-05 -0.00016229100223321227
leaf_weight=67 45 190 207 1145 230 42 189
leaf_count=67 45 190 207 1145 230 42 189
internal_value=0.000103921 -0.00255403 0.000944099 0.00207578 -0.00436019 0.00606742 -0.00251256
internal_weight=2115 507 1608 1212 420 87 396
internal_count=2115 507 1608 1212 420 87 396
is_linear=0
shrinkage=0.04


Tree=73
num_leaves=5
num_cat=0
split_feature=58 74 104 45
split_gain=3.0726 3.16513 4.7208 3.58397
threshold=1.4273106374400781 -0.13326919082392316 -0.13316115166532475 -1.6868469319930781
decision_type=2 2 2 2
left_child=1 2 -1 -3
right_child=-2 3 -4 -5
leaf_value=-2.6907106974033686e-06 -0.00042424726224360096 0.00043324138105742949 0.00016558289096674971 -5.2923820457155341e-05
leaf_weight=522 48 109 351 1085
leaf_count=522 48 109 351 1085
internal_value=0.000198394 0.000434993 0.00226286 -0.00090301
internal_weight=2115 2067 873 1194
internal_count=2115 2067 873 1194
is_linear=0
shrinkage=0.04


Tree=74
num_leaves=5
num_cat=0
split_feature=116 118 36 47
split_gain=2.99534 3.43949 5.60213 4.04562
threshold=-0.80852900875756439 -0.0098148220362653041 0.15984487094284414 -0.079074213347028313
decision_type=2 2 2 2
left_child=-1 3 -3 -2
right_child=1 2 -4 -5
leaf_value=-0.00056640503369896329 0.00022767674837858882 2.4757711152220506e-05 -0.00029247309185935266 4.1761199076551309e-06
leaf_weight=45 373 750 306 641
leaf_count=45 373 750 306 641
internal_value=0.000198394 0.00042471 -0.00117202 0.00208661
internal_weight=2115 2070 1056 1014
internal_count=2115 2070 1056 1014
is_linear=0
shrinkage=0.04


Tree=75
num_leaves=6
num_cat=0
split_feature=97 105 33 92 82
split_gain=2.79356 4.2981 3.36086 3.29458 1.79652
threshold=-1.063682544538689 -1.049837076189869 -0.03916634895315952 1.0757945072350512 -0.30560500385766981
decision_type=2 2 2 2 2
left_child=2 -2 -1 -3 -4
right_child=1 3 4 -5 -6
leaf_value=9.0013761918310812e-05 0.00035584543983712249 -7.3169576585429243e-06 -0.00012399235457008015 0.00017276032171301795 -0.00050278047785826878
leaf_weight=51 54 1764 44 162 40
leaf_count=51 54 1764 44 162 40
internal_value=0.000122815 0.000504541 -0.00540146 0.000186722 -0.0102326
internal_weight=2115 1980 135 1926 84
internal_count=2115 1980 135 1926 84
is_linear=0
shrinkage=0.04


Tree=76
num_leaves=7
num_cat=0
split_feature=9 110 80 110 6 33
split_gain=2.7156 4.65698 3.9118 3.65047 3.54739 3.33791
threshold=0.39117599101598449 -0.026746368261854482 -0.90652608182627281 1.4097785375267133 0.21764045938667845 0.037757632130653244
decision_type=2 2 2 2 2 2
left_child=2 5 -1 -4 -3 -2
right_child=1 4 3 -5 -6 -7
leaf_value=0.00048150153160173102 -0.00061544522999243357 0.00013315557154571834 1.894929939974502e-06 0.00063072703181148485 -5.5939550141390377e-05 -0.00012587365621207947
leaf_weight=79 46 98 1353 67 274 198
leaf_count=79 46 98 1353 67 274 198
internal_value=0.000160605 -0.0020712 0.00107928 0.000590717 0.000748663 -0.00634146
internal_weight=2115 616 1499 1420 372 244
internal_count=2115 616 1499 1420 372 244
is_linear=0
shrinkage=0.04


Tree=77
num_leaves=6
num_cat=0
split_feature=115 36 74 58 79
split_gain=3.29093 3.91892 3.75516 3.36568 3.29853
threshold=-0.7431877101277502 0.79981876243174477 -0.61093064083968851 1.1209831960436902 -1.0008797465767869
decision_type=2 2 2 2 2
left_child=1 2 -1 4 -2
right_child=3 -3 -4 -5 -6
leaf_value=0.00027058727778882431 0.00017516428723791434 -0.00023622754492773408 3.8248058781286679e-05 -0.0004296013278677373 -2.386714640667715e-05
leaf_weight=90 186 40 200 78 1521
leaf_count=90 186 40 200 78 1521
internal_value=0.000198394 0.00385542 0.00547945 -0.000481253 -0.000105325
internal_weight=2115 330 290 1785 1707
internal_count=2115 330 290 1785 1707
is_linear=0
shrinkage=0.04


Tree=78
num_leaves=6
num_cat=0
split_feature=97 105 60 4 67
split_gain=2.81267 3.73955 3.47162 3.30711 1.47811
threshold=-1.063682544538689 -1.049837076189869 0.6180305368195057 0.25169299739450562 -0.26784089836242048
decision_type=2 2 2 2 2
left_child=3 -2 -3 4 -1
right_child=1 2 -4 -5 -6
leaf_value=-0.00022660906834255445 0.00034411250604061196 3.0246864950628114e-05 -0.0001727857915078733 -0.00044285557877755136 5.5785038215883808e-05
leaf_weight=41 54 1596 330 48 46
leaf_count=41 54 1596 330 48 46
internal_value=0.00014171 0.000524723 0.000228216 -0.00540146 -0.000674157
internal_weight=2115 1980 1926 135 87
internal_count=2115 1980 1926 135 87
is_linear=0
shrinkage=0.04


Tree=79
num_leaves=7
num_cat=0
split_feature=115 58 14 37 11 92
split_gain=3.13929 4.32843 3.25121 3.85934 3.51176 3.19262
threshold=-0.5868722457394423 1.1209831960436902 -0.13351138163407392 -0.20069440144593029 -0.8363738653227325 1.2802927474835195
decision_type=2 2 2 2 2 2
left_child=2 5 4 -4 -1 -2
right_child=1 -3 3 -5 -6 -7
leaf_value=-5.0618315541788013e-05 -2.23483689217132e-05 -0.00051500312115464718 7.6041148404412253e-05 -0.00016009581584259692 0.00029123317703510452 0.00023922420555883917
leaf_weight=48 1491 63 143 119 149 102
leaf_count=48 1491 63 143 119 149 102
internal_value=0.000160605 -0.000651387 0.00308026 0.000151515 0.00693467 -0.000238245
internal_weight=2115 1656 459 262 197 1593
internal_count=2115 1656 459 262 197 1593
is_linear=0
shrinkage=0.04


Tree=80
num_leaves=7
num_cat=0
split_feature=36 25 20 74 63 84
split_gain=2.86853 4.72415 4.59115 4.3426 4.28831 3.87556
threshold=0.47298195173630103 0.040797959036544061 0.14328432612699413 -0.67248386061961229 -1.1386896034236791 0.10633435299107633
decision_type=2 2 2 2 2 2
left_child=3 -2 -3 5 -5 -1
right_child=1 2 -4 4 -6 -7
leaf_value=4.5423286076577522e-05 -0.00049353783690270442 0.00022477890545447674 -0.00010537788567975309 0.00039537478056748574 -1.0622795726318788e-05 0.00058418775181424975
leaf_weight=112 60 130 306 89 1351 67
leaf_count=112 60 130 306 89 1351 67
internal_value=8.5026e-05 -0.00257028 -0.00109589 0.000900679 0.000166436 0.00674033
internal_weight=2115 496 436 1619 1440 179
internal_count=2115 496 436 1619 1440 179
is_linear=0
shrinkage=0.04


Tree=81
num_leaves=6
num_cat=0
split_feature=59 105 104 36 42
split_gain=2.82158 3.80191 5.83727 3.58807 2.0408
threshold=2.6009074686127218 0.92892648802661848 -0.53668310836949396 0.24206864343675508 0.43194904468969492
decision_type=2 2 2 2 2
left_child=1 3 -3 -1 -2
right_child=4 2 -4 -5 -6
leaf_value=4.719956205767073e-05 6.57803889163977e-06 -4.5250748301637697e-05 -0.0012157056488463849 -5.6362926579297691e-05 0.00058218392955934454
leaf_weight=1118 56 162 57 664 58
leaf_count=1118 56 162 57 664 58
internal_value=0.00014171 -0.000209685 -0.00515837 0.000403587 0.0062069
internal_weight=2115 2001 219 1782 114
internal_count=2115 2001 219 1782 114
is_linear=0
shrinkage=0.04


Tree=82
num_leaves=8
num_cat=0
split_feature=79 81 80 28 16 47 73
split_gain=2.80666 6.43792 6.00504 4.50095 3.72932 4.78939 1.48143
threshold=-0.62897087967190102 -1.0000000180025095e-35 -0.65106305289919864 -0.35475504388452267 -0.35621094088332789 -0.22824941419528957 -0.29375086459039873
decision_type=2 2 2 2 2 2 2
left_child=4 2 -2 -3 6 -6 -1
right_child=1 3 -4 -5 5 -7 -8
leaf_value=8.7466193324085424e-05 5.8085277129076886e-05 -0.00015670890332693748 -0.00027864528158744124 0.00013308813765622242 0.00026818493716530779 -8.5013585421734819e-05 0.00061594781104066219
leaf_weight=40 159 274 432 773 174 210 53
leaf_count=40 159 274 432 773 174 210 53
internal_value=0.000103921 -0.000682927 -0.00401349 0.00120114 0.00279749 0.00103627 0.00989474
internal_weight=2115 1638 591 1047 477 384 93
internal_count=2115 1638 591 1047 477 384 93
is_linear=0
shrinkage=0.04


Tree=83
num_leaves=7
num_cat=0
split_feature=11 36 40 74 109 84
split_gain=2.84838 5.58371 5.1597 2.887 4.29293 2.47442
threshold=-0.48174546198300749 -1.1441563225017377 1.9046448003603149 0.10914769648307199 0.42081530272127204 0.049012974848608011
decision_type=2 2 2 2 2 2
left_child=3 -2 -3 5 -5 -1
right_child=1 2 -4 4 -6 -7
leaf_value=-0.0001300177484524128 0.00067453115464128244 1.877454677499061e-05 -0.0010330011882815023 -8.2594979436174284e-05 -0.00028456235967904309 0.00014546943646332096
leaf_weight=123 71 1488 43 181 66 143
leaf_count=123 71 1488 43 181 66 143
internal_value=0.00014171 0.000972569 0.000456621 -0.0024466 -0.00554217 0.000447761
internal_weight=2115 1602 1531 513 247 266
internal_count=2115 1602 1531 513 247 266
is_linear=0
shrinkage=0.04


Tree=84
num_leaves=6
num_cat=0
split_feature=47 118 33 14 108
split_gain=3.33459 3.26064 5.49374 3.36937 1.63995
threshold=1.601992763259759 -0.0098148220362653041 -0.67330618436310496 1.0309114015599337 -0.062985592579652375
decision_type=2 2 2 2 2
left_child=1 3 -3 -1 -2
right_child=4 2 -4 -5 -6
leaf_value=2.7235193546859247e-05 -4.297079117419217e-05 0.00023570612570558716 -0.00010131274533091494 0.00028975627677436445 -0.00077092500644494256
leaf_weight=875 40 203 860 97 40
leaf_count=875 40 203 860 97 40
internal_value=0.000103921 0.000422189 -0.00110798 0.00209446 -0.00780488
internal_weight=2115 2035 1063 972 80
internal_count=2115 2035 1063 972 80
is_linear=0
shrinkage=0.04


Tree=85
num_leaves=8
num_cat=0
split_feature=4 106 73 98 10 90 61
split_gain=2.7737 5.25357 4.92448 3.53959 2.88111 2.10026 1.77978
threshold=-0.96799390863933865 0.78842960706457343 0.41646316232339858 -0.45440869678876605 0.76920873800113509 0.2442984611359568 -0.94882609389698958
decision_type=2 2 2 2 2 2 2
left_child=4 2 -2 -3 5 -1 -6
right_child=1 3 -4 -5 6 -7 -8
leaf_value=1.2929139561098576e-05 3.8527695326851569e-05 -3.9037081056721643e-05 -0.00016377589427868578 -0.0010191990081221539 0.00037155525354481451 0.00048865509693953144 -0.00031166836452714612
leaf_weight=55 1326 86 426 70 44 67 41
leaf_count=55 1326 86 426 70 44 67 41
internal_value=0.000122815 -0.000356021 0.00027366 -0.00734177 0.00449761 0.0083871 -0.00114943
internal_weight=2115 1908 1752 156 207 122 85
internal_count=2115 1908 1752 156 207 122 85
is_linear=0
shrinkage=0.04


Tree=86
num_leaves=8
num_cat=0
split_feature=88 69 38 106 48 75 41
split_gain=2.7547 4.14914 4.48201 4.03467 3.73708 3.7881 3.69154
threshold=0.55535524599367669 -0.72189945472359873 0.76468942179281252 1.0000000180025095e-35 -0.092377053526836603 0.65746709601743414 1.0000000180025095e-35
decision_type=2 2 2 2 2 2 2
left_child=4 2 -2 -3 5 -1 -6
right_child=1 3 -4 -5 6 -7 -8
leaf_value=0.00021931290791658663 0.00027283940390810421 1.8918063456264834e-05 -0.00031819022835732999 -0.00036046242092786139 -0.0002271315948920391 -4.5508532285505452e-05 1.4689866247822167e-05
leaf_weight=454 107 114 64 156 211 228 781
leaf_count=454 107 114 64 156 211 228 781
internal_value=0.00014171 -0.00266366 0.00219653 -0.00573529 0.000883055 0.00315789 -0.000684105
internal_weight=2115 441 171 270 1674 682 992
internal_count=2115 441 171 270 1674 682 992
is_linear=0
shrinkage=0.04


Tree=87
num_leaves=7
num_cat=0
split_feature=115 58 64 97 90 37
split_gain=2.83109 4.26668 3.76072 3.45102 2.89388 2.72769
threshold=-0.5868722457394423 1.1209831960436902 0.16431981741367077 -0.77680632447166509 -0.11322604761499992 -0.51698906431208547
decision_type=2 2 2 2 2 2
left_child=3 2 -2 5 -5 -1
right_child=1 -3 -4 4 -6 -7
leaf_value=0.00010042996324913289 -5.9380278914175546e-05 -0.00048868934777407868 6.0136122795727107e-05 9.3514191750192668e-05 0.00030230208612293626 -9.075097511043616e-05
leaf_weight=43 921 63 672 204 90 122
leaf_count=43 921 63 672 204 90 122
internal_value=4.72367e-05 -0.000723764 -0.00031348 0.00281996 0.00540541 -0.00179641
internal_weight=2115 1656 1593 459 294 165
internal_count=2115 1656 1593 459 294 165
is_linear=0
shrinkage=0.04


Tree=88
num_leaves=5
num_cat=0
split_feature=82 74 100 116
split_gain=2.74239 3.03943 4.80488 4.08523
threshold=-0.66542761558093411 -0.11011025125355997 0.68352479494635443 0.77632522349211319
decision_type=2 2 2 2
left_child=-1 2 -2 -3
right_child=1 3 -4 -5
leaf_value=-0.00050740766896205738 8.4411975074578482e-05 -9.1603833935228541e-05 -0.00042378432085908607 0.00013740098324470311
leaf_weight=57 867 801 42 348
leaf_count=57 867 801 42 348
internal_value=2.8342e-05 0.000271845 0.0019978 -0.0010947
internal_weight=2115 2058 909 1149
internal_count=2115 2058 909 1149
is_linear=0
shrinkage=0.04


Tree=89
num_leaves=7
num_cat=0
split_feature=41 88 64 104 4 97
split_gain=2.59936 3.80522 4.2654 4.06539 3.42762 3.16659
threshold=0.72489904629911373 0.55535524599367669 -0.20453759643147923 0.41870684366809152 0.25893153500384075 -0.67959306713118139
decision_type=2 2 2 2 2 2
left_child=1 2 -1 -3 -2 -6
right_child=4 3 -4 -5 5 -7
leaf_value=-3.2719664625811692e-05 0.00019528025830910345 -0.00024524339455502003 0.0001175079322051668 0.00017459316154151716 -0.00046181280582944427 -5.5246829857499361e-05
leaf_weight=601 46 266 844 156 50 152
leaf_count=601 46 266 844 156 50 152
internal_value=-9.44733e-06 0.000502943 0.00147892 -0.00283019 -0.00384 -0.00607843
internal_weight=2115 1867 1445 422 248 202
internal_count=2115 1867 1445 422 248 202
is_linear=0
shrinkage=0.04


Tree=90
num_leaves=6
num_cat=0
split_feature=115 36 13 58 14
split_gain=2.79647 3.07189 2.99309 2.94143 3.08214
threshold=-0.7431877101277502 0.79981876243174477 0.33639283202080666 1.1209831960436902 0.36385738868953682
decision_type=2 2 2 2 2
left_child=1 2 -1 4 -2
right_child=3 -3 -4 -5 -6
leaf_value=4.3513445847260784e-05 -3.6891858996801508e-05 -0.00022696257191568813 0.00037313822803402999 -0.00034496377947313848 7.7660325776786175e-05
leaf_weight=218 1217 40 72 78 490
leaf_count=218 1217 40 72 78 490
internal_value=0.000122815 0.00349398 0.00493151 -0.000503637 -0.000152136
internal_weight=2115 330 290 1785 1707
internal_count=2115 330 290 1785 1707
is_linear=0
shrinkage=0.04


Tree=91
num_leaves=5
num_cat=0
split_feature=59 11 76 97
split_gain=2.87883 4.56725 3.42268 3.24001
threshold=-0.67565917323589686 -0.15038235354193238 -0.90988218350808425 -1.063682544538689
decision_type=2 2 2 2
left_child=1 -1 -2 -4
right_child=2 -3 3 -5
leaf_value=-9.5551378083370134e-05 -0.00031794682354919503 0.00045142076980353099 -0.00021648794627826857 1.236265537394316e-05
leaf_weight=49 54 77 132 1803
leaf_count=49 54 77 132 1803
internal_value=0.000122815 0.0059375 -0.00025113 3.09757e-05
internal_weight=2115 126 1989 1935
internal_count=2115 126 1989 1935
is_linear=0
shrinkage=0.04


Tree=92
num_leaves=6
num_cat=0
split_feature=80 47 91 34 28
split_gain=2.93879 2.89713 2.72359 5.01357 4.13221
threshold=-0.90652608182627281 -0.11952915829449666 0.032365468232090182 -0.50167411516494187 0.18085991237502916
decision_type=2 2 2 2 2
left_child=1 -1 3 -2 -4
right_child=2 -3 4 -5 -6
leaf_value=0.00045478373599097417 0.00025718197788061377 -3.122990840738778e-05 -0.00016861005718286657 2.1058693385767396e-07 2.5048007609091984e-05
leaf_weight=60 163 48 515 890 439
leaf_count=60 163 48 515 890 439
internal_value=0.000179499 0.00654545 -0.000169238 0.00123223 -0.00171548
internal_weight=2115 108 2007 1053 954
internal_count=2115 108 2007 1053 954
is_linear=0
shrinkage=0.04


Tree=93
num_leaves=7
num_cat=0
split_feature=115 58 61 14 108 69
split_gain=2.9004 3.93517 3.24531 2.92087 3.56983 2.98369
threshold=-0.5868722457394423 1.1209831960436902 0.5557172453309287 -0.13351138163407392 -0.38817789048673684 0.049367945077469021
decision_type=2 2 2 2 2 2
left_child=3 2 -2 5 -5 -1
right_child=1 -3 -4 4 -6 -7
leaf_value=2.8750362215766262e-05 9.809330787511869e-06 -0.00046392294866769184 -0.0003607170941316984 0.00029185890743598143 -5.0902458937089471e-05 0.000419530005308858
leaf_weight=105 1428 63 165 44 218 92
leaf_count=105 1428 63 165 44 218 92
internal_value=0.000273973 -0.000506634 -0.000112853 0.00308026 0.00030303 0.00673367
internal_weight=2115 1656 1593 459 262 197
internal_count=2115 1656 1593 459 262 197
is_linear=0
shrinkage=0.04


Tree=94
num_leaves=8
num_cat=0
split_feature=4 73 77 6 74 59 24
split_gain=2.87508 3.53634 4.34016 3.65689 2.73256 4.4319 3.88284
threshold=0.37546574898270441 -0.23139233257225841 -0.18954851437960171 0.32571879938115222 -0.71333498807293927 0.10310082607891984 0.98088462214169814
decision_type=2 2 2 2 2 2 2
left_child=1 3 -3 -1 6 -6 -2
right_child=4 2 -4 -5 5 -7 -8
leaf_value=7.0321015888110197e-05 0.0001710412753424807 0.00012568528987076417 -8.6598822303230323e-05 0.00035065468161196988 -0.00029475799144693181 -1.2044116585878741e-06 -8.4730277924421511e-05
leaf_weight=354 100 427 615 71 222 282 44
leaf_count=354 100 427 615 71 222 282 44
internal_value=0.000122815 0.00110279 -0.000153257 0.00416862 -0.00209231 -0.00347826 0.00273973
internal_weight=2115 1467 1042 425 648 504 144
internal_count=2115 1467 1042 425 648 504 144
is_linear=0
shrinkage=0.04


Tree=95
num_leaves=5
num_cat=0
split_feature=59 11 76 36
split_gain=2.59544 4.01585 3.42268 2.58996
threshold=-0.67565917323589686 -0.080458928680498851 -0.90988218350808425 -1.1441563225017377
decision_type=2 2 2 2
left_child=1 -1 -2 -4
right_child=2 -3 3 -5
leaf_value=-9.3473673221219634e-05 -0.00030887700613745571 0.00047297638519363004 0.00033732209222638227 -6.409179297546339e-06
leaf_weight=55 54 71 123 1812
leaf_count=55 54 71 123 1812
internal_value=0.000103921 0.005625 -0.00025113 3.09757e-05
internal_weight=2115 126 1989 1935
internal_count=2115 126 1989 1935
is_linear=0
shrinkage=0.04


Tree=96
num_leaves=6
num_cat=0
split_feature=47 37 14 28 57
split_gain=3.28702 3.42353 5.87945 4.81533 2.259
threshold=1.601992763259759 -0.77613864959858503 0.44809856884958726 -0.82444533018578525 0.27250533489067408
decision_type=2 2 2 2 2
left_child=1 2 -1 -3 -2
right_child=4 3 -4 -5 -6
leaf_value=1.6414057772466978e-05 -3.2988667362590025e-05 -0.00051189898437095313 0.00060376192046566828 2.3617917999202259e-06 -0.00068046744225370211
leaf_weight=207 40 44 56 1728 40
leaf_count=207 40 44 56 1728 40
internal_value=4.72367e-05 0.000363279 0.00460377 -0.000270575 -0.00780488
internal_weight=2115 2035 263 1772 80
internal_count=2115 2035 263 1772 80
is_linear=0
shrinkage=0.04


Tree=97
num_leaves=5
num_cat=0
split_feature=59 11 76 85
split_gain=2.63106 4.01585 3.39453 2.80805
threshold=-0.67565917323589686 -0.080458928680498851 -0.90988218350808425 -2.2109853000544066
decision_type=2 2 2 2
left_child=1 -1 -2 -4
right_child=2 -3 3 -5
leaf_value=-9.0391288603269561e-05 -0.00029661639756395429 0.00043523135194525089 -0.00030417397723762597 5.1589256597834969e-06
leaf_weight=55 54 71 42 1893
leaf_count=55 54 71 42 1893
internal_value=6.61313e-05 0.005625 -0.000291311 -1.03252e-05
internal_weight=2115 126 1989 1935
internal_count=2115 126 1989 1935
is_linear=0
shrinkage=0.04


Tree=98
num_leaves=8
num_cat=0
split_feature=4 110 73 112 47 85 80
split_gain=2.53033 4.0811 3.63491 3.58921 3.57868 3.27093 2.90262
threshold=0.37546574898270441 -0.026746368261854482 -0.23139233257225841 0.013312574893221575 -0.40045498586491485 0.40134371284086084 -0.35303391183506166
decision_type=2 2 2 2 2 2 2
left_child=2 5 6 -4 -3 -2 -1
right_child=1 4 3 -5 -6 -7 -8
leaf_value=0.0002241117613996884 -7.0750762472150913e-05 0.00031442414656610333 -9.4892609190978951e-05 6.3641108475281135e-05 -3.4327264498217259e-05 -0.00032391413243324798 1.2363457251565236e-05
leaf_weight=223 190 102 505 537 287 69 202
leaf_count=223 190 102 505 537 287 69 202
internal_value=4.72367e-05 -0.00203077 0.000966644 -0.000306513 0.00056266 -0.00590038 0.00407494
internal_weight=2115 648 1467 1042 389 259 425
internal_count=2115 648 1467 1042 389 259 425
is_linear=0
shrinkage=0.04


Tree=99
num_leaves=4
num_cat=0
split_feature=116 82 106
split_gain=2.63542 2.72176 2.47373
threshold=-0.78927776607639744 -0.6550130881033257 0.84889502743457779
decision_type=2 2 2
left_child=-1 -2 -3
right_child=1 2 -4
leaf_value=-0.00041332585864701436 -0.00048143493268867584 2.2203177504585124e-05 -0.00023035569924010436
leaf_weight=54 66 1815 180
leaf_count=54 66 1815 180
internal_value=-9.44733e-06 0.000222976 0.000490736
internal_weight=2115 2061 1995
internal_count=2115 2061 1995
is_linear=0
shrinkage=0.04


Tree=100
num_leaves=8
num_cat=0
split_feature=4 110 85 103 116 118 64
split_gain=2.53033 3.46035 3.55397 3.2453 3.22636 5.92125 5.17867
threshold=0.37546574898270441 -0.026746368261854482 0.40134371284086084 -0.66694054337798603 0.79738917136350629 0.65511070196360777 -0.52674441800127203
decision_type=2 2 2 2 2 2 2
left_child=4 2 -2 -3 5 -1 -6
right_child=1 3 -4 -5 6 -7 -8
leaf_value=4.2631695713923332e-05 -6.8808859073448279e-05 -0.00030375192720309284 -0.00031184569423610154 4.571039579351158e-05 -0.00020264712961775769 -0.00024469010305853967 0.00042341851143169517
leaf_weight=962 190 84 69 305 53 232 220
leaf_count=962 190 84 69 305 53 232 220
internal_value=4.72367e-05 -0.00203077 -0.00559387 0.000358056 0.000966644 6.68896e-05 0.00487273
internal_weight=2115 648 259 389 1467 1194 273
internal_count=2115 648 259 389 1467 1194 273
is_linear=0
shrinkage=0.04


Tree=101
num_leaves=7
num_cat=0
split_feature=28 14 82 79 76 90
split_gain=2.44298 3.81358 3.37141 3.12889 2.68296 1.33088
threshold=1.1583571888982098 0.9854644684826136 -0.59785325616018437 0.32747334522245508 -0.5093504888370709 0.40950300351523933
decision_type=2 2 2 2 2 2
left_child=1 2 -1 5 -3 -2
right_child=3 4 -4 -5 -6 -7
leaf_value=-0.00048291236498742044 -0.00053038193280565316 -3.5886533401975429e-05 7.5407964155054789e-06 0.00019787112576418115 0.00026257166878739527 -1.4667357589326531e-05
leaf_weight=96 70 43 1682 59 118 47
leaf_count=96 70 43 1682 59 118 47
internal_value=-9.44733e-06 0.000401855 -0.000134831 -0.00449438 0.00625767 -0.00823529
internal_weight=2115 1939 1778 176 161 117
internal_count=2115 1939 1778 176 161 117
is_linear=0
shrinkage=0.04


Tree=102
num_leaves=7
num_cat=0
split_feature=115 60 57 63 111 79
split_gain=2.4878 3.96085 4.48532 4.02723 3.17559 2.82287
threshold=-0.5868722457394423 0.632845083634756 0.24175835048291436 0.28450027779628279 0.89903922203112396 0.78818821389111327
decision_type=2 2 2 2 2 2
left_child=4 3 -3 -2 5 -1
right_child=1 2 -4 -5 -6 -7
leaf_value=0.00012065111453451818 -3.8337205716281028e-05 7.9904149990119757e-05 -0.00042515121359319816 6.4608547931345399e-05 -0.0001695464231986037 -0.00020060093361358059
leaf_weight=369 955 96 141 464 45 45
leaf_count=369 955 96 141 464 45 45
internal_value=4.72367e-05 -0.000675513 -0.00543933 0.000126671 0.00264642 0.00375
internal_weight=2115 1656 237 1419 459 414
internal_count=2115 1656 237 1419 459 414
is_linear=0
shrinkage=0.04


Tree=103
num_leaves=7
num_cat=0
split_feature=115 14 58 69 2 14
split_gain=2.32448 3.55028 3.33938 2.84696 2.75311 2.71593
threshold=-0.5868722457394423 -0.10944350568430687 1.1209831960436902 0.049367945077469021 -0.56547269084792584 0.36385738868953682
decision_type=2 2 2 2 2 2
left_child=1 3 5 -1 -3 -2
right_child=2 4 -4 -5 -6 -7
leaf_value=2.057084323809487e-05 -3.7738431424328361e-05 -0.00018128784686211757 -0.00039070458897199858 0.00036830632261962052 3.2500556183137161e-05 6.709039360755731e-05
leaf_weight=107 1136 51 63 93 208 457
leaf_count=107 1136 51 63 93 208 457
internal_value=4.72367e-05 0.00255965 -0.000651387 0.00653465 -0.000536398 -0.000288401
internal_weight=2115 459 1656 200 259 1593
internal_count=2115 459 1656 200 259 1593
is_linear=0
shrinkage=0.04


Tree=104
num_leaves=8
num_cat=0
split_feature=4 42 35 118 110 25 99
split_gain=2.61257 3.40373 4.07225 3.74103 3.15124 3.1774 2.83176
threshold=0.27891745033335508 0.39791480302406579 0.54169290798133529 0.42909131430985553 -0.026746368261854482 0.9920562486138752 0.43200578994000621
decision_type=2 2 2 2 2 2 2
left_child=1 3 -3 -1 6 -6 -2
right_child=4 2 -4 -5 5 -7 -8
leaf_value=4.4585653809498234e-05 -1.481560583071381e-05 0.00034377689933262021 -3.7453910962441069e-05 -0.0001800739849111867 2.9481528520387443e-05 -0.00051970368103562844 -0.00029624926056332504
leaf_weight=740 169 181 89 354 396 47 139
leaf_count=740 169 181 89 354 396 47 139
internal_value=-4.72367e-05 0.000995608 0.005 0 -0.00193891 0.000224719 -0.00503226
internal_weight=2115 1364 270 1094 751 443 308
internal_count=2115 1364 270 1094 751 443 308
is_linear=0
shrinkage=0.04


Tree=105
num_leaves=5
num_cat=0
split_feature=69 67 84 38
split_gain=2.42911 3.64655 2.42385 1.95311
threshold=-1.4873064838238561 -1.3391263968916225 0.85939960706665885 0.76468942179281252
decision_type=2 2 2 2
left_child=3 -2 -3 -1
right_child=1 2 -4 -5
leaf_value=0.00045779544064596209 -0.00046292040869091549 -9.222045757559128e-06 8.7310199939957253e-05 5.5042537313954381e-06
leaf_weight=50 63 1641 312 49
leaf_count=50 63 1641 312 49
internal_value=8.5026e-05 -0.000218038 9.20716e-05 0.00613861
internal_weight=2115 2016 1953 99
internal_count=2115 2016 1953 99
is_linear=0
shrinkage=0.04


Tree=106
num_leaves=8
num_cat=0
split_feature=4 106 67 97 38 13 106
split_gain=2.55927 3.59438 3.50381 3.44037 2.22938 2.50953 1.80435
threshold=-0.96799390863933865 0.84889502743457779 -0.76809655042635072 -1.0815735256789247 0.76468942179281252 0.036164031055898251 0.40547141893259164
decision_type=2 2 2 2 2 2 2
left_child=4 3 -3 -2 5 -1 -6
right_child=1 2 -4 -5 6 -7 -8
leaf_value=1.851511227966674e-05 -0.00024539679355490456 8.5351048882938079e-05 -0.0008338534371591811 1.094914771633408e-05 -0.00027965780574866104 0.00039082882322627037 0.00026579441714070145
leaf_weight=48 102 46 94 1666 44 69 46
leaf_count=48 102 46 94 1666 44 69 46
internal_value=0.000103921 -0.000356021 -0.00647887 0.000135593 0.00430622 0.00789916 -0.000434783
internal_weight=2115 1908 140 1768 207 117 90
internal_count=2115 1908 140 1768 207 117 90
is_linear=0
shrinkage=0.04


Tree=107
num_leaves=6
num_cat=0
split_feature=14 110 114 29 10
split_gain=2.49864 4.41918 3.29856 2.82609 2.70706
threshold=0.94079210636127975 0.82086708803685404 1.7224909244033395 0.60523357218959817 1.2826963882836815
decision_type=2 2 2 2 2
left_child=2 4 3 -1 -2
right_child=1 -3 -4 -5 -6
leaf_value=4.8285302203852996e-06 0.00020043988664824146 -9.1793069252052681e-05 0.00051897648727067583 -0.0001331877049444194 -2.68364398836724e-05
leaf_weight=1486 121 68 46 343 51
leaf_count=1486 121 68 46 343 51
internal_value=0.00014171 0.00396694 -0.000351625 -0.000622611 0.00735632
internal_weight=2115 240 1875 1829 172
internal_count=2115 240 1875 1829 172
is_linear=0
shrinkage=0.04


Tree=108
num_leaves=8
num_cat=0
split_feature=9 106 98 73 51 98 104
split_gain=2.20002 3.23537 3.50584 3.01926 2.86236 2.25288 1.07433
threshold=-0.9484374335143978 0.84889502743457779 -0.48970122504871977 0.41646316232339858 -0.54537053491592713 0.60474502058836643 0.11390946081912313
decision_type=2 2 2 2 2 2 2
left_child=4 3 -3 -2 6 -6 -1
right_child=1 2 -4 -5 5 -7 -8
leaf_value=0.00035157778006136164 2.3066988596875707e-05 -7.2169012708549544e-06 -0.000907460151231303 -0.00011026981277028597 -8.2992968629387779e-05 0.00055772468055342004 8.5136595248829562e-05
leaf_weight=40 1330 72 68 429 95 41 40
leaf_count=40 1330 72 68 429 95 41 40
internal_value=4.72367e-05 -0.000389269 -0.00619718 7.95003e-05 0.00385321 0.000289855 0.0097561
internal_weight=2115 1899 140 1759 216 136 80
internal_count=2115 1899 140 1759 216 136 80
is_linear=0
shrinkage=0.04


Tree=109
num_leaves=5
num_cat=0
split_feature=69 91 40 10
split_gain=2.39889 3.80887 3.21829 2.15431
threshold=-1.4873064838238561 1.0829928696052422 1.6815390582782197 0.76920873800113509
decision_type=2 2 2 2
left_child=3 2 -2 -1
right_child=1 -3 -4 -5
leaf_value=0.00042979775286680567 7.6784909444211571e-06 -0.00068425422522816026 -0.00062945157397765864 -2.1852328954601701e-05
leaf_weight=51 1907 42 67 48
leaf_count=51 1907 42 67 48
internal_value=0.000122815 -0.000178394 8.09717e-05 0.00613861
internal_weight=2115 2016 1974 99
internal_count=2115 2016 1974 99
is_linear=0
shrinkage=0.04


Tree=110
num_leaves=8
num_cat=0
split_feature=84 78 90 105 26 74 42
split_gain=2.3604 4.1794 3.85035 4.6237 2.49224 2.47614 2.36751
threshold=0.85939960706665885 0.044610224219003652 0.67286654869144447 -0.72677392344832559 0.01967662510521128 0.76187198424028379 -0.054056908063191557
decision_type=2 2 2 2 2 2 2
left_child=2 6 3 -1 -4 -3 -2
right_child=1 5 4 -5 -6 -7 -8
leaf_value=0.00012711781705027972 1.487520960288303e-05 5.7501459427599606e-05 -9.9106835713870661e-05 -1.0640796913592744e-05 -0.0005214730371602503 -0.00035614533085836521 0.00033759893863389748
leaf_weight=192 74 141 107 1332 85 69 115
leaf_count=192 74 141 107 1332 85 69 115
internal_value=0.000179499 0.00294264 -0.000465658 0.000209699 -0.0057732 -0.000943396 0.00722513
internal_weight=2115 399 1716 1524 192 210 189
internal_count=2115 399 1716 1524 192 210 189
is_linear=0
shrinkage=0.04


Tree=111
num_leaves=6
num_cat=0
split_feature=80 28 69 40 10
split_gain=2.66219 2.72458 2.67776 3.70398 2.15431
threshold=-0.90652608182627281 -0.42772395756707565 -1.4873064838238561 1.6815390582782197 0.76920873800113509
decision_type=2 2 2 2 2
left_child=1 -1 4 -4 -2
right_child=2 -3 3 -5 -6
leaf_value=0.00043708941116538141 0.00041201083436801802 -2.9241056256226057e-06 -3.8234835031512003e-06 -0.00064426663106878729 -1.9080628346347992e-05
leaf_weight=52 51 56 1838 70 48
leaf_count=52 51 56 1838 70 48
internal_value=0.000122815 0.00618182 -0.000209059 -0.000544503 0.00613861
internal_weight=2115 108 2007 1908 99
internal_count=2115 108 2007 1908 99
is_linear=0
shrinkage=0.04


Tree=112
num_leaves=6
num_cat=0
split_feature=69 75 84 87 38
split_gain=2.39889 3.69455 3.8601 3.21554 1.95311
threshold=-1.4873064838238561 0.63753626474027725 0.85939960706665885 -0.052915312291205753 0.76468942179281252
decision_type=2 2 2 2 2
left_child=4 2 -2 -3 -1
right_child=1 3 -4 -5 -6
leaf_value=0.00037690298902578491 -3.0451004267275513e-06 -0.00048501627897874219 0.00016440102748409042 -5.4963697924212064e-05 1.674664810018118e-05
leaf_weight=50 1362 102 234 318 49
leaf_count=50 1362 102 234 318 49
internal_value=0.000122815 -0.000178394 0.000700876 -0.00350711 0.00613861
internal_weight=2115 2016 1596 420 99
internal_count=2115 2016 1596 420 99
is_linear=0
shrinkage=0.04


Tree=113
num_leaves=7
num_cat=0
split_feature=4 88 37 105 14 14
split_gain=2.53632 2.71392 3.53122 3.48805 2.11403 2.17125
threshold=-0.96799390863933865 0.55535524599367669 -0.70852083247888642 0.11828851253294494 0.42271598952069306 -0.60416983269013713
decision_type=2 2 2 2 2 2
left_child=4 2 -2 -3 5 -1
right_child=1 3 -4 -5 -6 -7
leaf_value=-3.2607719282158261e-06 9.7546986418244386e-05 2.147371616380391e-06 -6.7325757786156766e-06 -0.00030113210273997735 -0.00019078893293487763 0.00037701896644824805
leaf_weight=58 281 216 1247 164 40 109
leaf_count=58 281 216 1247 164 40 109
internal_value=0.000122815 -0.000335079 0.000418301 -0.00335079 0.00430622 0.00627219
internal_weight=2115 1908 1528 380 207 167
internal_count=2115 1908 1528 380 207 167
is_linear=0
shrinkage=0.04


Tree=114
num_leaves=6
num_cat=0
split_feature=47 37 28 44 57
split_gain=2.50712 2.48575 4.06849 2.99315 1.65738
threshold=1.601992763259759 -0.86012740900010576 -0.82444533018578525 -0.8615472400301023 0.27250533489067408
decision_type=2 2 2 2 2
left_child=1 3 -3 -1 -2
right_child=4 2 -4 -5 -6
leaf_value=-8.0343548058451201e-05 -4.3761906856996103e-05 -0.00042295357930217958 3.2865707507774653e-06 0.00029400885076904691 -0.00059547418921974645
leaf_weight=43 40 46 1776 170 40
leaf_count=43 40 46 1776 170 40
internal_value=2.8342e-05 0.000304369 -0.000175439 0.00437209 -0.00682927
internal_weight=2115 2035 1822 213 80
internal_count=2115 2035 1822 213 80
is_linear=0
shrinkage=0.04


Tree=115
num_leaves=5
num_cat=0
split_feature=36 116 40 13
split_gain=2.43086 3.95844 2.37756 3.1691
threshold=-1.2006978147393272 0.77632522349211319 1.9046448003603149 2.2264000467871585
decision_type=2 2 2 2
left_child=1 -1 3 -2
right_child=2 -3 -4 -5
leaf_value=-3.7443340777037564e-05 -4.1606571435773291e-06 0.00085598132286191159 -0.00078394552798394094 0.00071690904021384869
leaf_weight=47 1905 61 61 41
leaf_count=47 1905 61 61 41
internal_value=2.8342e-05 0.00581818 -0.000288701 -4.10678e-05
internal_weight=2115 108 2007 1946
internal_count=2115 108 2007 1946
is_linear=0
shrinkage=0.04


Tree=116
num_leaves=8
num_cat=0
split_feature=29 82 78 28 33 13 46
split_gain=2.25411 3.33333 4.30908 3.11091 2.4128 2.20102 1.79481
threshold=0.60523357218959817 0.41239645224109261 -0.026660554706210218 1.0317866221358292 0.050964800692269836 1.045378812463454 0.30199716145880445
decision_type=2 2 2 2 2 2 2
left_child=1 3 -3 -1 6 -6 -2
right_child=4 2 -4 -5 5 -7 -8
leaf_value=-4.600559003190832e-07 -0.00044923268322798497 0.00030976964063402738 2.2645646749039575e-05 -0.00035997305441125965 -4.0096154405113854e-05 0.00024029072233519355 -9.0965564839622334e-05
leaf_weight=1073 60 176 363 79 252 71 41
leaf_count=1073 60 176 363 79 252 71 41
internal_value=-2.8342e-05 0.000626108 0.00321627 -0.000589255 -0.00262911 -0.000923077 -0.00796117
internal_weight=2115 1691 539 1152 424 323 101
internal_count=2115 1691 539 1152 424 323 101
is_linear=0
shrinkage=0.04


Tree=117
num_leaves=7
num_cat=0
split_feature=47 116 26 116 36 61
split_gain=2.39875 5.19666 3.7463 2.79186 6.15278 4.51641
threshold=-0.91248991428705606 -0.21471139993707719 0.32328850296231565 0.77632522349211319 -0.72759430814747383 -0.84749432323550244
decision_type=2 2 2 2 2 2
left_child=1 -1 -3 5 -5 -2
right_child=3 2 -4 4 -6 -7
leaf_value=0.00017723493911206583 -0.00057590051645758044 -0.00046045702989185445 -2.2749664879540694e-06 0.00031639004073086101 -1.9111382839151091e-05 3.906036593230994e-06
leaf_weight=42 117 53 40 180 232 1451
leaf_count=42 117 53 40 180 232 1451
internal_value=9.44733e-06 -0.00510949 -0.0103158 0.000363269 0.00328502 -0.000407643
internal_weight=2115 135 93 1980 412 1568
internal_count=2115 135 93 1980 412 1568
is_linear=0
shrinkage=0.04


Tree=118
num_leaves=6
num_cat=0
split_feature=82 74 116 84 79
split_gain=2.25285 2.33169 5.1105 3.69423 2.31418
threshold=-0.61582515005078076 0.10914769648307199 0.77632522349211319 1.4249749370606484 -0.62897087967190102
decision_type=2 2 2 2 2
left_child=4 3 -3 -2 -1
right_child=1 2 -4 -5 -6
leaf_value=-9.9447141961013154e-07 1.6147482886261135e-05 -0.00010451764058322222 0.00014617819614073517 0.00030494777341203815 -0.00063325379490311335
leaf_weight=57 1002 606 312 93 45
leaf_count=57 1002 606 312 93 45
internal_value=-2.8342e-05 0.00026799 -0.00121739 0.00151322 -0.00576923
internal_weight=2115 2013 918 1095 102
internal_count=2115 2013 918 1095 102
is_linear=0
shrinkage=0.04


Tree=119
num_leaves=7
num_cat=0
split_feature=47 68 29 116 117 72
split_gain=2.14963 4.96111 2.77788 3.25093 3.14912 2.41702
threshold=-0.91248991428705606 -0.25913735098690599 0.60523357218959817 0.79738917136350629 -0.36597761960388436 -0.24467132578921433
decision_type=2 2 2 2 2 2
left_child=1 -1 3 -2 -4 -3
right_child=2 5 4 -5 -6 -7
leaf_value=6.3712568356411037e-05 5.2953959490690041e-06 -2.0517549052594639e-05 3.3646163073957003e-05 0.00022865767417308143 -0.00026048759660594049 -0.0005897177845180945
leaf_weight=51 1282 42 172 281 245 42
leaf_count=51 1282 42 172 281 245 42
internal_value=2.8342e-05 -0.00481752 0.000363269 0.00113738 -0.00252983 -0.0106977
internal_weight=2115 135 1980 1563 417 84
internal_count=2115 135 1980 1563 417 84
is_linear=0
shrinkage=0.04


end of trees

feature_importances:
Column_74=39
Column_36=28
Column_115=27
Column_47=26
Column_80=21
Column_28=20
Column_97=18
Column_4=17
Column_82=17
Column_86=17
Column_116=17
Column_14=14
Column_37=14
Column_59=14
Column_84=14
Column_85=13
Column_69=12
Column_79=12
Column_81=12
Column_106=12
Column_110=11
Column_9=9
Column_10=9
Column_33=9
Column_11=8
Column_48=8
Column_58=8
Column_73=8
Column_87=8
Column_105=8
Column_2=7
Column_31=7
Column_108=7
Column_112=7
Column_117=7
Column_118=7
Column_29=6
Column_38=6
Column_57=6
Column_75=6
Column_88=6
Column_98=6
Column_26=5
Column_41=5
Column_61=5
Column_67=5
Column_90=5
Column_13=4
Column_18=4
Column_40=4
Column_42=4
Column_60=4
Column_63=4
Column_64=4
Column_76=4
Column_78=4
Column_91=4
Column_104=4
Column_1=3
Column_20=3
Column_25=3
Column_46=3
Column_92=3
Column_93=3
Column_100=3
Column_6=2
Column_7=2
Column_15=2
Column_22=2
Column_30=2
Column_35=2
Column_39=2
Column_45=2
Column_51=2
Column_68=2
Column_70=2
Column_77=2
Column_94=2
Column_99=2
Column_109=2
Column_111=2
Column_5=1
Column_8=1
Column_16=1
Column_24=1
Column_32=1
Column_34=1
Column_43=1
Column_44=1
Column_53=1
Column_72=1
Column_83=1
Column_103=1
Column_114=1

parameters:
[boosting: gbdt]
[objective: quantile]
[metric: quantile]
[tree_learner: serial]
[device_type: cpu]
[data_sample_strategy: bagging]
[data: ]
[valid: ]
[num_iterations: 120]
[learning_rate: 0.04]
[num_leaves: 15]
[num_threads: 2]
[seed: 42]
[deterministic: 0]
[force_col_wise: 0]
[force_row_wise: 0]
[histogram_pool_size: -1]
[max_depth: 3]
[min_data_in_leaf: 40]
[min_sum_hessian_in_leaf: 0.001]
[bagging_fraction: 0.85]
[pos_bagging_fraction: 1]
[neg_bagging_fraction: 1]
[bagging_freq: 0]
[bagging_seed: 400]
[bagging_by_query: 0]
[feature_fraction: 0.8]
[feature_fraction_bynode: 1]
[feature_fraction_seed: 30056]
[extra_trees: 0]
[extra_seed: 12879]
[early_stopping_round: 0]
[early_stopping_min_delta: 0]
[first_metric_only: 0]
[max_delta_step: 0]
[lambda_l1: 0]
[lambda_l2: 2]
[linear_lambda: 0]
[min_gain_to_split: 0]
[drop_rate: 0.1]
[max_drop: 50]
[skip_drop: 0.5]
[xgboost_dart_mode: 0]
[uniform_drop: 0]
[drop_seed: 17869]
[top_rate: 0.2]
[other_rate: 0.1]
[min_data_per_group: 100]
[max_cat_threshold: 32]
[cat_l2: 10]
[cat_smooth: 10]
[max_cat_to_onehot: 4]
[top_k: 20]
[monotone_constraints: ]
[monotone_constraints_method: basic]
[monotone_penalty: 0]
[feature_contri: ]
[forcedsplits_filename: ]
[refit_decay_rate: 0.9]
[cegb_tradeoff: 1]
[cegb_penalty_split: 0]
[cegb_penalty_feature_lazy: ]
[cegb_penalty_feature_coupled: ]
[path_smooth: 0]
[interaction_constraints: ]
[verbosity: -1]
[saved_feature_importance_type: 0]
[use_quantized_grad: 0]
[num_grad_quant_bins: 4]
[quant_train_renew_leaf: 0]
[stochastic_rounding: 1]
[linear_tree: 0]
[max_bin: 255]
[max_bin_by_feature: ]
[min_data_in_bin: 3]
[bin_construct_sample_cnt: 200000]
[data_random_seed: 175]
[is_enable_sparse: 1]
[enable_bundle: 1]
[use_missing: 1]
[zero_as_missing: 0]
[feature_pre_filter: 1]
[pre_partition: 0]
[two_round: 0]
[header: 0]
[label_column: ]
[weight_column: ]
[group_column: ]
[ignore_column: ]
[categorical_feature: ]
[forcedbins_filename: ]
[precise_float_parser: 0]
[parser_config_file: ]
[objective_seed: 16083]
[num_class: 1]
[is_unbalance: 0]
[scale_pos_weight: 1]
[sigmoid: 1]
[boost_from_average: 1]
[reg_sqrt: 0]
[alpha: 0.5]
[fair_c: 1]
[poisson_max_delta_step: 0.7]
[tweedie_variance_power: 1.5]
[lambdarank_truncation_level: 30]
[lambdarank_norm: 1]
[label_gain: ]
[lambdarank_position_bias_regularization: 0]
[eval_at: ]
[multi_error_top_k: 1]
[auc_mu_weights: ]
[num_machines: 1]
[local_listen_port: 12400]
[time_out: 120]
[machine_list_filename: ]
[machines: ]
[gpu_platform_id: -1]
[gpu_device_id: -1]
[gpu_device_id_list: ]
[gpu_use_dp: 0]
[num_gpu: 1]

end of parameters

pandas_categorical:null
