tree
version=v4
num_class=1
num_tree_per_iteration=1
label_index=0
max_feature_idx=109
objective=quantile
feature_names=Column_0 Column_1 Column_2 Column_3 Column_4 Column_5 Column_6 Column_7 Column_8 Column_9 Column_10 Column_11 Column_12 Column_13 Column_14 Column_15 Column_16 Column_17 Column_18 Column_19 Column_20 Column_21 Column_22 Column_23 Column_24 Column_25 Column_26 Column_27 Column_28 Column_29 Column_30 Column_31 Column_32 Column_33 Column_34 Column_35 Column_36 Column_37 Column_38 Column_39 Column_40 Column_41 Column_42 Column_43 Column_44 Column_45 Column_46 Column_47 Column_48 Column_49 Column_50 Column_51 Column_52 Column_53 Column_54 Column_55 Column_56 Column_57 Column_58 Column_59 Column_60 Column_61 Column_62 Column_63 Column_64 Column_65 Column_66 Column_67 Column_68 Column_69 Column_70 Column_71 Column_72 Column_73 Column_74 Column_75 Column_76 Column_77 Column_78 Column_79 Column_80 Column_81 Column_82 Column_83 Column_84 Column_85 Column_86 Column_87 Column_88 Column_89 Column_90 Column_91 Column_92 Column_93 Column_94 Column_95 Column_96 Column_97 Column_98 Column_99 Column_100 Column_101 Column_102 Column_103 Column_104 Column_105 Column_106 Column_107 Column_108 Column_109
feature_infos=[-6.1065138203337854:6.5649124600237023] [-5.6342967467520779:5.4751391396357034] [-4.8741952092472181:4.1695782545307623] [-4.2884129568072273:3.7805106643313677] [-3.6196907852411244:2.1426756380652665] [-2.5938095799731142:2.3616114684346425] [-4.1677412709416739:3.9171613155545022] [-1.373897241478097:6.6467315702303242] [-1.6723203212772206:1.6184036452682244] [-3.5796595223064909:2.1891287208638603] [-1.4887796588848086:5.2324589775720343] [-2.4990797494958716:2.1607594441349502] [-2.541888992137245:2.4270999611115753] [-1.4732034145640041:3.9160036145910571] [-2.8565150159722559:2.6281523046312421] [-1.5702881371619881:1.6086965587412931] [-1.7688041033666848:1.7815353743658411] [-0.9605151652700854:0.75640519951463914] [-1.0052151911842016:0.76805860552417837] [-0.96051516527008529:0.75640519951463925] [-2.2228011977007647:1.6461780453874819] [-3.9638611158303902:4.0669248708568828] [-3.2742488515025507:2.2820942163903508] [-2.3381549280644234:2.5948138070340807] [-2.1338319504516652:1.5571134238453468] [-2.1402696512004731:1.5481593565322596] [-3.3660717400242315:2.0149948250527387] [-1.7936220495724666:1.4113690450894474] [-1.1829476742887415:3.6379348669938505] [-3.672890806434514:4.2283313322283806] [-3.670593826060772:4.462232987296419] [-3.0332262698845018:3.2283196104460443] [-3.1688387440259262:3.411148448544763] [-1.947933405563617:2.0552815039609027] [-2.176710930267741:2.2033997030073955] [-1.773820015292632:1.7191176554470784] [-1.7750645743124447:1.7958554370394293] [-1.6079809787009514:3.8629191189520404] [-1.4793367843841709:5.0219435495029741] [-1.4740869195518493:3.799816181323008] [-1.2638917881311866:3.3507847125166244] [-1.6887858863666407:1.4584738249192066] [-1.9834726661620192:1.7279296065809344] [-1.8782404684846929:14.143134785507655] [-183.56182741645935:163.88525357472585] [-398.5065040848047:131.63005602356344] [-324.38231712059843:76.126649395617846] [-1.3887810794016067:2.8406681437623154] [-1.9371164130590168:1.9865509959387688] [-1.196715920108286:9.0070318751327338] [-4.8842188879354804:4.4492757006544172] [-8.9088304111242866:6.6229390168684139] [-1:1] [-1.2:1] [0:1] [0:1] [-3.0925452551196368:4.0537614715535719] [-3.4238118881307691:2.2584541909539335] [-2.3752561624203183:1.6144728210889268] [-0.93334945011055981:2.1983554255725322] [-2.1064911544706457:1.2379473603263103] [-1.4015259639737911:0.33898633839411402] [-4.5249885367910823:7.8871025299820428] [-4.1887024728963986:5.8392826783312195] [-2.422450429993936:4.2224388368228354] [-1.2874189542379075:4.8650459485450792] [-1.1668410795979265:7.8980741579494813] [-1.2554146539087412:2.3385973883298394] [-6.572606811035385:6.7440991199907696] [-4.6174271522008263:3.5836436081407474] [-3.3770194503018676:3.7652762771254777] [-1.2035040552775833:3.5702827322084389] [-1.8051205203374909:4.437113953917498] [-0.76999485003649026:2.0820221973618969] [-11.478049013656054:11.250249087873696] [-6.110895827359264:5.3368008395669948] [-3.8369189433102009:4.1888544727459642] [-0.96373615718206107:3.0142617515606496] [-2.2067386128138593:4.252263235826697] [-1.3504123320094721:0.68644122578649314] [-3.961810806118454:2.9720973166236151] [-3.484183963911915:3.0553334394916707] [-2.5540324139867674:1.713152651121413] [-1.2867290394014916:3.0495479705552078] [-2.0410730327397726:1.8417824863807533] [-1.4044942024964675:0.4515424288372758] [-5.2949924406838313:2.6704766851407755] [-4.1188826685305173:3.5332079140148567] [-1.8991382120459619:2.8696026051357801] [-1.4293971637134002:4.2295613401194663] [-1.7109429323748528:4.5570226080862115] [-1.5200233624513257:1.2677175341669706] [-4.2946759014335285:2.4886670104549413] [-3.8116684757763029:3.5444066583125693] [-1.9467744936353126:2.6605957839663961] [-1.458904744254351:3.9976846904705163] [-1.5665814444409418:3.9788359048568358] [-1.5079928857983851:1.196510581168966] [-3.3839848274577449:3.6740825633810119] [-2.2240502832869411:2.6801146686957789] [-1.9622211811677654:2.0503628907121918] [-1.4486677931285941:1.9557355917510417] [-1.4475320423553377:1.943544748834485] [-2.2346454704557597:0.60676641185024749] [-3.0949727177816011:3.287114969471217] [-2.772040268494504:3.58192613755867] [-1.6691171952192694:2.4438215580903107] [-0.8492641284886322:2.9004944911464494] [-1.4327928724219308:2.3482168266328678] [-1.4350482125452564:0.98909159489249054]
tree_sizes=684 871 688 691 696 691 687 866 870 590 870 691 603 600 600 600 691 603 871 608 607 764 601 600 866 606 790 873 516 698 777 784 609 775 603 684 607 602 514 861 852 609 696 781 775 777 875 775 698 512 787 604 689 784 601 851 775 773 787 864 783 609 791 776 698 769 593 513 860 504 609 679 691 610 785 596 786 602 600 691 596 783 860 779 518 597 789 872 518 603 608 603 877 607 604 781 873 779 610 608 611 599 781 786 602 606 692 514 695 516 604 608 600 882 788 597 608 783 782 856

Tree=0
num_leaves=6
num_cat=0
split_feature=63 93 64 65 16
split_gain=4.63158 3.93843 4.03981 3.43946 2.31515
threshold=1.674319342858178 -0.96657400999880283 -0.21184039590635559 0.81472469319463303 -0.67880662917349521
decision_type=2 2 2 2 2
left_child=1 4 -3 -2 -1
right_child=3 2 -4 -5 -6
leaf_value=0.00025429530069231987 2.1785795688629157e-05 0.00038577582221478225 0.0002851272700354457 0.00032347397587727754 0.00044102840125560762
leaf_weight=56 57 732 1101 51 199
leaf_count=56 57 732 1101 51 199
internal_value=0.00033023 0.000751283 0.000101348 -0.00766977 0.0053886
internal_weight=2196 2088 1833 108 255
internal_count=2196 2088 1833 108 255
is_linear=0
shrinkage=1


Tree=1
num_leaves=8
num_cat=0
split_feature=64 51 72 25 84 66 6
split_gain=3.91703 4.82776 3.50648 3.4173 3.85622 3.81921 1.52194
threshold=-0.098216664556810343 -0.67544979549381445 -0.81885962682958413 -0.81152472911280937 -0.44958877983460044 0.51083594281531475 -0.48671868431865134
decision_type=2 2 2 2 2 2 2
left_child=1 6 -3 5 -5 -2 -1
right_child=3 2 -4 4 -6 -7 -8
leaf_value=-0.00034229007121175527 -5.788088939152658e-05 -5.161812799051404e-05 9.5169399492442622e-05 3.2696986570954326e-05 -8.9603199623525151e-05 0.00012810107972472906 -1.4660029418882915e-05
leaf_weight=52 70 158 653 249 819 119 76
leaf_count=52 70 158 653 249 819 119 76
internal_value=-1.81984e-05 0.00193411 0.00307503 -0.00147736 -0.00235514 0.0034555 -0.00523077
internal_weight=2196 939 811 1257 1068 189 128
internal_count=2196 939 811 1257 1068 189 128
is_linear=0
shrinkage=0.04


Tree=2
num_leaves=6
num_cat=0
split_feature=63 93 64 65 16
split_gain=4.67378 3.8737 3.70268 3.43946 2.31515
threshold=1.674319342858178 -0.96657400999880283 -0.21184039590635559 0.81472469319463303 -0.67880662917349521
decision_type=2 2 2 2 2
left_child=1 4 -3 -2 -1
right_child=3 2 -4 -5 -6
leaf_value=-6.9313507415354246e-05 -0.00029252263221889733 4.9516889281570913e-05 -4.1985519118607054e-05 -2.9019792377948755e-06 0.00010505826167762279
leaf_weight=56 57 732 1101 51 199
leaf_count=56 57 732 1101 51 199
internal_value=3.63967e-05 0.00045933 -0.000185286 -0.008 0.00505837
internal_weight=2196 2088 1833 108 255
internal_count=2196 2088 1833 108 255
is_linear=0
shrinkage=0.04


Tree=3
num_leaves=6
num_cat=0
split_feature=63 93 64 16 64
split_gain=4.28059 3.36708 3.20734 2.11886 1.88878
threshold=1.674319342858178 -0.96657400999880283 -0.21184039590635559 -0.67880662917349521 1.1158634423543219
decision_type=2 2 2 2 2
left_child=1 3 -3 -1 -2
right_child=4 2 -4 -5 -6
leaf_value=-6.6540967118740082e-05 -0.00022379710990916936 4.753621371030807e-05 -4.030609835386277e-05 0.00010085593121051789 -2.4092268005758525e-05
leaf_weight=56 63 732 1101 199 45
leaf_count=56 63 732 1101 199 45
internal_value=5.45951e-05 0.00045933 -0.000141689 0.00474708 -0.00763636
internal_weight=2196 2088 1833 255 108
internal_count=2196 2088 1833 255 108
is_linear=0
shrinkage=0.04


Tree=4
num_leaves=6
num_cat=0
split_feature=63 65 64 51 57
split_gain=3.94343 3.49123 2.57977 4.65086 3.54551
threshold=1.674319342858178 0.81472469319463303 -0.098216664556810343 -0.67544979549381445 -0.0067131122401151034
decision_type=2 2 2 2 2
left_child=2 -2 3 -1 -4
right_child=1 -3 4 -5 -6
leaf_value=-8.5201789782090312e-05 -0.00027186984253377468 6.1659843280836943e-06 2.9579503627300263e-05 7.5884653239274028e-05 -7.7898748984754079e-05
leaf_weight=124 57 51 657 800 507
leaf_count=124 57 51 657 800 507
internal_value=0.00010919 -0.00727273 0.000497608 0.00207343 -0.000754717
internal_weight=2196 108 2088 924 1164
internal_count=2196 108 2088 924 1164
is_linear=0
shrinkage=0.04


Tree=5
num_leaves=6
num_cat=0
split_feature=63 93 72 65 16
split_gain=3.25741 3.27752 3.09636 2.86011 2.11886
threshold=1.674319342858178 -0.96657400999880283 0.046454445772561623 0.81472469319463303 -0.67880662917349521
decision_type=2 2 2 2 2
left_child=1 4 -3 -2 -1
right_child=3 2 -4 -5 -6
leaf_value=-6.2912943526841398e-05 -0.0002609950488324237 -4.4485995852686167e-05 4.0602660448252201e-05 5.9193449549603461e-06 9.7640931172596462e-05
leaf_weight=56 57 957 876 51 199
leaf_count=56 57 957 876 51 199
internal_value=0.000163785 0.000516746 -7.62943e-05 -0.00654545 0.00474708
internal_weight=2196 2088 1833 108 255
internal_count=2196 2088 1833 108 255
is_linear=0
shrinkage=0.04


Tree=6
num_leaves=6
num_cat=0
split_feature=91 101 106 90 80
split_gain=3.18869 2.77747 3.15904 2.75868 1.58293
threshold=0.90798124185904039 1.5434825187686882 0.46558799472312445 1.538050903884234 0.34482667668383865
decision_type=2 2 2 2 2
left_child=1 2 -1 4 -2
right_child=3 -3 -4 -5 -6
leaf_value=2.6430790806404159e-05 -0.00017489259859256265 0.00017755131139967351 -7.8490548708022082e-05 7.3125861597709969e-05 -0.00044268389122285786
leaf_weight=1488 51 75 468 66 48
leaf_count=1488 51 75 468 66 48
internal_value=0.000163785 0.000600098 0.000306435 -0.0051497 -0.00930693
internal_weight=2196 2031 1956 165 99
internal_count=2196 2031 1956 165 99
is_linear=0
shrinkage=0.04


Tree=7
num_leaves=8
num_cat=0
split_feature=64 51 33 108 62 84 8
split_gain=2.91943 4.71434 3.5647 4.1167 3.22338 2.99593 2.54359
threshold=-0.098216664556810343 -0.67544979549381445 -1.0001330238605848 0.26554572163442031 -0.52617992459355334 -0.26455961198299055 0.30526861538669098
decision_type=2 2 2 2 2 2 2
left_child=1 6 3 -2 -3 -4 -1
right_child=2 4 5 -5 -6 -7 -8
leaf_value=-5.1240049380229022e-05 -6.5875261731527065e-05 -3.217771206037857e-05 1.9269400250766309e-05 0.00018909435140023237 8.4685332148364483e-05 -8.190796660650156e-05 -0.00010650296238358968
leaf_weight=88 65 191 346 67 620 779 40
leaf_count=88 65 191 346 67 620 779 40
internal_value=0.000163785 0.0018491 -0.00109611 0.00507463 0.00297663 -0.00182786 -0.00523077
internal_weight=2196 939 1257 132 811 1125 128
internal_count=2196 939 1257 132 811 1125 128
is_linear=0
shrinkage=0.04


Tree=8
num_leaves=8
num_cat=0
split_feature=64 51 34 106 93 92 80
split_gain=2.98277 3.92929 3.17202 3.11306 3.09605 2.83919 1.85559
threshold=-0.098216664556810343 -0.67544979549381445 -1.0888219170618143 0.080003236521226456 -0.91520699185347953 0.60914330695142016 -0.19246476279012212
decision_type=2 2 2 2 2 2 2
left_child=1 6 3 -2 -4 -3 -1
right_child=2 5 4 -5 -6 -7 -8
leaf_value=3.1492579832043643e-06 -6.3326756926778509e-05 7.8386906085679012e-05 7.9207117266118639e-05 0.0001478772199897854 -6.0350495613557508e-05 -4.6040136947401844e-05 -0.00011491539254032345
leaf_weight=41 49 667 134 91 983 144 87
leaf_count=41 49 667 134 91 983 144 87
internal_value=0.000145587 0.0018491 -0.00112788 0.00450704 -0.00184093 0.00287823 -0.00461538
internal_weight=2196 939 1257 140 1117 811 128
internal_count=2196 939 1257 140 1117 811 128
is_linear=0
shrinkage=0.04


Tree=9
num_leaves=5
num_cat=0
split_feature=101 108 78 36
split_gain=2.71013 3.18628 2.92951 2.03768
threshold=1.5434825187686882 1.3256396355411992 2.2770021523281927 -0.80871504577858278
decision_type=2 2 2 2
left_child=1 2 -1 -3
right_child=-2 3 -4 -5
leaf_value=1.0570443083779065e-06 0.00016194640875135917 4.5256944516017144e-05 0.00017185469958005175 -0.00024371344058824921
leaf_weight=1911 78 41 75 91
leaf_count=1911 78 41 75 91
internal_value=0.000272975 0 0.000402414 -0.00597015
internal_weight=2196 2118 1986 132
internal_count=2196 2118 1986 132
is_linear=0
shrinkage=0.04


Tree=10
num_leaves=8
num_cat=0
split_feature=64 72 72 72 96 69 102
split_gain=2.67288 4.03988 4.44634 3.20561 3.13934 2.9477 2.81544
threshold=-0.098216664556810343 -0.84155307867946949 -0.49517279133742709 0.046454445772561623 0.64106041177849349 -1.1238178913836563 -0.27728784572442106
decision_type=2 2 2 2 2 2 2
left_child=1 6 -3 5 -5 -2 -1
right_child=3 2 -4 4 -6 -7 -8
leaf_value=0.0001136164652825485 0.0001502395275052581 0.00017539604277600867 3.2417814160934991e-05 5.395796013668355e-05 -7.2638897412346235e-05 -8.740025978159444e-05 -0.00010694172234090177
leaf_weight=48 60 117 636 450 219 528 138
leaf_count=48 60 117 636 450 219 528 138
internal_value=0.000236579 0.0018491 0.00315232 -0.000969023 0.000923994 -0.00311864 -0.00340426
internal_weight=2196 939 753 1257 669 588 186
internal_count=2196 939 753 1257 669 588 186
is_linear=0
shrinkage=0.04


Tree=11
num_leaves=6
num_cat=0
split_feature=65 25 64 0 7
split_gain=2.70085 2.45294 3.54339 3.14711 1.69347
threshold=-0.98798946153538869 -0.81152472911280937 0.51658987808572487 -0.25251318066844325 -0.34568317663738474
decision_type=2 2 2 2 2
left_child=4 3 -3 -2 -1
right_child=1 2 -4 -5 -6
leaf_value=1.2152931438027212e-05 0.0001734148883668292 4.5394739983746294e-06 -7.6319600641537659e-05 9.9185627710906291e-06 0.00014443856050384713
leaf_weight=46 89 1400 427 181 53
leaf_count=46 89 1400 427 181 53
internal_value=0.000145587 -0.000161982 -0.000688901 0.00338235 0.00653465
internal_weight=2196 2097 1827 270 99
internal_count=2196 2097 1827 270 99
is_linear=0
shrinkage=0.04


Tree=12
num_leaves=5
num_cat=0
split_feature=65 36 108 7
split_gain=2.67018 2.29034 3.31801 1.69347
threshold=-0.98798946153538869 -1.3756462830250495 1.3256396355411992 -0.34568317663738474
decision_type=2 2 2 2
left_child=3 -2 -3 -1
right_child=1 2 -4 -5
leaf_value=1.1666814180506121e-05 0.00023478239302991187 1.6038228401604044e-06 -0.00012494679986626737 0.00013866101808369323
leaf_weight=46 54 1905 138 53
leaf_count=46 54 1905 138 53
internal_value=0.000181984 -0.000123869 -0.000342298 0.00653465
internal_weight=2196 2097 2043 99
internal_count=2196 2097 2043 99
is_linear=0
shrinkage=0.04


Tree=13
num_leaves=5
num_cat=0
split_feature=65 92 108 7
split_gain=2.63968 2.35725 2.6566 1.69347
threshold=-0.98798946153538869 -1.8093552437577722 1.3256396355411992 -0.34568317663738474
decision_type=2 2 2 2
left_child=3 -2 -3 -1
right_child=1 2 -4 -5
leaf_value=1.1200141613285879e-05 0.00014497960938355709 1.5396699265539882e-06 -0.00012053183284004308 0.0001331145773603455
leaf_weight=46 57 1905 135 53
leaf_count=46 57 1905 135 53
internal_value=0.00021838 -8.57551e-05 -0.000313418 0.00653465
internal_weight=2196 2097 2040 99
internal_count=2196 2097 2040 99
is_linear=0
shrinkage=0.04


Tree=14
num_leaves=5
num_cat=0
split_feature=65 101 36 7
split_gain=2.65491 2.62374 2.44549 1.69347
threshold=-0.98798946153538869 1.5434825187686882 -1.3756462830250495 -0.34568317663738474
decision_type=2 2 2 2
left_child=3 2 -2 -1
right_child=1 -3 -4 -5
leaf_value=1.0752135948754447e-05 0.00022777094056698519 0.00015149979655690169 -1.494182295432564e-05 0.00012778999426593169
leaf_weight=46 54 78 1965 53
leaf_count=46 54 78 1965 53
internal_value=0.000200182 -0.000104812 -0.000385948 0.00653465
internal_weight=2196 2097 2019 99
internal_count=2196 2097 2019 99
is_linear=0
shrinkage=0.04


Tree=15
num_leaves=5
num_cat=0
split_feature=65 101 108 7
split_gain=2.63968 2.6097 2.2487 1.69347
threshold=-0.98798946153538869 1.5434825187686882 1.3256396355411992 -0.34568317663738474
decision_type=2 2 2 2
left_child=3 2 -2 -1
right_child=1 -3 -4 -5
leaf_value=1.0322050510804273e-05 -4.3954678656320073e-08 0.00014543980469462563 -0.00011928820280656074 0.0001226783944952944
leaf_weight=46 1887 78 132 53
leaf_count=46 1887 78 132 53
internal_value=0.00021838 -8.57551e-05 -0.000366155 0.00653465
internal_weight=2196 2097 2019 99
internal_count=2196 2097 2019 99
is_linear=0
shrinkage=0.04


Tree=16
num_leaves=6
num_cat=0
split_feature=63 93 84 101 64
split_gain=2.62103 3.27752 2.91376 2.64794 1.86651
threshold=1.674319342858178 -0.96657400999880283 -1.4648719606462828 0.06082236471788869 1.1158634423543219
decision_type=2 2 2 2 2
left_child=1 3 -3 -1 -2
right_child=4 2 -4 -5 -6
leaf_value=-8.1034464959121003e-06 -0.00018874494290679677 -0.00012745811032255317 2.4090380493713714e-06 0.00011674735772042422 7.3410719384846625e-06
leaf_weight=93 63 48 1785 162 45
leaf_count=93 63 48 1785 162 45
internal_value=0.000200182 0.000516746 -7.62943e-05 0.00474708 -0.00581818
internal_weight=2196 2088 1833 255 108
internal_count=2196 2088 1833 255 108
is_linear=0
shrinkage=0.04


Tree=17
num_leaves=5
num_cat=0
split_feature=65 36 51 15
split_gain=2.36199 2.29034 2.86016 1.74025
threshold=-0.98798946153538869 -1.3756462830250495 -0.67544979549381445 0.6483817587452535
decision_type=2 2 2 2
left_child=3 -2 -3 -1
right_child=1 2 -4 -5
leaf_value=0.00021222378942330325 0.00022116063426294092 -6.3480468009582879e-05 5.7617101260233857e-06 7.8002758501225478e-06
leaf_weight=43 54 378 1665 56
leaf_count=43 54 378 1665 56
internal_value=0.000163785 -0.000123869 -0.000342298 0.00613861
internal_weight=2196 2097 2043 99
internal_count=2196 2097 2043 99
is_linear=0
shrinkage=0.04


Tree=18
num_leaves=8
num_cat=0
split_feature=64 72 72 99 33 108 93
split_gain=2.49437 4.51309 4.51329 3.35724 2.80957 3.92124 2.5703
threshold=-0.098216664556810343 -0.84155307867946949 -0.49517279133742709 -0.28756455847420781 -1.0001330238605848 0.28241884566490028 -0.91520699185347953
decision_type=2 2 2 2 2 2 2
left_child=1 3 -3 -1 5 -2 -6
right_child=4 2 -4 -5 6 -7 -8
leaf_value=0.00010753343825359841 -4.946094046474077e-05 0.00016834548357266827 2.9191971334791228e-05 -0.00010834817188969139 5.9840923425905169e-05 0.00021117056468777644 -4.7271778111791432e-05
leaf_weight=60 71 117 636 126 138 61 987
leaf_count=60 71 117 636 126 138 61 987
internal_value=0.000163785 0.00172157 0.00309934 -0.00382979 -0.00100079 0.00447761 -0.0016504
internal_weight=2196 939 753 186 1257 132 1125
internal_count=2196 939 753 186 1257 132 1125
is_linear=0
shrinkage=0.04


Tree=19
num_leaves=5
num_cat=0
split_feature=101 108 63 46
split_gain=2.38637 2.43758 2.48655 2.11716
threshold=1.5434825187686882 -0.71711761392630324 1.8434469040764339 -0.14405305891454234
decision_type=2 2 2 2
left_child=1 3 -3 -1
right_child=-2 2 -4 -5
leaf_value=0.00012978437537148235 0.00013812770372643315 -5.8149449944177147e-06 -0.00015020723585641927 5.1924742617042793e-07
leaf_weight=150 78 1719 63 186
leaf_count=150 78 1719 63 186
internal_value=0.00021838 -3.77358e-05 -0.000627803 0.00307692
internal_weight=2196 2118 1782 336
internal_count=2196 2118 1782 336
is_linear=0
shrinkage=0.04


Tree=20
num_leaves=5
num_cat=0
split_feature=69 72 87 1
split_gain=2.49967 2.80194 4.90056 3.41569
threshold=1.7204936724138256 0.046454445772561623 -0.82323274754141107 -0.26049502323606694
decision_type=2 2 2 2
left_child=1 2 -1 -3
right_child=-2 3 -4 -5
leaf_value=6.9482749201417034e-05 -0.00022454073529388723 9.9511009805750697e-05 -4.0759417064074425e-05 1.0449546908460581e-06
leaf_weight=183 72 349 966 626
leaf_count=183 72 349 966 626
internal_value=0.000200182 0.000451552 -0.000886186 0.00202661
internal_weight=2196 2124 1149 975
internal_count=2196 2124 1149 975
is_linear=0
shrinkage=0.04


Tree=21
num_leaves=7
num_cat=0
split_feature=108 78 49 69 36 6
split_gain=2.19454 3.14778 2.26535 2.13157 1.67712 1.55729
threshold=1.3256396355411992 2.2304690330850927 0.11709603966493258 1.7204936724138256 -0.64559708628212553 0.3556349418082132
decision_type=2 2 2 2 2 2
left_child=1 3 -2 -1 -4 -3
right_child=2 5 4 -5 -6 -7
leaf_value=4.5384988686485642e-06 3.3544309987892766e-05 0.00026342664868150872 -6.3161499982527248e-06 -0.00021555910588213174 -0.00027844102833005606 6.8834460652897255e-05
leaf_weight=1887 52 47 42 72 56 40
leaf_count=1887 52 47 42 72 56 40
internal_value=0.000163785 0.000507813 -0.00447368 0.000173381 -0.008 0.00786517
internal_weight=2196 2046 150 1959 98 87
internal_count=2196 2046 150 1959 98 87
is_linear=0
shrinkage=0.04


Tree=22
num_leaves=5
num_cat=0
split_feature=86 108 75 49
split_gain=2.29045 2.91911 2.77893 1.95634
threshold=-1.8643709133096091 1.3256396355411992 1.337892237652579 0.11709603966493258
decision_type=2 2 2 2
left_child=-1 2 -2 -3
right_child=1 3 -4 -5
leaf_value=0.0001353878939458685 -2.4962785091281078e-06 1.7017938764827084e-05 8.8758786959575745e-05 -0.00019145015497746025
leaf_weight=72 1782 48 204 90
leaf_count=72 1782 48 204 90
internal_value=0.00010919 -0.000131703 0.000261569 -0.00571429
internal_weight=2196 2124 1986 138
internal_count=2196 2124 1986 138
is_linear=0
shrinkage=0.04


Tree=23
num_leaves=5
num_cat=0
split_feature=86 108 78 35
split_gain=2.25446 2.40535 2.46844 2.07601
threshold=-1.8643709133096091 1.3256396355411992 2.2770021523281927 -0.75154140996606611
decision_type=2 2 2 2
left_child=-1 2 -2 -3
right_child=1 3 -4 -5
leaf_value=0.00012997237818803374 3.2574394423920883e-08 1.354762472618269e-05 0.00016420083984609827 -0.00019128376768866802
leaf_weight=72 1917 41 69 97
leaf_count=72 1917 41 69 97
internal_value=0.000163785 -7.52587e-05 0.00028169 -0.00514286
internal_weight=2196 2124 1986 138
internal_count=2196 2124 1986 138
is_linear=0
shrinkage=0.04


Tree=24
num_leaves=8
num_cat=0
split_feature=92 1 15 105 79 36 25
split_gain=2.10026 3.04046 2.55281 2.62051 1.93008 1.85264 1.29311
threshold=-0.75767952099562397 0.39055081399278141 0.95619190783793673 0.61750390005520073 0.50955217974033173 0.43945547770603594 -0.024463430071133479
decision_type=2 2 2 2 2 2 2
left_child=1 4 3 -2 -1 -4 -3
right_child=2 6 5 -5 -6 -7 -8
leaf_value=5.3762524197721903e-05 1.2577509368097467e-05 5.7539785557363929e-05 -0.0001100405273360532 -7.443876688332653e-05 -0.00027419346834174955 -5.461411246931159e-05 0.00018296366803990585
leaf_weight=218 1308 52 50 374 61 89 44
leaf_count=218 1308 52 50 374 61 89 44
internal_value=0.000200182 0.00291777 -0.000362041 7.12589e-05 0.000782918 -0.00553191 0.00897959
internal_weight=2196 375 1821 1682 279 139 96
internal_count=2196 375 1821 1682 279 139 96
is_linear=0
shrinkage=0.04


Tree=25
num_leaves=5
num_cat=0
split_feature=62 51 51 84
split_gain=2.33141 2.3339 4.31206 2.48381
threshold=-1.4662178003094197 -0.32845225127284267 -0.38049371807734017 -1.4648719606462828
decision_type=2 2 2 2
left_child=-1 2 -2 -3
right_child=1 3 -4 -5
leaf_value=-0.00019689826137200592 -1.2061557547297314e-05 -0.00014011837491699781 -0.00020776711199358588 3.0602240342955122e-05
leaf_weight=54 651 44 45 1402
leaf_count=54 651 44 45 1402
internal_value=0.000200182 0.000410448 -0.00148997 0.00132597
internal_weight=2196 2142 696 1446
internal_count=2196 2142 696 1446
is_linear=0
shrinkage=0.04


Tree=26
num_leaves=7
num_cat=0
split_feature=72 1 93 43 101 52
split_gain=2.13738 3.94845 3.51367 3.19544 3.4706 1.97263
threshold=0.046454445772561623 -1.4807292534302667 -0.96657400999880283 -0.26931990462871896 0.46232290282119382 -1.0000000180025095e-35
decision_type=2 2 2 2 2 2
left_child=1 -1 -3 5 -5 -2
right_child=3 2 -4 4 -6 -7
leaf_value=-0.00022344589472579301 9.8319446363769546e-06 5.9474229761653056e-05 -2.4520327818894333e-05 1.7981823740625132e-05 0.00016044275178844994 -0.00012969027273034402
leaf_weight=48 160 149 955 510 199 175
leaf_count=48 160 149 955 510 199 175
internal_value=0.000181984 -0.0010052 -0.000506329 0.0014914 0.00300985 -0.00172107
internal_weight=2196 1152 1104 1044 709 335
internal_count=2196 1152 1104 1044 709 335
is_linear=0
shrinkage=0.04


Tree=27
num_leaves=8
num_cat=0
split_feature=25 108 86 81 70 50 67
split_gain=2.09257 2.67641 3.1441 2.95208 2.61279 1.71583 1.43924
threshold=0.75259740032293043 -0.59450877000520086 0.61364341056985805 -0.3570947247754363 0.20227080303851352 0.20252999450849415 0.076756731050716689
decision_type=2 2 2 2 2 2 2
left_child=1 2 -1 -3 6 -6 -2
right_child=4 3 -4 -5 5 -7 -8
leaf_value=0.00010494069265813741 -0.00012917378888925696 4.6109191558605955e-05 -5.6363709061280288e-05 -2.5700802686252126e-05 8.1016336186398799e-05 -0.00013911339468990745 -1.1220907370123652e-05
leaf_weight=302 124 385 60 1153 62 45 65
leaf_count=302 124 385 60 1153 62 45 65
internal_value=0.000163785 0.000651945 0.00373626 -7.79221e-05 -0.00295302 0.00201835 -0.00575916
internal_weight=2196 1900 362 1538 296 107 189
internal_count=2196 1900 362 1538 296 107 189
is_linear=0
shrinkage=0.04


Tree=28
num_leaves=4
num_cat=0
split_feature=69 86 72
split_gain=2.11653 2.69871 2.43655
threshold=1.7204936724138256 -1.8643709133096091 0.046454445772561623
decision_type=2 2 2
left_child=1 -1 -3
right_child=-2 2 -4
leaf_value=0.00016942147945730416 -0.0002117172116055545 -1.6732949988223556e-05 3.0269900115101559e-05
leaf_weight=66 72 1119 939
leaf_count=66 72 1119 939
internal_value=0.000163785 0.000395108 0.000135922
internal_weight=2196 2124 2058
internal_count=2196 2124 2058
is_linear=0
shrinkage=0.04


Tree=29
num_leaves=6
num_cat=0
split_feature=22 106 106 39 46
split_gain=2.06783 2.6732 3.84248 2.29166 1.77314
threshold=-1.2330268190066234 0.47223857242491157 0.66638900761913145 -0.83775926011311252 -0.026918021361088441
decision_type=2 2 2 2 2
left_child=4 3 -3 -2 -1
right_child=1 2 -4 -5 -6
leaf_value=-5.3240877085561418e-06 9.1315355263592635e-05 -0.00016284553071281495 -2.845444853167914e-06 3.6725517547633045e-06 0.00021730076334312758
leaf_weight=47 139 166 370 1413 61
leaf_count=47 139 166 370 1413 61
internal_value=0.00010919 -0.000172249 -0.00260223 0.000669241 0.00545455
internal_weight=2196 2088 536 1552 108
internal_count=2196 2088 536 1552 108
is_linear=0
shrinkage=0.04


Tree=30
num_leaves=7
num_cat=0
split_feature=72 1 64 64 72 56
split_gain=2.12517 3.89871 2.80719 2.25092 2.65468 2.05233
threshold=0.046454445772561623 -1.4807292534302667 -0.098216664556810343 1.1338855191798716 0.10577536784985223 -0.098870164820737391
decision_type=2 2 2 2 2 2
left_child=1 -1 -3 4 -2 -5
right_child=3 2 -4 5 -6 -7
leaf_value=-0.00021868468233417773 9.2585774372944371e-05 1.8057244615362508e-05 -5.4215381804895678e-05 0.00033069997722937994 3.3873692720527315e-06 3.2753092697593213e-06
leaf_weight=48 87 544 560 42 867 48
leaf_count=48 87 544 560 42 867 48
internal_value=0.00010919 -0.00107452 -0.000578662 0.00141491 0.00083682 0.0073913
internal_weight=2196 1152 1104 1044 954 90
internal_count=2196 1152 1104 1044 954 90
is_linear=0
shrinkage=0.04


Tree=31
num_leaves=7
num_cat=0
split_feature=25 72 108 92 81 58
split_gain=1.89291 2.84574 2.55998 3.34619 2.80284 1.70873
threshold=0.75259740032293043 0.68603347710852181 -0.59450877000520086 0.59719005338539055 -0.3570947247754363 0.012313343168968652
decision_type=2 2 2 2 2 2
left_child=2 5 3 -1 -4 -2
right_child=1 -3 4 -5 -6 -7
leaf_value=0.00010107043696254431 5.7557884127639993e-07 5.439853658592635e-05 4.9710376173187181e-05 -5.2459906951563303e-05 -2.1981739377267804e-05 -0.00010094824665722168
leaf_weight=295 71 65 385 67 1153 160
leaf_count=295 71 65 385 67 1153 160
internal_value=0.000145587 -0.00281879 0.000609884 0.00362637 -0.000103896 -0.0048927
internal_weight=2196 296 1900 362 1538 231
internal_count=2196 296 1900 362 1538 231
is_linear=0
shrinkage=0.04


Tree=32
num_leaves=5
num_cat=0
split_feature=12 64 51 72
split_gain=2.02491 1.96709 3.45795 2.86681
threshold=1.3583107349556627 -0.098216664556810343 -0.67544979549381445 0.046454445772561623
decision_type=2 2 2 2
left_child=1 2 -1 -3
right_child=-2 3 -4 -5
leaf_value=-4.0394376778644762e-05 -0.00013283647781948455 -6.2468241012746611e-05 5.0484091380015567e-05 9.3126007239380345e-06
leaf_weight=122 40 577 792 665
leaf_count=122 40 577 792 665
internal_value=0.000127389 0.000296571 0.00170306 -0.00073955
internal_weight=2196 2156 914 1242
internal_count=2196 2156 914 1242
is_linear=0
shrinkage=0.04


Tree=33
num_leaves=7
num_cat=0
split_feature=104 70 43 44 94 25
split_gain=1.86776 3.31328 3.4551 2.46708 2.36189 2.10095
threshold=0.78524791426650409 -0.58287137141096668 -0.27698656584698783 0.77113415226572124 -1.0880716018030163 0.063605860269053988
decision_type=2 2 2 2 2 2
left_child=3 -2 -3 4 -1 -5
right_child=1 2 -4 5 -6 -7
leaf_value=0.00010637888011269494 -0.00030590177366783728 -0.00011676655803556616 5.5994401655505221e-05 0.0001217691835410098 -8.0521938228019653e-06 2.1458706851273206e-05
leaf_weight=86 57 101 160 159 1454 179
leaf_count=86 57 101 160 159 1454 179
internal_value=0.000200182 -0.002625 -0.000684411 0.000680851 0 0.00376471
internal_weight=2196 318 261 1878 1540 338
internal_count=2196 318 261 1878 1540 338
is_linear=0
shrinkage=0.04


Tree=34
num_leaves=5
num_cat=0
split_feature=69 72 87 99
split_gain=2.17474 2.00625 3.24979 2.89448
threshold=1.7204936724138256 0.046454445772561623 -0.82323274754141107 1.1028018609376318
decision_type=2 2 2 2
left_child=1 2 -1 -3
right_child=-2 3 -4 -5
leaf_value=5.3498397757579317e-05 -0.00020553246273010285 1.8885814289787054e-05 -2.7943857616943987e-05 0.00023925039317064322
leaf_weight=183 72 927 966 48
leaf_count=183 72 927 966 48
internal_value=0.000254777 0.000489182 -0.000642919 0.0018219
internal_weight=2196 2124 1149 975
internal_count=2196 2124 1149 975
is_linear=0
shrinkage=0.04


Tree=35
num_leaves=6
num_cat=0
split_feature=4 66 64 81 39
split_gain=1.98425 2.33554 2.87202 2.14216 1.9724
threshold=-1.276921779707529 1.2922431681627422 1.0570320882581374 0.64304847725279124 1.1012880218150853
decision_type=2 2 2 2 2
left_child=4 3 -3 -2 -1
right_child=1 2 -4 -5 -6
leaf_value=0.00023008624637609661 9.7646951232715453e-06 -0.00022760949108827951 1.2160315159186783e-06 -7.1191503792849211e-05 5.4528705841947735e-06
leaf_weight=54 1628 73 98 289 54
leaf_count=54 1628 73 98 289 54
internal_value=0.00021838 -5.74163e-05 -0.00450867 0.000343929 0.00545455
internal_weight=2196 2088 171 1917 108
internal_count=2196 2088 171 1917 108
is_linear=0
shrinkage=0.04


Tree=36
num_leaves=5
num_cat=0
split_feature=62 18 20 70
split_gain=1.90772 1.91566 2.48262 1.97615
threshold=-1.4662178003094197 0.60217133826711977 0.36617068735920827 -0.54184026200925051
decision_type=2 2 2 2
left_child=-1 2 -2 -3
right_child=1 3 -4 -5
leaf_value=-0.00017865502360692656 1.4090636420934856e-06 -0.00010904755637001161 7.152869519722029e-05 -1.6585001567428927e-05
leaf_weight=54 1505 81 369 187
leaf_count=54 1505 81 369 187
internal_value=0.000145587 0.000335821 0.000788913 -0.00281481
internal_weight=2196 2142 1874 268
internal_count=2196 2142 1874 268
is_linear=0
shrinkage=0.04


Tree=37
num_leaves=5
num_cat=0
split_feature=36 85 51 69
split_gain=2.13579 2.26081 2.57033 2.29257
threshold=-1.3756462830250495 0.35037988543886972 0.6857430449093439 1.420029234994022
decision_type=2 2 2 2
left_child=-1 3 -3 -2
right_child=1 2 -4 -5
leaf_value=0.00018873835670127904 8.7289505957972226e-06 -0.00010179147172293002 9.6126385190266477e-05 -0.00017572305748484314
leaf_weight=54 1772 222 60 88
leaf_count=54 1772 222 60 88
internal_value=0.000145587 -5.59701e-05 -0.00338028 0.000451128
internal_weight=2196 2142 282 1860
internal_count=2196 2142 282 1860
is_linear=0
shrinkage=0.04


Tree=38
num_leaves=4
num_cat=0
split_feature=33 46 83
split_gain=2.00802 2.36497 1.91349
threshold=1.5007449889709956 -7.9295533685540383 -0.65449209462167734
decision_type=2 2 2
left_child=1 -1 -3
right_child=-2 2 -4
leaf_value=0.0001272302043201316 -0.00016185771423497976 5.4500296910842554e-05 -4.5422806899779142e-06
leaf_weight=43 40 263 1850
leaf_count=43 40 263 1850
internal_value=9.09918e-05 0.0002595 6.61939e-05
internal_weight=2196 2156 2113
internal_count=2196 2156 2113
is_linear=0
shrinkage=0.04


Tree=39
num_leaves=8
num_cat=0
split_feature=106 37 50 106 45 39 8
split_gain=2.01973 3.32536 3.23749 3.06957 2.35031 2.41144 2.23216
threshold=0.47223857242491157 -0.13790904941091653 -0.020416995494888481 0.66638900761913145 1.9265082789071397 -0.8540499476770721 0.15837435281082604
decision_type=2 2 2 2 2 2 2
left_child=4 3 -3 -2 5 -1 -6
right_child=1 2 -4 -5 6 -7 -8
leaf_value=8.3064091745610528e-05 -0.00021815988411009665 8.7483597185950555e-05 -7.7637825016249005e-05 -6.635559826625684e-06 0.0002379158253661115 -2.1663111693235324e-06 -2.5881317708152536e-05
leaf_weight=126 89 199 221 82 65 1362 52
leaf_count=126 89 199 221 82 65 1362 52
internal_value=7.27934e-05 -0.00192243 0 -0.0065896 0.000808961 0.000375839 0.00621849
internal_weight=2196 591 420 171 1605 1488 117
internal_count=2196 591 420 171 1605 1488 117
is_linear=0
shrinkage=0.04


Tree=40
num_leaves=8
num_cat=0
split_feature=47 81 44 43 78 5 81
split_gain=1.78662 3.83103 2.67414 2.52984 2.66681 2.60728 1.35079
threshold=-0.70970578902432446 -0.3570947247754363 0.46613601364043994 -0.29302553894875683 0.24269897051552014 1.2223006905937726 -0.76386719104373835
decision_type=2 2 2 2 2 2 2
left_child=1 6 -3 4 -2 -5 -1
right_child=3 2 -4 5 -6 -7 -8
leaf_value=4.8078232899528103e-05 -5.0281111018280794e-06 -6.9086789692454382e-05 0.00017500876635473321 1.4890414175397883e-05 -0.00013121920998528279 -0.00017320647046961218 0.00020313644560833056
leaf_weight=42 394 147 55 1257 213 44 44
leaf_count=42 394 147 55 1257 213 44 44
internal_value=0.00010919 0.00303448 0 -0.000335079 -0.00246305 0.000660015 0.01
internal_weight=2196 288 202 1908 607 1301 86
internal_count=2196 288 202 1908 607 1301 86
is_linear=0
shrinkage=0.04


Tree=41
num_leaves=5
num_cat=0
split_feature=86 57 63 57
split_gain=1.92435 2.23465 3.69409 3.31801
threshold=-1.8643709133096091 -0.079151019683692383 -0.074468670017471858 -0.8356754001994221
decision_type=2 2 2 2
left_child=-1 3 -3 -2
right_child=1 2 -4 -5
leaf_value=9.8125871279687503e-05 -4.688017403892105e-05 7.5567555860805539e-07 -8.8864094116718984e-05 6.0581786429329476e-05
leaf_weight=72 360 816 357 591
leaf_count=72 360 816 357 591
internal_value=0.000145587 -7.52587e-05 -0.00124255 0.00136411
internal_weight=2196 2124 1173 951
internal_count=2196 2124 1173 951
is_linear=0
shrinkage=0.04


Tree=42
num_leaves=6
num_cat=0
split_feature=4 65 81 57 46
split_gain=1.78297 2.53026 4.27759 3.68552 1.56059
threshold=-1.276921779707529 -0.060892094287888658 -0.37229949670901047 -0.13196723965246757 -0.026918021361088441
decision_type=2 2 2 2 2
left_child=4 3 -3 -2 -1
right_child=1 2 -4 -5 -6
leaf_value=-6.9074564239618704e-07 8.7682616299213681e-05 5.9697270627261121e-05 -5.959236150334946e-05 -3.8968275397993159e-06 0.00020536980806879762
leaf_weight=47 320 313 779 676 61
leaf_count=47 320 313 779 676 61
internal_value=0.000127389 -0.000133971 -0.00146252 0.00132265 0.00509091
internal_weight=2196 2088 1092 996 108
internal_count=2196 2088 1092 996 108
is_linear=0
shrinkage=0.04


Tree=43
num_leaves=7
num_cat=0
split_feature=47 81 59 62 108 61
split_gain=1.85388 2.8961 3.35121 2.09978 2.0916 1.53198
threshold=-0.70970578902432446 -0.3570947247754363 -0.31869205978941129 -1.4662178003094197 -0.71711761392630324 0.091664474802421833
decision_type=2 2 2 2 2 2
left_child=1 5 -3 -2 -5 -1
right_child=3 2 -4 4 -6 -7
leaf_value=0.00028723914179304297 -0.00021541461152803736 7.9692837805038787e-05 -0.00011332595610223885 6.9749215511281658e-05 -8.1024120250312754e-06 4.843483136047254e-05
leaf_weight=45 47 92 110 295 1566 41
leaf_count=45 47 92 110 295 1566 41
internal_value=5.45951e-05 0.00303448 0.000392157 -0.000397906 -0.000182501 0.00909091
internal_weight=2196 288 202 1908 1861 86
internal_count=2196 288 202 1908 1861 86
is_linear=0
shrinkage=0.04


Tree=44
num_leaves=7
num_cat=0
split_feature=108 18 94 47 69 46
split_gain=1.76467 3.98004 3.28891 3.2484 2.53697 2.18505
threshold=-0.58027381255127708 0.67492223773560778 -0.93878033482699497 -0.21581031426340427 1.4586981590907777 -0.066189096977130116
decision_type=2 2 2 2 2 2
left_child=2 4 5 -4 -2 -1
right_child=1 -3 3 -5 -6 -7
leaf_value=0.00021151753464397193 1.2212400490785053e-06 -0.00023107285672455932 0.00012913920001612648 -3.2315269583656869e-05 -0.00021038508357048083 3.1904280690263287e-05
leaf_weight=61 1569 61 105 270 74 56
leaf_count=61 1569 61 105 270 74 56
internal_value=0 -0.000609613 0.00210526 0.000265252 -0.000231003 0.00789916
internal_weight=2196 1704 492 375 1643 117
internal_count=2196 1704 492 375 1643 117
is_linear=0
shrinkage=0.04


Tree=45
num_leaves=7
num_cat=0
split_feature=13 41 80 71 63 69
split_gain=1.68267 2.22411 2.34034 2.19315 1.68331 1.9153
threshold=-0.86127280829359965 0.72700799284329987 0.14070971177019029 3.0874248616636115 -0.52329091474136835 -0.15295950184180979
decision_type=2 2 2 2 2 2
left_child=4 3 -3 -2 -1 -6
right_child=1 2 -4 -5 5 -7
leaf_value=-4.1295046167101714e-05 -1.4401535867395593e-06 -6.2152299288855437e-06 -0.0001148145156986977 0.00011395091926933638 0.00025526701481029188 2.4638248456434449e-05
leaf_weight=42 1727 133 102 81 40 71
leaf_count=42 1727 133 102 81 40 71
internal_value=-1.81984e-05 -0.000322738 -0.00396624 0.000154696 0.004 0.00654867
internal_weight=2196 2043 235 1808 153 111
internal_count=2196 2043 235 1808 153 111
is_linear=0
shrinkage=0.04


Tree=46
num_leaves=8
num_cat=0
split_feature=57 51 106 69 63 107 47
split_gain=1.81729 3.46367 3.06983 3.27626 3.00244 2.58719 1.64701
threshold=-0.056602327157947656 -0.67544979549381445 -0.72514888040025427 1.4586981590907777 -0.15454831972765307 -0.24772131409176362 0.16965876776909164
decision_type=2 2 2 2 2 2 2
left_child=2 5 6 -4 -3 -2 -1
right_child=1 4 3 -5 -6 -7 -8
leaf_value=8.8276888528770938e-05 3.4875463293604693e-05 2.3058744576276623e-05 1.6674514723634483e-05 -0.00025323717766597895 -5.195887976042493e-05 -0.00013906182214024949 0.00022862669182191662
leaf_weight=53 50 664 870 45 361 101 52
leaf_count=53 50 664 870 45 361 101 52
internal_value=1.81984e-05 -0.00105263 0.00125245 0.000501636 -0.000214216 -0.00666667 0.00766355
internal_weight=2196 1176 1020 915 1025 151 105
internal_count=2196 1176 1020 915 1025 151 105
is_linear=0
shrinkage=0.04


Tree=47
num_leaves=7
num_cat=0
split_feature=91 90 90 84 18 87
split_gain=1.63396 2.56152 2.15562 2.37362 2.28627 1.55194
threshold=0.90798124185904039 1.538050903884234 0.90621251777033496 0.04368395425529565 0.64040251045698404 0.40302827097425847
decision_type=2 2 2 2 2 2
left_child=2 5 4 -4 -1 -2
right_child=1 -3 3 -5 -6 -7
leaf_value=2.8410826671315952e-06 -0.00023465988550178856 4.5074532755737362e-05 -2.9503689228144432e-06 0.00016446396179993093 -7.8820545077396258e-05 -0.00017455135721381897
leaf_weight=1718 51 66 72 87 154 48
leaf_count=1718 51 66 72 87 154 48
internal_value=9.09918e-05 -0.00371257 0.000403345 0.00484472 2.13447e-05 -0.00772277
internal_weight=2196 165 2031 159 1872 99
internal_count=2196 165 2031 159 1872 99
is_linear=0
shrinkage=0.04


Tree=48
num_leaves=6
num_cat=0
split_feature=35 57 104 14 109
split_gain=1.64817 2.316 2.54473 1.75138 1.69378
threshold=0.70375294707680658 1.3221051769621166 0.80691556601535297 -0.45243299183355828 -0.25135141078974105
decision_type=2 2 2 2 2
left_child=1 2 -1 -2 -5
right_child=3 -3 -4 4 -6
leaf_value=2.0302799380882126e-05 -0.00015627860619513815 -8.4568484092414925e-05 -4.7878873039696822e-05 2.5449369830203713e-05 -6.9007990626128557e-05
leaf_weight=1517 63 69 258 158 131
leaf_count=1517 63 69 258 158 131
internal_value=0.000127389 0.000606717 0.000889139 -0.00237288 -0.00103093
internal_weight=2196 1844 1775 352 289
internal_count=2196 1844 1775 352 289
is_linear=0
shrinkage=0.04


Tree=49
num_leaves=4
num_cat=0
split_feature=69 18 93
split_gain=2.04768 2.03762 2.01824
threshold=1.7204936724138256 -0.88624872719881587 -1.414380170174707
decision_type=2 2 2
left_child=1 -1 -3
right_child=-2 2 -4
leaf_value=0.00010213776702093148 -0.0001696391932254599 6.3218969219300131e-05 -9.5831761795503204e-07
leaf_weight=71 72 91 1962
leaf_count=71 72 91 1962
internal_value=5.45951e-05 0.00028222 4.86618e-05
internal_weight=2196 2124 2053
internal_count=2196 2124 2053
is_linear=0
shrinkage=0.04


Tree=50
num_leaves=7
num_cat=0
split_feature=83 108 18 94 41 105
split_gain=1.89877 2.33354 3.32098 2.56655 2.30577 1.78964
threshold=-0.65449209462167734 -0.64915128914766884 0.67492223773560778 -0.93878033482699497 -0.88075533925720961 0.35056690567882487
decision_type=2 2 2 2 2 2
left_child=4 3 -3 -2 -1 -6
right_child=1 2 -4 -5 5 -7
leaf_value=0.00013750110076878275 0.00013730739618962866 -8.3727617017241221e-06 -0.00020666593866211229 1.5671038470780394e-05 -3.1666018567217301e-05 0.00013141287115398583
leaf_weight=44 102 1456 65 300 178 51
leaf_count=44 102 1456 65 300 178 51
internal_value=1.81984e-05 -0.000425974 -0.00114248 0.00227723 0.00312727 0.00147186
internal_weight=2196 1923 1521 402 273 229
internal_count=2196 1923 1521 402 273 229
is_linear=0
shrinkage=0.04


Tree=51
num_leaves=5
num_cat=0
split_feature=69 72 93 64
split_gain=1.99116 1.9267 2.99904 2.67186
threshold=1.7204936724138256 0.046454445772561623 -0.96657400999880283 1.1158634423543219
decision_type=2 2 2 2
left_child=1 2 -1 -3
right_child=-2 3 -4 -5
leaf_value=4.0082167509771184e-05 -0.00016205284989106265 1.5657651800545157e-05 -2.5616326164334179e-05 0.00021057269616511865
leaf_weight=153 72 897 996 78
leaf_count=153 72 897 996 78
internal_value=-3.63967e-05 0.000188147 -0.000920938 0.00149437
internal_weight=2196 2124 1149 975
internal_count=2196 2124 1149 975
is_linear=0
shrinkage=0.04


Tree=52
num_leaves=6
num_cat=0
split_feature=13 44 11 98 74
split_gain=1.69794 2.04175 1.82261 1.75952 1.51947
threshold=-0.86127280829359965 8.4267664420549515 0.68100788412062563 -0.24453576674473929 -0.02581570277281901
decision_type=2 2 2 2 2
left_child=3 2 -2 -1 -5
right_child=1 -3 -4 4 -6
leaf_value=0.00018915838304182545 -1.2806486219767242e-05 7.403814834857649e-05 3.1873667839550349e-05 6.9909912641692658e-05 -5.5043429038969473e-05
leaf_weight=50 1589 42 412 47 56
leaf_count=50 1589 42 412 47 56
internal_value=-3.63967e-05 -0.000342298 -0.000529206 0.004 0.000952381
internal_weight=2196 2043 2001 153 103
internal_count=2196 2043 2001 153 103
is_linear=0
shrinkage=0.04


Tree=53
num_leaves=7
num_cat=0
split_feature=33 57 5 106 79 71
split_gain=1.69015 2.47517 2.98155 2.87889 2.40954 2.43682
threshold=0.58623625073154273 -0.0067131122401151034 0.67978123258438516 -0.72514888040025427 0.42527451837105806 0.29575624382862947
decision_type=2 2 2 2 2 2
left_child=1 3 -3 -1 5 -2
right_child=4 2 -4 -5 -6 -7
leaf_value=0.00023058379891942958 -3.4228689684638052e-05 -2.1431198091941974e-05 0.00014558537148231035 1.9408993747262201e-05 -0.00010734744931631731 9.3293636485013867e-05
leaf_weight=82 305 779 42 807 70 111
leaf_count=82 305 779 42 807 70 111
internal_value=-5.45951e-05 0.000537383 -0.00104496 0.00199776 -0.00213115 -0.000956938
internal_weight=2196 1710 821 889 486 416
internal_count=2196 1710 821 889 486 416
is_linear=0
shrinkage=0.04


Tree=54
num_leaves=5
num_cat=0
split_feature=69 85 86 18
split_gain=1.99116 1.88719 3.142 2.27881
threshold=1.7204936724138256 0.35037988543886972 -1.3066254798820931 -0.88624872719881587
decision_type=2 2 2 2
left_child=1 3 -3 -1
right_child=-2 2 -4 -5
leaf_value=0.00013050046114922105 -0.00015583483619651994 0.0001869300690435099 -6.9639205819263205e-05 3.994273606299888e-06
leaf_weight=49 72 42 270 1763
leaf_count=49 72 42 270 1763
internal_value=-3.63967e-05 0.000188147 -0.00267516 0.000683572
internal_weight=2196 2124 312 1812
internal_count=2196 2124 312 1812
is_linear=0
shrinkage=0.04


Tree=55
num_leaves=8
num_cat=0
split_feature=66 64 75 97 109 5 7
split_gain=1.7173 2.72116 2.52235 2.7504 1.84148 1.80308 0.83382
threshold=1.2922431681627422 1.2863618780455088 1.337892237652579 1.0670185234705774 0.41160503083609762 -0.50847078926619671 0.62374171585247018
decision_type=2 2 2 2 2 2 2
left_child=2 5 3 -1 -4 -2 -3
right_child=1 6 4 -5 -6 -7 -8
leaf_value=6.1995703151489744e-07 -8.2275519927632378e-06 -7.5213994468581176e-06 2.828872894369658e-05 -0.00027127126540166176 0.0001843783893774937 -0.00028413456588582741 0.0001232749551107613
leaf_weight=1761 64 40 123 42 66 59 41
leaf_count=1761 64 40 123 42 66 59 41
internal_value=-1.81984e-05 -0.00349515 0.000341023 -0.000121884 0.00471204 -0.0072 0.00216867
internal_weight=2196 204 1992 1803 189 123 81
internal_count=2196 204 1992 1803 189 123 81
is_linear=0
shrinkage=0.04


Tree=56
num_leaves=7
num_cat=0
split_feature=66 57 75 97 74 109
split_gain=2.06285 2.72485 2.30853 2.7504 2.30021 1.99184
threshold=1.2922431681627422 -1.2938376562032858 1.337892237652579 1.0670185234705774 0.12518636495609992 0.41160503083609762
decision_type=2 2 2 2 2 2
left_child=2 -2 3 -1 -3 -4
right_child=1 4 5 -5 -6 -7
leaf_value=5.9515875025430153e-07 6.2923372438037747e-05 -0.00021012335683930978 2.7157179785948713e-05 -0.00026042041478559533 -9.2031979949879635e-06 0.00017700325380239391
leaf_weight=1761 69 63 123 42 72 66
leaf_count=1761 69 63 123 42 72 66
internal_value=-7.27934e-05 -0.0038835 0.000320963 -0.000121884 -0.00715328 0.00450262
internal_weight=2196 204 1992 1803 135 189
internal_count=2196 204 1992 1803 135 189
is_linear=0
shrinkage=0.04


Tree=57
num_leaves=7
num_cat=0
split_feature=43 70 74 8 5 73
split_gain=1.78328 2.68674 3.13175 2.7903 2.64595 1.83694
threshold=-0.29302553894875683 -0.87692212050486951 1.0320860317609075 0.52417355647982311 1.2223006905937726 0.12951022575539686
decision_type=2 2 2 2 2 2
left_child=1 3 -3 -1 5 -2
right_child=4 2 -4 -5 -6 -7
leaf_value=0.0001681079123705602 -1.2450274015088857e-06 -2.5745452445982957e-05 -0.00020325710475056083 -4.9130355650931129e-05 -0.00016355592869332427 4.5326851597181214e-05
leaf_weight=81 778 516 90 42 44 645
leaf_count=81 778 516 90 42 44 645
internal_value=-5.45951e-05 -0.00166895 -0.00276316 0.00368 0.000748809 0.00105263
internal_weight=2196 729 606 123 1467 1423
internal_count=2196 729 606 123 1467 1423
is_linear=0
shrinkage=0.04


Tree=58
num_leaves=7
num_cat=0
split_feature=91 107 33 5 108 102
split_gain=1.73184 2.37122 2.24559 2.98445 2.14768 2.13669
threshold=0.90798124185904039 0.6940662727229564 0.51918234904384786 0.23636264076634553 -0.084655525041906751 0.12044566014954287
decision_type=2 2 2 2 2 2
left_child=2 -2 3 -1 -4 -3
right_child=1 5 4 -5 -6 -7
leaf_value=2.1230289728194162e-06 -0.00025378719394482055 0.00011747798545282027 -2.5074278691069846e-06 5.7384837523107336e-05 -8.1825786013481133e-05 -0.00015241397374297615
leaf_weight=1193 51 48 356 300 182 66
leaf_count=1193 51 48 356 300 182 66
internal_value=-3.63967e-05 -0.0039521 0.000285293 0.00108361 -0.00192593 -0.000689655
internal_weight=2196 165 2031 1493 538 114
internal_count=2196 165 2031 1493 538 114
is_linear=0
shrinkage=0.04


Tree=59
num_leaves=8
num_cat=0
split_feature=43 71 10 101 28 61 43
split_gain=1.62513 2.36781 2.43504 2.05147 2.35332 1.83996 1.4147
threshold=0.33725990379779541 -0.82987987770130511 1.9565134678956608 -0.44990553700358299 1.1846458025034663 0.12570632214605415 -0.21606730702908891
decision_type=2 2 2 2 2 2 2
left_child=1 6 -3 5 -5 -2 -1
right_child=3 2 -4 4 -6 -7 -8
leaf_value=8.0682173001222402e-06 -0.00014557062217213901 -2.1667128644793848e-05 0.00011055243431291419 5.4319974240426559e-05 -0.0001363298544235824 2.1935073873277048e-06 0.00011395623003176813
leaf_weight=50 48 1318 58 515 46 120 41
leaf_count=50 48 1318 58 515 46 120 41
internal_value=-3.63967e-05 -0.000803268 -0.00121916 0.00150479 0.0026643 -0.00235294 0.00537634
internal_weight=2196 1467 1376 729 561 168 91
internal_count=2196 1467 1376 729 561 168 91
is_linear=0
shrinkage=0.04


Tree=60
num_leaves=7
num_cat=0
split_feature=104 100 44 44 86 25
split_gain=1.79047 2.60533 2.68525 2.60293 3.11005 2.08468
threshold=0.78524791426650409 0.82806070503506646 0.56111885597419398 0.77113415226572124 0.96449336844166644 0.063605860269053988
decision_type=2 2 2 2 2 2
left_child=3 2 -2 4 -1 -5
right_child=1 -3 -4 5 -6 -7
leaf_value=1.206772544140671e-06 -1.0960538957141669e-05 7.356992886579934e-05 -0.00028864592991477189 0.00010719282808992303 -8.602567640908314e-05 8.2897827447442141e-06
leaf_weight=1435 200 54 64 159 105 179
leaf_count=1435 200 54 64 159 105 179
internal_value=-0.00010919 -0.002875 -0.00451128 0.000361702 -0.000337224 0.00352941
internal_weight=2196 318 264 1878 1540 338
internal_count=2196 318 264 1878 1540 338
is_linear=0
shrinkage=0.04


Tree=61
num_leaves=5
num_cat=0
split_feature=69 72 105 43
split_gain=1.95762 1.85226 3.05214 2.83498
threshold=1.7204936724138256 0.046454445772561623 0.48434251175028448 0.29823647241727874
decision_type=2 2 2 2
left_child=1 2 -1 -3
right_child=-2 3 -4 -5
leaf_value=1.8322750852247521e-06 -0.00014611548614532424 -2.2269640921739088e-06 -7.7272756455548281e-05 8.9832917309296342e-05
leaf_weight=864 72 619 285 356
leaf_count=864 72 619 285 356
internal_value=-9.09918e-05 0.000131703 -0.000955691 0.00141249
internal_weight=2196 2124 1149 975
internal_count=2196 2124 1149 975
is_linear=0
shrinkage=0.04


Tree=62
num_leaves=7
num_cat=0
split_feature=83 51 57 63 41 64
split_gain=1.72526 2.00254 4.06838 2.35968 1.91502 1.83971
threshold=-0.65449209462167734 -0.66570955471601645 -0.0067131122401151034 -0.33326512876846498 -0.88075533925720961 0.046363423357713165
decision_type=2 2 2 2 2 2
left_child=4 2 -2 -3 -1 -6
right_child=1 3 -4 -5 5 -7
leaf_value=0.00012940713164163935 7.6999098487501484e-07 3.2013974117362267e-05 -0.00010232148437914909 -9.2530181881455691e-06 6.956893715932037e-05 -4.217090217134792e-05
leaf_weight=44 238 548 124 1013 100 129
leaf_count=44 238 548 124 1013 100 129
internal_value=1.81984e-05 -0.000405195 -0.00307692 0.00021753 0.00298182 0.00147186
internal_weight=2196 1923 362 1561 273 229
internal_count=2196 1923 362 1561 273 229
is_linear=0
shrinkage=0.04


Tree=63
num_leaves=7
num_cat=0
split_feature=91 107 60 1 58 102
split_gain=1.76415 2.37122 2.27235 3.29502 2.55464 2.13669
threshold=0.90798124185904039 0.6940662727229564 -0.78432832563115473 0.06494059590226671 -0.49742602400825969 0.12044566014954287
decision_type=2 2 2 2 2 2
left_child=2 -2 3 -1 -4 -3
right_child=1 5 4 -5 -6 -7
leaf_value=0.00014140684839230341 -0.00023216132431124061 0.00011385601938648594 -6.0119446066488751e-05 -2.6858755423427699e-05 2.9052991670875307e-06 -0.00014731240423056151
leaf_weight=160 51 48 252 137 1482 66
leaf_count=160 51 48 252 137 1482 66
internal_value=0 -0.0039521 0.000324643 0.00354515 -0.000230415 -0.000689655
internal_weight=2196 165 2031 297 1734 114
internal_count=2196 165 2031 297 1734 114
is_linear=0
shrinkage=0.04


Tree=64
num_leaves=6
num_cat=0
split_feature=47 49 72 62 33
split_gain=1.77364 2.22533 2.18272 2.06758 1.83835
threshold=-0.70970578902432446 0.68063224703912717 -0.48098973926934147 -1.4662178003094197 -0.91451596173251926
decision_type=2 2 2 2 2
left_child=1 2 -1 -2 -5
right_child=3 -3 -4 4 -6
leaf_value=0.00019000801337728317 -0.00019001743964623441 -0.00019766309342088674 1.6395535375686171e-05 2.5746324039290782e-05 -6.8467498523116633e-06
leaf_weight=77 47 44 167 217 1644
leaf_count=77 47 44 167 217 1644
internal_value=-1.81984e-05 0.00289655 0.00439024 -0.000460733 -0.000246914
internal_weight=2196 288 244 1908 1861
internal_count=2196 288 244 1908 1861
is_linear=0
shrinkage=0.04


Tree=65
num_leaves=7
num_cat=0
split_feature=66 101 9 25 43 108
split_gain=1.7353 2.27893 2.18221 1.93293 2.15746 2.14116
threshold=1.2922431681627422 0.67349845933432828 -0.72604815833449521 0.74003677950315583 0.48063088407816484 -0.59450877000520086
decision_type=2 2 2 2 2 2
left_child=3 2 -2 5 -5 -1
right_child=1 -3 -4 4 -6 -7
leaf_value=6.2089397690612302e-05 -1.654618139546353e-06 5.7246544073082011e-05 -0.0002113074583606605 -6.934972181963392e-05 8.6652446815296862e-05 6.1028811922489117e-07
leaf_weight=328 62 63 79 214 62 1388
leaf_count=328 62 63 79 214 62 1388
internal_value=0 -0.00349515 -0.00629371 0.000361083 -0.00273381 0.000861467
internal_weight=2196 204 141 1992 276 1716
internal_count=2196 204 141 1992 276 1716
is_linear=0
shrinkage=0.04


Tree=66
num_leaves=5
num_cat=0
split_feature=44 65 42 33
split_gain=1.65767 1.79809 1.98354 1.80046
threshold=8.4267664420549515 -0.98798946153538869 0.47916002670946028 0.59774894663659628
decision_type=2 2 2 2
left_child=1 2 -1 -3
right_child=-2 3 -4 -5
leaf_value=0.00010035102961308363 4.7148496623250353e-05 5.5793935581795793e-07 -9.8975122007398857e-06 -4.2193802961136391e-05
leaf_weight=49 48 1648 46 405
leaf_count=49 48 1648 46 405
internal_value=0 -0.000167442 0.00515464 -0.000418491
internal_weight=2196 2148 95 2053
internal_count=2196 2148 95 2053
is_linear=0
shrinkage=0.04


Tree=67
num_leaves=4
num_cat=0
split_feature=44 94 101
split_gain=1.62435 1.76762 2.25517
threshold=8.4267664420549515 1.6186432999853799 1.38563146284712
decision_type=2 2 2
left_child=1 2 -1
right_child=-2 -3 -4
leaf_value=-2.2515893983764134e-06 4.5262556758320343e-05 -0.0001852639865523097 0.00012225948404385615
leaf_weight=1992 48 49 107
leaf_count=1992 48 49 107
internal_value=7.27934e-05 -9.30233e-05 8.56735e-05
internal_weight=2196 2148 2099
internal_count=2196 2148 2099
is_linear=0
shrinkage=0.04


Tree=68
num_leaves=8
num_cat=0
split_feature=0 36 93 51 43 83 85
split_gain=1.72291 2.8569 2.59778 2.39324 2.0189 2.79151 2.77055
threshold=0.84861248021759506 0.11226924390978874 0.15979347812667613 0.73385848585458191 0.38343484656770538 0.65949941029730619 -1.1346308352250938
decision_type=2 2 2 2 2 2 2
left_child=4 2 -2 -3 6 -6 -1
right_child=1 3 -4 -5 5 -7 -8
leaf_value=7.3149821556746272e-05 0.00010283925586046928 1.2475371067300198e-05 1.2385200142949696e-05 -0.00019535682195429875 3.2548235989939999e-06 0.00016044005072866959 -1.8065449460829927e-05
leaf_weight=60 85 99 69 51 427 99 1306
leaf_count=60 85 99 69 51 427 99 1306
internal_value=9.09918e-05 0.00287582 0.00666667 -0.00105263 -0.000359029 0.00174242 -0.00116959
internal_weight=2196 304 154 150 1892 526 1366
internal_count=2196 304 154 150 1892 526 1366
is_linear=0
shrinkage=0.04


Tree=69
num_leaves=4
num_cat=0
split_feature=69 18 71
split_gain=1.69205 2.08459 1.76579
threshold=1.7204936724138256 -0.88624872719881587 3.0874248616636115
decision_type=2 2 2
left_child=1 -1 -3
right_child=-2 2 -4
leaf_value=9.8604708835075115e-05 -0.00014083619233507623 -2.233981903348066e-06 0.00010590425285546277
leaf_weight=71 72 1969 84
leaf_count=71 72 1969 84
internal_value=0 0.000206961 -2.91971e-05
internal_weight=2196 2124 2053
internal_count=2196 2124 2053
is_linear=0
shrinkage=0.04


Tree=70
num_leaves=5
num_cat=0
split_feature=44 72 0 43
split_gain=1.56833 1.75612 3.01525 2.74129
threshold=10.437706285340463 0.046454445772561623 -1.5124711136781817 0.29823647241727874
decision_type=2 2 2 2
left_child=1 2 -1 -3
right_child=-2 3 -4 -5
leaf_value=-0.00021972570255187403 4.4862673258695273e-05 -4.7498174418709895e-06 -6.0512323599121392e-06 6.3055571752668903e-05
leaf_weight=44 40 654 1086 372
leaf_count=44 40 654 1086 372
internal_value=-3.63967e-05 -0.000185357 -0.00127208 0.00101167
internal_weight=2196 2156 1130 1026
internal_count=2196 2156 1130 1026
is_linear=0
shrinkage=0.04


Tree=71
num_leaves=6
num_cat=0
split_feature=75 97 21 18 41
split_gain=1.71455 2.63806 2.24275 1.66145 1.34107
threshold=1.2152632226912952 1.0670185234705774 -1.0489056708518738 -0.89782031701656329 -0.38718740871802421
decision_type=2 2 2 2 2
left_child=1 3 -2 -1 -4
right_child=2 -3 4 -5 -6
leaf_value=0.000141714767606646 -0.00010732574888086648 -0.00021380947243351605 0.00016992558015249928 -3.1194083170813047e-06 2.273242593386196e-05
leaf_weight=45 46 45 82 1827 151
leaf_count=45 46 45 82 1827 151
internal_value=0 -0.000427306 0.00291815 -0.000192102 0.00451064
internal_weight=2196 1917 279 1872 233
internal_count=2196 1917 279 1872 233
is_linear=0
shrinkage=0.04


Tree=72
num_leaves=6
num_cat=0
split_feature=75 97 3 81 66
split_gain=1.57174 2.63806 2.16382 1.8907 1.53074
threshold=1.2152632226912952 1.0670185234705774 -1.0691174531570813 -0.37229949670901047 1.3200322354914413
decision_type=2 2 2 2 2
left_child=1 3 -2 -1 -4
right_child=2 -3 4 -5 -6
leaf_value=3.0471735075410721e-05 -0.00010303271892563182 -0.00020525709353617542 9.6562754641316628e-05 -1.0616954232645742e-05 -1.9030171286537833e-05
leaf_weight=612 46 45 186 1260 47
leaf_count=612 46 45 186 1260 47
internal_value=-1.81984e-05 -0.000427306 0.0027758 -0.000192102 0.00434043
internal_weight=2196 1917 279 1872 233
internal_count=2196 1917 279 1872 233
is_linear=0
shrinkage=0.04


Tree=73
num_leaves=5
num_cat=0
split_feature=69 57 72 105
split_gain=1.63052 1.78239 3.19577 2.31457
threshold=1.7204936724138256 -0.056602327157947656 -0.72341239772851595 -0.33009891598939484
decision_type=2 2 2 2
left_child=1 3 -3 -1
right_child=-2 2 -4 -5
leaf_value=0.00010062267076022727 -0.00013188696312076462 -7.7264857761305354e-05 -7.0828707958264706e-07 1.4372030773977286e-06
leaf_weight=237 72 186 960 741
leaf_count=237 72 186 960 741
internal_value=-0.00010919 9.40734e-05 -0.00097561 0.00134694
internal_weight=2196 2124 1146 978
internal_count=2196 2124 1146 978
is_linear=0
shrinkage=0.04


Tree=74
num_leaves=7
num_cat=0
split_feature=33 79 14 108 73 69
split_gain=1.58791 2.4686 2.73737 2.30847 3.2096 2.51815
threshold=0.58623625073154273 0.42527451837105806 0.019058623213968388 -0.71711761392630324 -0.10975602787569481 1.4586981590907777
decision_type=2 2 2 2 2 2
left_child=3 2 -2 4 -1 -5
right_child=1 -3 -4 5 -6 -7
leaf_value=2.8359192259424487e-06 7.0845582370827076e-05 -8.3040475983363067e-05 -4.3511565057477341e-05 2.3394296902491936e-06 0.00018880895290344701 -0.0001482688152190607
leaf_weight=124 140 70 276 1421 85 80
leaf_count=124 140 70 276 1421 85 80
internal_value=-3.63967e-05 -0.00204918 -0.000861244 0.000537383 0.00445498 -1.33067e-05
internal_weight=2196 486 416 1710 209 1501
internal_count=2196 486 416 1710 209 1501
is_linear=0
shrinkage=0.04


Tree=75
num_leaves=5
num_cat=0
split_feature=33 11 106 8
split_gain=1.55347 1.59343 3.26112 2.53918
threshold=1.5007449889709956 0.68100788412062563 -1.0264421606633258 0.20720543739584815
decision_type=2 2 2 2
left_child=1 3 -3 -1
right_child=-2 2 -4 -5
leaf_value=5.4175861307647173e-06 -0.00014330161189251816 -6.9081920669888889e-05 5.1171689502821702e-05 -3.6832191816838267e-05
leaf_weight=1186 40 48 359 563
leaf_count=1186 40 48 359 563
internal_value=0 0.000148285 0.00239609 -0.000376927
internal_weight=2196 2156 407 1749
internal_count=2196 2156 407 1749
is_linear=0
shrinkage=0.04


Tree=76
num_leaves=7
num_cat=0
split_feature=108 102 18 37 88 0
split_gain=1.53189 3.17017 3.03797 2.50284 2.18922 1.19058
threshold=-0.58027381255127708 0.095875926122203914 0.67492223773560778 -0.90444262598328395 -0.64106498762078712 0.23912748763734618
decision_type=2 2 2 2 2 2
left_child=1 5 4 -3 -2 -1
right_child=2 3 -4 -5 -6 -7
leaf_value=6.601731616823786e-05 -5.5312412095539396e-05 6.6404362447565867e-05 -0.00021614294131829225 -9.7350892643022546e-06 2.1414448853996314e-06 0.00020065987936107962
leaf_weight=48 233 76 61 311 1410 57
leaf_count=48 233 76 61 311 1410 57
internal_value=-1.81984e-05 0.00194332 -0.000586166 0.000257069 -0.000255319 0.00803738
internal_weight=2196 492 1704 387 1643 105
internal_count=2196 492 1704 387 1643 105
is_linear=0
shrinkage=0.04


Tree=77
num_leaves=5
num_cat=0
split_feature=46 57 68 76
split_gain=1.61084 1.84927 1.83158 1.43478
threshold=-4.1294355969159584 1.3221051769621166 -1.1248339709020276 0.17002924390558624
decision_type=2 2 2 2
left_child=3 2 -2 -1
right_child=1 -3 -4 -5
leaf_value=-1.6540634765854269e-06 9.5068226670623791e-05 -8.4126176939192533e-05 -1.9647649143139483e-06 0.00017811601409288037
leaf_weight=44 146 74 1886 46
leaf_count=44 146 74 1886 46
internal_value=3.63967e-05 -0.000189753 3.93314e-05 0.00521739
internal_weight=2196 2106 2032 90
internal_count=2196 2106 2032 90
is_linear=0
shrinkage=0.04


Tree=78
num_leaves=5
num_cat=0
split_feature=46 94 33 76
split_gain=1.61084 1.6712 1.90676 1.43478
threshold=-4.1294355969159584 1.3150555629051306 0.58623625073154273 0.17002924390558624
decision_type=2 2 2 2
left_child=3 2 -2 -1
right_child=1 -3 -4 -5
leaf_value=-1.5879009375220111e-06 4.0651245509983644e-06 -0.00014709356304916507 -3.4157309548918858e-05 0.00017099137352916515
leaf_weight=44 1584 75 447 46
leaf_count=44 1584 75 447 46
internal_value=3.63967e-05 -0.000189753 2.9513e-05 0.00521739
internal_weight=2196 2106 2031 90
internal_count=2196 2106 2031 90
is_linear=0
shrinkage=0.04


Tree=79
num_leaves=6
num_cat=0
split_feature=46 64 47 48 76
split_gain=1.56592 1.48726 2.65936 2.51408 1.43478
threshold=-4.1294355969159584 0.39158036346123076 0.62477143787300815 1.0597419660045357 0.17002924390558624
decision_type=2 2 2 2 2
left_child=4 3 -3 -2 -1
right_child=1 2 -4 -5 -6
leaf_value=-1.5243849000211308e-06 8.1963396232545385e-06 -6.4574166125430695e-05 4.5095323505812187e-05 -7.477905516366515e-05 0.00016415171858799856
leaf_weight=44 1353 485 148 120 46
leaf_count=44 1353 485 148 120 46
internal_value=0.00010919 -0.000113852 -0.00173228 0.000583051 0.00521739
internal_weight=2196 2106 633 1473 90
internal_count=2196 2106 633 1473 90
is_linear=0
shrinkage=0.04


Tree=80
num_leaves=5
num_cat=0
split_feature=46 94 90 76
split_gain=1.55478 1.72645 2.40942 1.43478
threshold=-4.1294355969159584 1.3150555629051306 1.46382153891117 0.17002924390558624
decision_type=2 2 2 2
left_child=3 2 -2 -1
right_child=1 -3 -4 -5
leaf_value=-1.4634095040202814e-06 -4.2831262040427673e-07 -0.00013862685388218125 0.00021044835899032031 0.00015758564984447862
leaf_weight=44 1983 75 48 46
leaf_count=44 1983 75 48 46
internal_value=0.000127389 -9.48767e-05 0.00012789 0.00521739
internal_weight=2196 2106 2031 90
internal_count=2196 2106 2031 90
is_linear=0
shrinkage=0.04


Tree=81
num_leaves=7
num_cat=0
split_feature=108 102 98 69 57 0
split_gain=1.54479 3.0864 2.36299 2.12748 2.28813 1.19058
threshold=-0.58027381255127708 0.095875926122203914 -0.64287331512446533 1.4586981590907777 1.0000000180025095e-35 0.23912748763734618
decision_type=2 2 2 2 2 2
left_child=1 5 -3 4 -2 -1
right_child=3 2 -4 -5 -6 -7
leaf_value=6.2981888055926958e-05 1.4497754119498476e-05 0.00017525404713670422 -6.120488767956986e-06 -0.00014676531804927177 -1.9083546444933644e-05 0.00018988632642165425
leaf_weight=48 864 42 345 75 765 57
leaf_count=48 864 42 345 75 765 57
internal_value=5.45951e-05 0.00202429 0.000359897 -0.000515826 -0.000208461 0.00803738
internal_weight=2196 492 387 1704 1629 105
internal_count=2196 492 387 1704 1629 105
is_linear=0
shrinkage=0.04


Tree=82
num_leaves=8
num_cat=0
split_feature=64 15 1 11 1 64 64
split_gain=1.63191 2.64395 2.64156 1.92544 3.08504 2.36897 1.56904
threshold=-0.098216664556810343 0.96505464689406384 0.21091762123102856 0.68100788412062563 -0.21614323511067959 -0.060259477407575902 -0.66569519250061726
decision_type=2 2 2 2 2 2 2
left_child=1 2 -1 5 -5 -2 -3
right_child=3 6 -4 4 -6 -7 -8
leaf_value=1.4275147459883592e-06 -0.00016529506023915577 3.7785347911116398e-06 6.3982124039602318e-05 0.00014423973909466736 -4.1039385446305693e-06 -9.0907129167458683e-06 -0.00013304912543023848
leaf_weight=511 50 45 334 69 179 959 49
leaf_count=511 50 45 334 69 179 959 49
internal_value=3.63967e-05 0.00129649 0.00200708 -0.000905481 0.00224 -0.0016815 -0.005
internal_weight=2196 939 845 1257 248 1009 94
internal_count=2196 939 845 1257 248 1009 94
is_linear=0
shrinkage=0.04


Tree=83
num_leaves=7
num_cat=0
split_feature=108 82 18 69 25 57
split_gain=1.69068 3.69651 2.18066 2.0973 1.9716 1.58477
threshold=-0.58027381255127708 -0.75816155446847155 0.67492223773560778 1.4586981590907777 0.97393815624758828 0.15830255122381523
decision_type=2 2 2 2 2 2
left_child=1 5 3 -2 -3 -1
right_child=2 4 -4 -5 -6 -7
leaf_value=5.343402104483264e-06 -5.9772326476015965e-08 7.9111769424158239e-05 -0.00020314990427871234 -0.00013674413728216413 -0.00010661397889844472 -9.4808431396386039e-05
leaf_weight=90 1569 296 61 74 40 66
leaf_count=90 1569 296 61 74 40 66
internal_value=-3.63967e-05 0.00202429 -0.00063306 -0.000352584 0.0043787 -0.00303797
internal_weight=2196 492 1704 1643 336 156
internal_count=2196 492 1704 1643 336 156
is_linear=0
shrinkage=0.04


Tree=84
num_leaves=4
num_cat=0
split_feature=69 18 72
split_gain=1.63052 1.82044 2.00748
threshold=1.7204936724138256 -0.88624872719881587 0.82979762689022218
decision_type=2 2 2
left_child=1 -1 -3
right_child=-2 2 -4
leaf_value=0.00010166148996578649 -0.00010788939363090039 -2.4127695695341225e-06 4.3806081961827977e-05
leaf_weight=71 72 1796 257
leaf_count=71 72 1796 257
internal_value=-0.00010919 9.40734e-05 -0.000126521
internal_weight=2196 2124 2053
internal_count=2196 2124 2053
is_linear=0
shrinkage=0.04


Tree=85
num_leaves=5
num_cat=0
split_feature=61 46 105 76
split_gain=1.57428 1.61123 1.78063 1.375
threshold=-1.3015791611358647 -4.1294355969159584 0.61750390005520073 0.17002924390558624
decision_type=2 2 2 2
left_child=-1 3 -3 -2
right_child=1 2 -4 -5
leaf_value=0.00012686524589548113 -1.0609916380952184e-06 1.7406016754032164e-07 -5.3352277126024385e-05 0.00015162610533646373
leaf_weight=66 44 1652 392 42
leaf_count=66 44 1652 392 42
internal_value=-0.00010919 -0.000300188 -0.000527859 0.005
internal_weight=2196 2130 2044 86
internal_count=2196 2130 2044 86
is_linear=0
shrinkage=0.04


Tree=86
num_leaves=7
num_cat=0
split_feature=83 41 107 109 99 18
split_gain=1.52005 2.06879 2.02416 2.47431 2.07638 1.93795
threshold=-0.65449209462167734 -0.88075533925720961 -0.55102713476113041 -0.55790707913469273 0.66169196848783096 -0.67119771465354883
decision_type=2 2 2 2 2 2
left_child=1 -1 4 -4 -2 -3
right_child=2 5 3 -5 -6 -7
leaf_value=0.00011713014652038289 -0.00014804520391671982 -0.0001509395577756671 5.347454750729121e-05 -4.4299015680927208e-06 3.8085127256890205e-05 2.8772084448279114e-05
leaf_weight=44 102 40 315 1461 45 189
leaf_count=44 102 40 315 1461 45 189
internal_value=-9.09918e-05 0.00269091 -0.000488312 -0.000112486 -0.00496644 0.00112554
internal_weight=2196 273 1923 1776 147 229
internal_count=2196 273 1923 1776 147 229
is_linear=0
shrinkage=0.04


Tree=87
num_leaves=8
num_cat=0
split_feature=43 93 52 12 65 80 87
split_gain=1.51282 2.62727 3.71377 2.10211 2.31682 2.26307 1.51531
threshold=-0.29302553894875683 -0.93271401327779879 -1.0000000180025095e-35 0.81245510420079947 -0.59798578368141786 -0.12414457161904383 -1.264921136431733
decision_type=2 2 2 2 2 2 2
left_child=1 6 -3 4 -2 -5 -1
right_child=3 2 -4 5 -6 -7 -8
leaf_value=9.6248547715338488e-06 9.6085421830840372e-05 4.4198670809089272e-06 -8.5965236059465548e-05 7.1124191641234842e-06 4.2276913916254517e-06 -0.00016646352541823363 0.00021603567487095646
leaf_weight=54 155 318 315 89 1133 90 42
leaf_count=54 155 318 315 89 1133 90 42
internal_value=-0.000127389 -0.00161423 -0.00255118 0.000612662 0.00117829 -0.00342541 0.0044898
internal_weight=2196 729 633 1467 1288 179 96
internal_count=2196 729 633 1467 1288 179 96
is_linear=0
shrinkage=0.04


Tree=88
num_leaves=4
num_cat=0
split_feature=85 62 68
split_gain=1.49262 1.65631 1.70185
threshold=-1.1838141425490656 -1.4662178003094197 -1.1029235751665667
decision_type=2 2 2
left_child=-1 -2 -3
right_child=1 2 -4
leaf_value=4.5830227748244688e-05 -0.00016539990995605652 9.66634529913234e-05 -1.5820638170746571e-06
leaf_weight=54 51 162 1929
leaf_count=54 51 162 1929
internal_value=-1.81984e-05 -0.000186567 -9.55566e-06
internal_weight=2196 2142 2091
internal_count=2196 2142 2091
is_linear=0
shrinkage=0.04


Tree=89
num_leaves=5
num_cat=0
split_feature=85 69 7 57
split_gain=1.5095 1.57769 2.03408 1.92068
threshold=-1.1838141425490656 1.4586981590907777 0.18402273616926557 -0.056602327157947656
decision_type=2 2 2 2
left_child=-1 3 -3 -2
right_child=1 2 -4 -5
leaf_value=4.3997018638314896e-05 1.3580681262061553e-05 -0.00022153945189083287 3.4176883445543621e-05 -6.0699771142039241e-06
leaf_weight=54 933 44 49 1116
leaf_count=54 933 44 49 1116
internal_value=-5.45951e-05 -0.000223881 -0.00526316 9.75134e-06
internal_weight=2196 2142 93 2049
internal_count=2196 2142 93 2049
is_linear=0
shrinkage=0.04


Tree=90
num_leaves=5
num_cat=0
split_feature=107 104 44 44
split_gain=1.50657 2.04944 2.55698 1.93737
threshold=2.3955965916186153 0.78524791426650409 0.56111885597419398 0.77113415226572124
decision_type=2 2 2 2
left_child=1 3 -3 -1
right_child=-2 2 -4 -5
leaf_value=-1.6618014642762288e-06 0.00011568117369575215 -4.710510393805779e-06 -0.00019095588458529263 5.199941455001171e-05
leaf_weight=1524 42 225 72 333
leaf_count=1524 42 225 72 333
internal_value=-5.45951e-05 -0.000204082 -0.00327759 0.000290479
internal_weight=2196 2154 297 1857
internal_count=2196 2154 297 1857
is_linear=0
shrinkage=0.04


Tree=91
num_leaves=5
num_cat=0
split_feature=69 7 18 69
split_gain=1.49256 2.45072 1.78723 1.91364
threshold=1.4586981590907777 0.18402273616926557 -0.88624872719881587 0.66840341677845416
decision_type=2 2 2 2
left_child=2 -2 -1 -4
right_child=1 -3 3 -5
leaf_value=0.00010518412346832924 -0.00020558736553517043 8.0235082163440826e-05 -3.5312447201626962e-06 2.4570707055508265e-05
leaf_weight=71 45 51 1717 312
leaf_count=71 45 51 1717 312
internal_value=-7.27934e-05 -0.00489796 0.000152236 -6.89316e-05
internal_weight=2196 96 2100 2029
internal_count=2196 96 2100 2029
is_linear=0
shrinkage=0.04


Tree=92
num_leaves=8
num_cat=0
split_feature=64 15 50 57 1 109 85
split_gain=1.36039 2.69109 3.20074 2.25831 3.28583 2.47762 1.08303
threshold=-0.098216664556810343 0.95619190783793673 0.99632845957959915 -0.0067131122401151034 0.10473114720514538 0.11061328667103239 -0.0029836739347658724
decision_type=2 2 2 2 2 2 2
left_child=1 2 -1 4 -2 -5 -3
right_child=3 6 -4 5 -6 -7 -8
leaf_value=8.9658705838193287e-06 3.4042076278933172e-05 -2.3867490452907518e-05 0.00016390890328561608 -3.6418523148355559e-06 -4.8590993393209754e-05 -0.00013689478348298523 -0.00019887280339241591
leaf_weight=767 482 53 72 330 268 177 47
leaf_count=767 482 53 72 330 268 177 47
internal_value=-0.00010919 0.00104145 0.00178359 -0.000969023 0.000425532 -0.00302554 -0.00509804
internal_weight=2196 939 839 1257 750 507 100
internal_count=2196 939 839 1257 750 507 100
is_linear=0
shrinkage=0.04


Tree=93
num_leaves=5
num_cat=0
split_feature=87 85 82 78
split_gain=1.80447 1.80037 3.19934 2.50873
threshold=-1.9123295637250406 0.35037988543886972 0.536117959401058 0.92750583099316264
decision_type=2 2 2 2
left_child=-1 3 -3 -2
right_child=1 2 -4 -5
leaf_value=3.8616965078471779e-05 -1.6192236817156712e-06 -0.00017787570616817672 7.1821960312420639e-07 7.7510165504981486e-05
leaf_weight=54 1605 111 186 240
leaf_count=54 1605 111 186 240
internal_value=5.45951e-05 -0.000130597 -0.00301003 0.000335679
internal_weight=2196 2142 297 1845
internal_count=2196 2142 297 1845
is_linear=0
shrinkage=0.04


Tree=94
num_leaves=5
num_cat=0
split_feature=62 64 33 64
split_gain=1.49262 1.35763 2.2891 2.17535
threshold=-1.4662178003094197 -0.098216664556810343 1.059080161719187 0.19066715148570609
decision_type=2 2 2 2
left_child=-1 2 -2 -3
right_child=1 3 -4 -5
leaf_value=-0.00013571026516918049 2.0515919096599479e-05 -4.5142048230283688e-05 -7.9353732115972864e-05 2.2486688147421698e-06
leaf_weight=54 846 396 72 828
leaf_count=54 846 396 72 828
internal_value=1.81984e-05 0.000186567 0.00134783 -0.000685155
internal_weight=2196 2142 918 1224
internal_count=2196 2142 918 1224
is_linear=0
shrinkage=0.04


Tree=95
num_leaves=7
num_cat=0
split_feature=108 94 47 69 18 46
split_gain=1.5164 3.0056 3.2484 2.14287 1.92492 1.4542
threshold=-0.58027381255127708 -0.93878033482699497 -0.21581031426340427 1.4586981590907777 0.67492223773560778 -0.066189096977130116
decision_type=2 2 2 2 2 2
left_child=1 5 -3 4 -2 -1
right_child=3 2 -4 -5 -6 -7
leaf_value=0.00016783202262891643 7.3448852486380367e-07 0.00010009182572188112 -2.6032408736676935e-05 -0.00011491664312193558 -0.00016387981434720606 9.5129337275180403e-06
leaf_weight=61 1569 105 270 75 60 56
leaf_count=61 1569 105 270 75 60 56
internal_value=7.27934e-05 0.00202429 0.000265252 -0.00049238 -0.000183936 0.00756303
internal_weight=2196 492 375 1704 1629 117
internal_count=2196 492 375 1704 1629 117
is_linear=0
shrinkage=0.04


Tree=96
num_leaves=8
num_cat=0
split_feature=57 51 107 63 33 33 66
split_gain=1.52909 3.19871 3.25258 2.81581 2.37077 3.1828 2.39544
threshold=1.0000000180025095e-35 -0.67544979549381445 -0.24772131409176362 -0.15454831972765307 0.59774894663659628 0.77528146542683829 0.6855297822723293
decision_type=2 2 2 2 2 2 2
left_child=4 2 -2 -3 6 -6 -1
right_child=1 3 -4 -5 5 -7 -8
leaf_value=6.6264283329817427e-05 3.3266166613009403e-05 1.3362450620725537e-05 -0.00011998800081808634 -3.8347490937069356e-05 -0.000147618608058873 3.7737175381887675e-06 -5.0240823190157063e-06
leaf_weight=521 48 631 89 330 58 131 388
leaf_count=521 48 631 89 330 58 131 388
internal_value=-3.63967e-05 -0.00109091 -0.00676259 -0.00026999 0.00101818 -0.00303665 0.00186608
internal_weight=2196 1098 137 961 1098 189 909
internal_count=2196 1098 137 961 1098 189 909
is_linear=0
shrinkage=0.04


Tree=97
num_leaves=7
num_cat=0
split_feature=41 57 5 5 43 93
split_gain=1.49776 2.45122 3.04013 1.84601 2.02486 2.00017
threshold=0.74242088916540638 0.66568524979018984 1.0660414810102836 0.64282377350677444 -0.29302553894875683 -0.65071092222377269
decision_type=2 2 2 2 2 2
left_child=3 2 -2 4 -1 -5
right_child=1 -3 -4 5 -6 -7
leaf_value=-3.7138711255593697e-05 -2.5707807218668546e-05 4.3687859763399659e-05 -0.00015484760767115057 8.0378350801107315e-05 8.7072164348488129e-06 6.8935204489347964e-06
leaf_weight=540 169 47 40 66 1115 219
leaf_count=540 169 47 40 66 1115 219
internal_value=7.27934e-05 -0.0027907 -0.00464455 0.000453141 -6.035e-05 0.00341463
internal_weight=2196 256 209 1940 1655 285
internal_count=2196 256 209 1940 1655 285
is_linear=0
shrinkage=0.04


Tree=98
num_leaves=5
num_cat=0
split_feature=36 47 28 62
split_gain=1.51797 1.48181 2.35653 2.06555
threshold=-1.3756462830250495 -0.70970578902432446 -0.41031342152880229 -1.4662178003094197
decision_type=2 2 2 2
left_child=-1 2 -2 -3
right_child=1 3 -4 -5
leaf_value=0.00015296353813837245 -3.8777768724794684e-06 -0.00015617230974942519 0.0001004595903469081 -1.7242893918433499e-06
leaf_weight=54 164 45 123 1810
leaf_count=54 164 45 123 1810
internal_value=-7.27934e-05 -0.000242537 0.00242215 -0.000656974
internal_weight=2196 2142 287 1855
internal_count=2196 2142 287 1855
is_linear=0
shrinkage=0.04


Tree=99
num_leaves=5
num_cat=0
split_feature=62 81 8 11
split_gain=1.426 1.37057 3.19395 2.94569
threshold=-1.4662178003094197 -0.14100881135485696 0.41527683771531582 0.68100788412062563
decision_type=2 2 2 2
left_child=-1 2 -2 -3
right_child=1 3 -4 -5
leaf_value=-0.00012140464193359305 4.7560663436031249e-05 -1.7819627609914736e-05 -2.5799938813511494e-05 4.0921934689743562e-05
leaf_weight=54 601 1031 278 232
leaf_count=54 601 1031 278 232
internal_value=-0.000127389 3.73134e-05 0.00124858 -0.000806324
internal_weight=2196 2142 879 1263
internal_count=2196 2142 879 1263
is_linear=0
shrinkage=0.04


Tree=100
num_leaves=5
num_cat=0
split_feature=85 82 82 57
split_gain=1.5095 1.42381 3.77177 2.00418
threshold=-1.1838141425490656 -0.75816155446847155 -0.48840611747543244 0.10131295554472679
decision_type=2 2 2 2
left_child=-1 3 -3 -2
right_child=1 2 -4 -5
leaf_value=4.2804309331868699e-05 4.3434268957639327e-08 7.1239753187114348e-05 -3.7589528202077826e-06 -3.746599292520856e-05
leaf_weight=54 129 300 1611 102
leaf_count=54 129 300 1611 102
internal_value=-5.45951e-05 -0.000223881 0.000135912 -0.00317597
internal_weight=2196 2142 1911 231
internal_count=2196 2142 1911 231
is_linear=0
shrinkage=0.04


Tree=101
num_leaves=5
num_cat=0
split_feature=46 36 43 51
split_gain=1.26508 1.30887 2.12449 1.6989
threshold=-7.9295533685540383 -1.2024341791953119 0.42031400818457781 -0.32845225127284267
decision_type=2 2 2 2
left_child=-1 2 -2 -3
right_child=1 3 -4 -5
leaf_value=6.8377304936127997e-05 -1.2307045068945047e-06 -2.7553243623270028e-05 0.0002815430265974213 1.283529204385899e-06
leaf_weight=45 61 638 47 1405
leaf_count=45 61 638 47 1405
internal_value=-0.00010919 -0.000250813 0.004 -0.000479218
internal_weight=2196 2151 108 2043
internal_count=2196 2151 108 2043
is_linear=0
shrinkage=0.04


Tree=102
num_leaves=7
num_cat=0
split_feature=59 86 47 78 85 87
split_gain=1.35709 2.22499 2.15284 1.92518 3.64537 3.41505
threshold=-0.3413282351625781 -0.77993648736368526 -0.7781716434193795 0.87278265863375826 0.42244586683146246 0.45696318261775598
decision_type=2 2 2 2 2 2
left_child=1 -1 -3 5 -5 -2
right_child=3 2 -4 4 -6 -7
leaf_value=0.00017434714052212276 -2.4515364616639553e-05 8.6145531294342989e-05 -1.8140323490105359e-06 8.5101359497805653e-05 -0.0001839398614871111 4.5208747073682225e-05
leaf_weight=66 888 67 533 285 75 282
leaf_count=66 888 67 533 285 75 282
internal_value=-0.000127389 0.00137725 0.000598007 -0.00078329 0.00176796 -0.00156997
internal_weight=2196 666 600 1530 360 1170
internal_count=2196 666 600 1530 360 1170
is_linear=0
shrinkage=0.04


Tree=103
num_leaves=7
num_cat=0
split_feature=108 88 49 92 18 99
split_gain=1.34215 2.57777 2.52625 2.43088 2.32309 2.18739
threshold=-0.47323827153977566 -0.83706043679983633 1.1636323419370498 0.56920584488743597 -0.89782031701656329 -0.27528577261177967
decision_type=2 2 2 2 2 2
left_child=2 5 3 -1 -3 -2
right_child=1 4 -4 -5 -6 -7
leaf_value=3.727852040939655e-05 -5.8904147648780542e-05 0.00016605950692297636 -6.4682249937603276e-05 -3.7057197098695927e-05 -3.1495377998459535e-06 -0.00019406160704039344
leaf_weight=455 57 41 57 109 1435 42
leaf_count=455 57 41 57 109 1435 42
internal_value=-0.000127389 -0.000748256 0.00144462 0.00226148 -0.000324763 -0.00693069
internal_weight=2196 1575 621 564 1476 99
internal_count=2196 1575 621 564 1476 99
is_linear=0
shrinkage=0.04


Tree=104
num_leaves=5
num_cat=0
split_feature=62 18 81 87
split_gain=1.40958 1.52947 1.83024 1.69864
threshold=-1.4662178003094197 0.60217133826711977 -0.14100881135485696 0.19461853154284306
decision_type=2 2 2 2
left_child=-1 2 -2 -3
right_child=1 3 -4 -5
leaf_value=-0.00011337166205132679 2.9910185498989765e-05 -8.0036126313790256e-05 -3.0700335619757658e-06 1.3971630187554606e-05
leaf_weight=54 730 153 1144 115
leaf_count=54 730 153 1144 115
internal_value=-0.000163785 0 0.000405117 -0.00281481
internal_weight=2196 2142 1874 268
internal_count=2196 2142 1874 268
is_linear=0
shrinkage=0.04


Tree=105
num_leaves=5
num_cat=0
split_feature=85 45 101 62
split_gain=1.51797 1.63334 2.29906 1.60991
threshold=-1.1838141425490656 1.9265082789071397 -0.086258151014534518 -1.4662178003094197
decision_type=2 2 2 2
left_child=-1 3 -3 -2
right_child=1 2 -4 -5
leaf_value=3.5711146554805662e-05 -0.00012714887276024385 -5.1626079098818387e-05 0.00011591663982241218 -2.6047500392101067e-06
leaf_weight=54 47 73 125 1897
leaf_count=54 47 73 125 1897
internal_value=-7.27934e-05 -0.000242537 0.0032 -0.000596095
internal_weight=2196 2142 198 1944
internal_count=2196 2142 198 1944
is_linear=0
shrinkage=0.04


Tree=106
num_leaves=6
num_cat=0
split_feature=57 3 109 94 18
split_gain=1.41263 2.11757 1.62096 2.53325 2.29932
threshold=1.27605187798511 0.63506565550560234 -0.63868175886527678 -0.93878033482699497 0.65352312496082809
decision_type=2 2 2 2 2
left_child=2 -2 3 -1 -4
right_child=1 -3 4 -5 -6
leaf_value=0.00014828290158742387 -0.00016183001188628751 1.8929819460378368e-06 -4.3065964675436874e-09 4.2419254993816047e-06 -9.0651021197898427e-05
leaf_weight=72 43 41 1664 267 109
leaf_count=72 43 41 1664 267 109
internal_value=-9.09918e-05 -0.00511628 0.000113529 0.0026393 -0.000371831
internal_weight=2196 84 2112 339 1773
internal_count=2196 84 2112 339 1773
is_linear=0
shrinkage=0.04


Tree=107
num_leaves=4
num_cat=0
split_feature=44 94 90
split_gain=1.57579 1.50352 1.80952
threshold=10.437706285340463 1.6186432999853799 1.46382153891117
decision_type=2 2 2
left_child=1 2 -1
right_child=-2 -3 -4
leaf_value=-1.9755176822065358e-06 5.3656004042467508e-05 -0.00014375284012512946 0.00016728488975930074
leaf_weight=2038 40 50 68
leaf_count=2038 40 50 68
internal_value=-5.45951e-05 -0.000203892 -3.79507e-05
internal_weight=2196 2156 2106
internal_count=2196 2156 2106
is_linear=0
shrinkage=0.04


Tree=108
num_leaves=6
num_cat=0
split_feature=36 81 57 57 64
split_gain=1.6422 2.29056 1.65276 2.85654 2.24036
threshold=-1.2024341791953119 0.52935568386743381 -0.8356754001994221 -0.58688694806385866 1.0025544648033409
decision_type=2 2 2 2 2
left_child=1 -1 4 -4 -2
right_child=2 -3 3 -5 -6
leaf_value=0.00019517364780559482 -0.00010284478919214818 -7.6673596477730441e-06 8.2522534911994683e-05 -2.1979880830516347e-06 2.5826353453343179e-05
leaf_weight=58 254 50 147 1607 80
leaf_count=58 254 50 147 1607 80
internal_value=-3.63967e-05 0.00472727 -0.000287081 0.000205011 -0.00285714
internal_weight=2196 108 2088 1754 334
internal_count=2196 108 2088 1754 334
is_linear=0
shrinkage=0.04


Tree=109
num_leaves=4
num_cat=0
split_feature=69 86 75
split_gain=1.70241 1.71216 1.73831
threshold=1.7204936724138256 -1.8643709133096091 1.2152632226912952
decision_type=2 2 2
left_child=1 -1 -3
right_child=-2 2 -4
leaf_value=0.00012474724997480814 -8.2676409856669294e-05 -2.9759524636771889e-06 1.8772338509624095e-05
leaf_weight=66 72 1800 258
leaf_count=66 72 1800 258
internal_value=1.81984e-05 0.000225776 1.94175e-05
internal_weight=2196 2124 2058
internal_count=2196 2124 2058
is_linear=0
shrinkage=0.04


Tree=110
num_leaves=5
num_cat=0
split_feature=62 66 47 75
split_gain=1.45913 1.51758 3.11046 2.18444
threshold=-1.4662178003094197 1.3060458754825042 0.56082068908181892 1.337892237652579
decision_type=2 2 2 2
left_child=-1 3 -3 -2
right_child=1 2 -4 -5
leaf_value=-0.00010187068091798801 1.8591921572197989e-07 -0.00015129535148134085 0.00012306387997725735 6.1204585556083512e-05
leaf_weight=54 1770 132 51 189
leaf_count=54 1770 132 51 189
internal_value=-5.45951e-05 0.00011194 -0.00335135 0.000438552
internal_weight=2196 2142 183 1959
internal_count=2196 2142 183 1959
is_linear=0
shrinkage=0.04


Tree=111
num_leaves=5
num_cat=0
split_feature=62 66 57 82
split_gain=1.43425 1.28846 2.73785 1.70318
threshold=-1.4662178003094197 1.3060458754825042 -1.2938376562032858 -0.75816155446847155
decision_type=2 2 2 2
left_child=-1 3 -3 -2
right_child=1 2 -4 -5
leaf_value=-9.7795853681268479e-05 -1.9991591116161291e-05 5.0208207367067315e-05 -0.00014863891205809681 4.3805140370987359e-06
leaf_weight=54 246 69 114 1713
leaf_count=54 246 69 114 1713
internal_value=-0.00010919 5.59701e-05 -0.00313514 0.000356961
internal_weight=2196 2142 183 1959
internal_count=2196 2142 183 1959
is_linear=0
shrinkage=0.04


Tree=112
num_leaves=5
num_cat=0
split_feature=4 39 4 46
split_gain=1.34375 2.26234 1.88158 1.48251
threshold=-1.276921779707529 1.1012880218150853 -1.1264323802085587 -7.9295533685540383
decision_type=2 2 2 2
left_child=1 -1 -2 -4
right_child=2 -3 3 -5
leaf_value=0.00019626499250516641 -0.00014480222179878835 -8.0686165148088458e-06 7.4290293593726637e-05 -1.1319802723630622e-06
leaf_weight=54 45 54 42 2001
leaf_count=54 45 54 42 2001
internal_value=5.45951e-05 0.00436364 -0.000172249 9.77995e-06
internal_weight=2196 108 2088 2043
internal_count=2196 108 2088 2043
is_linear=0
shrinkage=0.04


Tree=113
num_leaves=8
num_cat=0
split_feature=81 75 68 35 68 82 45
split_gain=1.30171 3.53729 2.58278 2.50782 2.30283 2.25782 1.99485
threshold=-0.37229949670901047 -0.90984313200169642 -0.37173450852720064 -0.44246865330200708 -0.034348406389969909 -0.75006819053860097 1.5472438916854176
decision_type=2 2 2 2 2 2 2
left_child=2 3 5 -2 -4 -1 -3
right_child=1 6 4 -5 -6 -7 -8
leaf_value=-2.2289547625412193e-05 3.9720144443722275e-06 -3.8657082419299268e-06 -6.0042955694486438e-05 -0.00030646917016651653 2.3876288537329659e-05 0.00012244171346768366 7.8460599777943447e-05
leaf_weight=63 40 1249 123 80 315 165 161
leaf_count=63 40 1249 123 80 315 165 161
internal_value=-3.63967e-05 -0.000678851 0.00143713 -0.00721311 -0.000363636 0.00486957 -0.000113314
internal_weight=2196 1530 666 120 438 228 1410
internal_count=2196 1530 666 120 438 228 1410
is_linear=0
shrinkage=0.04


Tree=114
num_leaves=7
num_cat=0
split_feature=64 64 57 8 0 40
split_gain=1.28988 2.17013 2.56329 2.12564 2.46795 2.1836
threshold=-0.098216664556810343 -0.06540333219222183 -0.0067131122401151034 0.50581339027344452 0.67269760830912861 -0.41997732828811679
decision_type=2 2 2 2 2 2
left_child=3 -2 -3 4 -1 -5
right_child=1 2 -4 5 -6 -7
leaf_value=4.849273779132161e-06 -7.5270827215303556e-05 7.2440952311438524e-06 -3.4873480110436362e-05 6.1392662186820796e-05 0.00011087699811165096 -4.6796431118203241e-05
leaf_weight=538 54 720 483 62 149 190
leaf_count=538 54 720 483 62 149 190
internal_value=-3.63967e-05 -0.000873709 -0.000514523 0.00108395 0.00223512 -0.00204724
internal_weight=2196 1257 1203 939 687 252
internal_count=2196 1257 1203 939 687 252
is_linear=0
shrinkage=0.04


Tree=115
num_leaves=5
num_cat=0
split_feature=86 85 26 36
split_gain=1.69205 1.74297 2.75646 1.85038
threshold=-1.8643709133096091 0.35037988543886972 -0.37864828755882191 -1.2024341791953119
decision_type=2 2 2 2
left_child=-1 3 -3 -2
right_child=1 2 -4 -5
leaf_value=5.557504552485956e-05 0.00023253204666929704 3.0520117906939762e-06 -0.00014846658169977647 3.7825672086762772e-07
leaf_weight=72 45 146 145 1788
leaf_count=72 45 146 145 1788
internal_value=0 -0.000206961 -0.00307167 0.000250681
internal_weight=2196 2124 291 1833
internal_count=2196 2124 291 1833
is_linear=0
shrinkage=0.04


Tree=116
num_leaves=5
num_cat=0
split_feature=62 63 51 36
split_gain=1.45081 1.29869 2.71526 2.11621
threshold=-1.4662178003094197 -0.33326512876846498 -0.64026240216598429 0.12561412882626716
decision_type=2 2 2 2
left_child=-1 2 -2 -3
right_child=1 3 -4 -5
leaf_value=-9.1180758108812127e-05 -2.1803062574740255e-05 6.614573327794409e-06 2.4704604812275738e-05 -2.3135987467677862e-05
leaf_weight=54 86 828 580 648
leaf_count=54 86 828 580 648
internal_value=-7.27934e-05 9.32836e-05 0.00155689 -0.000568336
internal_weight=2196 2142 666 1476
internal_count=2196 2142 666 1476
is_linear=0
shrinkage=0.04


Tree=117
num_leaves=7
num_cat=0
split_feature=64 48 0 57 1 79
split_gain=1.43341 2.03096 2.06911 1.99132 3.99217 2.8044
threshold=-0.098216664556810343 1.1328822181815794 0.67269760830912861 -0.0067131122401151034 0.059075142037189075 -0.73541989333200919
decision_type=2 2 2 2 2 2
left_child=1 2 -1 4 -2 -5
right_child=3 -3 -4 5 -6 -7
leaf_value=2.5135761160798194e-06 3.576048160368507e-05 -0.00012858277906882496 8.4910829012833301e-05 2.4197085157817608e-05 -4.3132654229305936e-05 -5.6793272411295408e-05
leaf_weight=709 462 58 172 90 288 417
leaf_count=709 462 58 172 90 288 417
internal_value=-5.45951e-05 0.00112646 0.00160815 -0.000937252 0.00037234 -0.00286837
internal_weight=2196 939 881 1257 750 507
internal_count=2196 939 881 1257 750 507
is_linear=0
shrinkage=0.04


Tree=118
num_leaves=7
num_cat=0
split_feature=108 69 86 10 41 7
split_gain=1.41469 2.02574 1.98171 1.91786 1.59364 0.582456
threshold=-0.71711761392630324 1.4586981590907777 -0.70802347241656316 0.49552653379243022 0.71890819175209908 0.1117898624408087
decision_type=2 2 2 2 2 2
left_child=2 4 -1 -4 -2 -3
right_child=1 5 3 -5 -6 -7
leaf_value=9.9085074455184386e-05 1.0220722514976515e-06 -0.00019718970974647851 -1.8032956076794475e-05 0.00011665819291798345 -3.8058728106861899e-05 -3.6011984369625367e-05
leaf_weight=75 1575 41 219 45 201 40
leaf_count=75 1575 41 219 45 201 40
internal_value=3.63967e-05 -0.000398063 0.00240469 0.00075188 -0.000112486 -0.00650602
internal_weight=2196 1857 339 264 1776 81
internal_count=2196 1857 339 264 1776 81
is_linear=0
shrinkage=0.04


Tree=119
num_leaves=8
num_cat=0
split_feature=106 81 86 100 86 70 41
split_gain=1.44752 3.01611 1.83839 2.35185 2.31741 1.72344 1.5908
threshold=-0.44096463991335555 -0.94699211910942671 0.96449336844166644 0.2636023760854736 -0.069602306934012301 0.3379340002749715 -0.78970207304598372
decision_type=2 2 2 2 2 2 2
left_child=1 5 4 -4 -2 -1 -3
right_child=2 6 3 -5 -6 -7 -8
leaf_value=-6.5475711415197022e-05 -1.7403880353507195e-05 -5.0878113611608636e-05 -5.3632662243582266e-06 -0.0001612888186221717 9.3966613671406857e-06 4.6105559437154608e-05 5.1524752501183358e-05
leaf_weight=75 723 45 81 42 762 51 417
leaf_count=75 723 45 81 42 762 51 417
internal_value=0 0.00169492 -0.000621118 -0.00528 -0.000228648 -0.00375 0.00318966
internal_weight=2196 588 1608 123 1485 126 462
internal_count=2196 588 1608 123 1485 126 462
is_linear=0
shrinkage=0.04


end of trees

feature_importances:
Column_64=30
Column_69=25
Column_57=24
Column_108=24
Column_72=21
Column_18=17
Column_51=15
Column_62=14
Column_33=13
Column_36=13
Column_43=13
Column_46=13
Column_63=13
Column_65=13
Column_81=13
Column_86=13
Column_93=13
Column_44=11
Column_85=11
Column_101=11
Column_47=10
Column_106=10
Column_1=9
Column_7=9
Column_25=9
Column_66=9
Column_94=9
Column_41=8
Column_75=8
Column_0=7
Column_5=7
Column_87=7
Column_8=6
Column_78=6
Column_82=6
Column_107=6
Column_109=6
Column_70=5
Column_76=5
Column_83=5
Column_84=5
Column_90=5
Column_92=5
Column_102=5
Column_105=5
Column_4=4
Column_11=4
Column_15=4
Column_16=4
Column_39=4
Column_49=4
Column_68=4
Column_71=4
Column_79=4
Column_80=4
Column_91=4
Column_97=4
Column_99=4
Column_104=4
Column_35=3
Column_45=3
Column_50=3
Column_61=3
Column_74=3
Column_3=2
Column_6=2
Column_10=2
Column_12=2
Column_13=2
Column_14=2
Column_28=2
Column_37=2
Column_48=2
Column_52=2
Column_58=2
Column_59=2
Column_73=2
Column_88=2
Column_98=2
Column_100=2
Column_9=1
Column_20=1
Column_21=1
Column_22=1
Column_26=1
Column_34=1
Column_40=1
Column_42=1
Column_56=1
Column_60=1
Column_67=1
Column_96=1

parameters:
[boosting: gbdt]
[objective: quantile]
[metric: quantile]
[tree_learner: serial]
[device_type: cpu]
[data_sample_strategy: bagging]
[data: ]
[valid: ]
[num_iterations: 120]
[learning_rate: 0.04]
[num_leaves: 15]
[num_threads: 2]
[seed: 42]
[deterministic: 0]
[force_col_wise: 0]
[force_row_wise: 0]
[histogram_pool_size: -1]
[max_depth: 3]
[min_data_in_leaf: 40]
[min_sum_hessian_in_leaf: 0.001]
[bagging_fraction: 0.85]
[pos_bagging_fraction: 1]
[neg_bagging_fraction: 1]
[bagging_freq: 0]
[bagging_seed: 400]
[bagging_by_query: 0]
[feature_fraction: 0.8]
[feature_fraction_bynode: 1]
[feature_fraction_seed: 30056]
[extra_trees: 0]
[extra_seed: 12879]
[early_stopping_round: 0]
[early_stopping_min_delta: 0]
[first_metric_only: 0]
[max_delta_step: 0]
[lambda_l1: 0]
[lambda_l2: 2]
[linear_lambda: 0]
[min_gain_to_split: 0]
[drop_rate: 0.1]
[max_drop: 50]
[skip_drop: 0.5]
[xgboost_dart_mode: 0]
[uniform_drop: 0]
[drop_seed: 17869]
[top_rate: 0.2]
[other_rate: 0.1]
[min_data_per_group: 100]
[max_cat_threshold: 32]
[cat_l2: 10]
[cat_smooth: 10]
[max_cat_to_onehot: 4]
[top_k: 20]
[monotone_constraints: ]
[monotone_constraints_method: basic]
[monotone_penalty: 0]
[feature_contri: ]
[forcedsplits_filename: ]
[refit_decay_rate: 0.9]
[cegb_tradeoff: 1]
[cegb_penalty_split: 0]
[cegb_penalty_feature_lazy: ]
[cegb_penalty_feature_coupled: ]
[path_smooth: 0]
[interaction_constraints: ]
[verbosity: -1]
[saved_feature_importance_type: 0]
[use_quantized_grad: 0]
[num_grad_quant_bins: 4]
[quant_train_renew_leaf: 0]
[stochastic_rounding: 1]
[linear_tree: 0]
[max_bin: 255]
[max_bin_by_feature: ]
[min_data_in_bin: 3]
[bin_construct_sample_cnt: 200000]
[data_random_seed: 175]
[is_enable_sparse: 1]
[enable_bundle: 1]
[use_missing: 1]
[zero_as_missing: 0]
[feature_pre_filter: 1]
[pre_partition: 0]
[two_round: 0]
[header: 0]
[label_column: ]
[weight_column: ]
[group_column: ]
[ignore_column: ]
[categorical_feature: ]
[forcedbins_filename: ]
[precise_float_parser: 0]
[parser_config_file: ]
[objective_seed: 16083]
[num_class: 1]
[is_unbalance: 0]
[scale_pos_weight: 1]
[sigmoid: 1]
[boost_from_average: 1]
[reg_sqrt: 0]
[alpha: 0.5]
[fair_c: 1]
[poisson_max_delta_step: 0.7]
[tweedie_variance_power: 1.5]
[lambdarank_truncation_level: 30]
[lambdarank_norm: 1]
[label_gain: ]
[lambdarank_position_bias_regularization: 0]
[eval_at: ]
[multi_error_top_k: 1]
[auc_mu_weights: ]
[num_machines: 1]
[local_listen_port: 12400]
[time_out: 120]
[machine_list_filename: ]
[machines: ]
[gpu_platform_id: -1]
[gpu_device_id: -1]
[gpu_device_id_list: ]
[gpu_use_dp: 0]
[num_gpu: 1]

end of parameters

pandas_categorical:null
