tree
version=v4
num_class=1
num_tree_per_iteration=1
label_index=0
max_feature_idx=118
objective=quantile
feature_names=Column_0 Column_1 Column_2 Column_3 Column_4 Column_5 Column_6 Column_7 Column_8 Column_9 Column_10 Column_11 Column_12 Column_13 Column_14 Column_15 Column_16 Column_17 Column_18 Column_19 Column_20 Column_21 Column_22 Column_23 Column_24 Column_25 Column_26 Column_27 Column_28 Column_29 Column_30 Column_31 Column_32 Column_33 Column_34 Column_35 Column_36 Column_37 Column_38 Column_39 Column_40 Column_41 Column_42 Column_43 Column_44 Column_45 Column_46 Column_47 Column_48 Column_49 Column_50 Column_51 Column_52 Column_53 Column_54 Column_55 Column_56 Column_57 Column_58 Column_59 Column_60 Column_61 Column_62 Column_63 Column_64 Column_65 Column_66 Column_67 Column_68 Column_69 Column_70 Column_71 Column_72 Column_73 Column_74 Column_75 Column_76 Column_77 Column_78 Column_79 Column_80 Column_81 Column_82 Column_83 Column_84 Column_85 Column_86 Column_87 Column_88 Column_89 Column_90 Column_91 Column_92 Column_93 Column_94 Column_95 Column_96 Column_97 Column_98 Column_99 Column_100 Column_101 Column_102 Column_103 Column_104 Column_105 Column_106 Column_107 Column_108 Column_109 Column_110 Column_111 Column_112 Column_113 Column_114 Column_115 Column_116 Column_117 Column_118
feature_infos=[-6.1350603860835218:6.5902212948372325] [-5.6563692682262818:5.4872523923045282] [-4.8699831936412705:4.1570831193712037] [-4.3103913855127995:3.7861854214241508] [-3.6321919258120077:2.1451965935113884] [-2.5909572098145284:2.3689566693126922] [-4.2141143886524288:3.9410025881352952] [-1.3669807796978382:6.6107424303221407] [-1.6726824778143519:1.6228058544985609] [-3.5896889854114669:2.1868555394768356] [-1.4910446590131281:5.2073002682100071] [-2.4955692381891721:2.172932269163022] [-2.5587804219541663:2.4489364020469107] [-1.4686699446760725:3.9085903037146408] [-2.8417645718393483:2.6265690540601514] [-1.5847574461983109:1.6112466735826232] [-1.776310951246215:1.7835936615689025] [-0.97092564463265885:0.75100737654809802] [-1.0110693197770437:0.76781876107620117] [-0.97092564463265851:0.75100737654809802] [-2.229419660364123:1.6439193212422301] [-3.9833211920745719:4.0721272928257104] [-3.2855483598351314:2.2847622945657151] [-2.3355037392175526:2.6028310174523495] [-2.1381453158104073:1.5669228146452534] [-2.1591720471031142:1.5684402521801832] [-3.3595729167820245:2.0096976594259743] [-1.7922595538955706:1.4050057438539048] [-1.1782543780075934:3.6297288745372471] [-3.7051337337553538:4.2528543563699337] [-3.7065846806242115:4.4861240957594175] [-3.0471818385453782:3.2391260236509201] [-3.181805339707902:3.4187348574864309] [-1.9568770736010839:2.0661896917102331] [-2.188451180322065:2.2152839009149918] [-1.7781844141828242:1.7412274050574919] [-1.7868065415379133:1.8147018751300745] [-1.6028831032106337:3.8365448362021155] [-1.4763282912075182:4.9761943279180256] [-1.4616413159645021:3.7849680842652669] [-1.2328218163973241:3.2797359232318106] [-1.6906657952835142:1.4600973569315396] [-1.9878857565143537:1.734860440620946] [-1.8808742001470049:14.140501053845345] [-182.23363383791562:162.69483669511439] [-397.11984602364515:131.16893569313888] [-324.56194022697241:76.168803682459568] [-1.3783933514296198:2.8429304334920538] [-1.9447187312109406:1.9861564708114674] [-1.1947448146289448:9.0108227240998655] [-4.8921986665684356:4.4518591960696483] [-8.9957168621609807:6.6828873716137958] [-1:1] [-0.95238095238095233:1.1428571428571428] [0:1] [0:1] [-6.4248323925164978:3.3446695350366427] [-3.0138395397872002:2.2665341364775928] [-2.3462428911216708:2.2332578489993344] [-1.0700623569538665:3.0755152593517043] [-2.2256769207393932:1.8647416472641745] [-2.632460445052875:0.57782694734039408] [-4.5549217160510889:3.6709528775796465] [-3.3661536672911145:2.5202418180929742] [-3.0025132756437714:2.0880477012729801] [-3.1058837932455075:4.0712458565765521] [-3.4221526346391165:2.2573596950749195] [-2.3348652561224661:1.5917974902048624] [-0.94468786763482537:2.1803540037406974] [-2.0993719181046955:1.2451889169974579] [-1.3899825765526272:0.34726244319409849] [-4.6318458094467889:7.3062784214641896] [-4.1935674570191512:5.8756316311791652] [-2.4171515602763467:4.2171447541138489] [-1.2878056982568249:4.8558297285568202] [-1.1712422436844641:7.9151376779382794] [-1.251698151415358:2.3181469868425277] [-6.6124837587665484:6.7850165361444503] [-4.6569527542975671:3.614319927797331] [-3.3729838195104089:3.7294043371042056] [-1.2133181860282023:3.589178542550477] [-1.7919209780636189:4.4046685451213197] [-0.79024940466222371:2.0494368916944703] [-11.520858839773082:11.292209285695826] [-6.0555880634502746:5.2972551213869474] [-3.7979782058557299:4.1637413676800294] [-0.98673736911764687:3.0555588465638115] [-2.2164108823150057:4.2887867435626337] [-1.344237627030243:0.70445232232488364] [-3.9565040814172456:2.9687431292111781] [-3.4372225584920288:3.0357539453712743] [-2.5348977863201587:1.70484341196221] [-1.2886841169389405:3.0359676649469169] [-2.0495849613562096:1.8643051033155318] [-1.4092640267823675:0.45782463141655749] [-5.2622029609633953:2.6462837140051008] [-4.071247550259482:3.49397418361088] [-1.8689689304586261:2.8333810528420287] [-1.4485503360648693:4.2301493987489254] [-1.684941305528677:4.5240693423732772] [-1.5099139823367373:1.252236620652843] [-4.259352768115634:2.4584013945610761] [-3.7916347425594772:3.5383262209879276] [-1.9214723829722662:2.6379451918411361] [-1.462576646359715:3.9968445686195224] [-1.5264652522970572:3.9258287829236815] [-1.4755499108667769:1.1790581843548447] [-3.4052855104822695:3.6836318442081639] [-2.230579043573047:2.6800463271529358] [-1.9621055503017224:2.0601943417434239] [-1.4686220080707373:2.033607657027344] [-1.4519711294295161:1.9231109319901636] [-2.2000016213054172:0.59182497157190583] [-3.1154874723498596:3.3147399908685355] [-2.7804256007522339:3.6145216231242241] [-1.666238353524047:2.4241998298005867] [-0.85758461265513397:2.909498167414073] [-1.4190902986572289:2.3417847755436725] [-1.430504127044995:0.99984621031521681]
tree_sizes=829 861 844 774 775 697 859 857 860 859 771 692 862 692 692 698 688 693 773 684 693 695 782 691 860 688 785 690 778 786 786 875 602 692 784 688 785 781 779 781 693 869 778 783 692 606 783 696 778 786 876 782 695 609 781 774 783 782 611 865 695 874 697 603 606 696 868 782 608 698 787 781 608 788 694 609 608 699 780 694 782 608 691 693 882 782 693 867 696 605 783 858 695 866 692 608 696 693 779 778 876 868 784 611 697 694 694 791 695 788 695 612 519 691 779 870 781 609 782 695

Tree=0
num_leaves=8
num_cat=0
split_feature=87 69 61 62 68 10 26
split_gain=13.3989 6.12214 7.04093 5.18227 5.38673 3.97924 3.09191
threshold=1.2444348284469469 -0.14153978122256358 -1.0656711412216884 0.046828252156481565 1.345420181838118 1.2057521941220626 -1.1089022797193768
decision_type=2 2 2 2 2 2 2
left_child=1 6 -3 4 -2 -5 -1
right_child=3 2 -4 5 -6 -7 -8
leaf_value=0.020675900354981423 0.021416057497262955 0.021166048161685467 0.020376684926450252 0.020321143791079521 0.020982075110077859 0.021095242649316788 0.019976175734773279
leaf_weight=53 79 48 1167 105 52 40 628
leaf_count=53 79 48 1167 105 52 40 628
internal_value=0.0203954 0.0191941 0.0208966 0.0285968 0.0343052 0.0233206 0.0161641
internal_weight=2172 1896 1215 276 131 145 681
internal_count=2172 1896 1215 276 131 145 681
is_linear=0
shrinkage=1


Tree=1
num_leaves=8
num_cat=0
split_feature=61 110 4 88 41 6 84
split_gain=10.7365 6.87579 7.12225 6.53424 4.98351 3.45524 3.31228
threshold=-0.71883481540595129 0.83271840810299624 -1.2786630051748793 0.38158428835659919 0.71702197012848956 0.21663849311293162 1.5836464048996788
decision_type=2 2 2 2 2 2 2
left_child=1 2 -1 4 -2 -3 -5
right_child=3 5 -4 6 -6 -7 -8
leaf_value=0.0011698915062472223 0.00010424059480428697 0.00080836641937494279 1.9021879136562335e-05 -0.00054666587598621846 -0.00037181963659822944 0.00054525748081505297 0.00028313891366124155
leaf_weight=59 1097 45 283 369 217 54 48
leaf_count=59 1097 45 283 369 217 54 48
internal_value=1.83993e-05 0.00557562 0.00284884 -0.00140219 -1.51976e-05 0.0147525 -0.00575179
internal_weight=2172 441 342 1731 1314 99 417
internal_count=2172 441 342 1731 1314 99 417
is_linear=0
shrinkage=0.04


Tree=2
num_leaves=8
num_cat=0
split_feature=87 70 112 116 2 74 98
split_gain=12.0395 7.06342 6.5581 5.18762 3.67085 4.5467 3.61983
threshold=1.321038150153212 0.18263131844841621 -0.16517297187568405 0.7702216671425518 0.28255015559982438 -0.17857171755507337 1.0013341130258344
decision_type=2 2 2 2 2 2 2
left_child=1 3 -3 -1 5 -2 -6
right_child=4 2 -4 -5 6 -7 -8
leaf_value=-0.00032822460943833005 0.00084096871420741076 0.00075509599125385288 6.6782447457313523e-05 0.00015157373335957528 -0.00038962468155473478 0.00082775525451451537 0.00057922589087113744
leaf_weight=864 52 69 729 252 67 97 42
leaf_count=864 52 69 729 252 67 97 42
internal_value=0 -0.00109603 0.001775 -0.00314848 0.00807692 0.0121192 0.00243243
internal_weight=2172 1914 798 1116 258 149 109
internal_count=2172 1914 798 1116 258 149 109
is_linear=0
shrinkage=0.04


Tree=3
num_leaves=7
num_cat=0
split_feature=61 74 28 110 9 110
split_gain=8.82251 9.40829 8.01254 6.54252 5.4624 3.35619
threshold=-0.90123746713061703 -0.097397675813358092 0.6294925301763582 0.83271840810299624 -1.336838375048458 1.6473139902641283
decision_type=2 2 2 2 2 2
left_child=3 2 -2 4 -1 -3
right_child=1 5 -4 -5 -6 -7
leaf_value=0.0012054861749821156 0.00030580805488292131 -0.00033624442886292936 -0.00030898033960089085 0.00074413809737086298 1.7388742679729995e-05 0.00032845600019246342
leaf_weight=40 724 873 209 69 215 42
leaf_count=40 724 873 209 69 215 42
internal_value=-5.51978e-05 -0.00112432 0.00170053 0.00601227 0.00299611 -0.00400218
internal_weight=2172 1848 933 324 255 915
internal_count=2172 1848 933 324 255 915
is_linear=0
shrinkage=0.04


Tree=4
num_leaves=7
num_cat=0
split_feature=87 69 24 116 63 49
split_gain=10.7546 5.40566 5.88196 4.94254 4.55049 5.428
threshold=1.321038150153212 -0.14153978122256358 0.70964618997664874 0.7702216671425518 -0.53243865369777221 0.74680923713741632
decision_type=2 2 2 2 2 2
left_child=1 3 -3 -1 -2 -6
right_child=4 2 -4 -5 5 -7
leaf_value=-0.00041428867389346953 -0.00020899834927781975 0.00016772328570530264 -0.00036814187186288836 8.9090143476037585e-05 0.00046749315736036967 0.001259495470023155
leaf_weight=534 63 937 284 159 131 64
leaf_count=534 63 937 284 159 131 64
internal_value=-1.83993e-05 -0.00105428 0.000547833 -0.0038705 0.00761538 0.0106091
internal_weight=2172 1914 1221 693 258 195
internal_count=2172 1914 1221 693 258 195
is_linear=0
shrinkage=0.04


Tree=5
num_leaves=6
num_cat=0
split_feature=80 94 110 94 47
split_gain=8.08062 8.94922 5.95161 4.47737 3.57836
threshold=-0.90753222640149855 -0.24685498812915849 0.52237707877397999 -0.9561627017724138 -0.0077923166710182545
decision_type=2 2 2 2 2
left_child=4 3 -3 -2 -1
right_child=1 2 -4 -5 -6
leaf_value=0.00072548522241575118 2.3138964872569772e-05 -2.7819858340299152e-05 0.00034381949012322861 -0.00043832045631564273 0.00012250976822043291
leaf_weight=68 258 873 405 528 40
leaf_count=68 258 873 405 528 40
internal_value=-1.83993e-05 -0.000580833 0.00148438 -0.00393401 0.0105455
internal_weight=2172 2064 1278 786 108
internal_count=2172 2064 1278 786 108
is_linear=0
shrinkage=0.04


Tree=6
num_leaves=8
num_cat=0
split_feature=87 62 70 112 60 68 64
split_gain=10.3255 6.16989 5.39127 5.08118 3.28217 3.19377 2.87863
threshold=1.321038150153212 -0.14154056247274868 0.18263131844841621 -0.16517297187568405 -0.6604511545485855 1.345420181838118 -0.56535812254121842
decision_type=2 2 2 2 2 2 2
left_child=2 5 4 -4 -1 -2 -3
right_child=1 6 3 -5 -6 -7 -8
leaf_value=9.6876581184823505e-05 0.00096392338629906294 -0.00028935845615635599 0.00068079484377553509 4.0506005094944345e-05 -0.00030032562297994378 0.00053431032428670228 0.00030853485177517433
leaf_weight=213 63 40 69 729 903 40 115
leaf_count=213 63 40 69 729 903 40 115
internal_value=-1.83993e-05 0.00746154 -0.0010334 0.001475 -0.00282648 0.0149524 0.00235669
internal_weight=2172 258 1914 798 1116 103 155
internal_count=2172 258 1914 798 1116 103 155
is_linear=0
shrinkage=0.04


Tree=7
num_leaves=8
num_cat=0
split_feature=87 62 115 24 60 68 38
split_gain=9.80595 6.42766 5.0229 6.04819 4.40758 3.19377 2.51207
threshold=1.321038150153212 -0.14154056247274868 -0.11247950047113751 0.70964618997664874 -1.2532241276537537 1.345420181838118 1.2086498172981595
decision_type=2 2 2 2 2 2 2
left_child=2 5 3 -1 -4 -2 -3
right_child=1 6 4 -5 -6 -7 -8
leaf_value=0.00022082332361365566 0.00092536645084710049 -9.5414647150829376e-05 0.00061006731828162702 -0.0003905713106800632 -0.00027094067031094629 0.0005129379113152342 0.0007159637378454151
leaf_weight=667 63 115 42 215 990 40 40
leaf_count=667 63 115 42 215 990 40 40
internal_value=1.83993e-05 0.00730769 -0.000970772 0.00124434 -0.00286267 0.0149524 0.00210191
internal_weight=2172 258 1914 882 1032 103 155
internal_count=2172 258 1914 882 1032 103 155
is_linear=0
shrinkage=0.04


Tree=8
num_leaves=8
num_cat=0
split_feature=87 62 75 34 74 116 24
split_gain=9.39639 5.49734 5.12951 5.41263 3.72907 3.52956 1.91611
threshold=1.321038150153212 0.046828252156481565 0.30463974156979784 0.9316154202110043 -0.17857171755507337 0.9957811655719645 -0.76054379990999565
decision_type=2 2 2 2 2 2 2
left_child=2 4 3 -1 -2 -4 -3
right_child=1 6 5 -5 -6 -7 -8
leaf_value=0.00011640488355212669 0.0006591121726347329 0.00038457272806507819 -0.00035887849422053795 -0.00050079022791282943 0.00082004175895955382 0.00031004573969484303 -0.00010956342514314682
leaf_weight=1101 51 52 597 168 72 48 83
leaf_count=1101 51 52 597 168 72 48 83
internal_value=1.83993e-05 0.00715385 -0.000949896 0.000527144 0.0132 -0.00384853 0.00153285
internal_weight=2172 258 1914 1269 123 645 135
internal_count=2172 258 1914 1269 123 645 135
is_linear=0
shrinkage=0.04


Tree=9
num_leaves=8
num_cat=0
split_feature=87 62 70 116 47 74 40
split_gain=7.93426 5.45448 4.86676 5.06154 4.84955 3.1998 2.15429
threshold=1.321038150153212 0.046828252156481565 0.18263131844841621 0.7702216671425518 0.60556200560002171 -0.19379728251672509 1.2480864642242204
decision_type=2 2 2 2 2 2 2
left_child=2 5 3 -1 -4 -2 -3
right_child=1 6 4 -5 -6 -7 -8
leaf_value=-0.00026952359474788026 0.00065149627274163461 -0.00019766739353629923 0.00024648565473525593 0.00015978357620509504 -0.00031564853175418818 0.00068017144502591914 0.00048356762226287888
leaf_weight=864 47 82 575 252 223 76 53
leaf_count=864 47 82 575 252 223 76 53
internal_value=-1.83993e-05 0.00653846 -0.000908142 -0.00261181 0.001475 0.01256 0.000948905
internal_weight=2172 258 1914 1116 798 123 135
internal_count=2172 258 1914 1116 798 123 135
is_linear=0
shrinkage=0.04


Tree=10
num_leaves=7
num_cat=0
split_feature=87 63 75 81 116 79
split_gain=8.08485 5.54327 4.49934 5.1495 3.43703 3.16388
threshold=1.321038150153212 -0.53243865369777221 0.30463974156979784 0.15848108432468822 0.7702216671425518 0.36676454304224393
decision_type=2 2 2 2 2 2
left_child=2 -2 3 -1 -4 -3
right_child=1 5 4 -5 -6 -7
leaf_value=-0.00012898979202636787 -0.00018735158080579608 0.00037211191903042674 -0.00034632964053262275 0.00025258366042568632 0.00021901073619910331 0.0010785426580625357
leaf_weight=849 63 128 546 420 99 67
leaf_count=849 63 128 546 420 99 67
internal_value=7.35971e-05 0.00669231 -0.000824635 0.000558615 -0.00353941 0.01
internal_weight=2172 258 1914 1269 645 195
internal_count=2172 258 1914 1269 645 195
is_linear=0
shrinkage=0.04


Tree=11
num_leaves=6
num_cat=0
split_feature=80 81 110 79 64
split_gain=7.50281 7.01142 6.87176 5.64038 2.65157
threshold=-0.91968614197916965 0.10801343405939338 0.017926776904462306 -0.74815971191696207 0.28409500102079216
decision_type=2 2 2 2 2
left_child=4 3 -3 -2 -1
right_child=1 2 -4 -5 -6
leaf_value=0.00034227324617032152 0.00010815728340402716 -0.00011374392837982417 0.00036334618505331963 -0.0004014809590817879 0.00074852329290511571
leaf_weight=49 363 423 507 789 41
leaf_count=49 363 423 507 789 41
internal_value=-9.19963e-05 -0.000585413 0.00199571 -0.00266898 0.011087
internal_weight=2172 2082 930 1152 90
internal_count=2172 2082 930 1152 90
is_linear=0
shrinkage=0.04


Tree=12
num_leaves=8
num_cat=0
split_feature=87 62 115 24 60 74 40
split_gain=6.71794 6.62764 4.63611 5.21633 4.32626 3.1998 1.94806
threshold=1.321038150153212 0.046828252156481565 -0.11247950047113751 0.70964618997664874 -1.2532241276537537 -0.19379728251672509 1.2480864642242204
decision_type=2 2 2 2 2 2 2
left_child=2 5 3 -1 -4 -2 -3
right_child=1 6 4 -5 -6 -7 -8
leaf_value=0.00019734070974527799 0.00060622565373459104 -0.00018622371292893912 0.00055673073645124891 -0.00036770078223291987 -0.00023591810895795391 0.00059528903350024808 0.00040654936364772952
leaf_weight=667 47 82 42 215 990 76 53
leaf_count=667 47 82 42 215 990 76 53
internal_value=-0.000110396 0.00592308 -0.000929019 0.0011991 -0.00274662 0.01256 -0.000218978
internal_weight=2172 258 1914 882 1032 123 135
internal_count=2172 258 1914 882 1032 123 135
is_linear=0
shrinkage=0.04


Tree=13
num_leaves=6
num_cat=0
split_feature=80 81 61 79 47
split_gain=6.95427 6.32917 5.86164 5.35973 2.65251
threshold=-0.91968614197916965 0.10801343405939338 -0.90123746713061703 -0.74815971191696207 -0.24069044152442967
decision_type=2 2 2 2 2
left_child=4 3 -3 -2 -1
right_child=1 2 -4 -5 -6
leaf_value=0.00063345008844340194 9.8582192452623119e-05 0.00055496265176036897 1.7224520702013719e-05 -0.0003831538861093581 0.00031169695789777096
leaf_weight=40 363 189 741 789 50
leaf_count=40 363 189 741 789 50
internal_value=-0.000110396 -0.000585413 0.00186695 -0.00256499 0.0106522
internal_weight=2172 2082 930 1152 90
internal_count=2172 2082 930 1152 90
is_linear=0
shrinkage=0.04


Tree=14
num_leaves=6
num_cat=0
split_feature=80 94 86 60 64
split_gain=6.40374 6.327 5.83006 4.59314 2.61556
threshold=-0.91968614197916965 -0.21416343261400131 0.97418841370214804 -0.65615504257352153 0.28409500102079216
decision_type=2 2 2 2 2
left_child=4 3 -3 -2 -1
right_child=1 2 -4 -5 -6
leaf_value=0.00029735892794237442 0.00014670928064154469 -6.8066923391349457e-06 0.0004884884544328809 -0.00033021308927880846 0.00068535072926136391
leaf_weight=49 138 1017 255 672 41
leaf_count=49 138 1017 255 672 41
internal_value=-0.000110396 -0.000566219 0.00119309 -0.00332512 0.0102174
internal_weight=2172 2082 1272 810 90
internal_count=2172 2082 1272 810 90
is_linear=0
shrinkage=0.04


Tree=15
num_leaves=6
num_cat=0
split_feature=80 60 74 110 47
split_gain=6.62454 5.58377 5.28354 3.34215 2.80693
threshold=-0.90753222640149855 -1.0711984856251204 -0.13675977502973161 0.75630401776950851 -0.0077923166710182545
decision_type=2 2 2 2 2
left_child=4 3 -3 -2 -1
right_child=1 2 -4 -5 -6
leaf_value=0.00058069805573521119 0.00025816924810590424 0.00011162064494477379 -0.00023079376864562393 0.00067507787392289385 7.3745058065986081e-05
leaf_weight=68 120 840 1062 42 40
leaf_count=68 120 840 1062 42 40
internal_value=-0.000110396 -0.000619555 -0.00122899 0.00646341 0.00945455
internal_weight=2172 2064 1902 162 108
internal_count=2172 2064 1902 162 108
is_linear=0
shrinkage=0.04


Tree=16
num_leaves=6
num_cat=0
split_feature=80 81 92 79 64
split_gain=5.8541 6.03571 5.5072 5.08624 2.94889
threshold=-0.91968614197916965 0.10801343405939338 0.80839110461730546 -0.74815971191696207 0.28409500102079216
decision_type=2 2 2 2 2
left_child=4 3 -3 -2 -1
right_child=1 2 -4 -5 -6
leaf_value=0.00026223664859527097 9.729463492210058e-05 4.7374968113142459e-05 0.00050768272402101694 -0.00036061318980126739 0.0006347087778615009
leaf_weight=49 363 807 123 789 41
leaf_count=49 363 807 123 789 41
internal_value=-9.19963e-05 -0.000527831 0.00186695 -0.00246101 0.00978261
internal_weight=2172 2082 930 1152 90
internal_count=2172 2082 930 1152 90
is_linear=0
shrinkage=0.04


Tree=17
num_leaves=6
num_cat=0
split_feature=80 81 110 79 64
split_gain=5.91966 5.89373 5.7904 4.34819 2.94889
threshold=-0.91968614197916965 0.10801343405939338 0.017926776904462306 -0.74815971191696207 0.28409500102079216
decision_type=2 2 2 2 2
left_child=4 3 -3 -2 -1
right_child=1 2 -4 -5 -6
leaf_value=0.00025174718265146017 9.3402849525216488e-05 -0.00011024891402926638 0.00032462156177547643 -0.0003461886622092167 0.00060932042674704081
leaf_weight=49 363 423 507 789 41
leaf_count=49 363 423 507 789 41
internal_value=-0.000147194 -0.000585413 0.00178112 -0.00249567 0.00978261
internal_weight=2172 2082 930 1152 90
internal_count=2172 2082 930 1152 90
is_linear=0
shrinkage=0.04


Tree=18
num_leaves=7
num_cat=0
split_feature=87 63 2 69 24 114
split_gain=4.95922 4.7638 4.84044 4.14222 4.87038 2.50882
threshold=1.321038150153212 -0.51957094939709847 0.36464757368657114 -0.14153978122256358 0.70964618997664874 1.186222946388453
decision_type=2 2 2 2 2 2
left_child=3 -2 -3 5 -5 -1
right_child=1 2 -4 4 -6 -7
leaf_value=-0.00027501293885725159 -0.00018920816034157694 0.00080629194032838069 4.8342081661577747e-05 0.00015365477541931448 -0.00031996847883075262 0.00016787026448035231
leaf_weight=624 68 111 79 937 284 69
leaf_count=624 68 111 79 937 284 69
internal_value=-0.000183993 0.005 0.00822917 -0.000887265 0.000515127 -0.00335252
internal_weight=2172 258 190 1914 1221 693
internal_count=2172 258 190 1914 1221 693
is_linear=0
shrinkage=0.04


Tree=19
num_leaves=6
num_cat=0
split_feature=80 81 61 59 64
split_gain=5.94159 5.39478 4.47562 3.89948 2.94889
threshold=-0.91968614197916965 0.34101857680519748 -1.2522654103587276 1.8021718391571431 0.28409500102079216
decision_type=2 2 2 2 2
left_child=4 3 -3 -2 -1
right_child=1 2 -4 -5 -6
leaf_value=0.00020942561773226647 -0.0001816363828757693 0.000853427409915478 6.6972428728168522e-05 0.00059368354108381329 0.00057880141866038651
leaf_weight=49 1329 96 594 63 41
leaf_count=49 1329 96 594 63 41
internal_value=-0.000165593 -0.000604607 0.00228324 -0.0020373 0.00978261
internal_weight=2172 2082 690 1392 90
internal_count=2172 2082 690 1392 90
is_linear=0
shrinkage=0.04


Tree=20
num_leaves=6
num_cat=0
split_feature=80 94 63 60 64
split_gain=5.94159 5.71481 5.30642 4.07367 2.94889
threshold=-0.91968614197916965 -0.21416343261400131 -0.54811586847297056 -0.65615504257352153 0.28409500102079216
decision_type=2 2 2 2 2
left_child=4 3 -3 -2 -1
right_child=1 2 -4 -5 -6
leaf_value=0.00020104859302297578 0.00013267452540470921 -0.00016850751903268684 0.00020372311947576836 -0.00028528621547085388 0.00055564936191397098
leaf_weight=49 138 374 898 672 41
leaf_count=49 138 374 898 672 41
internal_value=-0.000165593 -0.000604607 0.0010675 -0.0032266 0.00978261
internal_weight=2172 2082 1272 810 90
internal_count=2172 2082 1272 810 90
is_linear=0
shrinkage=0.04


Tree=21
num_leaves=6
num_cat=0
split_feature=80 94 117 94 64
split_gain=5.00854 5.2133 5.24915 3.80923 2.90738
threshold=-0.91968614197916965 -0.21416343261400131 -0.64335901765286685 -0.9561627017724138 0.28409500102079216
decision_type=2 2 2 2 2
left_child=4 3 -3 -2 -1
right_child=1 2 -4 -5 -6
leaf_value=0.00019300664930205672 5.3479473852271685e-05 0.00054507189590657337 -2.2153698489336962e-06 -0.00032698482509303784 0.00053342338743741222
leaf_weight=49 267 174 1098 543 41
leaf_count=49 267 174 1098 543 41
internal_value=-0.000220791 -0.0006238 0.000973312 -0.00312808 0.00891304
internal_weight=2172 2082 1272 810 90
internal_count=2172 2082 1272 810 90
is_linear=0
shrinkage=0.04


Tree=22
num_leaves=7
num_cat=0
split_feature=41 115 110 118 37 109
split_gain=4.73241 6.05664 7.00944 4.37675 3.23337 1.02303
threshold=0.6407224592850872 0.027142270105438994 0.75630401776950851 -0.94692311145280816 -0.95126540643769786 -0.54970209045442842
decision_type=2 2 2 2 2 2
left_child=1 3 -3 -1 -2 -6
right_child=4 2 -4 -5 5 -7
leaf_value=-0.00029277564566895488 0.00044619416537652163 -0.00020807653148560945 0.00047441836698295867 0.00025600485628492117 -5.1086704171011864e-05 -0.00036186412681073698
leaf_weight=105 43 853 96 782 60 233
leaf_count=105 43 853 96 782 60 233
internal_value=-0.000147194 0.000652884 -0.00156677 0.00302587 -0.00449704 -0.006
internal_weight=2172 1836 949 887 336 293
internal_count=2172 1836 949 887 336 293
is_linear=0
shrinkage=0.04


Tree=23
num_leaves=6
num_cat=0
split_feature=80 69 115 47 26
split_gain=4.87145 4.97126 3.83867 2.51429 1.86234
threshold=-0.90753222640149855 -1.4944357386377327 -0.17647850111368796 -0.0077923166710182545 -0.7540851513070056
decision_type=2 2 2 2 2
left_child=3 4 -3 -1 -2
right_child=1 2 -4 -5 -6
leaf_value=0.00045315252328022196 0.00081886255255859627 7.3230520762474188e-05 -0.00018558578615307682 1.3370663621380501e-05 0.00027626207264761865
leaf_weight=68 40 828 1128 40 68
leaf_count=68 40 828 1128 40 68
internal_value=-0.000202392 -0.000638916 -0.00110317 0.008 0.00763636
internal_weight=2172 2064 1956 108 108
internal_count=2172 2064 1956 108 108
is_linear=0
shrinkage=0.04


Tree=24
num_leaves=8
num_cat=0
split_feature=87 62 37 75 59 88 37
split_gain=4.63517 6.2268 3.78973 3.66898 3.54064 2.82928 1.82924
threshold=1.321038150153212 0.046828252156481565 -0.88494650667391228 -0.52200501857584247 0.010996738721676773 0.59076425826552736 1.1787715118929925
decision_type=2 2 2 2 2 2 2
left_child=2 5 3 -1 -4 -2 -3
right_child=1 6 4 -5 -6 -7 -8
leaf_value=0.00039610093653117502 0.00076473477197006457 -0.0001786751783655246 -0.00023716710443924947 6.7397454821538367e-07 1.8092641087237535e-05 0.00023507538709152136 0.00041084353978436579
leaf_weight=85 62 92 883 140 806 61 43
leaf_count=85 62 92 883 140 806 61 43
internal_value=-0.000165593 0.00484615 -0.000845511 0.00400881 -0.00149616 0.01128 -0.00109489
internal_weight=2172 258 1914 225 1689 123 135
internal_count=2172 258 1914 225 1689 123 135
is_linear=0
shrinkage=0.04


Tree=25
num_leaves=6
num_cat=0
split_feature=80 81 79 0 64
split_gain=4.86846 5.2226 4.64633 4.48579 2.23251
threshold=-0.91968614197916965 0.10801343405939338 -0.74815971191696207 -1.0638357113176524 0.28409500102079216
decision_type=2 2 2 2 2
left_child=4 2 -2 -3 -1
right_child=1 3 -4 -5 -6
leaf_value=0.0001475170726637079 6.0947177044656731e-05 0.00053022026126082176 -0.00030206199888378526 3.4631088879010089e-05 0.00052674502777180462
leaf_weight=49 363 101 789 829 41
leaf_count=49 363 101 789 829 41
internal_value=-9.19963e-05 -0.000489443 -0.00228769 0.0017382 0.00891304
internal_weight=2172 2082 1152 930 90
internal_count=2172 2082 1152 930 90
is_linear=0
shrinkage=0.04


Tree=26
num_leaves=7
num_cat=0
split_feature=41 115 110 108 37 89
split_gain=4.51742 5.38733 5.76662 4.56563 2.61326 1.48202
threshold=0.6407224592850872 0.027142270105438994 0.75630401776950851 -0.61679868405495486 -0.95126540643769786 -0.19262386479838217
decision_type=2 2 2 2 2 2
left_child=1 3 -3 -1 -2 -6
right_child=4 2 -4 -5 5 -7
leaf_value=0.00046103208913782836 0.00038121499849779183 -0.00018848224964788539 0.00044184344371055466 0.00010983215937974917 -0.00010143441835060372 -0.0003930455476150255
leaf_weight=141 43 853 96 746 111 182
leaf_count=141 43 853 96 746 111 182
internal_value=-0.000128795 0.000652884 -0.00144059 0.00289089 -0.0043787 -0.00572881
internal_weight=2172 1836 949 887 336 293
internal_count=2172 1836 949 887 336 293
is_linear=0
shrinkage=0.04


Tree=27
num_leaves=6
num_cat=0
split_feature=80 81 2 79 64
split_gain=4.52387 4.48171 5.27014 4.43881 2.53984
threshold=-0.91968614197916965 0.088909095312759437 0.20289319108297257 -0.74815971191696207 0.28409500102079216
decision_type=2 2 2 2 2
left_child=4 3 -3 -2 -1
right_child=1 2 -4 -5 -6
leaf_value=0.0001231751061916464 6.3667107181389319e-05 0.0002338789958882724 -0.00014421050564370651 -0.00033516713881150492 0.00051321451664684782
leaf_weight=49 360 627 345 750 41
leaf_count=49 360 627 345 750 41
internal_value=-0.000202392 -0.000585413 0.0013963 -0.00232014 0.00847826
internal_weight=2172 2082 972 1110 90
internal_count=2172 2082 972 1110 90
is_linear=0
shrinkage=0.04


Tree=28
num_leaves=7
num_cat=0
split_feature=60 80 94 110 116 63
split_gain=4.28126 4.67391 3.12237 3.05203 2.60444 2.39431
threshold=-1.0711984856251204 -0.90753222640149855 -0.24685498812915849 0.75630401776950851 0.79085759111692211 0.42364971522526357
decision_type=2 2 2 2 2 2
left_child=3 5 -3 4 -1 -2
right_child=1 2 -4 -5 -6 -7
leaf_value=-0.00029061361304721646 0.0001551254675980722 -0.00019280286301257715 8.5090896782330514e-06 0.00055844703923739133 0.00084363557010218141 0.0004727876780082367
leaf_weight=60 67 759 1143 42 60 41
leaf_count=60 67 759 1143 42 60 41
internal_value=-0.00023919 -0.000745527 -0.00120798 0.00597561 0.00262295 0.00727273
internal_weight=2172 2010 1902 162 120 108
internal_count=2172 2010 1902 162 120 108
is_linear=0
shrinkage=0.04


Tree=29
num_leaves=7
num_cat=0
split_feature=41 73 45 106 10 111
split_gain=3.97611 4.91107 5.01701 4.16371 2.4337 1.51644
threshold=0.71702197012848956 -0.17217374026555984 -1.3079167213016245 0.8172741819970134 -0.78152342609323178 -0.35940066513195496
decision_type=2 2 2 2 2 2
left_child=1 3 -3 -1 -2 -6
right_child=4 2 -4 -5 5 -7
leaf_value=0.00021204152742589189 0.00033498332857687557 0.00019403663001789389 -0.00014305906668032734 -0.0013077737322355343 -1.5283112092401298e-06 -0.00042561320139200158
leaf_weight=665 43 121 1070 44 49 180
leaf_count=665 43 121 1070 44 49 180
internal_value=-0.000312787 0.000336488 -0.00123219 0.00296765 -0.00481752 -0.00645022
internal_weight=2172 1900 1191 709 272 229
internal_count=2172 1900 1191 709 272 229
is_linear=0
shrinkage=0.04


Tree=30
num_leaves=7
num_cat=0
split_feature=30 74 116 25 47 40
split_gain=4.01083 5.59725 6.51526 5.13127 2.95839 1.30431
threshold=0.66509634701003051 -0.13675977502973161 0.80881985987343918 0.74575656973312043 -0.38390980868953256 -0.40758244657038473
decision_type=2 2 2 2 2 2
left_child=1 3 -3 -1 -2 -6
right_child=4 2 -4 -5 5 -7
leaf_value=0.0003058456096691156 0.00023837892884434345 -0.00016650118377307545 0.00028633024459696259 -0.00026333982799324772 -8.0024225718265468e-05 -0.00037765866149476235
leaf_weight=548 59 835 268 145 75 242
leaf_count=548 59 835 268 145 75 242
internal_value=-0.000275989 0.00051168 -0.00125792 0.00332374 -0.00402116 -0.00554859
internal_weight=2172 1796 1103 693 376 317
internal_count=2172 1796 1103 693 376 317
is_linear=0
shrinkage=0.04


Tree=31
num_leaves=8
num_cat=0
split_feature=31 86 89 3 76 118 14
split_gain=4.02343 4.79695 4.53175 3.59528 1.75376 1.66467 0.195521
threshold=0.90432387000437831 0.9781347742399501 -1.5176624270997785 -0.089422576866241346 1.0000000180025095e-35 -0.13658271739814068 0.82631032703961138
decision_type=2 2 2 2 2 2 2
left_child=1 2 -1 -3 6 -6 -2
right_child=4 3 -4 -5 5 -7 -8
leaf_value=0.00046149432463193538 -0.00058633775745961893 0.00087956362483786296 -3.9890523557646123e-05 0.00011459816728617984 0.00016707076384324304 -0.00051069584587118411 -0.00030847582545934796
leaf_weight=58 81 101 1624 165 44 59 40
leaf_count=58 81 101 1624 165 44 59 40
internal_value=-0.00025759 0.000328205 -0.000463183 0.00529851 -0.00530973 -0.00142857 -0.00853659
internal_weight=2172 1948 1682 266 224 103 121
internal_count=2172 1948 1682 266 224 103 121
is_linear=0
shrinkage=0.04


Tree=32
num_leaves=5
num_cat=0
split_feature=60 80 59 63
split_gain=3.78182 4.03719 3.50513 2.64016
threshold=-1.4273201311757324 -0.90753222640149855 2.9025877323606442 0.42364971522526357
decision_type=2 2 2 2
left_child=-1 3 -3 -2
right_child=1 2 -4 -5
leaf_value=0.00065827264879678063 0.00013924752022149886 -7.4909050371723757e-05 0.00053279645264805802 0.00045091129565822801
leaf_weight=72 67 1935 57 41
leaf_count=72 67 1935 57 41
internal_value=-0.00023919 -0.000551855 -0.000962889 0.00690909
internal_weight=2172 2100 1992 108
internal_count=2172 2100 1992 108
is_linear=0
shrinkage=0.04


Tree=33
num_leaves=6
num_cat=0
split_feature=4 74 16 110 87
split_gain=3.75841 4.2531 4.82589 4.20983 3.97057
threshold=-1.4008184334375631 -0.13675977502973161 0.63499926982394239 1.3504743498151186 0.6552770355768297
decision_type=2 2 2 2 2
left_child=4 2 -2 -3 -1
right_child=1 3 -4 -5 -6
leaf_value=-7.8785792229232342e-05 0.00023409195426060182 -0.00020710585280604656 -0.00013707244166856071 0.00026188283290507424 0.00072521228206109706
leaf_weight=40 603 1055 305 128 41
leaf_count=40 603 1055 305 128 41
internal_value=-0.000275989 -0.000606785 0.00145055 -0.00218565 0.00807229
internal_weight=2172 2091 908 1183 81
internal_count=2172 2091 908 1183 81
is_linear=0
shrinkage=0.04


Tree=34
num_leaves=7
num_cat=0
split_feature=63 14 79 116 94 68
split_gain=3.77995 5.45351 4.61216 2.72721 2.59736 2.12601
threshold=-0.54811586847297056 -0.59643906965691962 1.1863850861276295 0.79085759111692211 -0.94509570158620415 -0.69857887333769375
decision_type=2 2 2 2 2 2
left_child=4 3 -3 -2 -1 -6
right_child=1 2 -4 -5 5 -7
leaf_value=0.00025335084038304343 -0.00034647154995929994 7.2648455943020724e-05 0.00068066728877449719 0.00024938920256156012 0.00048385622157940083 -0.00025995616230073019
leaf_weight=56 224 1284 67 48 41 452
leaf_count=56 224 1284 67 48 41 452
internal_value=-0.000349586 0.000621538 0.00166297 -0.00452555 -0.00321234 -0.00414141
internal_weight=2172 1623 1351 272 549 493
internal_count=2172 1623 1351 272 549 493
is_linear=0
shrinkage=0.04


Tree=35
num_leaves=6
num_cat=0
split_feature=80 86 89 5 11
split_gain=3.69973 3.57512 4.85694 4.54629 2.35856
threshold=-0.90753222640149855 0.9781347742399501 -1.5176624270997785 0.79100908267378967 0.027972736465281544
decision_type=2 2 2 2 2
left_child=4 2 -2 -3 -1
right_child=1 3 -4 -5 -6
leaf_value=0.0001393518566030315 0.00041149203473987402 0.00048376561590235916 -8.6893379651918352e-05 -0.00041994099299543652 0.00046048836764142002
leaf_weight=66 60 248 1692 64 42
leaf_count=66 60 248 1692 64 42
internal_value=-0.00023919 -0.000619555 -0.00132269 0.0033121 0.00690909
internal_weight=2172 2064 1752 312 108
internal_count=2172 2064 1752 312 108
is_linear=0
shrinkage=0.04


Tree=36
num_leaves=7
num_cat=0
split_feature=116 36 45 74 34 14
split_gain=3.36125 6.72768 4.92645 4.86717 3.94523 2.85024
threshold=0.79085759111692211 -1.1796310889503767 -2.2911557950696495 -0.047750031042187731 0.84333192373088206 -0.33039334961131933
decision_type=2 2 2 2 2 2
left_child=3 -2 -3 4 -1 -5
right_child=1 2 -4 5 -6 -7
leaf_value=0.00015064411284863911 0.00073514179867507467 0.00047020459722159911 -0.00012759723178788345 -0.0003291931138060235 -0.00022143109928757915 -5.7829293549115162e-05
leaf_weight=721 57 59 319 309 206 501
leaf_count=721 57 59 319 309 206 501
internal_value=-0.000275989 0.00286041 0.000894737 -0.00106383 0.000914962 -0.00332512
internal_weight=2172 435 378 1737 927 810
internal_count=2172 435 378 1737 927 810
is_linear=0
shrinkage=0.04


Tree=37
num_leaves=7
num_cat=0
split_feature=29 38 73 111 110 12
split_gain=3.18425 4.02066 3.88173 5.78222 4.52594 1.14659
threshold=0.70708039590085436 1.4921071416507885 -0.15251327579162754 -0.59170981637737252 0.88949446735480941 0.17682066297280644
decision_type=2 2 2 2 2 2
left_child=2 5 3 -1 -4 -2
right_child=1 -3 4 -5 -6 -7
leaf_value=0.00058107639944161014 -0.00074590906693415061 0.0002682562110929338 -0.0001339847430226133 0.00010071494463638757 0.00034321607762404687 -0.00024540828541400636
leaf_weight=89 85 46 990 588 153 221
leaf_count=89 85 46 990 588 153 221
internal_value=-0.00025759 -0.00372881 0.000417124 0.00281296 -0.00100437 -0.00538961
internal_weight=2172 352 1820 677 1143 306
internal_count=2172 352 1820 677 1143 306
is_linear=0
shrinkage=0.04


Tree=38
num_leaves=7
num_cat=0
split_feature=29 47 115 92 104 59
split_gain=3.04985 3.87361 3.59733 4.54147 3.89881 2.17827
threshold=0.69687536969080355 -0.38390980868953256 0.027142270105438994 1.0475006455109612 0.87949808093655746 -0.40614352087658639
decision_type=2 2 2 2 2 2
left_child=2 -2 4 -4 -1 -3
right_child=1 5 3 -5 -6 -7
leaf_value=9.6045666595484533e-05 0.00017743098690571501 8.1692278787005542e-05 -0.00013507648804586208 0.00029314818811742086 0.0006565468828833743 -0.00042714129204497536
leaf_weight=785 54 59 862 84 81 247
leaf_count=785 54 59 862 84 81 247
internal_value=-0.000294388 -0.00364641 0.000374862 -0.00132911 0.00223502 -0.00538961
internal_weight=2172 360 1812 946 866 306
internal_count=2172 360 1812 946 866 306
is_linear=0
shrinkage=0.04


Tree=39
num_leaves=7
num_cat=0
split_feature=45 30 73 94 87 58
split_gain=2.92844 3.43543 4.80096 3.37683 3.74969 2.174
threshold=-1.6571346470406243 0.56664158428419698 -0.17217374026555984 0.27130995886341991 -0.66804671381866343 0.27034122135408978
decision_type=2 2 2 2 2 2
left_child=3 2 -2 4 -1 -3
right_child=1 5 -4 -5 -6 -7
leaf_value=-0.00057615598968555363 0.00020690608130259378 -0.00043943239611451843 -8.6500098238420086e-05 0.00044865052118128762 0.00018563742066920558 -6.1317660987598757e-05
leaf_weight=41 543 189 1031 42 115 211
leaf_count=41 543 189 1031 42 115 211
internal_value=-0.000312787 -0.000779352 6.34518e-05 0.0043 0.00151899 -0.0040796
internal_weight=2172 1974 1574 198 156 400
internal_count=2172 1974 1574 198 156 400
is_linear=0
shrinkage=0.04


Tree=40
num_leaves=6
num_cat=0
split_feature=80 14 74 116 73
split_gain=3.04587 3.68938 4.19144 3.19145 2.82967
threshold=2.9068463354810183 -0.65201112104466141 -0.49083176081509233 0.81537448045170213 0.091520132155564635
decision_type=2 2 2 2 2
left_child=1 3 -3 -1 -2
right_child=4 2 -4 -5 -6
leaf_value=-0.00031486254327890901 -9.5489561424998213e-05 0.00027283818672258354 -5.5473362104510041e-05 0.00029979961304442632 0.000692105126658461
leaf_weight=292 48 430 1279 51 72
leaf_count=292 48 430 1279 51 72
internal_value=-0.00023919 -0.0006037 0.000157802 -0.00437681 0.00590164
internal_weight=2172 2052 1709 343 120
internal_count=2172 2052 1709 343 120
is_linear=0
shrinkage=0.04


Tree=41
num_leaves=8
num_cat=0
split_feature=113 2 74 86 5 64 46
split_gain=3.21829 3.79319 5.13832 3.1274 3.08538 2.34001 1.94059
threshold=-0.27311885713474765 0.22318975756594614 -0.018518729054587315 0.97418841370214804 0.70250744058019876 0.49550968030866588 -0.43788304663765515
decision_type=2 2 2 2 2 2 2
left_child=1 2 -1 6 -5 -3 -2
right_child=3 5 -4 4 -6 -7 -8
leaf_value=0.00042131246283315127 2.8339969331803024e-05 -0.00019550421106680975 2.1781677979877853e-05 0.00044838363273069993 -0.00033264123319467164 0.00023191571813536697 -0.00015458622843713063
leaf_weight=188 313 229 294 156 48 57 887
leaf_count=188 313 229 294 156 48 57 887
internal_value=-0.000312787 0.00176623 0.00392562 -0.00145092 0.0031068 -0.001875 -0.00222962
internal_weight=2172 768 482 1404 204 286 1200
internal_count=2172 768 482 1404 204 286 1200
is_linear=0
shrinkage=0.04


Tree=42
num_leaves=7
num_cat=0
split_feature=45 80 74 30 36 106
split_gain=3.11531 4.49795 3.79155 4.16985 3.30975 2.62099
threshold=-1.6571346470406243 -0.41526835488785424 -0.13675977502973161 0.64546961244527112 -1.1615059840136734 0.85534366192069866
decision_type=2 2 2 2 2 2
left_child=1 -1 3 -2 -4 -3
right_child=2 5 4 -5 -6 -7
leaf_value=-0.00034995155216248602 0.00017874035345413425 0.00037260745278682903 0.00038472567803341103 -0.00013360780981343408 -0.00018813442276086051 4.5493640505515911e-06
leaf_weight=73 623 84 97 220 1034 41
leaf_count=73 623 84 97 220 1034 41
internal_value=-0.00025759 0.0045 -0.000738866 0.00128994 -0.00225066 0.00905512
internal_weight=2172 198 1974 843 1131 125
internal_count=2172 198 1974 843 1131 125
is_linear=0
shrinkage=0.04


Tree=43
num_leaves=7
num_cat=0
split_feature=29 10 116 35 74 58
split_gain=3.32561 3.49806 3.47125 5.11105 4.6446 1.16691
threshold=0.70708039590085436 1.5502321646784563 0.80881985987343918 -1.1876530268876004 -0.058890887629289068 0.48041028287017151
decision_type=2 2 2 2 2 2
left_child=2 5 4 -4 -1 -2
right_child=1 -3 3 -5 -6 -7
leaf_value=0.00011800808310404955 -0.00052487904685470611 0.00024664747520763313 0.00070635997454339644 0.0001688006289921408 -0.00013912383730192663 -6.9890205351400946e-05
leaf_weight=732 171 46 42 283 763 135
leaf_count=732 171 46 42 283 763 135
internal_value=-0.000294388 -0.00384181 0.00039517 0.00412844 -0.000420842 -0.00538961
internal_weight=2172 352 1820 325 1495 306
internal_count=2172 352 1820 325 1495 306
is_linear=0
shrinkage=0.04


Tree=44
num_leaves=6
num_cat=0
split_feature=80 14 29 116 42
split_gain=3.06412 3.88044 3.84877 2.75273 2.35095
threshold=2.9068463354810183 -0.65201112104466141 0.7345398311282948 0.81537448045170213 0.43650975473196868
decision_type=2 2 2 2 2
left_child=1 3 -3 -1 -2
right_child=4 2 -4 -5 -6
leaf_value=-0.00029800541368684395 4.0563559141766224e-05 5.3910698044818824e-05 -0.00032041001102098673 0.00029558278906347685 0.0008426384020869289
leaf_weight=292 76 1429 280 51 44
leaf_count=292 76 1429 280 51 44
internal_value=-0.00025759 -0.000623174 0.000157802 -0.00449275 0.00590164
internal_weight=2172 2052 1709 343 120
internal_count=2172 2052 1709 343 120
is_linear=0
shrinkage=0.04


Tree=45
num_leaves=5
num_cat=0
split_feature=36 116 74 63
split_gain=3.11987 5.92339 2.91213 2.87742
threshold=-1.1796310889503767 0.82089610468286967 -1.1097134807376545 -0.40285290806537416
decision_type=2 2 2 2
left_child=1 -1 -2 -4
right_child=2 -3 3 -5
leaf_value=-4.4514528503856389e-05 0.00041613569018169569 0.000595302343081105 -0.00019107372234172955 9.4610442110676374e-06
leaf_weight=68 45 49 632 1378
leaf_count=68 45 49 632 1378
internal_value=-0.000331187 0.00596639 -0.000695187 -0.000924453
internal_weight=2172 117 2055 2010
internal_count=2172 117 2055 2010
is_linear=0
shrinkage=0.04


Tree=46
num_leaves=7
num_cat=0
split_feature=45 30 73 94 47 115
split_gain=2.88197 3.43088 5.59366 3.10561 2.69467 1.36138
threshold=-1.6571346470406243 0.66509634701003051 -0.17217374026555984 0.27025618147365854 0.18787597950953344 -0.10824892646650437
decision_type=2 2 2 2 2 2
left_child=3 2 -2 4 -1 -3
right_child=1 5 -4 -5 -6 -7
leaf_value=0.00021015895933071836 0.00017820236816843169 -0.00010787949799480966 -8.9686215753664143e-05 0.00039567822881959251 -0.00042337918229557126 -0.00054064881255039136
leaf_weight=78 580 208 1067 43 77 119
leaf_count=78 580 208 1067 43 77 119
internal_value=-0.000275989 -0.000738866 6.06428e-06 0.0043 0.00159236 -0.00446809
internal_weight=2172 1974 1647 198 155 327
internal_count=2172 1974 1647 198 155 327
is_linear=0
shrinkage=0.04


Tree=47
num_leaves=6
num_cat=0
split_feature=36 116 74 28 110
split_gain=2.74424 5.41919 2.89861 5.82588 3.27243
threshold=-1.1796310889503767 0.82089610468286967 -0.49083176081509233 0.38123825004554263 1.6095084012989611
decision_type=2 2 2 2 2
left_child=1 -1 3 -2 -4
right_child=2 -3 4 -5 -6
leaf_value=-3.9146498733555587e-05 0.00035615171479117148 0.00056436215463112366 -8.9271239212223441e-05 -0.00018982437396037016 0.00036313941946882698
leaf_weight=68 322 49 1468 188 77
leaf_count=68 322 49 1468 188 77
internal_value=-0.000275989 0.00563025 -0.000617404 0.00199219 -0.00148028
internal_weight=2172 117 2055 510 1545
internal_count=2172 117 2055 510 1545
is_linear=0
shrinkage=0.04


Tree=48
num_leaves=7
num_cat=0
split_feature=18 75 81 36 47 60
split_gain=3.0652 3.27937 2.90053 2.53227 2.08731 0.710205
threshold=0.63656315516795647 -0.76959432226545832 0.18018690059286913 -1.1796310889503767 -0.096150537442970571 0.69881360167848638
decision_type=2 2 2 2 2 2
left_child=1 2 -1 -3 -2 -6
right_child=4 3 -4 -5 5 -7
leaf_value=3.4589818854484297e-05 0.00020996616382011279 0.00035916106253643386 0.00043105653732675359 -2.5177404297610106e-05 -0.00032296671776979439 -0.00024519626684471482
leaf_weight=51 49 115 42 1764 82 69
leaf_count=51 49 115 42 1764 82 69
internal_value=-0.00025759 0.000222898 0.00747368 -0.000143541 -0.0049505 -0.0072549
internal_weight=2172 1972 93 1879 200 151
internal_count=2172 1972 93 1879 200 151
is_linear=0
shrinkage=0.04


Tree=49
num_leaves=7
num_cat=0
split_feature=81 59 80 115 31 1
split_gain=2.75943 3.4504 3.55165 3.34036 3.72121 3.56723
threshold=0.088909095312759437 2.8592905988667048 -0.8502259645471385 -0.11247950047113751 0.90432387000437831 -0.58838951122153316
decision_type=2 2 2 2 2 2
left_child=1 2 -1 4 -2 -5
right_child=3 -3 -4 5 -6 -7
leaf_value=0.00029441417602984977 0.00027308905625771844 0.00043051278891682464 -0.00020836314516486579 0.00030555714821406166 -0.00029834848602265727 -0.00012708715396785543
leaf_weight=120 357 42 1032 159 42 420
leaf_count=120 357 42 1032 159 42 420
internal_value=-0.000165593 -0.00145485 -0.00187175 0.00140816 0.00421446 -0.000533563
internal_weight=2172 1194 1152 978 399 579
internal_count=2172 1194 1152 978 399 579
is_linear=0
shrinkage=0.04


Tree=50
num_leaves=8
num_cat=0
split_feature=63 74 47 116 87 60 113
split_gain=2.97152 4.40985 7.13879 4.49433 2.19971 3.43629 1.45281
threshold=-0.53243865369777221 -0.47630866700198249 -0.277043621890457 0.79085759111692211 -0.023661039786629926 0.6889465837792258 0.025162084254747228
decision_type=2 2 2 2 2 2 2
left_child=4 2 -2 -3 5 -1 -6
right_child=1 3 -4 -5 6 -7 -8
leaf_value=0.00014141498399041831 0.00072093535829724682 -8.8928453192055646e-05 0.00012880997788383209 0.00028224400471768676 -0.00021808172401164145 -0.00039153116260378512 -0.00033878568992780204
leaf_weight=197 79 930 298 307 160 65 136
leaf_count=197 79 930 298 307 160 65 136
internal_value=-0.00023919 0.000631188 0.00440633 -0.000524617 -0.00275 -7.57576e-05 -0.00510067
internal_weight=2172 1614 377 1237 558 262 296
internal_count=2172 1614 377 1237 558 262 296
is_linear=0
shrinkage=0.04


Tree=51
num_leaves=7
num_cat=0
split_feature=2 81 110 79 63 38
split_gain=3.16288 4.32506 5.23659 4.08807 2.64849 2.02292
threshold=0.2123161507360585 0.088909095312759437 0.056955246642967132 -0.79093500208697665 0.96575100875830844 1.4921071416507885
decision_type=2 2 2 2 2 2
left_child=1 3 -3 -1 5 -2
right_child=4 2 -4 -5 -6 -7
leaf_value=0.00028286109342888884 -0.00022470372274186539 -2.8706598798663997e-06 0.00034399692109110265 -0.00020403374178827745 0.00040118455206305311 0.00019286933951298126
leaf_weight=196 684 348 286 508 71 79
leaf_count=196 684 348 286 508 71 79
internal_value=-0.000294388 0.000910448 0.00330189 -0.00124646 -0.00222488 -0.00291503
internal_weight=2172 1338 634 704 834 763
internal_count=2172 1338 634 704 834 763
is_linear=0
shrinkage=0.04


Tree=52
num_leaves=6
num_cat=0
split_feature=82 2 74 47 14
split_gain=2.67686 2.81667 4.15973 2.45896 0.413214
threshold=-0.63741139356544096 0.2123161507360585 -0.018518729054587315 -0.29250078512762284 0.43085779024400161
decision_type=2 2 2 2 2
left_child=4 2 -2 -3 -1
right_child=1 3 -4 -5 -6
leaf_value=-0.00063828142935028448 0.00020689365245518261 8.4717598730700566e-05 -3.0914784149268517e-05 -0.0001931048559126572 -0.00032289120282686019
leaf_weight=45 543 261 741 534 48
leaf_count=45 543 261 741 534 48
internal_value=-0.000275989 2.40269e-05 0.00118196 -0.00184442 -0.00684211
internal_weight=2172 2079 1284 795 93
internal_count=2172 2079 1284 795 93
is_linear=0
shrinkage=0.04


Tree=53
num_leaves=5
num_cat=0
split_feature=60 37 44 28
split_gain=2.93147 2.5601 4.19606 3.04145
threshold=-1.4273201311757324 -0.88494650667391228 -0.85891760303964571 -0.49187742040683607
decision_type=2 2 2 2
left_child=-1 2 -2 -3
right_child=1 3 -4 -5
leaf_value=0.00045527804928428839 -0.00032327137375881445 -0.00031891781373898548 0.00027377307724985229 -8.3968690673616803e-06
leaf_weight=72 46 313 179 1562
leaf_count=72 46 313 179 1562
internal_value=-0.00025759 -0.000532826 0.00348018 -0.00101758
internal_weight=2172 2100 225 1875
internal_count=2172 2100 225 1875
is_linear=0
shrinkage=0.04


Tree=54
num_leaves=7
num_cat=0
split_feature=29 10 115 11 74 12
split_gain=2.29308 3.12166 3.06066 3.6398 3.10867 1.90777
threshold=0.70708039590085436 1.5502321646784563 0.042243553108926975 -1.2142292802082804 -0.47630866700198249 0.17682066297280644
decision_type=2 2 2 2 2 2
left_child=2 5 3 -1 -4 -2
right_child=1 -3 4 -5 -6 -7
leaf_value=-0.00037156546784185003 -0.00060727043404680623 0.00024242040993490235 0.00031619967474807249 0.00012158303296290654 -0.00012188372416333603 -0.00017282994817314573
leaf_weight=68 85 46 120 825 807 221
leaf_count=68 85 46 120 825 807 221
internal_value=-0.000331187 -0.00327684 0.000241493 0.00191061 -0.00136706 -0.00474026
internal_weight=2172 352 1820 893 927 306
internal_count=2172 352 1820 893 927 306
is_linear=0
shrinkage=0.04


Tree=55
num_leaves=7
num_cat=0
split_feature=106 45 74 1 26 19
split_gain=2.37744 4.07791 3.83235 3.23989 2.84724 0.295238
threshold=0.9053397435191699 -2.2911557950696495 0.031704734288882257 -0.77112816282034735 0.87854419456297117 -0.2940712071493547
decision_type=2 2 2 2 2 2
left_child=1 2 -1 -2 -3 -5
right_child=3 4 -4 5 -6 -7
leaf_value=1.7278299595643378e-05 0.00030361652228492412 1.0603952167066028e-05 0.00036739615621961009 -0.0002160858923247213 -0.00030220810701994579 -0.0010116159719449056
leaf_weight=63 52 1729 42 40 158 88
leaf_count=63 52 1729 42 40 158 88
internal_value=-0.00023919 0.000160481 0.00775701 -0.00461538 -0.000269984 -0.008
internal_weight=2172 1992 105 180 1887 128
internal_count=2172 1992 105 180 1887 128
is_linear=0
shrinkage=0.04


Tree=56
num_leaves=7
num_cat=0
split_feature=63 74 47 79 80 48
split_gain=2.33376 4.1518 5.78264 3.92761 3.23529 3.07866
threshold=-0.53243865369777221 -0.47630866700198249 -0.28547588552855324 1.1863850861276295 3.1034167255923308 -0.26993116911853543
decision_type=2 2 2 2 2 2
left_child=4 2 -2 -3 5 -1
right_child=1 3 -4 -5 -6 -7
leaf_value=2.0380697149429139e-05 0.00068057194919042996 -4.5434554245403911e-05 9.6622557817066109e-05 0.00043152916588968875 0.00021431567346086669 -0.00032412427157797887
leaf_weight=196 78 1175 299 62 58 304
leaf_count=196 78 1175 299 62 58 304
internal_value=-0.00023919 0.000532178 0.00419525 -0.000589185 -0.00246429 -0.00350598
internal_weight=2172 1614 377 1237 558 500
internal_count=2172 1614 377 1237 558 500
is_linear=0
shrinkage=0.04


Tree=57
num_leaves=7
num_cat=0
split_feature=106 59 63 29 1 114
split_gain=2.41757 3.06269 3.14436 3.02992 2.68091 0.407059
threshold=0.9053397435191699 1.3661734016525295 -0.54811586847297056 0.46140231555570305 -0.77112816282034735 0.70721541902574925
decision_type=2 2 2 2 2 2
left_child=1 2 -1 -3 -2 -6
right_child=4 3 -4 -5 5 -7
leaf_value=-0.00017088024623831155 0.00029013719222458308 0.00074323420665561271 2.3507440158615363e-05 2.6279991741848254e-06 -0.00067793132147696028 -0.00029237069444443243
leaf_weight=464 52 69 1378 81 85 43
leaf_count=464 52 69 1378 81 85 43
internal_value=-0.000202392 0.000200602 -0.000249458 0.00565789 -0.00461538 -0.00769231
internal_weight=2172 1992 1842 150 180 128
internal_count=2172 1992 1842 150 180 128
is_linear=0
shrinkage=0.04


Tree=58
num_leaves=5
num_cat=0
split_feature=82 117 111 1
split_gain=2.37789 2.90155 4.52284 2.95781
threshold=-0.65900029102702162 -0.64335901765286685 0.052260223805382901 -0.56674918953722031
decision_type=2 2 2 2
left_child=-1 2 -2 -3
right_child=1 3 -4 -5
leaf_value=-0.00056097693521600471 0.00052222350118327158 0.00010551164889091299 4.4970091484755824e-05 -7.4791830659055492e-05
leaf_weight=75 81 410 291 1315
leaf_count=75 81 410 291 1315
internal_value=-0.00023919 1.42925e-05 0.00320856 -0.000677475
internal_weight=2172 2097 372 1725
internal_count=2172 2097 372 1725
is_linear=0
shrinkage=0.04


Tree=59
num_leaves=8
num_cat=0
split_feature=2 109 82 94 59 11 45
split_gain=2.42761 3.38902 3.89238 3.56162 2.52389 3.24388 1.76546
threshold=0.2123161507360585 -1.1691897744130004 0.027940978298947938 -0.21416343261400131 -0.52550341180936366 -0.066772814288456731 -2.2911557950696495
decision_type=2 2 2 2 2 2 2
left_child=1 2 -1 -3 5 -2 -6
right_child=4 3 -4 -5 6 -7 -8
leaf_value=0.00043323818203047079 -0.0003740159260067949 -8.3378885820512279e-05 1.2860780073405618e-05 0.0001142986772883789 0.00020515486370822723 0.00042588270183281917 -0.00020121406324439376
leaf_weight=40 40 541 52 705 42 60 692
leaf_count=40 40 541 52 705 42 60 692
internal_value=-0.000294388 0.000761194 0.00808511 0.000208333 -0.00198565 0.00392157 -0.00279891
internal_weight=2172 1338 92 1246 834 100 734
internal_count=2172 1338 92 1246 834 100 734
is_linear=0
shrinkage=0.04


Tree=60
num_leaves=6
num_cat=0
split_feature=82 106 45 1 18
split_gain=2.63204 2.61654 4.18354 2.68091 0.626726
threshold=-0.63741139356544096 0.9053397435191699 -2.2911557950696495 -0.77112816282034735 0.045708209949864458
decision_type=2 2 2 2 2
left_child=4 2 -2 -3 -1
right_child=1 3 -4 -5 -6
leaf_value=-0.00045831462355688031 0.00029180070478663996 0.00026973929148842808 -2.3743691169586523e-07 -0.00057549675168062995 -0.00054191962655315775
leaf_weight=40 94 52 1805 128 53
leaf_count=40 94 52 1805 128 53
internal_value=-0.000331187 -3.36377e-05 0.00040505 -0.00461538 -0.00684211
internal_weight=2172 2079 1899 180 93
internal_count=2172 2079 1899 180 93
is_linear=0
shrinkage=0.04


Tree=61
num_leaves=8
num_cat=0
split_feature=81 2 110 111 85 117 72
split_gain=2.41353 3.68103 4.52062 3.37492 3.24121 2.86907 0.752519
threshold=0.088909095312759437 0.20289319108297257 0.4928134906808232 0.80405750435436463 -0.5559931938986592 -0.6016306596297164 -0.55658169068728014
decision_type=2 2 2 2 2 2 2
left_child=3 2 -2 5 -3 -1 -5
right_child=1 4 -4 6 -6 -7 -8
leaf_value=0.00029568344635051133 2.7937797373424802e-05 0.00028323448408948377 0.00033398612170925339 -6.2733027260054413e-05 -0.00014223319580077522 -6.7922430760771147e-05 -0.0003642787170884902
leaf_weight=180 468 41 162 42 307 810 162
leaf_count=180 468 41 162 42 307 810 162
internal_value=-0.000349586 0.00112245 0.00294304 -0.00155518 -0.00217143 -0.000584677 -0.00621359
internal_weight=2172 978 630 1194 348 990 204
internal_count=2172 978 630 1194 348 990 204
is_linear=0
shrinkage=0.04


Tree=62
num_leaves=6
num_cat=0
split_feature=17 75 38 74 117
split_gain=2.37312 3.27416 3.15069 2.8351 2.09574
threshold=0.51685679934639428 -0.76959432226545832 1.1682108854146216 -0.13675977502973161 -0.65304380353717906
decision_type=2 2 2 2 2
left_child=1 -1 4 -3 -2
right_child=2 3 -4 -5 -6
leaf_value=0.00034831514567720481 4.7570575646504327e-06 0.00012935025936058721 0.00026467382006593854 -5.2939734093506234e-05 -0.00029465638258010276
leaf_weight=72 122 605 40 1047 286
leaf_count=72 122 605 40 1047 286
internal_value=-0.00025759 0.000417149 -0.00284444 4.83676e-05 -0.00390244
internal_weight=2172 1724 448 1652 408
internal_count=2172 1724 448 1652 408
is_linear=0
shrinkage=0.04


Tree=63
num_leaves=5
num_cat=0
split_feature=110 3 46 59
split_gain=2.58901 2.29156 2.8492 2.58323
threshold=1.6095084012989611 0.44704100769452521 1.2732112139994549 -0.52550341180936366
decision_type=2 2 2 2
left_child=1 2 -1 -3
right_child=-2 3 -4 -5
leaf_value=-9.447060277771035e-06 0.0003079124746635084 0.00018156103103108369 0.00019422032204513925 -0.00025725630305217827
leaf_weight=1413 78 66 163 452
leaf_count=1413 78 66 163 452
internal_value=-0.000312787 -0.000582061 0.00017744 -0.00288462
internal_weight=2172 2094 1576 518
internal_count=2172 2094 1576 518
is_linear=0
shrinkage=0.04


Tree=64
num_leaves=5
num_cat=0
split_feature=82 106 73 73
split_gain=2.37789 2.66932 3.2647 2.67514
threshold=-0.65900029102702162 0.9053397435191699 0.4304912663541548 0.77559107972135111
decision_type=2 2 2 2
left_child=-1 2 -2 -3
right_child=1 3 -4 -5
leaf_value=-0.00051363144823614326 5.6794532917480658e-05 -0.00086167167194019017 -0.00012567268301492103 0.00016578603999821182
leaf_weight=75 1404 111 513 69
leaf_count=75 1404 111 513 69
internal_value=-0.00023919 1.42925e-05 0.000453361 -0.00461538
internal_weight=2172 2097 1917 180
internal_count=2172 2097 1917 180
is_linear=0
shrinkage=0.04


Tree=65
num_leaves=6
num_cat=0
split_feature=106 60 1 86 43
split_gain=2.39746 2.79618 2.68091 2.51054 0.353137
threshold=0.9053397435191699 -1.4273201311757324 -0.77112816282034735 0.40138419772164802 -0.14795955023305457
decision_type=2 2 2 2 2
left_child=1 -1 -2 -3 -4
right_child=2 3 4 -5 -6
leaf_value=0.00047890729823116127 0.00028145948622367028 -4.3742385522259064e-05 -0.00055837739263362384 9.1544568333057837e-05 -0.00042552817913532257
leaf_weight=51 52 1380 68 561 60
leaf_count=51 52 1380 68 561 60
internal_value=-0.000220791 0.000180542 -0.00461538 -6.69068e-05 -0.00769231
internal_weight=2172 1992 180 1941 128
internal_count=2172 1992 180 1941 128
is_linear=0
shrinkage=0.04


Tree=66
num_leaves=8
num_cat=0
split_feature=2 81 110 79 64 45 43
split_gain=2.21078 3.63737 4.39849 4.08807 2.14173 2.41092 1.97747
threshold=0.2123161507360585 0.088909095312759437 0.4928134906808232 -0.79093500208697665 0.50326432855183023 0.26754639694371551 -0.77638152181247533
decision_type=2 2 2 2 2 2 2
left_child=1 3 -3 -1 6 -6 -2
right_child=4 2 -4 -5 5 -7 -8
leaf_value=0.00024968025495086441 0.00020278992291235883 2.7635070973920303e-05 0.00031294171095690707 -0.00018417428543022834 0.00026052668137629091 -0.00025812823783534554 -0.000226365606403547
leaf_weight=196 52 471 163 508 121 51 610
leaf_count=196 52 471 163 508 121 51 610
internal_value=-0.000275989 0.000731343 0.00292453 -0.00124646 -0.00188995 0.00206897 -0.00292169
internal_weight=2172 1338 634 704 834 172 662
internal_count=2172 1338 634 704 834 172 662
is_linear=0
shrinkage=0.04


Tree=67
num_leaves=7
num_cat=0
split_feature=106 73 45 93 73 45
split_gain=2.16366 2.99196 2.35877 4.52594 3.15529 0.181364
threshold=0.9053397435191699 0.77559107972135111 -1.6571346470406243 -0.57708613551274623 0.4304912663541548 -0.79422387802653138
decision_type=2 2 2 2 2 2
left_child=2 5 3 -1 -4 -2
right_child=1 -3 4 -5 -6 -7
leaf_value=-0.00021055707049972015 -0.00051441668700074824 0.00014679081611037982 2.5842596139246387e-05 0.00032801365272291233 -0.00017634727712545199 -0.00090456991539745676
leaf_weight=52 40 69 1357 97 486 71
leaf_count=52 40 69 1357 97 486 71
internal_value=-0.000220791 -0.0043956 0.000160481 0.00496689 -0.000233062 -0.00840708
internal_weight=2172 180 1992 149 1843 111
internal_count=2172 180 1992 149 1843 111
is_linear=0
shrinkage=0.04


Tree=68
num_leaves=5
num_cat=0
split_feature=110 37 14 7
split_gain=2.19801 2.30806 4.53647 3.41072
threshold=1.6095084012989611 -0.88494650667391228 0.50909067019924292 1.0000000180025095e-35
decision_type=2 2 2 2
left_child=1 2 -1 -3
right_child=-2 3 -4 -5
leaf_value=3.2682006318279778e-06 0.00028482724728021153 -0.0001316154645518397 0.00061488321048892619 2.0865869774247174e-05
leaf_weight=178 78 845 47 1024
leaf_count=178 78 845 47 1024
internal_value=-0.00025759 -0.000505725 0.00330396 -0.000967397
internal_weight=2172 2094 225 1869
internal_count=2172 2094 225 1869
is_linear=0
shrinkage=0.04


Tree=69
num_leaves=6
num_cat=0
split_feature=36 108 106 35 73
split_gain=2.37677 3.56292 2.84631 2.85261 2.19421
threshold=-1.1796310889503767 -0.1315330401152992 0.9053397435191699 -0.98941073622992537 0.77559107972135111
decision_type=2 2 2 2 2
left_child=1 -1 3 -2 -4
right_child=2 -3 4 -5 -6
leaf_value=-4.1785342480940777e-05 -0.00026323614947342206 0.00049086644845303421 -0.00085268152387695526 6.9399137385778644e-06 1.4742821283491304e-05
leaf_weight=66 116 51 103 1775 61
leaf_count=66 116 51 103 1775 61
internal_value=-0.000202392 0.00529412 -0.000520175 -7.92393e-05 -0.00554217
internal_weight=2172 117 2055 1891 164
internal_count=2172 117 2055 1891 164
is_linear=0
shrinkage=0.04


Tree=70
num_leaves=7
num_cat=0
split_feature=63 74 28 75 80 39
split_gain=2.15344 3.86176 6.17431 3.88105 3.13195 2.39492
threshold=-0.53243865369777221 -0.47630866700198249 0.40089513451703546 1.6975204310330565 3.1034167255923308 -0.30855312837249033
decision_type=2 2 2 2 2 2
left_child=4 2 -2 -3 5 -1
right_child=1 3 -4 -5 -6 -7
leaf_value=9.8144523990570905e-05 0.00048954280314673579 -3.8233771600481579e-05 -0.00016745923706798117 0.00033507068221619031 0.00020967245598936104 -0.00025807053762077852
leaf_weight=126 240 1197 137 40 58 374
leaf_count=126 240 1197 137 40 58 374
internal_value=-0.000183993 0.000556931 0.00408971 -0.000524617 -0.00232143 -0.00334661
internal_weight=2172 1614 377 1237 558 500
internal_count=2172 1614 377 1237 558 500
is_linear=0
shrinkage=0.04


Tree=71
num_leaves=7
num_cat=0
split_feature=4 38 74 28 75 105
split_gain=2.72708 4.51497 3.31426 4.41869 2.65998 2.27066
threshold=0.38631519781727208 1.4921071416507885 -0.49083176081509233 0.44890216476303751 1.6975204310330565 0.87003729117052908
decision_type=2 2 2 2 2 2
left_child=2 5 3 -1 -4 -2
right_child=1 -3 4 -5 -6 -7
leaf_value=0.00046523081005678133 -0.00012811976241964619 0.00033370557744815456 -2.1762582359536946e-05 -0.00017723395858676596 0.00029415644334669091 -0.0006983182400411564
leaf_weight=193 493 56 1203 78 62 87
leaf_count=193 493 56 1203 78 62 87
internal_value=-0.000183993 -0.00238245 0.000728218 0.00472527 -0.000134175 -0.00343643
internal_weight=2172 636 1536 271 1265 580
internal_count=2172 636 1536 271 1265 580
is_linear=0
shrinkage=0.04


Tree=72
num_leaves=5
num_cat=0
split_feature=110 105 97 16
split_gain=2.50885 2.3353 2.60774 2.56053
threshold=1.6095084012989611 0.97739082418345735 -1.1076143309723174 -0.47138250954182731
decision_type=2 2 2 2
left_child=1 2 -1 -3
right_child=-2 3 -4 -5
leaf_value=-0.00030906092459057435 0.00027555641499786083 0.00025260649932500409 9.6714029446925281e-06 -0.00046427722236691923
leaf_weight=126 78 70 1707 191
leaf_count=126 78 70 1707 191
internal_value=-0.000202392 -0.000467557 3.81471e-05 -0.0039924
internal_weight=2172 2094 1833 261
internal_count=2172 2094 1833 261
is_linear=0
shrinkage=0.04


Tree=73
num_leaves=7
num_cat=0
split_feature=108 91 2 82 117 14
split_gain=2.18243 4.29964 2.74157 2.68742 2.33093 0.260453
threshold=-0.69626176704884846 -0.27669266098619216 -0.31262087145550543 -0.62633613148861456 -0.64335901765286685 0.5794227147192198
decision_type=2 2 2 2 2 2
left_child=1 -1 -3 5 -5 -2
right_child=3 2 -4 4 -6 -7
leaf_value=0.00045284417804289894 -0.00066585054389303993 0.00028445482499923897 -0.000112665489287803 9.7446568822242294e-05 -4.4122449138140256e-05 -0.00044998980733568813
leaf_weight=75 47 102 183 333 1392 40
leaf_count=75 47 102 183 333 1392 40
internal_value=-0.000183993 0.00265193 0.000383275 -0.000749724 -0.000399537 -0.00752809
internal_weight=2172 360 285 1812 1725 87
internal_count=2172 360 285 1812 1725 87
is_linear=0
shrinkage=0.04


Tree=74
num_leaves=6
num_cat=0
split_feature=60 110 114 117 40
split_gain=2.36348 3.62564 2.07557 2.35198 2.03931
threshold=-1.0711984856251204 0.75630401776950851 1.4064585822472693 -0.6016306596297164 0.97365319008036033
decision_type=2 2 2 2 2
left_child=1 4 3 -2 -1
right_child=2 -3 -4 -5 -6
leaf_value=-0.00015082343938238138 6.824235559179451e-05 0.00038312748381886342 0.00030106443652744503 -5.6659221279349052e-05 0.00039126472503839201
leaf_weight=56 453 42 63 1494 64
leaf_count=56 453 42 63 1494 64
internal_value=-0.000349586 0.00426829 -0.000725646 -0.000959466 0.000655738
internal_weight=2172 162 2010 1947 120
internal_count=2172 162 2010 1947 120
is_linear=0
shrinkage=0.04


Tree=75
num_leaves=5
num_cat=0
split_feature=82 2 28 59
split_gain=2.30243 2.24938 3.17223 2.72595
threshold=-0.65900029102702162 0.31497320768765441 -0.32996472307564378 -0.52550341180936366
decision_type=2 2 2 2
left_child=-1 2 -2 -3
right_child=1 3 -4 -5
leaf_value=-0.00049984059936728452 -5.5234976783039191e-05 0.00026142486577058067 9.0501121180140283e-05 -0.00015792167266541035
leaf_weight=75 451 76 941 629
leaf_count=75 451 76 941 629
internal_value=-0.000349586 -0.000100048 0.000832138 -0.00193777
internal_weight=2172 2097 1392 705
internal_count=2172 2097 1392 705
is_linear=0
shrinkage=0.04


Tree=76
num_leaves=5
num_cat=0
split_feature=110 29 12 86
split_gain=2.56215 1.89474 2.35646 2.29283
threshold=1.6095084012989611 0.7345398311282948 0.17682066297280644 0.9781347742399501
decision_type=2 2 2 2
left_child=1 3 -3 -1
right_child=-2 2 -4 -5
leaf_value=-1.3909375703653887e-05 0.00025595218444204122 -0.00044933045328846314 -3.9899115222773805e-05 0.00028047011088217665
leaf_weight=1571 78 88 218 217
leaf_count=1571 78 88 218 217
internal_value=-0.000275989 -0.000543893 -0.00344156 -4.46927e-05
internal_weight=2172 2094 306 1788
internal_count=2172 2094 306 1788
is_linear=0
shrinkage=0.04


Tree=77
num_leaves=6
num_cat=0
split_feature=82 117 35 17 14
split_gain=2.45475 2.38775 3.69323 3.14125 0.623819
threshold=-0.62633613148861456 -0.6016306596297164 0.91525943345390404 0.51685679934639428 0.43085779024400161
decision_type=2 2 2 2 2
left_child=4 2 -2 -3 -1
right_child=1 3 -4 -5 -6
leaf_value=-0.00052917945778087794 0.00020770365480627021 2.3330073261612628e-06 -0.00039448044347440976 -0.0002504894423634015 -0.00018886313462845142
leaf_weight=48 362 1382 55 271 54
leaf_count=48 362 1382 55 271 54
internal_value=-0.000349586 -4.82625e-05 0.00264916 -0.000731118 -0.00634615
internal_weight=2172 2070 417 1653 102
internal_count=2172 2070 417 1653 102
is_linear=0
shrinkage=0.04


Tree=78
num_leaves=7
num_cat=0
split_feature=60 110 28 13 113 100
split_gain=2.36348 3.03546 2.10615 4.2107 1.28671 1.25445
threshold=-1.0711984856251204 0.38748433959187084 1.1614133359457002 1.7765049149055983 -0.49088394329206669 0.11319757746708091
decision_type=2 2 2 2 2 2
left_child=1 4 3 -2 -1 -4
right_child=2 -3 5 -5 -6 -7
leaf_value=0.00039236576840493434 -1.3480936281305388e-05 0.00035818583280322619 -0.00053081004743989559 0.00034534472253014594 -0.00029979158952358765 -0.00019834698566864684
leaf_weight=45 1812 72 69 51 45 78
leaf_count=45 1812 72 69 51 45 78
internal_value=-0.000349586 0.00426829 -0.000725646 -0.000359249 -0.000652174 -0.00530201
internal_weight=2172 162 2010 1863 90 147
internal_count=2172 162 2010 1863 90 147
is_linear=0
shrinkage=0.04


Tree=79
num_leaves=6
num_cat=0
split_feature=10 38 29 74 12
split_gain=2.23799 4.90681 3.30343 2.5383 1.62281
threshold=1.9425131994134441 2.5033486818068451 0.70708039590085436 -0.49083176081509233 0.17682066297280644
decision_type=2 2 2 2 2
left_child=2 -2 3 -1 -4
right_child=1 -3 4 -5 -6
leaf_value=0.00019464486123248659 0.00066968059615530055 -0.00018601300303248595 -0.00048539608153804983 -1.7985627172375091e-05 -8.6668408051343506e-05
leaf_weight=367 48 56 90 1384 227
leaf_count=367 48 56 90 1384 227
internal_value=-0.000386385 0.00528302 -0.000676329 5.70451e-06 -0.00442006
internal_weight=2172 104 2068 1751 317
internal_count=2172 104 2068 1751 317
is_linear=0
shrinkage=0.04


Tree=80
num_leaves=7
num_cat=0
split_feature=63 74 28 116 80 13
split_gain=2.2872 3.18517 5.7504 3.56641 2.7879 2.57601
threshold=-0.54811586847297056 -0.47630866700198249 0.40089513451703546 0.79085759111692211 3.2752619443202975 -0.35101977691535463
decision_type=2 2 2 2 2 2
left_child=4 2 -2 -3 5 -1
right_child=1 3 -4 -5 -6 -7
leaf_value=8.7138295506044715e-05 0.00044329122328326255 -6.7527373138362052e-05 -0.00013009595156286829 0.00023059449326683705 0.00024243354459535182 -0.0002292204747607924
leaf_weight=121 240 938 137 308 48 380
leaf_count=121 240 938 137 308 48 380
internal_value=-0.000404784 0.000350769 0.00356201 -0.000625 -0.00263158 -0.00351889
internal_weight=2172 1623 377 1246 549 501
internal_count=2172 1623 377 1246 549 501
is_linear=0
shrinkage=0.04


Tree=81
num_leaves=5
num_cat=0
split_feature=110 30 74 28
split_gain=2.58901 2.10078 2.70862 2.62818
threshold=1.6095084012989611 0.28923930080699473 -0.047750031042187731 -0.70046561917089711
decision_type=2 2 2 2
left_child=1 2 -1 -3
right_child=-2 3 -4 -5
leaf_value=0.0001163496997372225 0.00023948497336956175 0.00036157444986874998 -2.9761026343795538e-05 -0.00014231383209419807
leaf_weight=573 78 41 832 648
leaf_count=573 78 41 832 648
internal_value=-0.000312787 -0.000582061 0.000305615 -0.00238784
internal_weight=2172 2094 1405 689
internal_count=2172 2094 1405 689
is_linear=0
shrinkage=0.04


Tree=82
num_leaves=6
num_cat=0
split_feature=97 106 73 38 97
split_gain=1.97902 2.14636 2.79475 2.78966 1.33697
threshold=-1.1076143309723174 0.9053397435191699 0.77559107972135111 1.7584838265901641 -1.402238666590321
decision_type=2 2 2 2 2
left_child=4 3 -3 -2 -1
right_child=1 2 -4 -5 -6
leaf_value=-1.6396442979211869e-05 4.3629056722824244e-07 -0.0007344279610401954 0.00012589003057487488 0.00030601030307284254 -0.00062313922003625493
leaf_weight=54 1773 111 69 93 72
leaf_count=54 1773 111 69 93 72
internal_value=-0.000331187 -2.92969e-05 -0.00417582 0.000374732 -0.00515625
internal_weight=2172 2046 180 1866 126
internal_count=2172 2046 180 1866 126
is_linear=0
shrinkage=0.04


Tree=83
num_leaves=6
num_cat=0
split_feature=97 109 35 84 97
split_gain=1.99414 2.05779 2.86443 2.59284 1.33697
threshold=-1.1076143309723174 -1.2735572796800956 -0.61072307958170191 0.88044324244702199 -1.402238666590321
decision_type=2 2 2 2 2
left_child=4 2 -2 -3 -1
right_child=1 3 -4 -5 -6
leaf_value=-1.5740585260043423e-05 -5.3704927135862799e-05 -2.1091279640751763e-05 0.00037296700694567367 0.00015533152646773096 -0.0005982136512348048
leaf_weight=54 42 1650 42 312 72
leaf_count=54 42 1650 42 312 72
internal_value=-0.000312787 -9.76563e-06 0.00604651 -0.000274949 -0.00515625
internal_weight=2172 2046 84 1962 126
internal_count=2172 2046 84 1962 126
is_linear=0
shrinkage=0.04


Tree=84
num_leaves=8
num_cat=0
split_feature=63 14 87 87 59 112 113
split_gain=2.14781 3.25174 3.00807 2.58392 3.05992 2.129 1.67776
threshold=-0.51957094939709847 -0.59643906965691962 -0.50057018038231837 -0.023661039786629926 0.31494088566163875 -1.0075182969062066 0.025162084254747228
decision_type=2 2 2 2 2 2 2
left_child=3 5 -3 4 -1 -2 -5
right_child=1 2 -4 6 -6 -7 -8
leaf_value=-9.9787937096550651e-05 9.8260328254533538e-05 -9.3096259526638804e-05 0.00013210697920554266 -0.00016239843057899093 0.00020781064700783522 -0.00027909931152994701 -0.00025486598113143142
leaf_weight=194 40 333 1003 164 70 229 139
leaf_count=194 40 333 1003 164 70 229 139
internal_value=-0.000331187 0.000416926 0.00122571 -0.00244288 0.000451128 -0.00357934 -0.00495082
internal_weight=2172 1605 1336 567 264 269 303
internal_count=2172 1605 1336 567 264 269 303
is_linear=0
shrinkage=0.04


Tree=85
num_leaves=7
num_cat=0
split_feature=30 28 82 80 10 28
split_gain=2.25219 3.36745 4.43848 3.7473 2.90113 2.29066
threshold=0.28923930080699473 -0.41334785778005839 0.61752466050173094 -0.010021425020485244 1.9425131994134441 -0.70046561917089711
decision_type=2 2 2 2 2 2
left_child=1 3 -3 -1 5 -2
right_child=4 2 -4 -5 -6 -7
leaf_value=3.1182951252994967e-05 0.00035166152181800636 4.0949980186591466e-06 0.0003146659728086747 -0.00039994018438656076 0.00022005379783857429 -0.00017107066882431646
leaf_weight=251 41 731 277 169 54 649
leaf_count=251 41 731 277 169 54 649
internal_value=-0.000202392 0.000727273 0.0019802 -0.00227488 -0.00198391 -0.00268786
internal_weight=2172 1428 1008 420 744 690
internal_count=2172 1428 1008 420 744 690
is_linear=0
shrinkage=0.04


Tree=86
num_leaves=6
num_cat=0
split_feature=36 116 103 24 37
split_gain=2.10989 3.75684 2.5955 2.43489 0.403253
threshold=-1.1796310889503767 0.80881985987343918 1.2966451447909992 -0.31636053110061796 0.57333399155510578
decision_type=2 2 2 2 2
left_child=1 -1 3 -2 -4
right_child=2 -3 4 -5 -6
leaf_value=-6.8238153536456829e-05 -0.00011716770061744507 0.000462872882024514 -0.00067301604543580651 1.6899581121654854e-05 -0.00016863857187568847
leaf_weight=63 578 54 46 1382 49
leaf_count=63 578 54 46 1382 49
internal_value=-0.000220791 0.00495798 -0.000520175 -0.000203874 -0.00690722
internal_weight=2172 117 2055 1960 95
internal_count=2172 117 2055 1960 95
is_linear=0
shrinkage=0.04


Tree=87
num_leaves=8
num_cat=0
split_feature=81 84 74 117 36 75 5
split_gain=1.88968 3.21064 3.19759 2.91781 2.74461 3.23921 2.52067
threshold=0.088909095312759437 0.86964883672407323 -0.46033577696520711 -0.6016306596297164 -1.1796310889503767 0.52102911031409149 -0.97105091769627949
decision_type=2 2 2 2 2 2 2
left_child=1 3 -3 -1 6 -6 -2
right_child=4 2 -4 -5 5 -7 -8
leaf_value=9.0621685256465719e-05 1.8357934347423417e-05 0.00046722359464015749 -8.3488071587553208e-07 -0.00019659204475735257 6.6251450930974946e-05 -0.00012587866359983714 0.00044057141280419253
leaf_weight=228 41 63 138 765 568 326 43
leaf_count=228 41 63 138 765 568 326 43
internal_value=-0.000220791 -0.00128763 0.00330049 -0.00222111 0.00108163 0.000424107 0.00790698
internal_weight=2172 1194 201 993 978 894 84
internal_count=2172 1194 201 993 978 894 84
is_linear=0
shrinkage=0.04


Tree=88
num_leaves=6
num_cat=0
split_feature=97 108 13 59 86
split_gain=2.35755 2.79742 3.63735 2.87339 0.886796
threshold=-1.1076143309723174 -0.69626176704884846 -0.39552731055782059 0.093490718202957984 0.29642184272397482
decision_type=2 2 2 2 2
left_child=4 2 -2 -3 -1
right_child=1 3 -4 -5 -6
leaf_value=-2.9645433671026053e-05 0.00047905291308057886 -7.1237538158554499e-05 1.9274450062925705e-05 4.9990374847397534e-05 -0.0004051551908917464
leaf_weight=51 77 990 241 738 75
leaf_count=51 77 990 241 738 75
internal_value=-0.000202392 0.000126953 0.0035625 -0.000508671 -0.00546875
internal_weight=2172 2046 318 1728 126
internal_count=2172 2046 318 1728 126
is_linear=0
shrinkage=0.04


Tree=89
num_leaves=5
num_cat=0
split_feature=75 106 73 73
split_gain=2.20865 3.09465 2.76476 0.945745
threshold=1.6975204310330565 0.9053397435191699 0.65548493596161272 0.77559107972135111
decision_type=2 2 2 2
left_child=1 2 -1 -3
right_child=-2 3 -4 -5
leaf_value=1.5624001979630681e-05 0.00020107220332165831 -0.00071493416208026628 -0.00016436282220242467 -6.3696047699731841e-05
leaf_weight=1641 66 108 312 45
leaf_count=1641 66 108 312 45
internal_value=-0.000331187 -0.000559772 -0.000127877 -0.006
internal_weight=2172 2106 1953 153
internal_count=2172 2106 1953 153
is_linear=0
shrinkage=0.04


Tree=90
num_leaves=7
num_cat=0
split_feature=62 60 74 30 113 68
split_gain=2.38895 2.61426 2.52919 1.98947 1.68505 1.56012
threshold=0.61700808591752332 -1.2793366728473814 -0.46033577696520711 0.2114229222089303 0.23601272350702676 0.51668146778983526
decision_type=2 2 2 2 2 2
left_child=1 -1 -3 4 -2 -5
right_child=3 2 -4 5 -6 -7
leaf_value=0.00061661856199355747 0.00017371898091791157 0.00013502109134514649 -2.528503158629042e-05 -0.00011285291903023804 -0.00027803318642724534 -0.0003512831825957555
leaf_weight=46 76 433 1228 228 45 116
leaf_count=46 76 433 1228 228 45 116
internal_value=-0.000312787 0.000380339 0.000114251 -0.00284797 0.00154472 -0.00439306
internal_weight=2172 1707 1661 465 121 344
internal_count=2172 1707 1661 465 121 344
is_linear=0
shrinkage=0.04


Tree=91
num_leaves=8
num_cat=0
split_feature=81 36 74 62 110 13 36
split_gain=2.13404 2.94254 3.77945 2.74977 2.45981 2.39619 0.720093
threshold=0.088909095312759437 0.4712991309151468 -0.78002068686823989 1.2504730859325621 1.0160686545678017 0.89935189988286734 0.25493217476597846
decision_type=2 2 2 2 2 2 2
left_child=1 2 -1 4 -2 -3 -5
right_child=3 5 -4 6 -6 -7 -8
leaf_value=0.00036739189900321964 1.726275280412944e-05 -0.0003017631258031082 -2.6965495294924425e-05 -9.344360962292173e-05 0.0001928490079315692 7.2304768588715707e-05 -0.00042347390584132448
leaf_weight=97 774 243 797 40 124 57 40
leaf_count=97 774 243 797 40 124 57 40
internal_value=-0.000220791 -0.00135452 -0.000200893 0.00116327 0.0018 -0.00476821 -0.00585366
internal_weight=2172 1194 894 978 898 300 80
internal_count=2172 1194 894 978 898 300 80
is_linear=0
shrinkage=0.04


Tree=92
num_leaves=6
num_cat=0
split_feature=82 30 45 110 64
split_gain=2.29323 2.22394 3.33781 3.19086 0.754216
threshold=-0.62633613148861456 0.28923930080699473 -2.2911557950696495 0.59564178816628777 -0.4957399475113356
decision_type=2 2 2 2 2
left_child=4 3 -3 -2 -1
right_child=1 2 -4 -5 -6
leaf_value=-0.0004970668142407614 1.0000788986445909e-06 0.00023142842560313647 -0.00012299585956355541 0.0001852199296088658 -0.00015650288725626828
leaf_weight=47 1102 50 658 260 55
leaf_count=47 1102 50 658 260 55
internal_value=-0.000165593 0.000125483 -0.00169014 0.00107038 -0.00596154
internal_weight=2172 2070 708 1362 102
internal_count=2172 2070 708 1362 102
is_linear=0
shrinkage=0.04


Tree=93
num_leaves=8
num_cat=0
split_feature=26 63 114 48 7 14 59
split_gain=2.17817 2.7443 3.9345 2.30226 1.25312 1.33159 0.298134
threshold=0.88912708885189629 -0.53243865369777221 1.3898397224848151 -0.26993116911853543 0.24421551716667692 0.10639448300932976 0.11991318826937961
decision_type=2 2 2 2 2 2 2
left_child=1 3 -3 -1 6 -6 -2
right_child=4 2 -4 -5 5 -7 -8
leaf_value=1.1276139835456594e-05 -0.00052960558507445725 1.8741871352878776e-05 0.0003538970081393265 -0.00020872330687937812 0.00014640531731693012 -0.00036724039077627398 -0.00023181208899052412
leaf_weight=206 49 1380 60 326 41 62 48
leaf_count=206 49 1380 60 326 41 62 48
internal_value=-0.000202392 0.000202634 0.00110957 -0.00224719 -0.00415842 -0.00104762 -0.00737374
internal_weight=2172 1972 1440 532 200 103 97
internal_count=2172 1972 1440 532 200 103 97
is_linear=0
shrinkage=0.04


Tree=94
num_leaves=6
num_cat=0
split_feature=11 80 11 118 35
split_gain=1.96605 2.07348 2.2779 2.19833 0.704704
threshold=-1.2450177039141124 -0.8502259645471385 0.17767201315559586 -0.13952803669118291 0.26366787017190046
decision_type=2 2 2 2 2
left_child=4 2 -2 -3 -1
right_child=1 3 -4 -5 -6
leaf_value=-7.4154817884286334e-05 2.8505820375775841e-07 3.743176324351696e-05 0.00042402360760946848 -4.7172740175856711e-05 -0.00042389706179052128
leaf_weight=48 80 808 44 1150 42
leaf_count=48 80 808 44 1150 42
internal_value=-0.000147194 0.000105566 0.00507937 -0.000214286 -0.00586957
internal_weight=2172 2082 124 1958 90
internal_count=2172 2082 124 1958 90
is_linear=0
shrinkage=0.04


Tree=95
num_leaves=5
num_cat=0
split_feature=82 16 117 64
split_gain=2.01259 2.11412 2.69452 0.583494
threshold=-0.62633613148861456 1.3316857802134441 -0.6204121191036468 -0.4957399475113356
decision_type=2 2 2 2
left_child=3 2 -2 -1
right_child=1 -3 -4 -5
leaf_value=-0.00046975043658321089 0.00013905183409451224 -0.00031916360897933887 -1.2630490527922312e-05 -0.0001507976270814859
leaf_weight=47 373 48 1649 55
leaf_count=47 373 48 1649 55
internal_value=-0.000147194 0.000125483 0.000326087 -0.00557692
internal_weight=2172 2070 2022 102
internal_count=2172 2070 2022 102
is_linear=0
shrinkage=0.04


Tree=96
num_leaves=6
num_cat=0
split_feature=11 97 115 110 35
split_gain=1.97871 2.13393 2.46685 0.78806 0.704704
threshold=-1.2450177039141124 -1.1076143309723174 0.015200256456256308 0.14270656137916007 0.26366787017190046
decision_type=2 2 2 2 2
left_child=4 3 -3 -2 -1
right_child=1 2 -4 -5 -6
leaf_value=-7.0683405547797913e-05 -2.7853251572539651e-05 6.3106352742257904e-05 -3.0809326655375434e-05 -0.00056650755000552339 -0.00041250325268268087
leaf_weight=48 45 940 1031 66 42
leaf_count=48 45 940 1031 66 42
internal_value=-0.000128795 0.00012476 0.000430816 -0.00522124 -0.00586957
internal_weight=2172 2082 1971 111 90
internal_count=2172 2082 1971 111 90
is_linear=0
shrinkage=0.04


Tree=97
num_leaves=6
num_cat=0
split_feature=97 108 93 36 97
split_gain=1.87498 2.19185 3.24987 2.94192 1.16805
threshold=-1.1076143309723174 -0.69626176704884846 -0.15119671941690307 -1.1796310889503767 -1.402238666590321
decision_type=2 2 2 2 2
left_child=4 2 -2 -3 -1
right_child=1 3 -4 -5 -6
leaf_value=-1.1044033011437613e-05 0.00039831097393261129 0.00028015347777328784 1.7645786030466364e-05 -2.4983220783704671e-05 -0.0005308976929413534
leaf_weight=54 81 73 237 1655 72
leaf_count=54 81 73 237 1655 72
internal_value=-0.000147194 0.000146484 0.0031875 -0.000416185 -0.00484375
internal_weight=2172 2046 318 1728 126
internal_count=2172 2046 318 1728 126
is_linear=0
shrinkage=0.04


Tree=98
num_leaves=7
num_cat=0
split_feature=1 56 85 85 102 39
split_gain=1.9128 2.88964 3.02733 2.32412 2.96621 2.48673
threshold=-0.56674918953722031 0.21839858352658678 1.4455989831085134 0.37570152446249455 0.66026327951980635 1.7971411150462473
decision_type=2 2 2 2 2 2
left_child=1 2 -1 4 -2 -5
right_child=3 -3 -4 5 -6 -7
leaf_value=-1.9964683124044369e-05 -2.2221471703077893e-05 0.00046275246363417329 0.00025307238371079211 -0.00017571598680489743 0.0002415613950085354 0.00020701877438550258
leaf_weight=359 965 66 52 479 199 52
leaf_count=359 965 66 52 479 199 52
internal_value=-0.000165593 0.00206681 0.000799031 -0.000795522 0.000205832 -0.00298311
internal_weight=2172 477 411 1695 1164 531
internal_count=2172 477 411 1695 1164 531
is_linear=0
shrinkage=0.04


Tree=99
num_leaves=7
num_cat=0
split_feature=4 38 74 104 110 28
split_gain=1.9343 4.15346 3.1117 3.41464 2.49095 1.7819
threshold=0.38631519781727208 1.4921071416507885 -0.6731593804842928 -0.07378824112318183 1.3160938378183256 0.79933010975770669
decision_type=2 2 2 2 2 2
left_child=2 5 3 -1 -4 -2
right_child=1 -3 4 -5 -6 -7
leaf_value=2.6208888422855903e-05 -7.1957096480498655e-05 0.0002462352009328567 -1.0577223822857835e-05 0.00055763824946765384 0.0002636426429174302 -0.00041777570442511752
leaf_weight=103 459 56 1302 54 77 121
leaf_count=103 459 56 1302 54 77 121
internal_value=-9.19963e-05 -0.00194357 0.000676203 0.00597484 6.51702e-05 -0.00295533
internal_weight=2172 636 1536 157 1379 580
internal_count=2172 636 1536 157 1379 580
is_linear=0
shrinkage=0.04


Tree=100
num_leaves=8
num_cat=0
split_feature=30 14 28 25 10 90 81
split_gain=1.99289 2.70897 2.75806 2.49649 3.70105 2.09415 1.04432
threshold=0.28923930080699473 -0.57985372322742423 -0.41334785778005839 -0.36403581087296338 1.5735580128904774 -0.02995867807531714 -0.227002599507556
decision_type=2 2 2 2 2 2 2
left_child=1 5 -3 6 -5 -1 -2
right_child=3 2 -4 4 -6 -7 -8
leaf_value=3.6854323667197505e-05 -3.2262536427228453e-05 -5.439196361784415e-05 0.00011512773389581239 -5.5660247703241618e-05 0.00035461407020445022 -0.00030477056138186113 -0.00036506104364604372
leaf_weight=128 63 337 762 518 47 201 116
leaf_count=128 63 337 762 518 47 201 116
internal_value=-0.000147194 0.000727273 0.00168029 -0.00182306 -0.000511464 -0.00244713 -0.0059116
internal_weight=2172 1428 1099 744 565 329 179
internal_count=2172 1428 1099 744 565 329 179
is_linear=0
shrinkage=0.04


Tree=101
num_leaves=8
num_cat=0
split_feature=4 73 47 28 60 80 68
split_gain=2.00485 3.26025 3.20395 3.12704 2.81672 2.27712 2.17734
threshold=0.38631519781727208 0.4304912663541548 -0.37349726613308654 0.28487703731789654 -1.0711984856251204 2.9068463354810183 0.68978607407906856
decision_type=2 2 2 2 2 2 2
left_child=1 4 3 -2 -1 -3 -4
right_child=2 5 6 -5 -6 -7 -8
leaf_value=0.00037329336147420746 -1.504466122849081e-05 -0.00012423575806396608 -0.00010184802530442818 0.00073378822705200803 2.6857408002805492e-05 0.00055930113613101348 -0.00049135302410347967
leaf_weight=63 102 493 390 40 938 42 104
leaf_count=63 102 493 390 40 938 42 104
internal_value=-0.000183993 0.000598179 -0.00206897 0.00319444 0.00194417 -0.00191806 -0.00358871
internal_weight=2172 1536 636 142 1001 535 494
internal_count=2172 1536 636 142 1001 535 494
is_linear=0
shrinkage=0.04


Tree=102
num_leaves=7
num_cat=0
split_feature=45 98 37 14 79 72
split_gain=2.04048 3.85621 2.94244 3.23264 2.13199 2.04163
threshold=-1.5722953539620568 0.58913136344448269 -0.88494650667391228 0.44366281136848223 -0.97735450834982929 0.29684629523494849
decision_type=2 2 2 2 2 2
left_child=1 5 3 -2 -4 -1
right_child=2 -3 4 -5 -6 -7
leaf_value=-0.0001424470203813734 1.5084420824781655e-05 0.00029162868934124754 8.3696546259609859e-05 0.00053945082663175374 -6.5003159391350542e-05 0.0001725326438066975
leaf_weight=110 151 44 255 50 1509 53
leaf_count=110 151 44 255 50 1509 53
internal_value=-7.35971e-05 0.00368421 -0.000472801 0.00408867 -0.000996602 0.000787879
internal_weight=2172 207 1965 201 1764 163
internal_count=2172 207 1965 201 1764 163
is_linear=0
shrinkage=0.04


Tree=103
num_leaves=5
num_cat=0
split_feature=97 11 117 110
split_gain=2.16423 2.33135 2.25271 1.10525
threshold=-1.1076143309723174 -1.2450177039141124 -0.44355506928419125 0.14270656137916007
decision_type=2 2 2 2
left_child=3 -2 -3 -1
right_child=1 2 -4 -5
leaf_value=-8.5406639687668485e-06 -0.00025533931581261964 8.1625877742815692e-05 -9.8208499381292891e-06 -0.00053774439623408129
leaf_weight=51 75 518 1453 75
leaf_count=51 75 518 1453 75
internal_value=-0.000110396 0.000205078 0.000471363 -0.00515625
internal_weight=2172 2046 1971 126
internal_count=2172 2046 1971 126
is_linear=0
shrinkage=0.04


Tree=104
num_leaves=6
num_cat=0
split_feature=97 109 2 88 110
split_gain=1.87498 2.33705 3.59842 3.19022 0.959147
threshold=-1.1076143309723174 -1.1691897744130004 0.18344166461414502 0.49157942388408277 0.14270656137916007
decision_type=2 2 2 2 2
left_child=4 2 -2 -3 -1
right_child=1 3 -4 -5 -6
leaf_value=-8.1990374100160408e-06 0.00038379622268808726 1.0544913823116384e-05 -0.00012394773029990812 -0.00017412466401153106 -0.00051623462038471795
leaf_weight=51 63 1512 45 426 75
leaf_count=51 63 1512 45 426 75
internal_value=-0.000147194 0.000146484 0.00581818 -0.000175258 -0.00484375
internal_weight=2172 2046 108 1938 126
internal_count=2172 2046 108 1938 126
is_linear=0
shrinkage=0.04


Tree=105
num_leaves=6
num_cat=0
split_feature=36 72 11 12 12
split_gain=2.03569 2.53587 2.47938 2.25911 1.00448
threshold=-1.1796310889503767 1.2879977697649689 -0.44425176554003415 1.1569719016448132 -0.063345944940966417
decision_type=2 2 2 2 2
left_child=2 3 -1 -2 -3
right_child=1 4 -4 -5 -6
leaf_value=-6.2959099797542658e-05 5.5319433440844526e-06 -0.00029762933830254634 0.00040488903775069799 -0.00026251342569812841 -1.6016400183022432e-05
leaf_weight=55 1785 95 62 93 82
leaf_count=55 1785 95 62 93 82
internal_value=-0.000128795 -0.000422946 0.00495798 1.06383e-05 -0.00497207
internal_weight=2172 2055 117 1878 177
internal_count=2172 2055 117 1878 177
is_linear=0
shrinkage=0.04


Tree=106
num_leaves=6
num_cat=0
split_feature=36 118 86 100 19
split_gain=1.79064 2.05918 4.37745 2.8144 0.720093
threshold=1.270427821964274 -0.022503262274409543 -0.84454952890337165 0.22747666953421419 0.5168567993463945
decision_type=2 2 2 2 2
left_child=1 3 -3 -1 -2
right_child=4 2 -4 -5 -6
leaf_value=4.9590832205709953e-06 -0.00013295248580175932 0.00024624894691722661 -5.6074925747810494e-05 0.00031566920205075842 -0.00040162857627119213
leaf_weight=758 40 42 1070 222 40
leaf_count=758 40 42 1070 222 40
internal_value=-5.51978e-05 0.00017192 -0.00100539 0.00150713 -0.00585366
internal_weight=2172 2092 1112 980 80
internal_count=2172 2092 1112 980 80
is_linear=0
shrinkage=0.04


Tree=107
num_leaves=7
num_cat=0
split_feature=63 114 74 87 104 113
split_gain=1.87522 3.33256 3.12324 2.52899 3.28071 1.05726
threshold=-0.53243865369777221 1.3898397224848151 -0.47630866700198249 -0.054258247379581313 -0.9925461481399499 0.025162084254747228
decision_type=2 2 2 2 2 2
left_child=3 2 -2 4 -1 -5
right_child=1 -3 -4 5 -6 -7
leaf_value=-0.00041201225596823891 0.0001252406571905132 0.0003022983748771643 -1.9881572783075722e-05 -0.00014435682563297407 9.27687765864218e-05 -0.00021748976327570419
leaf_weight=56 373 74 1167 163 196 143
leaf_count=56 373 74 1167 163 196 143
internal_value=-0.000183993 0.000507426 0.000103761 -0.00217857 0.000787402 -0.00461039
internal_weight=2172 1614 1540 558 252 306
internal_count=2172 1614 1540 558 252 306
is_linear=0
shrinkage=0.04


Tree=108
num_leaves=6
num_cat=0
split_feature=2 63 60 105 72
split_gain=1.92911 2.7937 2.48231 2.63752 1.71596
threshold=0.22318975756594614 0.96575100875830844 -1.2793366728473814 0.7170322869042175 -0.78839076997912327
decision_type=2 2 2 2 2
left_child=2 4 -1 -4 -2
right_child=1 -3 3 -5 -6
leaf_value=0.00036818168051856335 3.9525421812182166e-05 0.00034894071886124549 2.5029839964833467e-05 -0.00018952617920614073 -0.00012751064808822293
leaf_weight=62 142 70 1038 247 613
leaf_count=62 142 70 1038 247 613
internal_value=-0.000183993 -0.00170496 0.000748703 0.00036519 -0.00241744
internal_weight=2172 825 1347 1285 755
internal_count=2172 825 1347 1285 755
is_linear=0
shrinkage=0.04


Tree=109
num_leaves=7
num_cat=0
split_feature=35 25 67 74 43 109
split_gain=1.90963 2.26822 5.35616 4.84541 2.06586 2.38897
threshold=0.95543996131818543 0.59971520399790479 0.25651027549215005 -0.78002068686823989 0.33974353157470344 0.13155802688609289
decision_type=2 2 2 2 2 2
left_child=1 3 -3 -1 5 -2
right_child=4 2 -4 -5 -6 -7
leaf_value=0.00037378306748037576 0.00011980828538714336 0.00038487831203198918 -0.00013848749354276483 -1.9297277692286312e-05 -0.00030542277380781721 -0.00023111076797970441
leaf_weight=119 61 149 135 1561 72 75
leaf_count=119 61 149 135 1561 72 75
internal_value=-0.000183993 0.000203459 0.0034965 -0.000356718 -0.00380952 -0.000869565
internal_weight=2172 1964 284 1680 208 136
internal_count=2172 1964 284 1680 208 136
is_linear=0
shrinkage=0.04


Tree=110
num_leaves=6
num_cat=0
split_feature=36 97 118 110 17
split_gain=1.94752 1.95205 2.0779 0.959147 0.534262
threshold=1.270427821964274 -1.1076143309723174 0.0073326891479388095 0.14270656137916007 0.51685679934639428
decision_type=2 2 2 2 2
left_child=1 3 -3 -1 -2
right_child=4 2 -4 -5 -6
leaf_value=-6.5964273505164652e-06 -0.00013103704292510263 5.06317150218677e-05 -2.255324703113737e-05 -0.00049279727407866374 -0.00037303849381199543
leaf_weight=51 40 917 1049 75 40
leaf_count=51 40 917 1049 75 40
internal_value=-0.000294388 -5.73066e-05 0.000254065 -0.00484375 -0.00634146
internal_weight=2172 2092 1966 126 80
internal_count=2172 2092 1966 126 80
is_linear=0
shrinkage=0.04


Tree=111
num_leaves=5
num_cat=0
split_feature=110 35 117 43
split_gain=1.85037 1.96364 2.68546 1.44541
threshold=1.6095084012989611 0.95543996131818543 -0.6204121191036468 0.33974353157470344
decision_type=2 2 2 2
left_child=1 2 -1 -3
right_child=-2 3 -4 -5
leaf_value=9.7308604162413861e-05 0.00014453889058703171 -4.6870578944291084e-05 -1.6096790191587469e-05 -0.00029303558259478912
leaf_weight=383 78 129 1510 72
leaf_count=383 78 129 1510 72
internal_value=-0.000220791 -0.000448473 -4.74934e-05 -0.00418719
internal_weight=2172 2094 1893 201
internal_count=2172 2094 1893 201
is_linear=0
shrinkage=0.04


Tree=112
num_leaves=4
num_cat=0
split_feature=110 60 103
split_gain=1.82767 1.93646 2.30212
threshold=1.6095084012989611 -1.4273201311757324 1.2966451447909992
decision_type=2 2 2
left_child=1 -1 -3
right_child=-2 2 -4
leaf_value=0.00025175074162917026 0.00013875733496355035 -6.6016931004586266e-06 -0.00048060553303183508
leaf_weight=72 78 1950 72
leaf_count=72 78 1950 72
internal_value=-0.000183993 -0.000410305 -0.000642292
internal_weight=2172 2094 2022
internal_count=2172 2094 2022
is_linear=0
shrinkage=0.04


Tree=113
num_leaves=6
num_cat=0
split_feature=26 110 39 7 59
split_gain=1.92728 2.65485 1.914 1.41204 0.635647
threshold=0.88912708885189629 1.5913657882663366 -0.86074191614622486 0.56028747868626916 0.11625936650581835
decision_type=2 2 2 2 2
left_child=1 2 -1 4 -2
right_child=3 -3 -4 -5 -6
leaf_value=0.00016621277569173226 -0.00049523514309237845 0.00025718316523164718 -1.1096260345902221e-05 4.9449642015261812e-06 -0.00013998879971775154
leaf_weight=135 57 52 1785 78 65
leaf_count=135 57 52 1785 78 65
internal_value=-0.00023919 0.000141844 -0.000104058 -0.0039604 -0.0066129
internal_weight=2172 1972 1920 200 122
internal_count=2172 1972 1920 200 122
is_linear=0
shrinkage=0.04


Tree=114
num_leaves=7
num_cat=0
split_feature=6 28 10 62 28 104
split_gain=1.70307 3.87679 3.73398 3.04097 2.84677 1.60753
threshold=0.21663849311293162 -0.72248880980285735 1.9425131994134441 -0.84579641820775853 -0.43696796915167929 0.90097331220469112
decision_type=2 2 2 2 2 2
left_child=3 -2 -3 5 -5 -1
right_child=1 2 -4 4 -6 -7
leaf_value=-0.0002020152482754571 0.00044333546698843555 -0.00012054035640229759 0.00021803305672613891 -4.9073912990103518e-05 9.8562328775831981e-05 0.00024657203867046426
leaf_weight=229 50 694 54 316 774 55
leaf_count=229 50 694 54 316 774 55
internal_value=-0.00025759 -0.001725 -0.00245333 0.00059593 0.00155678 -0.00307692
internal_weight=2172 798 748 1374 1090 284
internal_count=2172 798 748 1374 1090 284
is_linear=0
shrinkage=0.04


Tree=115
num_leaves=8
num_cat=0
split_feature=3 59 114 63 110 111 40
split_gain=1.82183 3.17708 2.47692 2.25922 2.21909 3.78623 2.1581
threshold=0.21382149850272233 -0.52908293872646917 0.71649454717756289 0.73917337657101079 0.59564178816628777 0.61212107456107734 -0.78858611505452603
decision_type=2 2 2 2 2 2 2
left_child=4 3 -3 -2 6 -6 -1
right_child=1 2 -4 -5 5 -7 -8
leaf_value=0.00036121839774128322 -4.3353383244356531e-06 -0.00013774870519324937 7.4965825144832627e-05 0.00036397214372840754 0.00024359884282173228 -0.00017423451226122121 -1.5031658716847391e-05
leaf_weight=92 51 606 109 41 197 92 984
leaf_count=92 51 606 109 41 197 92 984
internal_value=-0.000312787 -0.00181706 -0.00271967 0.00510638 0.000577908 0.00367698 -0.00025974
internal_weight=2172 807 715 92 1365 289 1076
internal_count=2172 807 715 92 1365 289 1076
is_linear=0
shrinkage=0.04


Tree=116
num_leaves=7
num_cat=0
split_feature=63 80 39 7 32 104
split_gain=1.73562 2.55549 2.76458 2.53801 3.85 2.62617
threshold=-0.53243865369777221 3.2752619443202975 -0.30855312837249033 0.68770493962915846 1.0205619296784623 0.046021501847453454
decision_type=2 2 2 2 2 2
left_child=1 2 -1 4 -2 -5
right_child=3 -3 -4 5 -6 -7
leaf_value=5.2994593275243129e-05 3.7700180276733012e-06 0.00017906337383352517 -0.00018518047893654923 -3.1308745360279918e-05 -0.0004168206819945782 0.00020607035604009664
leaf_weight=126 1200 48 384 138 88 188
leaf_count=126 1200 48 384 138 88 188
internal_value=-0.000331187 -0.00225 -0.00308594 0.000334158 -0.000465116 0.00347561
internal_weight=2172 558 510 1614 1288 326
internal_count=2172 558 510 1614 1288 326
is_linear=0
shrinkage=0.04


Tree=117
num_leaves=5
num_cat=0
split_feature=117 117 39 110
split_gain=1.85769 2.20238 4.0081 2.22255
threshold=-1.0736754257812622 -0.64335901765286685 0.74085755212972315 0.30210247333913937
decision_type=2 2 2 2
left_child=-1 2 -2 -3
right_child=1 3 -4 -5
leaf_value=-0.00014654835331305314 3.6279937282922922e-05 -6.1111806428316978e-05 0.00052930587862822117 2.120785038419712e-05
leaf_weight=72 286 1173 44 597
leaf_count=72 286 1173 44 597
internal_value=-0.00025759 -3.8059e-05 0.00295181 -0.000598194
internal_weight=2172 2100 330 1770
internal_count=2172 2100 330 1770
is_linear=0
shrinkage=0.04


Tree=118
num_leaves=7
num_cat=0
split_feature=2 63 7 81 38 78
split_gain=1.75187 2.68783 2.40165 3.84835 2.52982 1.42051
threshold=0.22318975756594614 0.96575100875830844 0.087521231207770708 0.12385902933374104 -0.64765351470101051 -1.2074357309639359
decision_type=2 2 2 2 2 2
left_child=2 5 4 -4 -1 -2
right_child=1 -3 3 -5 -6 -7
leaf_value=7.0314760542052287e-05 0.00010179310801133983 0.00031789818417071557 -1.2956154167626174e-05 0.00027309906582048243 -5.9797665076428978e-05 -9.3810718468540912e-05
leaf_weight=218 58 70 270 290 569 697
leaf_count=218 58 70 270 290 569 697
internal_value=-0.000110396 -0.00155985 0.000778354 0.0027758 -0.000646388 -0.00225892
internal_weight=2172 825 1347 560 787 755
internal_count=2172 825 1347 560 787 755
is_linear=0
shrinkage=0.04


Tree=119
num_leaves=6
num_cat=0
split_feature=36 74 84 110 17
split_gain=1.71201 1.82583 4.21407 2.26522 0.720093
threshold=1.270427821964274 -0.46033577696520711 0.5564808640334683 1.0693727648964599 0.51685679934639428
decision_type=2 2 2 2 2
left_child=1 2 -1 -3 -2
right_child=4 3 -4 -5 -6
leaf_value=1.2011804041432012e-06 -0.00011282007382045174 -3.2979421678031791e-05 0.00033867689383820164 7.5526292191438479e-05 -0.00033006853713706208
leaf_weight=431 40 1309 103 249 40
leaf_count=431 40 1309 103 249 40
internal_value=-0.000183993 3.82044e-05 0.00205224 -0.000653846 -0.00585366
internal_weight=2172 2092 534 1558 80
internal_count=2172 2092 534 1558 80
is_linear=0
shrinkage=0.04


end of trees

feature_importances:
Column_110=36
Column_74=33
Column_80=27
Column_63=21
Column_60=18
Column_81=17
Column_87=17
Column_116=17
Column_28=16
Column_36=15
Column_2=14
Column_59=14
Column_64=14
Column_73=14
Column_14=13
Column_45=13
Column_47=13
Column_117=13
Column_79=12
Column_97=12
Column_82=11
Column_94=11
Column_106=11
Column_62=10
Column_115=10
Column_30=9
Column_38=9
Column_75=9
Column_10=8
Column_11=8
Column_29=8
Column_35=8
Column_37=8
Column_86=8
Column_1=7
Column_12=6
Column_24=6
Column_68=6
Column_113=6
Column_114=6
Column_4=5
Column_7=5
Column_26=5
Column_39=5
Column_40=5
Column_61=5
Column_104=5
Column_108=5
Column_109=5
Column_111=5
Column_118=5
Column_13=4
Column_17=4
Column_41=4
Column_43=4
Column_69=4
Column_72=4
Column_84=4
Column_3=3
Column_5=3
Column_16=3
Column_25=3
Column_70=3
Column_85=3
Column_88=3
Column_89=3
Column_105=3
Column_112=3
Column_6=2
Column_18=2
Column_19=2
Column_31=2
Column_34=2
Column_46=2
Column_48=2
Column_58=2
Column_92=2
Column_93=2
Column_98=2
Column_100=2
Column_103=2
Column_0=1
Column_9=1
Column_32=1
Column_42=1
Column_44=1
Column_49=1
Column_56=1
Column_67=1
Column_76=1
Column_78=1
Column_90=1
Column_91=1
Column_102=1

parameters:
[boosting: gbdt]
[objective: quantile]
[metric: quantile]
[tree_learner: serial]
[device_type: cpu]
[data_sample_strategy: bagging]
[data: ]
[valid: ]
[num_iterations: 120]
[learning_rate: 0.04]
[num_leaves: 15]
[num_threads: 2]
[seed: 42]
[deterministic: 0]
[force_col_wise: 0]
[force_row_wise: 0]
[histogram_pool_size: -1]
[max_depth: 3]
[min_data_in_leaf: 40]
[min_sum_hessian_in_leaf: 0.001]
[bagging_fraction: 0.85]
[pos_bagging_fraction: 1]
[neg_bagging_fraction: 1]
[bagging_freq: 0]
[bagging_seed: 400]
[bagging_by_query: 0]
[feature_fraction: 0.8]
[feature_fraction_bynode: 1]
[feature_fraction_seed: 30056]
[extra_trees: 0]
[extra_seed: 12879]
[early_stopping_round: 0]
[early_stopping_min_delta: 0]
[first_metric_only: 0]
[max_delta_step: 0]
[lambda_l1: 0]
[lambda_l2: 2]
[linear_lambda: 0]
[min_gain_to_split: 0]
[drop_rate: 0.1]
[max_drop: 50]
[skip_drop: 0.5]
[xgboost_dart_mode: 0]
[uniform_drop: 0]
[drop_seed: 17869]
[top_rate: 0.2]
[other_rate: 0.1]
[min_data_per_group: 100]
[max_cat_threshold: 32]
[cat_l2: 10]
[cat_smooth: 10]
[max_cat_to_onehot: 4]
[top_k: 20]
[monotone_constraints: ]
[monotone_constraints_method: basic]
[monotone_penalty: 0]
[feature_contri: ]
[forcedsplits_filename: ]
[refit_decay_rate: 0.9]
[cegb_tradeoff: 1]
[cegb_penalty_split: 0]
[cegb_penalty_feature_lazy: ]
[cegb_penalty_feature_coupled: ]
[path_smooth: 0]
[interaction_constraints: ]
[verbosity: -1]
[saved_feature_importance_type: 0]
[use_quantized_grad: 0]
[num_grad_quant_bins: 4]
[quant_train_renew_leaf: 0]
[stochastic_rounding: 1]
[linear_tree: 0]
[max_bin: 255]
[max_bin_by_feature: ]
[min_data_in_bin: 3]
[bin_construct_sample_cnt: 200000]
[data_random_seed: 175]
[is_enable_sparse: 1]
[enable_bundle: 1]
[use_missing: 1]
[zero_as_missing: 0]
[feature_pre_filter: 1]
[pre_partition: 0]
[two_round: 0]
[header: 0]
[label_column: ]
[weight_column: ]
[group_column: ]
[ignore_column: ]
[categorical_feature: ]
[forcedbins_filename: ]
[precise_float_parser: 0]
[parser_config_file: ]
[objective_seed: 16083]
[num_class: 1]
[is_unbalance: 0]
[scale_pos_weight: 1]
[sigmoid: 1]
[boost_from_average: 1]
[reg_sqrt: 0]
[alpha: 0.75]
[fair_c: 1]
[poisson_max_delta_step: 0.7]
[tweedie_variance_power: 1.5]
[lambdarank_truncation_level: 30]
[lambdarank_norm: 1]
[label_gain: ]
[lambdarank_position_bias_regularization: 0]
[eval_at: ]
[multi_error_top_k: 1]
[auc_mu_weights: ]
[num_machines: 1]
[local_listen_port: 12400]
[time_out: 120]
[machine_list_filename: ]
[machines: ]
[gpu_platform_id: -1]
[gpu_device_id: -1]
[gpu_device_id_list: ]
[gpu_use_dp: 0]
[num_gpu: 1]

end of parameters

pandas_categorical:null
