tree
version=v4
num_class=1
num_tree_per_iteration=1
label_index=0
max_feature_idx=109
objective=quantile
feature_names=Column_0 Column_1 Column_2 Column_3 Column_4 Column_5 Column_6 Column_7 Column_8 Column_9 Column_10 Column_11 Column_12 Column_13 Column_14 Column_15 Column_16 Column_17 Column_18 Column_19 Column_20 Column_21 Column_22 Column_23 Column_24 Column_25 Column_26 Column_27 Column_28 Column_29 Column_30 Column_31 Column_32 Column_33 Column_34 Column_35 Column_36 Column_37 Column_38 Column_39 Column_40 Column_41 Column_42 Column_43 Column_44 Column_45 Column_46 Column_47 Column_48 Column_49 Column_50 Column_51 Column_52 Column_53 Column_54 Column_55 Column_56 Column_57 Column_58 Column_59 Column_60 Column_61 Column_62 Column_63 Column_64 Column_65 Column_66 Column_67 Column_68 Column_69 Column_70 Column_71 Column_72 Column_73 Column_74 Column_75 Column_76 Column_77 Column_78 Column_79 Column_80 Column_81 Column_82 Column_83 Column_84 Column_85 Column_86 Column_87 Column_88 Column_89 Column_90 Column_91 Column_92 Column_93 Column_94 Column_95 Column_96 Column_97 Column_98 Column_99 Column_100 Column_101 Column_102 Column_103 Column_104 Column_105 Column_106 Column_107 Column_108 Column_109
feature_infos=[-6.1427221678102573:6.6056146947988958] [-5.6588898773397318:5.5049293129973424] [-4.9185261326559635:4.2155394685244012] [-4.3163746392045281:3.8156594008292752] [-3.5775480003962428:2.1307348364953373] [-2.5837086314899:2.367247507995184] [-4.1930843128921991:3.9486492608024957] [-1.3721216341316511:6.6419827400596176] [-1.6713528762067218:1.6192738917666376] [-3.5397200181011272:2.1721119263439204] [-1.4973752710267278:5.2720994183115391] [-2.5083177550691653:2.1687468274073294] [-2.5482352739260454:2.4476270975196819] [-1.4717992431037379:3.9473779070794217] [-2.8885310515877212:2.6500656779366447] [-1.5558889819281922:1.604450724625236] [-1.7441037805937885:1.7767960792346247] [-0.94426986624417109:0.7654686834703045] [-0.99339928808574429:0.7730453353989778] [-0.94426986624417064:0.76546868347030439] [-2.2068239484590539:1.6466595419334698] [-3.9900062790695645:4.1050664709172882] [-3.2372370683038714:2.2701835456308443] [-2.3289149942924232:2.6009095797745512] [-2.1320274652016131:1.5669542152740585] [-2.1445925848929139:1.5505365862332776] [-3.3404026470751607:2.0090334263582545] [-1.779954911606566:1.4173610761854201] [-1.1869870221439518:3.6387429678648293] [-3.6600108860737728:4.224768253299704] [-3.6471244742421129:4.4518426763701209] [-3.0067149909925046:3.2100840293526463] [-3.1583417905361273:3.4193385914993399] [-1.9492263552195592:2.0686694949434039] [-2.1731296195260517:2.2066666799561037] [-1.7666214434960532:1.7169765609642276] [-1.768714847096222:1.7993982257263306] [-1.6140531498861579:3.8885270560870278] [-1.490335075548715:5.0771019919428255] [-1.4689669232399232:3.8230414680830802] [-1.2766416367317586:3.3873512591464645] [-1.6628586089931221:1.4520817685851775] [-1.9821593840497422:1.7310245140609002] [-1.8650465317821416:14.11103346126731] [-184.01023859052989:164.28559813439054] [-400.46063846167749:132.27688888665875] [-328.24670760910362:77.033199579686539] [-1.379710288870958:2.801593073569145] [-1.9163762477293003:1.9744078137079255] [-1.1911457577615914:9.0088830924523222] [-4.9195856915837259:4.4767811560056776] [-8.9278632493842576:6.6436896048358873] [-1:1] [-1.2:1] [0:1] [0:1] [-3.0628163986472376:4.0186019197841816] [-3.4188491581658123:2.2567637243078482] [-2.4064160399854142:1.634532718026656] [-0.92414800665838237:2.2156031150881543] [-2.1140955274320286:1.237865667669475] [-1.4155794657391554:0.33430401518229486] [-4.4851728828272917:7.8022506917707215] [-4.229988596835871:5.8381201982513948] [-2.422015692589746:4.2116958003748284] [-1.2747168346159121:4.7956737334654589] [-1.1697732307760991:7.9179212029776753] [-1.2609612373441965:2.3552454402948775] [-6.5304929783308836:6.7008864541113811] [-4.5856555246865289:3.5640022684412997] [-3.3655303466393298:3.7599283301348287] [-1.2040346916454407:3.587245598685461] [-1.8092522501184274:4.4610051698581801] [-0.76349484582925631:2.1122343951443932] [-11.4203069994579:11.191218827683667] [-6.1188262802488111:5.3358729266384044] [-3.7391390698138078:4.0682208666476694] [-0.96496672661648919:3.0322391841154586] [-2.1867324154441663:4.2068778713766681] [-1.3490054817671095:0.67975362691295738] [-3.9860604390851861:2.990072460894738] [-3.5064757495857841:3.0568840944901061] [-2.5974779577167721:1.7371570044895768] [-1.2960821470630175:3.0717148367828151] [-2.0464870156002237:1.8372871653755787] [-1.4360197288112739:0.45501099417848068] [-5.401951380428323:2.7165611185885767] [-4.1807927927800081:3.5771727708166443] [-1.9393237443565463:2.9082841776384263] [-1.4063457453639687:4.2211919948119876] [-1.7268120360859258:4.5824053471675628] [-1.5251718362770024:1.2720114224743742] [-4.3633503459699181:2.518426427552428] [-3.8184904440819789:3.5507502923508132] [-1.9625163522833811:2.6552532894904615] [-1.4481657256736999:3.9757683189496085] [-1.6117731862755256:3.9865384310525331] [-1.5522005907140148:1.2106239453651133] [-3.3702074084563836:3.6591240521871762] [-2.2511581132184109:2.7177692831382654] [-1.9575022136405407:2.0610229732782201] [-1.4675098830989211:1.9466201529428218] [-1.4515275848794758:1.9671165261289174] [-2.2766483466736775:0.61880436150205964] [-3.0989466460451309:3.291335607348767] [-2.7569063286027866:3.555139379127199] [-1.6869087446190607:2.4471717082702771] [-0.83421355684730469:2.8854097863992214] [-1.4604133192200996:2.3675688995205739] [-1.4182579237263779:0.97596059063996687]
tree_sizes=846 770 778 687 858 688 779 687 780 778 518 777 692 777 866 690 781 777 604 859 850 776 776 603 688 690 609 765 603 776 780 608 609 871 695 695 599 781 692 610 785 604 781 871 614 695 779 609 689 607 785 691 777 867 788 610 684 696 787 695 788 692 606 776 690 690 697 690 780 777 864 862 690 605 781 697 603 690 686 694 612 782 777 785 866 872 783 785 784 784 610 697 783 782 866 867 865 694 695 786 786 795 612 786 606 867 689 791 610 783 697 694 789 786 794 696 690 696 604 695

Tree=0
num_leaves=8
num_cat=0
split_feature=25 84 89 96 41 40 77
split_gain=5.69064 6.58764 5.18189 4.3751 3.76937 2.92352 1.85618
threshold=0.43049789960821588 0.27353097791189235 1.5115943976060886 0.55934304109691546 0.15029320469593427 -0.87285937536373015 -0.78368014233051231
decision_type=2 2 2 2 2 2 2
left_child=2 5 6 -4 -3 -2 -1
right_child=1 4 3 -5 -6 -7 -8
leaf_value=-0.066489484474888991 -0.069901863804935793 -0.067850331173497105 -0.067595338611200304 -0.065655478681962046 -0.067042994795798727 -0.065890117910896745 -0.065331219547292471
leaf_weight=112 60 50 42 41 101 428 1380
leaf_count=112 60 50 42 41 101 428 1380
internal_value=-0.0660266 -0.0692045 -0.0647349 -0.0743452 -0.0764471 -0.0669301 -0.0641898
internal_weight=2214 639 1575 83 151 488 1492
internal_count=2214 639 1575 83 151 488 1492
is_linear=0
shrinkage=1


Tree=1
num_leaves=7
num_cat=0
split_feature=25 79 89 40 77 109
split_gain=4.90729 6.08012 4.78244 4.07416 3.35656 2.37353
threshold=0.5196217049651658 0.54723436666818415 1.5506819752540817 -0.85734279681425862 1.4531181161689304 -1.1100044504349384
decision_type=2 2 2 2 2 2
left_child=2 3 5 -2 -4 -1
right_child=1 -3 4 -5 -6 -7
leaf_value=-0.0012226448632619974 -0.003829686768889764 -0.0017714774695022056 -0.0016108788687060885 -0.00017106459021278252 -3.2530597533559357e-05 0.00053576802063201199
leaf_weight=51 50 59 40 431 40 1543
leaf_count=51 50 59 40 431 40 1543
internal_value=6.1372e-05 -0.00324723 0.00113127 -0.00173085 -0.00829268 0.00161404
internal_weight=2214 540 1674 481 80 1594
internal_count=2214 540 1674 481 80 1594
is_linear=0
shrinkage=0.04


Tree=2
num_leaves=7
num_cat=0
split_feature=25 79 40 95 40 109
split_gain=4.49043 5.92177 5.68108 3.62583 2.86916 2.36373
threshold=0.43049789960821588 0.32171728710452691 0.18381296511512391 1.7547050920758811 -0.87285937536373015 -1.1100044504349384
decision_type=2 2 2 2 2 2
left_child=3 4 -3 5 -2 -1
right_child=1 2 -4 -5 -6 -7
leaf_value=-0.0011475623772861565 -0.0035870951331089026 -0.00090439216359302298 -0.0012455729139947782 -0.0011109824487015249 0.00026168965640976569 0.00057350300646657147
leaf_weight=52 59 115 42 73 423 1450
leaf_count=52 59 115 42 73 423 1450
internal_value=0.000133574 -0.00268955 -0.00938365 0.00128091 -0.000479339 0.00170745
internal_weight=2214 639 157 1575 482 1502
internal_count=2214 639 157 1575 482 1502
is_linear=0
shrinkage=0.04


Tree=3
num_leaves=6
num_cat=0
split_feature=89 25 38 96 109
split_gain=4.35572 4.387 5.01905 4.09508 2.33956
threshold=1.5115943976060886 0.5196217049651658 -0.20589191143087235 0.55934304109691546 -1.1100044504349384
decision_type=2 2 2 2 2
left_child=1 4 -3 -2 -1
right_child=3 2 -4 -5 -6
leaf_value=-0.0011278365736400713 -0.0016915899630084075 -0.0021042333123382855 0.00020416295873595082 0.00044014460406939407 0.00050430276845213394
leaf_weight=51 66 203 310 48 1536
leaf_count=51 66 203 310 48 1536
internal_value=9.74731e-05 0.000513797 -0.00269515 -0.00744828 0.00155318
internal_weight=2214 2100 513 114 1587
internal_count=2214 2100 513 114 1587
is_linear=0
shrinkage=0.04


Tree=4
num_leaves=8
num_cat=0
split_feature=25 38 44 89 40 77 109
split_gain=3.97379 4.28658 4.57888 3.71434 3.48268 2.61324 2.26137
threshold=0.5196217049651658 -0.20589191143087235 0.55278815283117522 1.5506819752540817 1.2513264551946681 1.4531181161689304 -1.1100044504349384
decision_type=2 2 2 2 2 2 2
left_child=3 2 -2 6 -3 -5 -1
right_child=1 4 -4 5 -6 -7 -8
leaf_value=-0.0010827231106944684 -0.0026559115579997817 0.00042737303233803946 0.00033082113479973103 -0.001439831502719005 -0.0011629863196878831 -4.3958598469318048e-06 0.0004712250688099834
leaf_weight=51 150 284 54 40 52 40 1543
leaf_count=51 150 284 54 40 52 40 1543
internal_value=2.52709e-05 -0.00295203 -0.00749515 0.000988067 -0.00016568 -0.00731707 0.00141353
internal_weight=2214 540 204 1674 336 80 1594
internal_count=2214 540 204 1674 336 80 1594
is_linear=0
shrinkage=0.04


Tree=5
num_leaves=6
num_cat=0
split_feature=25 79 40 89 88
split_gain=4.02208 5.08606 3.48223 3.46997 1.73426
threshold=0.5196217049651658 0.54723436666818415 -0.87285937536373015 1.7241020694703764 0.82944798159727018
decision_type=2 2 2 2 2
left_child=3 2 -2 4 -1
right_child=1 -3 -4 -5 -6
leaf_value=0.00045262899820813497 -0.0033797545383134372 -0.0014631191041725316 -0.00011211325511256035 -0.0010910254865078559 -0.00021458494022356833
leaf_weight=1416 47 59 434 72 186
leaf_count=1416 47 59 434 72 186
internal_value=4.33214e-05 -0.00295203 -0.00156522 0.00101193 0.0014015
internal_weight=2214 540 481 1674 1602
internal_count=2214 540 481 1674 1602
is_linear=0
shrinkage=0.04


Tree=6
num_leaves=7
num_cat=0
split_feature=25 79 40 95 40 88
split_gain=4.28966 6.2612 4.64224 3.07025 2.86916 1.78478
threshold=0.43049789960821588 0.32171728710452691 0.18381296511512391 1.7547050920758811 -0.87285937536373015 0.82944798159727018
decision_type=2 2 2 2 2 2
left_child=3 4 -3 5 -2 -1
right_child=1 2 -4 -5 -6 -7
leaf_value=0.00054727437249336324 -0.0031180153514384864 -0.00061928591806887821 -0.0011533407374099318 -0.0010021010094842303 0.00026157318308944353 -0.00019159760368944734
leaf_weight=1322 59 115 42 73 423 180
leaf_count=1322 59 115 42 73 423 180
internal_value=7.22037e-06 -0.00275195 -0.00963522 0.00112873 -0.000479339 0.00152128
internal_weight=2214 639 157 1575 482 1502
internal_count=2214 639 157 1575 482 1502
is_linear=0
shrinkage=0.04


Tree=7
num_leaves=6
num_cat=0
split_feature=25 79 26 40 109
split_gain=3.68592 4.82496 3.47113 3.46102 2.26753
threshold=0.5196217049651658 0.56269511132536343 1.1065805775483855 -0.87285937536373015 -1.0154268534196078
decision_type=2 2 2 2 2
left_child=2 3 4 -2 -1
right_child=1 -3 -4 -5 -6
leaf_value=-0.00083615543696637443 -0.00311984374272336 -0.0014395977553680287 -0.0023229271471425189 -0.0001242754181407124 0.00049960222854295358
leaf_weight=69 47 54 71 439 1534
leaf_count=69 47 54 71 439 1534
internal_value=-1.08302e-05 -0.00287823 0.000916468 -0.00159016 0.00130343
internal_weight=2214 540 1674 486 1603
internal_count=2214 540 1674 486 1603
is_linear=0
shrinkage=0.04


Tree=8
num_leaves=7
num_cat=0
split_feature=25 79 101 95 46 109
split_gain=4.15281 5.92177 3.43933 3.07025 2.74067 1.86102
threshold=0.43049789960821588 0.32171728710452691 -0.71516355745180593 1.7547050920758811 0.37517209560218728 -1.1100044504349384
decision_type=2 2 2 2 2 2
left_child=3 4 -3 5 -2 -1
right_child=1 2 -4 -5 -6 -7
leaf_value=-0.001019787412170734 0.00051277752203730635 0.00019610864837073182 -0.0010918313642713344 -0.00089168013033762627 -0.0019709550135447672 0.00047676161791351281
leaf_weight=52 323 43 114 73 159 1450
leaf_count=52 323 43 114 73 159 1450
internal_value=2.52709e-05 -0.00268955 -0.00938365 0.00112873 -0.000479339 0.00152128
internal_weight=2214 639 157 1575 482 1502
internal_count=2214 639 157 1575 482 1502
is_linear=0
shrinkage=0.04


Tree=9
num_leaves=7
num_cat=0
split_feature=25 79 47 89 65 109
split_gain=3.52519 5.48184 3.24896 3.24581 2.11234 2.01683
threshold=0.43049789960821588 0.32171728710452691 -0.36918723567375017 1.7241020694703764 -0.81827902659829432 -1.1100044504349384
decision_type=2 2 2 2 2 2
left_child=3 4 -3 5 -2 -1
right_child=1 2 -4 -5 -6 -7
leaf_value=-0.0010757049829426513 -0.0020794581880415304 1.6694017790927809e-05 -0.00098974098367775884 -0.00086095852021974759 0.00033635038060894379 0.00046664009052624816
leaf_weight=49 101 44 113 70 381 1456
leaf_count=49 101 44 113 70 381 1456
internal_value=6.1372e-05 -0.00243994 -0.0088805 0.001078 -0.000314049 0.00147313
internal_weight=2214 639 157 1575 482 1505
internal_count=2214 639 157 1575 482 1505
is_linear=0
shrinkage=0.04


Tree=10
num_leaves=4
num_cat=0
split_feature=106 67 53
split_gain=3.34899 3.29995 2.38814
threshold=1.5691517566277431 -1.0275897583376066 -0.89999999999999991
decision_type=2 2 2
left_child=1 -1 -3
right_child=-2 2 -4
leaf_value=-0.00097384707690666703 -0.0018635172841504439 -0.00070389822928417921 0.00030016285396427996
leaf_weight=48 60 360 1746
leaf_count=48 60 360 1746
internal_value=0.000133574 0.000397032 0.000637571
internal_weight=2214 2154 2106
internal_count=2214 2154 2106
is_linear=0
shrinkage=0.04


Tree=11
num_leaves=7
num_cat=0
split_feature=25 40 8 40 26 77
split_gain=2.98976 5.20281 4.72545 2.86752 2.03355 1.54921
threshold=0.24332850193208652 0.83397955311483851 -0.03862760960377163 -0.87285937536373015 1.1178144777245691 -0.78368014233051231
decision_type=2 2 2 2 2 2
left_child=4 3 -3 -2 5 -1
right_child=1 2 -4 -5 -6 -7
leaf_value=-0.00043891388244188002 -0.0025350488099228686 -0.0001470625130684548 -0.0018735649241041962 0.00013416074492681154 -0.00085184490566027565 0.00060079130626022382
leaf_weight=92 85 59 68 607 54 1249
leaf_count=92 85 59 68 607 54 1249
internal_value=0.000205776 -0.00171011 -0.00908527 -0.000334294 0.00133142 0.0016411
internal_weight=2214 819 127 692 1395 1341
internal_count=2214 819 127 692 1395 1341
is_linear=0
shrinkage=0.04


Tree=12
num_leaves=6
num_cat=0
split_feature=33 40 67 109 20
split_gain=2.67064 3.79647 2.53661 0.771013 0.222573
threshold=-0.56343527918212089 1.8194561219841943 -0.98133602815647059 -0.58457226556829378 -0.30479404717020392
decision_type=2 2 2 2 2
left_child=3 2 -2 -1 -5
right_child=1 -3 -4 4 -6
leaf_value=-0.0002853041379813186 -0.0010230123711692694 -0.0027607271193533446 1.4323797110486854e-05 0.0010039074793734932 0.0001666286896432584
leaf_weight=58 52 56 1629 366 53
leaf_count=58 52 56 1629 366 53
internal_value=0.000169675 -0.000558942 -0.000211527 0.0028142 0.00341093
internal_weight=2214 1737 1681 477 419
internal_count=2214 1737 1681 477 419
is_linear=0
shrinkage=0.04


Tree=13
num_leaves=7
num_cat=0
split_feature=25 10 46 40 26 65
split_gain=2.70703 4.04008 6.23872 2.79593 2.67025 1.95676
threshold=0.5196217049651658 -0.21358674562051191 -0.2937125881741996 1.2513264551946681 1.1065805775483855 0.98034571863049902
decision_type=2 2 2 2 2 2
left_child=4 2 -2 -3 5 -1
right_child=1 3 -4 -5 -6 -7
leaf_value=0.00051412222247578757 0.000443023848720204 0.00040166364572780762 -0.0021924619654859032 -0.00094646535222486447 -0.0020943809525937598 -0.00029415200360400186
leaf_weight=1345 79 289 120 52 71 258
leaf_count=1345 79 289 120 52 71 258
internal_value=0.000169675 -0.00228782 -0.00678607 0.000361516 0.000964201 0.00130343
internal_weight=2214 540 199 341 1674 1603
internal_count=2214 540 199 341 1674 1603
is_linear=0
shrinkage=0.04


Tree=14
num_leaves=8
num_cat=0
split_feature=25 85 40 40 77 42 28
split_gain=2.63402 4.38335 4.51255 3.43881 2.16022 2.29553 1.65781
threshold=0.16666182527741774 0.15277947478933909 -0.23230730863405599 -0.87285937536373015 -0.78368014233051231 -0.42193908118899254 1.2364128047455278
decision_type=2 2 2 2 2 2 2
left_child=4 3 -3 -2 5 -1 -6
right_child=1 2 -4 -5 6 -7 -8
leaf_value=-0.00098066742818837707 -0.0023301156889043656 0.00041194730497622409 -0.00097318266614818464 0.00035954729582302281 0.00061211009029455896 0.00029170786508439099 -0.00069039337080822275
leaf_weight=40 93 73 200 543 1134 47 84
leaf_count=40 93 73 200 543 1134 47 84
internal_value=0.000241877 -0.00140944 -0.00562909 0.000413793 0.0013925 -0.00462921 0.00182951
internal_weight=2214 909 273 636 1305 87 1218
internal_count=2214 909 273 636 1305 87 1218
is_linear=0
shrinkage=0.04


Tree=15
num_leaves=6
num_cat=0
split_feature=89 76 25 10 53
split_gain=2.71516 3.25649 2.48357 4.16294 1.65604
threshold=1.7241020694703764 0.11491963084202662 0.5196217049651658 -0.21358674562051191 -0.89999999999999991
decision_type=2 2 2 2 2
left_child=2 -2 4 -4 -1
right_child=1 -3 3 -5 -6
leaf_value=-0.00047108112958333076 -0.0019005912491084275 0.0002960936422335852 -0.0015550338957165508 0.00019270884783894354 0.00051521568528415903
leaf_weight=234 42 54 199 317 1368
leaf_count=234 42 54 199 317 1368
internal_value=0.000223827 -0.00628571 0.000524528 -0.00188417 0.00130175
internal_weight=2214 96 2118 516 1602
internal_count=2214 96 2118 516 1602
is_linear=0
shrinkage=0.04


Tree=16
num_leaves=7
num_cat=0
split_feature=25 85 41 109 71 89
split_gain=2.37549 4.13579 2.60375 2.22734 2.00051 1.67515
threshold=0.18847010241764448 0.34007683042169012 -0.10403713227030656 -1.1100044504349384 -0.40694429842434188 1.5115943976060886
decision_type=2 2 2 2 2 2
left_child=3 4 -3 -1 -2 -5
right_child=1 2 -4 5 -6 -7
leaf_value=-0.0011383803096811135 0.0004791154771675571 -0.00093855612381166546 -0.0007947939862654697 0.00057470981400975648 -0.00058641374204031281 -0.00072323623733002037
leaf_weight=45 316 46 84 1215 436 72
leaf_count=45 316 46 84 1215 436 72
internal_value=0.000259928 -0.00134842 -0.00787879 0.00132534 -0.000201591 0.00163538
internal_weight=2214 882 130 1332 752 1287
internal_count=2214 882 130 1332 752 1287
is_linear=0
shrinkage=0.04


Tree=17
num_leaves=7
num_cat=0
split_feature=25 10 46 26 40 65
split_gain=2.35095 3.72893 5.68431 2.67025 2.39346 1.77174
threshold=0.5196217049651658 -0.21358674562051191 -0.2937125881741996 1.1065805775483855 1.2513264551946681 0.98034571863049902
decision_type=2 2 2 2 2 2
left_child=3 2 -2 5 -3 -1
right_child=1 4 -4 -5 -6 -7
leaf_value=0.0004623326862766646 0.00049657890844874962 0.00038214339434953576 -0.0019304951567675108 -0.0020221396687389358 -0.0008187754139673541 -0.00031858117625641405
leaf_weight=1345 79 289 120 71 52 258
leaf_count=1345 79 289 120 71 52 258
internal_value=0.000223827 -0.00206642 -0.00638806 0.000964201 0.000478134 0.00130343
internal_weight=2214 540 199 1674 341 1603
internal_count=2214 540 199 1674 341 1603
is_linear=0
shrinkage=0.04


Tree=18
num_leaves=5
num_cat=0
split_feature=67 71 71 90
split_gain=2.25667 2.43577 3.33109 1.14781
threshold=-1.0275897583376066 -0.3558559872967027 0.96883974845024479 1.054469543889172
decision_type=2 2 2 2
left_child=-1 3 -3 -2
right_child=1 2 -4 -5
leaf_value=-0.0008771417798737873 0.00068736836074331483 -0.00030175784888390337 0.00076107892509105724 -0.00016250480225300809
leaf_weight=48 612 1173 324 57
leaf_count=48 612 1173 324 57
internal_value=0.000241877 0.000435424 -0.000461641 0.00243815
internal_weight=2214 2166 1497 669
internal_count=2214 2166 1497 669
is_linear=0
shrinkage=0.04


Tree=19
num_leaves=8
num_cat=0
split_feature=25 13 83 40 28 36 65
split_gain=2.42557 3.12543 4.14436 3.04341 2.30495 4.1791 1.73162
threshold=0.5196217049651658 -0.012070649500619797 -0.30226585853090987 1.4468197209656826 1.2364128047455278 -0.81128695289349018 0.98034571863049902
decision_type=2 2 2 2 2 2 2
left_child=4 2 -2 -3 6 -6 -1
right_child=1 3 -4 -5 5 -7 -8
leaf_value=0.0004288401376329718 0.00071335449212273387 0.0004314330117959621 -0.0015107993469135367 -0.0007688573712089006 0.00093701503781484894 -0.0026044900487876064 -0.00035578100146112918
leaf_weight=1341 56 260 178 46 46 52 235
leaf_count=1341 56 260 178 46 46 52 235
internal_value=0.000259928 -0.00206642 -0.00552542 0.000597403 0.00101193 -0.00488 0.00138403
internal_weight=2214 540 234 306 1674 98 1576
internal_count=2214 540 234 306 1674 98 1576
is_linear=0
shrinkage=0.04


Tree=20
num_leaves=8
num_cat=0
split_feature=23 85 14 53 37 107 26
split_gain=2.48679 2.96262 3.07763 2.42983 6.522 1.76294 1.46267
threshold=0.9446524928509723 0.090205232092701107 0.2601187953306266 -0.89999999999999991 -0.30443079272188817 -0.73195005180759931 0.40761948105994056
decision_type=2 2 2 2 2 2 2
left_child=3 6 -3 4 -1 -5 -2
right_child=1 2 -4 5 -6 -7 -8
leaf_value=-0.0021726493523960516 -0.0016347500056274474 -8.993261253213987e-05 -0.0020382080787446815 -0.0008957466163302298 7.121850986503704e-05 0.00030970111591853292 0.0019402814592215257
leaf_weight=57 40 48 46 59 267 1615 82
leaf_count=57 40 48 46 59 267 1615 82
internal_value=0.00031408 -0.00374312 -0.009 0.000756 -0.00240491 0.00136993 0.000387097
internal_weight=2214 216 94 1998 324 1674 122
internal_count=2214 216 94 1998 324 1674 122
is_linear=0
shrinkage=0.04


Tree=21
num_leaves=7
num_cat=0
split_feature=5 40 38 53 37 109
split_gain=2.44279 5.03691 3.23456 2.18613 6.53134 1.84532
threshold=0.9125177750908039 1.4468197209656826 -0.4586831975297655 -0.89999999999999991 -0.31646263572126287 -1.2019550775669032
decision_type=2 2 2 2 2 2
left_child=3 2 -2 4 -1 -5
right_child=1 -3 -4 5 -6 -7
leaf_value=-0.0021087598019908205 -0.0017723947582399136 -0.0025085823235927252 0.00052325156927389242 -0.00066242457863143628 5.6739491523802765e-05 0.00031944813364980401
leaf_weight=54 40 40 136 44 270 1630
leaf_count=54 40 40 136 44 270 1630
internal_value=0.000277978 -0.00374312 -0.000764045 0.000716 -0.00228221 0.00129833
internal_weight=2214 216 176 1998 324 1674
internal_count=2214 216 176 1998 324 1674
is_linear=0
shrinkage=0.04


Tree=22
num_leaves=7
num_cat=0
split_feature=5 40 10 59 78 109
split_gain=2.26692 4.43376 3.23456 1.50515 2.32091 2.31049
threshold=0.9125177750908039 1.4468197209656826 -0.453590149739103 0.16100219681984998 1.214747448811627 -0.67987049290075252
decision_type=2 2 2 2 2 2
left_child=3 2 -2 5 -5 -1
right_child=1 -3 -4 4 -6 -7
leaf_value=-0.0012537767479177443 -0.0017014989679103171 -0.0024082390306490158 0.00050232150650293672 -0.00032343602193144404 0.00085229763600854229 0.00058358939444887019
leaf_weight=131 40 40 136 595 261 1011
leaf_count=131 40 40 136 595 261 1011
internal_value=0.00031408 -0.00355963 -0.000764045 0.000736 -0.000531468 0.00168531
internal_weight=2214 216 176 1998 856 1142
internal_count=2214 216 176 1998 856 1142
is_linear=0
shrinkage=0.04


Tree=23
num_leaves=5
num_cat=0
split_feature=89 67 40 83
split_gain=2.23257 2.06116 2.11406 2.05712
threshold=1.5115943976060886 -1.0275897583376066 -0.89481867484459465 0.28695674002113103
decision_type=2 2 2 2
left_child=1 -1 -3 -2
right_child=3 2 -4 -5
leaf_value=-0.00081001122918631936 -0.0010200502816822912 -0.0012392890114701054 0.00026327031451903914 -0.00016752214825242845
leaf_weight=48 45 135 1917 69
leaf_count=48 45 135 1917 69
internal_value=0.000368231 0.000666032 0.00086076 -0.00503448
internal_weight=2214 2100 2052 114
internal_count=2214 2100 2052 114
is_linear=0
shrinkage=0.04


Tree=24
num_leaves=6
num_cat=0
split_feature=89 96 40 89 59
split_gain=1.9706 1.95796 1.94337 4.57816 1.84899
threshold=1.5115943976060886 0.55934304109691546 -0.89481867484459465 0.17512121493595831 0.16100219681984998
decision_type=2 2 2 2 2
left_child=2 -2 3 -1 -4
right_child=1 -3 4 -5 -6
leaf_value=-0.0017632241990369079 -0.00097149713073234692 0.0004500597362630792 0.00051616533620292104 0.0020103678234651662 -9.9963909504054973e-05
leaf_weight=72 66 48 1139 63 826
leaf_count=72 66 48 1139 63 826
internal_value=0.000386282 -0.00468965 0.000666032 -0.00394161 0.000986274
internal_weight=2214 114 2100 135 1965
internal_count=2214 114 2100 135 1965
is_linear=0
shrinkage=0.04


Tree=25
num_leaves=6
num_cat=0
split_feature=89 96 53 37 53
split_gain=1.95664 1.95796 1.64414 6.63914 2.32305
threshold=1.5115943976060886 0.55934304109691546 -0.89999999999999991 -0.34241801970443991 0.3000000000000001
decision_type=2 2 2 2 2
left_child=2 -2 3 -1 -4
right_child=1 -3 4 -5 -6
leaf_value=-0.0018316740967256216 -0.00093263724550305327 0.00043205734681255596 0.00054623358818801069 8.9030265690308262e-05 -0.00011319148595307308
leaf_weight=59 66 48 993 307 741
leaf_count=59 66 48 993 307 741
internal_value=0.000368231 -0.00468965 0.000647003 -0.00178261 0.00116129
internal_weight=2214 114 2100 366 1734
internal_count=2214 114 2100 366 1734
is_linear=0
shrinkage=0.04


Tree=26
num_leaves=5
num_cat=0
split_feature=67 59 109 78
split_gain=2.18257 2.38863 3.19208 2.72822
threshold=-0.98133602815647059 0.16100219681984998 -0.67987049290075252 1.8177039352242506
decision_type=2 2 2 2
left_child=-1 2 -2 -3
right_child=1 3 -4 -5
leaf_value=-0.00080114116761263569 -0.0011620614028566808 -0.00030200452388166659 0.00059155272910395144 0.0028627808428741473
leaf_weight=66 168 762 1041 177
leaf_count=66 168 762 1041 177
internal_value=0.000350181 0.000573023 0.00174732 -0.000939426
internal_weight=2214 2148 1209 939
internal_count=2214 2148 1209 939
is_linear=0
shrinkage=0.04


Tree=27
num_leaves=7
num_cat=0
split_feature=28 67 65 53 37 5
split_gain=2.3093 2.98775 4.6393 2.27578 6.28964 1.96812
threshold=1.0352809558084701 0.90867546271051436 -0.1631940479855665 -0.89999999999999991 -0.34241801970443991 1.072844848622325
decision_type=2 2 2 2 2 2
left_child=3 2 -2 4 -1 -5
right_child=1 -3 -4 5 -6 -7
leaf_value=-0.0017119246767423294 -3.0420166728820434e-05 0.0011497555818722582 -0.0018664634190910469 0.00031307326669313104 7.4802131665941177e-05 -0.0011183265921874857
leaf_weight=59 86 68 62 1607 283 49
leaf_count=59 86 68 62 1607 283 49
internal_value=0.000350181 -0.00355963 -0.00672 0.000776 -0.00218605 0.00138963
internal_weight=2214 216 148 1998 342 1656
internal_count=2214 216 148 1998 342 1656
is_linear=0
shrinkage=0.04


Tree=28
num_leaves=5
num_cat=0
split_feature=67 71 33 96
split_gain=1.90025 1.74146 2.40118 1.71254
threshold=-1.0275897583376066 -0.33177057948154121 0.10847388245988406 1.0831471652199438
decision_type=2 2 2 2
left_child=-1 3 -3 -2
right_child=1 2 -4 -5
leaf_value=-0.00069600319038771194 0.0005037790349521475 0.00019356451184342289 -0.00052736953696653946 -0.00034384812411654918
leaf_weight=48 639 931 548 48
leaf_count=48 639 931 548 48
internal_value=0.000350181 0.000527675 -0.00024578 0.00218868
internal_weight=2214 2166 1479 687
internal_count=2214 2166 1479 687
is_linear=0
shrinkage=0.04


Tree=29
num_leaves=7
num_cat=0
split_feature=28 67 78 53 83 53
split_gain=2.26692 2.98775 3.95279 1.87613 3.64175 2.09618
threshold=1.0352809558084701 0.90867546271051436 -0.30538197754424895 -0.89999999999999991 -0.078181639818434595 0.90000000000000013
decision_type=2 2 2 2 2 2
left_child=3 2 -2 4 -1 -5
right_child=1 -3 -4 5 -6 -7
leaf_value=0.00043010127295334857 0.00075411248113232282 0.0010960227781236309 -0.0014477086735447844 0.00034834361183638183 -0.00099618314680771213 -0.00039494005998024244
leaf_weight=159 55 68 93 1481 183 175
leaf_count=159 55 68 93 1481 183 175
internal_value=0.00031408 -0.00355963 -0.00672 0.000736 -0.00195349 0.00129312
internal_weight=2214 216 148 1998 342 1656
internal_count=2214 216 148 1998 342 1656
is_linear=0
shrinkage=0.04


Tree=30
num_leaves=7
num_cat=0
split_feature=85 33 40 109 14 0
split_gain=1.92328 2.03769 3.09595 0.916234 0.314274 0.0088459
threshold=-0.98172365663619676 -0.56343527918212089 1.8194561219841943 -0.58457226556829378 -0.54068699466086168 -0.6736284880330119
decision_type=2 2 2 2 2 2
left_child=4 3 -3 -2 -1 -6
right_child=1 2 -4 -5 5 -7
leaf_value=0.00010496604332956015 -0.00043773512047772802 -4.5744074956223819e-05 -0.001980770901426327 0.00064248205231573084 0.001207080077620582 0.0012512847955572601
leaf_weight=40 44 1430 56 390 40 214
leaf_count=40 44 1430 56 390 40 214
internal_value=0.000296029 -0.000166493 -0.000870968 0.00223853 0.0032973 0.0038125
internal_weight=2214 1920 1486 434 294 254
internal_count=2214 1920 1486 434 294 254
is_linear=0
shrinkage=0.04


Tree=31
num_leaves=5
num_cat=0
split_feature=67 59 78 40
split_gain=2.14927 1.96452 2.62524 2.44761
threshold=-0.98133602815647059 0.16100219681984998 1.8177039352242506 -0.89481867484459465
decision_type=2 2 2 2
left_child=-1 3 -3 -2
right_child=1 2 -4 -5
leaf_value=-0.00063909883004317465 -0.00091857311067309938 -0.00025383480979017565 0.0027109366874270534 0.00054892961063430883
leaf_weight=66 132 762 177 1077
leaf_count=66 132 762 177 1077
internal_value=0.000296029 0.000517209 -0.00085441 0.00158216
internal_weight=2214 2148 939 1209
internal_count=2214 2148 939 1209
is_linear=0
shrinkage=0.04


Tree=32
num_leaves=5
num_cat=0
split_feature=67 28 105 53
split_gain=1.84402 1.76658 2.55283 1.71499
threshold=-0.98133602815647059 1.1829870950984083 0.66341212834757568 -0.89999999999999991
decision_type=2 2 2 2
left_child=-1 3 -3 -2
right_child=1 2 -4 -5
leaf_value=-0.00061353487684144754 -0.00045387804826453734 -3.2861133094122565e-05 -0.0016234175331943815 0.00027514024200399459
leaf_weight=66 347 126 42 1633
leaf_count=66 347 126 42 1633
internal_value=0.000368231 0.000573023 -0.00334118 0.000908174
internal_weight=2214 2148 168 1980
internal_count=2214 2148 168 1980
is_linear=0
shrinkage=0.04


Tree=33
num_leaves=8
num_cat=0
split_feature=25 40 103 40 73 25 94
split_gain=1.73031 2.98417 3.40554 2.25573 1.58882 2.94432 1.36306
threshold=0.16666182527741774 0.83397955311483851 -0.68534327532749861 -0.87285937536373015 -0.31470123232023867 -0.13918844534402494 0.79344132727415329
decision_type=2 2 2 2 2 2 2
left_child=4 3 -3 -2 5 -1 -6
right_child=1 2 -4 -5 6 -7 -8
leaf_value=-0.00065410874829231606 -0.001491823225673056 -0.0013254698161352179 -0.00015672152032594408 0.00013947440645142761 0.00062443187974507686 0.00079442009029908559 -0.00027372590683443887
leaf_weight=156 93 41 97 678 865 96 188
leaf_count=156 93 41 97 678 865 96 188
internal_value=0.000368231 -0.000970362 -0.00634286 5.17479e-06 0.00130069 -0.00154331 0.00198294
internal_weight=2214 909 138 771 1305 252 1053
internal_count=2214 909 138 771 1305 252 1053
is_linear=0
shrinkage=0.04


Tree=34
num_leaves=6
num_cat=0
split_feature=85 66 28 63 14
split_gain=2.08801 1.87931 2.65073 0.698544 0.0785734
threshold=-0.98172365663619676 0.6085758111022157 1.1829870950984083 2.0094935099871036 -0.25259404325026907
decision_type=2 2 2 2 2
left_child=4 2 -2 -3 -1
right_child=1 3 -4 -5 -6
leaf_value=0.00023212092505929427 -7.0550879082428332e-05 0.00060586103545925485 -0.001202103042540668 -9.8863023971608815e-05 0.0011643854387365818
leaf_weight=75 1275 465 111 69 219
leaf_count=75 1275 465 111 69 219
internal_value=0.000440433 -4.16232e-05 -0.000818444 0.00197015 0.00356757
internal_weight=2214 1920 1386 534 294
internal_count=2214 1920 1386 534 294
is_linear=0
shrinkage=0.04


Tree=35
num_leaves=6
num_cat=0
split_feature=85 33 71 42 14
split_gain=1.72073 1.87931 2.1911 0.743426 0.239998
threshold=-0.98172365663619676 -0.56343527918212089 1.0217742780007923 -1.4381678020720501 -0.25259404325026907
decision_type=2 2 2 2 2
left_child=4 3 -3 -2 -1
right_child=1 2 -4 -5 -6
leaf_value=0.00022283608805692245 -0.00041359336342514991 -0.00024592180520051891 0.00059328899499325714 0.00053946952378927226 0.0011178100211871186
leaf_weight=75 41 1257 229 393 219
leaf_count=75 41 1257 229 393 219
internal_value=0.000458484 2.08118e-05 -0.000655914 0.00233028 0.0032973
internal_weight=2214 1920 1486 434 294
internal_count=2214 1920 1486 434 294
is_linear=0
shrinkage=0.04


Tree=36
num_leaves=5
num_cat=0
split_feature=67 106 47 53
split_gain=2.23862 1.66741 1.94469 1.5121
threshold=-0.98133602815647059 1.2115336143443776 0.18427986817620165 -0.89999999999999991
decision_type=2 2 2 2
left_child=-1 3 -3 -2
right_child=1 2 -4 -5
leaf_value=-0.0005819135506545289 -0.0004593899954502153 -0.00077080511679535979 0.00049577156821046175 0.00026741256865582135
leaf_weight=66 342 73 41 1692
leaf_count=66 342 73 41 1692
internal_value=0.000440433 0.000666047 -0.004 0.000931238
internal_weight=2214 2148 114 2034
internal_count=2214 2148 114 2034
is_linear=0
shrinkage=0.04


Tree=37
num_leaves=7
num_cat=0
split_feature=85 102 71 96 14 14
split_gain=1.84289 1.94657 2.52191 0.49307 0.16984 0.0088459
threshold=-0.98172365663619676 -0.69306948368363563 1.039510372449548 0.61185832682413721 -0.54068699466086168 -0.24166303867557679
decision_type=2 2 2 2 2 2
left_child=4 3 -3 -2 -1 -6
right_child=1 2 -4 -5 5 -7
leaf_value=5.0796728856343843e-05 0.000852218371498782 -0.00021008859990980056 0.00062426119465647527 -4.4121258052966846e-05 0.00097308099486798257 0.0010528479557069756
leaf_weight=40 222 1389 267 42 40 214
leaf_count=40 222 1389 267 42 40 214
internal_value=0.000494585 4.16235e-05 -0.000468034 0.00321805 0.00343243 0.0038125
internal_weight=2214 1920 1656 264 294 254
internal_count=2214 1920 1656 264 294 254
is_linear=0
shrinkage=0.04


Tree=38
num_leaves=6
num_cat=0
split_feature=85 102 40 96 14
split_gain=1.67724 1.74243 2.50811 0.456463 0.239998
threshold=-0.98172365663619676 -0.69306948368363563 1.8194561219841943 0.61185832682413721 -0.25259404325026907
decision_type=2 2 2 2 2
left_child=4 3 -3 -2 -1
right_child=1 2 -4 -5 -6
leaf_value=0.0002011942726341589 0.00081812963663883064 -1.768321020139417e-05 -0.0018826686821176179 -4.2356407730848114e-05 0.001020287199365122
leaf_weight=75 222 1605 51 42 219
leaf_count=75 222 1605 51 42 219
internal_value=0.000494585 6.24351e-05 -0.000419783 0.00306767 0.0032973
internal_weight=2214 1920 1656 264 294
internal_count=2214 1920 1656 264 294
is_linear=0
shrinkage=0.04


Tree=39
num_leaves=5
num_cat=0
split_feature=67 105 41 33
split_gain=1.57155 1.43068 1.94602 1.17734
threshold=-0.98133602815647059 0.01042439737452531 -0.075118737572196864 1.1587455203774668
decision_type=2 2 2 2
left_child=-1 3 -3 -2
right_child=1 2 -4 -5
leaf_value=-0.00054952613622390037 0.00042659623958700611 -0.00027689746902393635 0.00018949062535753971 -0.00051340729486490735
leaf_weight=66 982 530 547 89
leaf_count=66 982 530 547 89
internal_value=0.000458484 0.000647442 -0.000381835 0.00168127
internal_weight=2214 2148 1077 1071
internal_count=2214 2148 1077 1071
is_linear=0
shrinkage=0.04


Tree=40
num_leaves=7
num_cat=0
split_feature=102 89 11 79 96 2
split_gain=1.46086 2.18669 2.40888 2.01911 0.463773 0.00846161
threshold=-0.69306948368363563 0.62303292835962842 0.70964095482011602 0.56081226143264706 0.61185832682413721 0.84113575342537295
decision_type=2 2 2 2 2 2
left_child=4 3 -3 -2 5 -1
right_child=1 2 -4 -5 -6 -7
leaf_value=0.00089985162940090901 0.00023202217393924224 -0.00015326049089103223 -0.0018149415635708328 -0.00030095469521181485 -4.6376222918634965e-05 0.00055307043876506076
leaf_weight=197 1428 226 41 240 42 40
leaf_count=197 1428 226 41 240 42 40
internal_value=0.000422383 3.09759e-05 -0.00331598 0.00057006 0.00311744 0.00379916
internal_weight=2214 1935 267 1668 279 237
internal_count=2214 1935 267 1668 279 237
is_linear=0
shrinkage=0.04


Tree=41
num_leaves=5
num_cat=0
split_feature=109 40 89 106
split_gain=1.40425 1.435 4.54872 1.88694
threshold=-1.2019550775669032 -0.89481867484459465 0.14254840307531944 0.23632361185887868
decision_type=2 2 2 2
left_child=-1 2 -2 -3
right_child=1 3 -4 -5
leaf_value=-0.00062403963093474873 -0.0014497590218366615 0.00038366141225263056 0.0015455930589220737 -6.6737856238134466e-05
leaf_weight=45 67 1232 68 802
leaf_count=45 67 1232 68 802
internal_value=0.000458484 0.000606172 -0.00335766 0.000872299
internal_weight=2214 2169 135 2034
internal_count=2214 2169 135 2034
is_linear=0
shrinkage=0.04


Tree=42
num_leaves=7
num_cat=0
split_feature=71 65 28 24 30 11
split_gain=1.39061 2.45218 4.9406 1.81557 0.430699 0.0762955
threshold=0.96883974845024479 0.98034571863049902 0.029748681880846815 0.55697829026076462 0.65134159114395396 -0.89693586638240108
decision_type=2 2 2 2 2 2
left_child=1 3 -3 -1 5 -2
right_child=4 2 -4 -5 -6 -7
leaf_value=0.00019932819085106781 0.0010816648837736348 -0.0011443856459364805 0.00043268058641288403 -0.00045305389533868034 0.00011303493960335545 0.00083945793416461876
leaf_weight=1303 40 72 102 413 73 211
leaf_count=1303 40 72 102 413 73 211
internal_value=0.000458484 4.22834e-05 -0.00445455 0.00050291 0.00287117 0.00365217
internal_weight=2214 1890 174 1716 324 251
internal_count=2214 1890 174 1716 324 251
is_linear=0
shrinkage=0.04


Tree=43
num_leaves=8
num_cat=0
split_feature=25 46 10 40 73 25 94
split_gain=1.352 2.04377 4.80372 2.63613 1.87582 2.80644 1.31495
threshold=0.16666182527741774 0.37517209560218728 -0.32600275850006682 0.76178124163697658 -0.30888286190228059 -0.13918844534402494 0.79344132727415329
decision_type=2 2 2 2 2 2 2
left_child=4 3 -3 -2 5 -1 -6
right_child=1 2 -4 -5 6 -7 -8
leaf_value=-0.00047983305999771099 0.0002365777385781442 -0.0013573624500223989 -3.3198850546378035e-05 -0.00095528296262666589 0.00056630198460845245 0.00070731631666559754 -0.00023613822248700801
leaf_weight=166 548 76 190 95 854 101 184
leaf_count=166 548 76 190 95 854 101 184
internal_value=0.000476534 -0.000706915 -0.00364179 0.000514729 0.00130069 -0.0016803 0.00206923
internal_weight=2214 909 266 643 1305 267 1038
internal_count=2214 909 266 643 1305 267 1038
is_linear=0
shrinkage=0.04


Tree=44
num_leaves=5
num_cat=0
split_feature=67 71 28 107
split_gain=1.61913 1.99043 2.48114 0.921018
threshold=-0.98133602815647059 -0.33177057948154121 -0.38740283008280696 -0.35968902610356673
decision_type=2 2 2 2
left_child=-1 3 -3 -2
right_child=1 2 -4 -5
leaf_value=-0.00046920733791407532 1.6248059460127604e-06 -0.00046058474970249203 0.00013420066081772211 0.00060076046829287951
leaf_weight=66 168 330 1137 513
leaf_count=66 168 330 1137 513
internal_value=0.000548737 0.000740465 -8.98569e-05 0.00252416
internal_weight=2214 2148 1467 681
internal_count=2214 2148 1467 681
is_linear=0
shrinkage=0.04


Tree=45
num_leaves=6
num_cat=0
split_feature=85 66 97 70 80
split_gain=1.67356 1.90663 2.55321 0.615782 0.159984
threshold=-1.0107354385292833 0.81143337111912484 0.87371303679217427 0.037319033646357587 -0.8176945324775744
decision_type=2 2 2 2 2
left_child=4 2 -2 -3 -1
right_child=1 3 -4 -5 -6
leaf_value=0.00089691066925168391 -3.4943126265967161e-06 5.1347011503473631e-05 -0.00095324828970679639 0.00082020174402566649 0.0007048870369243869
leaf_weight=45 1440 147 90 270 222
leaf_count=45 1440 147 90 270 222
internal_value=0.000566787 0.00015803 -0.000496083 0.00254893 0.00352416
internal_weight=2214 1947 1530 417 267
internal_count=2214 1947 1530 417 267
is_linear=0
shrinkage=0.04


Tree=46
num_leaves=7
num_cat=0
split_feature=85 36 28 63 90 3
split_gain=1.40958 1.63198 2.68891 0.54004 0.286732 0.008156
threshold=-1.0107354385292833 -0.75655432845104842 1.2364128047455278 -0.89377716746715519 1.0269847665645255 -0.57553198369221348
decision_type=2 2 2 2 2 2
left_child=4 3 -3 -2 5 -1
right_child=1 2 -4 -5 -6 -7
leaf_value=0.0012957154189065121 -0.0002406910386484698 -5.7860619488162204e-07 -0.00099836625677153339 0.00047432714997389119 6.6026144496663747e-05 0.00087572263071078536
leaf_weight=40 41 1477 94 335 42 185
leaf_count=40 41 1477 94 335 42 185
internal_value=0.000512636 0.000137507 -0.000429752 0.00249735 0.00322677 0.00378855
internal_weight=2214 1947 1571 376 267 225
internal_count=2214 1947 1571 376 267 225
is_linear=0
shrinkage=0.04


Tree=47
num_leaves=5
num_cat=0
split_feature=67 71 28 96
split_gain=1.60002 1.81606 2.28854 1.21681
threshold=-0.98133602815647059 -0.33177057948154121 -0.38740283008280696 1.0831471652199438
decision_type=2 2 2 2
left_child=-1 3 -3 -2
right_child=1 2 -4 -5
leaf_value=-0.00045027612764465304 0.00043777559378064933 -0.00044397273170564979 0.00013649460075071504 -0.00022795602853982266
leaf_weight=66 636 330 1137 45
leaf_count=66 636 330 1137 45
internal_value=0.000512636 0.000703256 -8.98569e-05 0.00240703
internal_weight=2214 2148 1467 681
internal_count=2214 2148 1467 681
is_linear=0
shrinkage=0.04


Tree=48
num_leaves=6
num_cat=0
split_feature=40 95 59 78 53
split_gain=1.34107 3.92691 1.7598 2.50279 2.26344
threshold=-0.89481867484459465 0.011701506806080711 0.16100219681984998 1.214747448811627 0.90000000000000013
decision_type=2 2 2 2 2
left_child=1 -1 4 -4 -2
right_child=2 -3 3 -5 -6
leaf_value=-0.001300663725784414 0.00045657813167069894 0.0026896576891041607 -0.00024166067755623826 0.00062782534265758908 -0.00039011291537054989
leaf_weight=72 1047 63 667 273 92
leaf_count=72 1047 63 667 273 92
internal_value=0.000476534 -0.00335766 0.000728496 -0.000552017 0.0017844
internal_weight=2214 135 2079 940 1139
internal_count=2214 135 2079 940 1139
is_linear=0
shrinkage=0.04


Tree=49
num_leaves=5
num_cat=0
split_feature=67 71 71 96
split_gain=1.60956 1.53823 1.94912 1.17204
threshold=-0.98133602815647059 -0.33177057948154121 0.96883974845024479 1.0831471652199438
decision_type=2 2 2 2
left_child=-1 3 -3 -2
right_child=1 2 -4 -5
leaf_value=-0.00041666056592404451 0.00041596620864036316 -0.00012749016667498725 0.00059511954987516891 -0.00019492711269468517
leaf_weight=66 636 1146 321 45
leaf_count=66 636 1146 321 45
internal_value=0.000530686 0.000721861 -8.16867e-06 0.0022899
internal_weight=2214 2148 1467 681
internal_count=2214 2148 1467 681
is_linear=0
shrinkage=0.04


Tree=50
num_leaves=7
num_cat=0
split_feature=85 66 97 94 42 92
split_gain=1.54003 2.0378 2.2878 0.404373 0.227202 0.421711
threshold=-0.98172365663619676 0.61908468001780759 0.87371303679217427 -0.32585162737890988 -0.12743280499136053 0.31161657737614123
decision_type=2 2 2 2 2 2
left_child=4 2 -2 -3 5 -1
right_child=1 3 -4 -5 -6 -7
leaf_value=0.00048274708961006319 -1.9145347388876885e-05 0.00077446513667050879 -0.00095984382354814422 0.00031442740746759817 0.00084316330441468103 -1.0866060082519865e-05
leaf_weight=55 1311 147 81 381 194 45
leaf_count=55 1311 147 81 381 194 45
internal_value=0.000476534 6.24351e-05 -0.000740315 0.00217359 0.00316216 0.00156863
internal_weight=2214 1920 1392 528 294 100
internal_count=2214 1920 1392 528 294 100
is_linear=0
shrinkage=0.04


Tree=51
num_leaves=6
num_cat=0
split_feature=102 40 46 59 2
split_gain=1.44136 2.77861 1.84263 0.332404 0.008156
threshold=-0.69306948368363563 1.8194561219841943 -0.58185363755760677 1.6087554440022767 0.77114706483350803
decision_type=2 2 2 2 2
left_child=3 2 -2 4 -1
right_child=1 -3 -4 -5 -6
leaf_value=0.00071069021553225213 0.00042226930068567462 -0.0016385624456678827 -2.0070954699882788e-05 6.508943272375967e-05 0.00046861905933065154
leaf_weight=185 431 51 1453 54 40
leaf_count=185 431 51 1453 54 40
internal_value=0.000440433 5.16264e-05 0.000305408 0.00311744 0.00378855
internal_weight=2214 1935 1884 279 225
internal_count=2214 1935 1884 279 225
is_linear=0
shrinkage=0.04


Tree=52
num_leaves=7
num_cat=0
split_feature=85 66 96 62 42 95
split_gain=1.3131 1.85287 2.07471 0.511256 0.250658 0.421689
threshold=-1.0107354385292833 0.81143337111912484 1.1931644789651206 1.9469707434443977 -0.12743280499136053 0.14538985479726277
decision_type=2 2 2 2 2 2
left_child=4 2 -2 -3 5 -1
right_child=1 3 -4 -5 -6 -7
leaf_value=-1.0063174312122235e-05 -1.2730279563477314e-05 0.0006192252224930375 -0.00085590757020832776 -0.00030237505501994711 0.00081558501088970924 0.0019698831421046366
leaf_weight=43 1449 363 81 54 176 48
leaf_count=43 1449 363 81 54 176 48
internal_value=0.000458484 9.64599e-05 -0.000548303 0.00245346 0.00307807 0.00133333
internal_weight=2214 1947 1530 417 267 91
internal_count=2214 1947 1530 417 267 91
is_linear=0
shrinkage=0.04


Tree=53
num_leaves=8
num_cat=0
split_feature=25 46 38 40 73 46 0
split_gain=1.31111 2.48054 5.31518 2.74428 1.65671 2.27743 1.17221
threshold=0.16666182527741774 0.37517209560218728 -0.39999991012017877 0.76178124163697658 -0.30888286190228059 -0.24926935137946934 1.1331668553767986
decision_type=2 2 2 2 2 2 2
left_child=4 3 -3 -2 5 -1 -6
right_child=1 2 -4 -5 6 -7 -8
leaf_value=-0.00072638916638136379 0.00022753338161281503 -0.001234741268314914 -1.4928061975816199e-05 -0.00080728651089430792 0.00043515852151245897 9.1105478724478708e-05 -0.00014334160308815465
leaf_weight=77 548 67 199 95 931 190 107
leaf_count=77 548 67 199 95 931 190 107
internal_value=0.000458484 -0.000706915 -0.0039403 0.00063876 0.00127008 -0.0015316 0.00199231
internal_weight=2214 909 266 643 1305 267 1038
internal_count=2214 909 266 643 1305 267 1038
is_linear=0
shrinkage=0.04


Tree=54
num_leaves=7
num_cat=0
split_feature=85 66 96 70 80 23
split_gain=1.54003 1.87891 1.73545 0.720416 0.338943 0.00853332
threshold=-0.98172365663619676 0.81143337111912484 1.1931644789651206 0.037319033646357587 -0.74556740054263215 -0.38555162340933591
decision_type=2 2 2 2 2 2
left_child=4 2 -2 -3 -1 -6
right_child=1 3 -4 -5 5 -7
leaf_value=0.00023412435014535279 -1.2777369869099715e-05 3.3217526131160819e-05 -0.00078937981189862829 0.00073794678717819054 0.00050252359051575094 0.00058669638756408699
leaf_weight=54 1425 147 81 267 40 200
leaf_count=54 1425 147 81 267 40 200
internal_value=0.000476534 6.24351e-05 -0.000594164 0.00244231 0.00316216 0.00380165
internal_weight=2214 1920 1506 414 294 240
internal_count=2214 1920 1506 414 294 240
is_linear=0
shrinkage=0.04


Tree=55
num_leaves=5
num_cat=0
split_feature=67 109 14 106
split_gain=1.26937 1.37438 4.32799 1.46518
threshold=-0.98133602815647059 -0.91559469027371876 -0.081401943857157141 0.23632361185887868
decision_type=2 2 2 2
left_child=-1 2 -2 -3
right_child=1 3 -4 -5
leaf_value=-0.00037726103315748088 0.00031235983502959187 0.00036191174893454792 -0.0012070704128629883 -1.7450872057598528e-05
leaf_weight=66 90 1167 63 828
leaf_count=66 90 1167 63 828
internal_value=0.000440433 0.000610233 -0.00301935 0.000891337
internal_weight=2214 2148 153 1995
internal_count=2214 2148 153 1995
is_linear=0
shrinkage=0.04


Tree=56
num_leaves=6
num_cat=0
split_feature=66 97 29 106 63
split_gain=1.29457 1.69635 3.16621 1.44424 0.203502
threshold=1.2236218637270653 0.87371303679217427 0.23549626049326758 1.2115336143443776 1.7748841649162486
decision_type=2 2 2 2 2
left_child=1 3 -3 -1 -2
right_child=4 2 -4 -5 -6
leaf_value=8.5537626967788617e-05 0.001057792469865666 1.2887288206140724e-05 -0.0015558351172239848 -0.00071652084711025814 0.00019227587970405567
leaf_weight=1785 174 83 40 75 57
leaf_count=1785 174 83 40 75 57
internal_value=0.000458484 0.000126952 -0.004384 0.000429646 0.00327897
internal_weight=2214 1983 123 1860 231
internal_count=2214 1983 123 1860 231
is_linear=0
shrinkage=0.04


Tree=57
num_leaves=6
num_cat=0
split_feature=40 95 40 72 109
split_gain=1.3285 3.92691 1.42811 1.71929 0.414812
threshold=-0.89481867484459465 0.011701506806080711 -0.40291875157137341 0.89611680106910019 -0.69228596472810755
decision_type=2 2 2 2 2
left_child=1 -1 4 -4 -2
right_child=2 -3 3 -5 -6
leaf_value=-0.0011865753194588637 -3.6863701481462806e-06 0.0024958672928501479 -2.3660682897250925e-05 0.00065813131782348612 0.00049651101609642252
leaf_weight=72 41 63 1458 243 337
leaf_count=72 41 63 1458 243 337
internal_value=0.000458484 -0.00335766 0.000709275 0.000213741 0.00292632
internal_weight=2214 135 2079 1701 378
internal_count=2214 135 2079 1701 378
is_linear=0
shrinkage=0.04


Tree=58
num_leaves=7
num_cat=0
split_feature=85 66 28 70 80 5
split_gain=1.37232 1.72616 1.69253 0.560695 0.218915 0.00790493
threshold=-1.0107354385292833 0.81143337111912484 1.2364128047455278 0.037319033646357587 -0.74556740054263215 -0.30360187148690732
decision_type=2 2 2 2 2 2
left_child=4 2 -2 -3 -1 -6
right_child=1 3 -4 -5 5 -7
leaf_value=0.00067181410709249835 -5.0247632721054627e-06 3.2478178052616755e-05 -0.00075726546975207342 0.0006789500155023134 0.00094108646517658469 0.00052953774187712089
leaf_weight=51 1423 147 107 270 40 176
leaf_count=51 1423 147 107 270 40 176
internal_value=0.000548737 0.000178553 -0.000443864 0.00245346 0.00322677 0.00377982
internal_weight=2214 1947 1530 417 267 216
internal_count=2214 1947 1530 417 267 216
is_linear=0
shrinkage=0.04


Tree=59
num_leaves=6
num_cat=0
split_feature=24 79 28 107 106
split_gain=1.36559 3.5362 2.03056 1.93046 1.07183
threshold=0.55697829026076462 0.45998068268222903 -0.19998308950930008 -0.73195005180759931 -0.22669838437098924
decision_type=2 2 2 2 2
left_child=3 2 -2 -1 -5
right_child=1 -3 -4 4 -6
leaf_value=-0.00096339981689904817 -0.000718084910941289 -0.00068867017116252985 0.00011169097319547487 0.00071087348475260448 4.0079539369095055e-05
leaf_weight=53 46 56 375 563 1121
leaf_count=53 46 56 375 563 1121
internal_value=0.000530686 -0.00136117 -8.51062e-05 0.00105118 0.00129063
internal_weight=2214 477 421 1737 1684
internal_count=2214 477 421 1737 1684
is_linear=0
shrinkage=0.04


Tree=60
num_leaves=7
num_cat=0
split_feature=102 100 59 107 96 2
split_gain=1.40274 1.85556 1.91143 1.38893 0.463773 0.00846161
threshold=-0.69306948368363563 -0.77241875637517776 0.38109738585896175 -0.46542609034710086 0.61185832682413721 0.84113575342537295
decision_type=2 2 2 2 2 2
left_child=4 2 -2 -3 5 -1
right_child=1 3 -4 -5 -6 -7
leaf_value=0.00071980354163879239 8.3242221217300609e-05 -0.00018836762827682504 -0.00080858394636667706 0.00014991629245388646 -0.00017184736231339899 0.00047350095898549531
leaf_weight=197 63 396 75 1401 42 40
leaf_count=197 63 396 75 1401 42 40
internal_value=0.000476534 9.29274e-05 -0.00434286 0.000438021 0.00311744 0.00379916
internal_weight=2214 1935 138 1797 279 237
internal_count=2214 1935 138 1797 279 237
is_linear=0
shrinkage=0.04


Tree=61
num_leaves=6
num_cat=0
split_feature=24 79 28 107 41
split_gain=1.33969 3.5362 2.03056 1.91851 1.47902
threshold=0.55697829026076462 0.45998068268222903 -0.19998308950930008 -0.73195005180759931 -0.075118737572196864
decision_type=2 2 2 2 2
left_child=3 2 -2 -1 -5
right_child=1 -3 -4 4 -6
leaf_value=-0.00091732911909201298 -0.000676188159138876 -0.00066035433870855072 0.00010122668256950044 2.0251452949706937e-05 0.00036880164817351463
leaf_weight=53 46 56 375 955 729
leaf_count=53 46 56 375 955 729
internal_value=0.000512636 -0.00136117 -8.51062e-05 0.00102818 0.0012669
internal_weight=2214 477 421 1737 1684
internal_count=2214 477 421 1737 1684
is_linear=0
shrinkage=0.04


Tree=62
num_leaves=5
num_cat=0
split_feature=67 85 67 89
split_gain=1.30356 1.10068 1.37159 0.259331
threshold=-0.98133602815647059 -1.0107354385292833 1.001127701436257 -0.63600137525754519
decision_type=2 2 2 2
left_child=-1 3 -3 -2
right_child=1 2 -4 -5
leaf_value=-0.00033172875283920644 9.2979802815472499e-05 -1.4144512308184272e-05 0.00042872087242180456 0.00066330492567219545
leaf_weight=66 42 1548 333 225
leaf_count=66 42 1548 333 225
internal_value=0.000512636 0.000684651 0.000342008 0.00307807
internal_weight=2214 2148 1881 267
internal_count=2214 2148 1881 267
is_linear=0
shrinkage=0.04


Tree=63
num_leaves=7
num_cat=0
split_feature=66 97 29 106 63 3
split_gain=1.16805 2.15329 2.22001 1.28954 0.753908 0.00846161
threshold=1.0104439462033605 0.82016078434974515 0.28270897054641764 1.2681926120131923 1.7748841649162486 -1.1054873798422526
decision_type=2 2 2 2 2 2
left_child=1 3 -3 -1 5 -2
right_child=4 2 -4 -5 -6 -7
leaf_value=6.8412580110991696e-05 0.0019245653052334909 -1.5188875126434603e-05 -0.0013658424907058678 -0.00065251976192496708 -0.00012516383083830475 0.00072215924840475661
leaf_weight=1713 40 70 47 72 75 197
leaf_count=1713 40 70 47 72 75 197
internal_value=0.000440433 6.7227e-05 -0.00514286 0.000414102 0.00270064 0.00379916
internal_weight=2214 1902 117 1785 312 237
internal_count=2214 1902 117 1785 312 237
is_linear=0
shrinkage=0.04


Tree=64
num_leaves=6
num_cat=0
split_feature=40 95 79 5 89
split_gain=1.49542 4.79044 1.2466 1.62348 0.271889
threshold=-0.87285937536373015 0.0049039226794198422 -0.62403425339859941 1.1183418950069552 -0.96976380276789398
decision_type=2 2 2 2 2
left_child=1 -1 4 -4 -2
right_child=2 -3 3 -5 -6
leaf_value=-0.001187915033508414 1.8101720204616866e-05 0.0025769183421599307 5.2778222925688389e-05 -0.00071609652743808349 0.00067664566057625778
leaf_weight=78 42 75 1685 77 257
leaf_count=78 42 75 1685 77 257
internal_value=0.000512636 -0.00327742 0.000796898 0.000390023 0.00317608
internal_weight=2214 153 2061 1762 299
internal_count=2214 153 2061 1762 299
is_linear=0
shrinkage=0.04


Tree=65
num_leaves=6
num_cat=0
split_feature=24 79 107 35 97
split_gain=1.34912 3.60028 1.60087 1.38996 1.1361
threshold=0.55697829026076462 0.45998068268222903 -0.73195005180759931 0.48728806607810288 1.2085220356914472
decision_type=2 2 2 2 2
left_child=2 3 -1 -2 -4
right_child=1 -3 4 -5 -6
leaf_value=-0.00088491780595747246 -0.00036869909616776521 -0.00058780772937381545 0.0001630273128489554 0.0002248831480860683 -0.0007071642310995112
leaf_weight=53 171 56 1640 250 44
leaf_count=53 171 56 1640 250 44
internal_value=0.000602888 -0.00127766 0.00112018 9.45641e-06 0.00133808
internal_weight=2214 477 1737 421 1684
internal_count=2214 477 1737 421 1684
is_linear=0
shrinkage=0.04


Tree=66
num_leaves=6
num_cat=0
split_feature=24 79 28 109 53
split_gain=1.51617 3.88077 1.83607 1.77816 1.75211
threshold=0.55697829026076462 0.45443951828280632 -0.25140516689927256 -1.1100044504349384 -0.89999999999999991
decision_type=2 2 2 2 2
left_child=3 2 -2 -1 -5
right_child=1 -3 -4 4 -6
leaf_value=-0.00060390008266529896 -0.00060407070664029354 -0.00055613446688265863 9.2748521031625817e-05 -0.00026495608043534047 0.00023925666224084392
leaf_weight=56 43 57 377 250 1431
leaf_count=56 43 57 377 250 1431
internal_value=0.000548737 -0.00144468 -9.47866e-05 0.00109718 0.00133333
internal_weight=2214 477 420 1737 1681
internal_count=2214 477 420 1737 1681
is_linear=0
shrinkage=0.04


Tree=67
num_leaves=6
num_cat=0
split_feature=5 40 38 107 41
split_gain=1.44103 3.05424 2.40103 1.24039 1.07517
threshold=0.90252155502470333 1.4468197209656826 -0.48258357460220541 -0.73195005180759931 -0.075118737572196864
decision_type=2 2 2 2 2
left_child=3 2 -2 -1 -5
right_child=1 -3 -4 4 -6
leaf_value=-0.0007978498968880662 -0.0010777807231596339 -0.001388937155145358 0.00049234037822191209 9.9199602251913006e-06 0.00023317920994921407
leaf_weight=59 40 41 143 982 949
leaf_count=59 40 41 143 982 949
internal_value=0.000620939 -0.00240708 -0.000151351 0.000963856 0.0011402
internal_weight=2214 224 183 1990 1931
internal_count=2214 224 183 1990 1931
is_linear=0
shrinkage=0.04


Tree=68
num_leaves=7
num_cat=0
split_feature=102 85 83 96 98 2
split_gain=1.29 1.47739 1.72756 0.463773 0.206508 0.00846161
threshold=-0.69306948368363563 -1.0272193140507253 -0.20684380698285718 0.61185832682413721 0.31673518317292737 0.84113575342537295
decision_type=2 2 2 2 2 2
left_child=3 4 -3 5 -2 -1
right_child=1 2 -4 -5 -6 -7
leaf_value=0.00064856539091797272 0.00050620889076311601 0.00011489158204913596 -0.00024521071396264637 -0.00021711023255255795 0.00040511001956208527 0.00043069361701577387
leaf_weight=197 162 810 885 42 78 40
leaf_count=197 162 810 885 42 78 40
internal_value=0.000584838 0.00021683 -0.000200353 0.00311744 0.0031405 0.00379916
internal_weight=2214 1935 1695 279 240 237
internal_count=2214 1935 1695 279 240 237
is_linear=0
shrinkage=0.04


Tree=69
num_leaves=7
num_cat=0
split_feature=66 64 13 13 70 2
split_gain=1.2291 1.37411 2.39683 1.72646 0.144558 0.00701135
threshold=1.2236218637270653 -0.16365855436278179 0.62994391791621263 1.8695746022418944 -0.32876301049058226 -1.1197084647255624
decision_type=2 2 2 2 2 2
left_child=1 3 -3 -1 -2 -6
right_child=4 2 -4 -5 5 -7
leaf_value=0.00032241651365914832 0.00011793042529842914 -0.00022058860175870067 0.00035139767965012365 -0.00132357125971009 0.00073217364749055436 0.00088799200874490421
leaf_weight=823 42 845 274 41 40 149
leaf_count=823 42 845 274 41 40 149
internal_value=0.000530686 0.000207557 -0.000717217 0.00140416 0.00327897 0.00374869
internal_weight=2214 1983 1119 864 231 189
internal_count=2214 1983 1119 864 231 189
is_linear=0
shrinkage=0.04


Tree=70
num_leaves=8
num_cat=0
split_feature=53 96 13 28 53 108 42
split_gain=1.22614 2.64505 2.15482 1.08245 3.94839 1.3201 0.10957
threshold=0.90000000000000013 -0.47818404403717191 -0.068212284786305019 -0.35615155850187052 -1.0999999999999999 0.047945292121423448 0.41093898534554657
decision_type=2 2 2 2 2 2 2
left_child=3 6 -3 4 -1 -5 -2
right_child=1 2 -4 5 -6 -7 -8
leaf_value=-0.0012759203004794315 0.00043978252535980714 -0.00090271003001204041 -0.00016151722517537451 0.00045510663431883388 1.328603093089225e-05 1.2500334714850572e-05 0.0010489146448254014
leaf_weight=48 40 45 57 710 562 705 47
leaf_count=48 40 45 57 710 562 705 47
internal_value=0.000530686 -0.00253403 -0.00684615 0.000818944 -0.000588235 0.00142555 0.0025618
internal_weight=2214 189 102 2025 610 1415 87
internal_count=2214 189 102 2025 610 1415 87
is_linear=0
shrinkage=0.04


Tree=71
num_leaves=8
num_cat=0
split_feature=53 96 18 59 75 65 42
split_gain=1.22614 2.64505 2.4331 1.00281 1.89966 1.20301 0.10957
threshold=0.90000000000000013 -0.47818404403717191 0.39998434475684436 0.16100219681984998 1.2185513224021955 -0.77298567226648041 0.41093898534554657
decision_type=2 2 2 2 2 2 2
left_child=3 6 -3 5 -5 -1 -2
right_child=1 2 -4 4 -6 -7 -8
leaf_value=-0.00029977429801119259 0.000422191224345415 -0.00016638977027706622 -0.00062210501710358533 -0.0001867523500022002 0.0004754695573849513 0.00029104945166502557 0.0010069580590323854
leaf_weight=114 40 62 40 687 189 1035 47
leaf_count=114 40 62 40 687 189 1035 47
internal_value=0.000530686 -0.00253403 -0.00684615 0.000818944 -0.000200455 0.00159513 0.0025618
internal_weight=2214 189 102 2025 876 1149 87
internal_count=2214 189 102 2025 876 1149 87
is_linear=0
shrinkage=0.04


Tree=72
num_leaves=6
num_cat=0
split_feature=66 64 40 28 63
split_gain=1.26162 1.34765 2.49437 1.82871 0.203502
threshold=1.2236218637270653 -0.10169166264504402 -0.87285937536373015 1.0352809558084701 1.7748841649162486
decision_type=2 2 2 2 2
left_child=1 3 -3 -1 -2
right_child=4 2 -4 -5 -6
leaf_value=0.00032499642112108671 0.00088636485833737443 -0.0010330846836760939 -8.1864855504520392e-06 -0.00034710914183470095 8.7049676597301758e-05
leaf_weight=840 174 78 978 87 57
leaf_count=840 174 78 978 87 57
internal_value=0.000494585 0.000167255 -0.000809074 0.00127879 0.00327897
internal_weight=2214 1983 1056 927 231
internal_count=2214 1983 1056 927 231
is_linear=0
shrinkage=0.04


Tree=73
num_leaves=5
num_cat=0
split_feature=67 66 97 70
split_gain=1.41082 1.13422 1.6078 0.144558
threshold=-0.99092579115081347 1.2236218637270653 0.87371303679217427 -0.32876301049058226
decision_type=2 2 2 2
left_child=-1 2 -2 -3
right_child=1 3 -4 -5
leaf_value=-0.00030113744049328452 7.0359994109848377e-05 9.6851548893840886e-05 -0.00028113929035185071 0.00075897353574413203
leaf_weight=57 1803 42 123 189
leaf_count=57 1803 42 123 189
internal_value=0.000476534 0.00064289 0.000323652 0.00327897
internal_weight=2214 2157 1926 231
internal_count=2214 2157 1926 231
is_linear=0
shrinkage=0.04


Tree=74
num_leaves=7
num_cat=0
split_feature=102 85 73 96 28 70
split_gain=1.2738 1.43578 1.67347 0.430312 0.355278 0.069952
threshold=-0.69306948368363563 -1.0272193140507253 0.10012129600435758 0.61185832682413721 -0.3989655262273491 -0.87132667722635071
decision_type=2 2 2 2 2 2
left_child=3 4 -3 5 -2 -1
right_child=1 2 -4 -5 -6 -7
leaf_value=0.0019655984486520325 6.9405533373687343e-05 -0.00011500700327831541 0.00016535832838348796 -0.00020393861878887428 0.00057433021444414838 0.00054387713476313914
leaf_weight=42 70 846 849 42 170 195
leaf_count=42 70 846 849 42 170 195
internal_value=0.000458484 9.29274e-05 -0.000318208 0.00297509 0.00297521 0.0036318
internal_weight=2214 1935 1695 279 240 237
internal_count=2214 1935 1695 279 240 237
is_linear=0
shrinkage=0.04


Tree=75
num_leaves=6
num_cat=0
split_feature=24 79 28 107 53
split_gain=1.39174 3.41532 2.02612 1.57915 1.36531
threshold=0.55697829026076462 0.45443951828280632 -0.19998308950930008 -0.73195005180759931 -0.89999999999999991
decision_type=2 2 2 2 2
left_child=3 2 -2 -1 -5
right_child=1 -3 -4 4 -6
leaf_value=-0.00077397820033387051 -0.0005213384493107429 -0.00048445379758283108 0.00011077206563879108 -0.00021678036884633045 0.00019935885453093439
leaf_weight=53 46 57 374 250 1434
leaf_count=53 46 57 374 250 1434
internal_value=0.000548737 -0.00136117 -9.47866e-05 0.00107418 0.00129063
internal_weight=2214 477 420 1737 1684
internal_count=2214 477 420 1737 1684
is_linear=0
shrinkage=0.04


Tree=76
num_leaves=5
num_cat=0
split_feature=67 71 109 1
split_gain=1.37774 1.12653 1.81192 0.512272
threshold=-0.99092579115081347 1.2841275622609991 -0.83853126975387304 1.0510446074076032
decision_type=2 2 2 2
left_child=-1 2 -2 -3
right_child=1 3 -4 -5
leaf_value=-0.00028968073517799379 -0.00044186576759284627 0.00048883553471932 5.1361810391604291e-05 -0.00018150707283788673
leaf_weight=57 150 200 1767 40
leaf_count=57 150 200 1767 40
internal_value=0.000404332 0.000568782 0.000243877 0.0031405
internal_weight=2214 2157 1917 240
internal_count=2214 2157 1917 240
is_linear=0
shrinkage=0.04


Tree=77
num_leaves=6
num_cat=0
split_feature=71 59 46 65 1
split_gain=1.21483 1.39553 2.09488 1.48933 0.513637
threshold=1.2841275622609991 -0.59336344909606953 0.55129705441236376 0.98034571863049902 1.0689649829428987
decision_type=2 2 2 2 2
left_child=1 2 -1 -3 -2
right_child=4 3 -4 -5 -6
leaf_value=3.7745111429211136e-06 0.00047309616598532395 7.4588437686950456e-05 -0.00046812509475155633 -0.00054297582051108801 -0.00017424678992437127
leaf_weight=85 203 1638 41 207 40
leaf_count=85 203 1638 41 207 40
internal_value=0.000494585 0.000164217 -0.003875 0.000443963 0.00315102
internal_weight=2214 1971 126 1845 243
internal_count=2214 1971 126 1845 243
is_linear=0
shrinkage=0.04


Tree=78
num_leaves=6
num_cat=0
split_feature=66 97 29 46 63
split_gain=1.27804 1.4783 2.14402 1.2649 0.203502
threshold=1.2236218637270653 0.87371303679217427 0.23549626049326758 -0.95368231386405189 1.7748841649162486
decision_type=2 2 2 2 2
left_child=1 3 -3 -1 -2
right_child=4 2 -4 -5 -6
leaf_value=0.00042238452280766569 0.00080986666087063416 -9.4774486452014467e-07 -0.001342493608914537 3.1319644543972227e-06 6.2859975839127754e-05
leaf_weight=255 174 83 40 1605 57
leaf_count=255 174 83 40 1605 57
internal_value=0.000476534 0.000147103 -0.004064 0.000429646 0.00327897
internal_weight=2214 1983 123 1860 231
internal_count=2214 1983 123 1860 231
is_linear=0
shrinkage=0.04


Tree=79
num_leaves=6
num_cat=0
split_feature=66 41 48 107 63
split_gain=1.2291 1.31058 3.45386 1.64282 0.203502
threshold=1.2236218637270653 -0.075118737572196864 0.12409568078585807 -0.52646972699436889 1.7748841649162486
decision_type=2 2 2 2 2
left_child=1 2 -1 -3 -2
right_child=4 3 -4 -5 -6
leaf_value=1.7787814935785149e-05 0.00077747199443580872 -0.00019721388555384205 -0.00099986666357190844 0.0001701026114106997 6.0345576805562548e-05
leaf_weight=741 174 146 131 965 57
leaf_count=741 174 146 131 965 57
internal_value=0.000530686 0.000207557 -0.000951945 0.0011177 0.00327897
internal_weight=2214 1983 872 1111 231
internal_count=2214 1983 872 1111 231
is_linear=0
shrinkage=0.04


Tree=80
num_leaves=5
num_cat=0
split_feature=67 41 16 72
split_gain=1.15199 1.0147 2.81443 1.24593
threshold=-0.99092579115081347 -0.075118737572196864 -0.014746701805320483 -1.1535722610376185
decision_type=2 2 2 2
left_child=-1 2 -2 -3
right_child=1 3 -4 -5
leaf_value=-0.00028212936358757492 8.5861908072940434e-05 -0.00020212295828545012 -0.0006240507462449865 0.00020405009935001308
leaf_weight=57 830 92 177 1058
leaf_count=57 830 92 177 1058
internal_value=0.000566787 0.000716999 -0.000210109 0.00152778
internal_weight=2214 2157 1007 1150
internal_count=2214 2157 1007 1150
is_linear=0
shrinkage=0.04


Tree=81
num_leaves=7
num_cat=0
split_feature=85 102 83 97 28 1
split_gain=1.21674 1.31373 1.51546 0.479978 0.28007 0.00763245
threshold=-1.0272193140507253 -0.69306948368363563 -0.17418981904022321 0.631372104634217 -0.59064324330514728 -0.46920480637489004
decision_type=2 2 2 2 2 2
left_child=4 3 -3 -2 -1 -6
right_child=1 2 -4 -5 5 -7
leaf_value=6.2591863836852172e-05 0.0006170838203119664 9.478969390523399e-05 -0.00017629543929704113 -1.3228954645089433e-05 0.00050792778462576229 0.00045586261678339261
leaf_weight=42 219 870 825 51 40 167
leaf_count=42 219 870 825 51 40 167
internal_value=0.000548737 0.000213523 -0.000200353 0.00279412 0.00317131 0.00377033
internal_weight=2214 1965 1695 270 249 207
internal_count=2214 1965 1695 270 249 207
is_linear=0
shrinkage=0.04


Tree=82
num_leaves=7
num_cat=0
split_feature=66 64 13 13 70 27
split_gain=1.213 1.22603 1.74625 1.7063 0.144558 0.00701135
threshold=1.2236218637270653 -0.16365855436278179 0.7942218240486979 1.8695746022418944 -0.32876301049058226 -0.92999778328372218
decision_type=2 2 2 2 2 2
left_child=1 3 -3 -1 -2 -6
right_child=4 2 -4 -5 5 -7
leaf_value=0.00024637679871182278 7.3198918317473821e-05 -0.00013960882318427229 0.00037586190098770487 -0.0012492496208935662 0.0017017031236281593 0.00061491842383848525
leaf_weight=823 42 910 209 41 40 149
leaf_count=823 42 910 209 41 40 149
internal_value=0.000548737 0.000227708 -0.000645852 0.00135797 0.00327897 0.00374869
internal_weight=2214 1983 1119 864 231 189
internal_count=2214 1983 1119 864 231 189
is_linear=0
shrinkage=0.04


Tree=83
num_leaves=7
num_cat=0
split_feature=24 79 46 63 47 101
split_gain=1.17413 2.99897 1.84558 1.17805 2.10506 1.18109
threshold=0.55697829026076462 0.37640965330966009 0.25123858119776465 -1.1192622208543055 -0.30926440796940652 -0.47630323568811278
decision_type=2 2 2 2 2 2
left_child=3 2 -2 4 -1 -5
right_child=1 -3 -4 5 -6 -7
leaf_value=0.00070785940912167038 0.00028383537531440263 -0.0004288195977838002 -0.00023677024340713968 -4.9232237860351077e-05 -0.00054289903328183866 0.00024882177461686965
leaf_weight=51 255 66 156 363 89 1234
leaf_count=51 255 66 156 363 89 1234
internal_value=0.000476534 -0.00127766 9.68538e-06 0.000959172 -0.00253521 0.00126829
internal_weight=2214 477 411 1737 140 1597
internal_count=2214 477 411 1737 140 1597
is_linear=0
shrinkage=0.04


Tree=84
num_leaves=8
num_cat=0
split_feature=75 96 42 105 87 41 0
split_gain=1.15108 1.55921 2.05414 1.39384 0.311729 0.622887 0.00701135
threshold=1.2185513224021955 1.2396326314110657 0.022345927906607433 0.58756971534740476 0.43579051380699163 -0.25636084866324943 -0.68078527617995399
decision_type=2 2 2 2 2 2 2
left_child=1 3 -3 -1 6 -6 -2
right_child=4 2 -4 -5 5 -7 -8
leaf_value=8.3510726625575564e-05 0.0007097904831633692 -0.0010407542675381707 0.00017991675253585125 -0.00027112950089717248 -0.00015541767585127914 0.00044086280362836907 0.00067943156243579117
leaf_weight=1515 40 44 43 333 41 49 149
leaf_count=1515 40 44 43 333 41 49 149
internal_value=0.000440433 9.29274e-05 -0.00507865 0.000341622 0.00283274 0.000869565 0.00374869
internal_weight=2214 1935 87 1848 279 90 189
internal_count=2214 1935 87 1848 279 90 189
is_linear=0
shrinkage=0.04


Tree=85
num_leaves=8
num_cat=0
split_feature=75 59 41 109 87 41 0
split_gain=1.11659 1.25764 2.16568 2.0575 0.311729 0.622887 0.00701135
threshold=1.2185513224021955 0.16100219681984998 0.15029320469593427 -0.69910010756419028 0.43579051380699163 -0.25636084866324943 -0.68078527617995399
decision_type=2 2 2 2 2 2 2
left_child=1 3 -3 -1 6 -6 -2
right_child=4 2 -4 -5 5 -7 -8
leaf_value=-0.0006804065895654526 0.00068139886383683426 -0.00040405517984779031 5.3937204936403678e-05 0.00021155470069211051 -0.00014920096881722812 0.00042322829148323414 0.00065225429993835964
leaf_weight=150 40 387 348 1050 41 49 149
leaf_count=150 40 387 348 1050 41 49 149
internal_value=0.000476534 0.000134228 -0.00116689 0.00093178 0.00283274 0.000869565 0.00374869
internal_weight=2214 1935 735 1200 279 90 189
internal_count=2214 1935 735 1200 279 90 189
is_linear=0
shrinkage=0.04


Tree=86
num_leaves=7
num_cat=0
split_feature=85 73 102 40 40 2
split_gain=1.09091 1.31494 2.13451 1.81871 0.416256 0.00726615
threshold=-1.0516151278717671 0.10012129600435758 -0.47317631638418217 -0.87285937536373015 -0.74675222949250231 -0.44367018806272612
decision_type=2 2 2 2 2 2
left_child=4 2 -2 -3 -1 -6
right_child=1 3 -4 -5 5 -7
leaf_value=2.8254352131940271e-06 0.00029038737250234724 -0.00091283187570651654 -0.00014243403719807292 0.00021131010742595253 0.00089754201855045358 0.0004943756831250894
leaf_weight=44 264 85 723 902 40 156
leaf_count=44 264 85 723 902 40 156
internal_value=0.000440433 0.000129555 -0.000901921 0.00116077 0.00297521 0.00375758
internal_weight=2214 1974 987 987 240 196
internal_count=2214 1974 987 987 240 196
is_linear=0
shrinkage=0.04


Tree=87
num_leaves=7
num_cat=0
split_feature=24 79 46 53 28 101
split_gain=1.0943 3.40064 1.84558 1.34369 2.12497 1.92601
threshold=0.55697829026076462 0.37640965330966009 0.25123858119776465 -0.89999999999999991 0.22441575895445079 -0.47630323568811278
decision_type=2 2 2 2 2 2
left_child=3 2 -2 4 -1 -5
right_child=1 -3 -4 5 -6 -7
leaf_value=-0.00062983668978753931 0.00028156742493142532 -0.00039519679533900196 -0.00020110824370110197 -7.4938552435750458e-05 0.00053528271960682041 0.00036793789663468841
leaf_weight=170 255 66 156 331 80 1156
leaf_count=170 255 66 156 331 80 1156
internal_value=0.00033213 -0.00136117 9.68538e-06 0.00079816 -0.00190476 0.00125453
internal_weight=2214 477 411 1737 250 1487
internal_count=2214 477 411 1737 250 1487
is_linear=0
shrinkage=0.04


Tree=88
num_leaves=7
num_cat=0
split_feature=0 106 57 71 109 104
split_gain=1.1563 1.09285 1.52589 1.05175 1.43551 0.219762
threshold=0.951298380111676 -0.44273763022160667 -0.074047238303981494 0.96883974845024479 -0.90652407259188084 -0.75562154413461791
decision_type=2 2 2 2 2 2
left_child=3 -2 -3 4 -1 -5
right_child=1 2 -4 5 -6 -7
leaf_value=-0.00050291195551462509 0.00052375467143805335 1.2914605476296398e-06 -0.00056498826260372619 0.00019036082696453796 5.8383270972767452e-05 0.00054624009574791581
leaf_weight=102 77 89 90 47 1587 222
leaf_count=102 77 89 90 47 1587 222
internal_value=0.000440433 -0.00207752 -0.00377901 0.000771429 0.000399764 0.00308487
internal_weight=2214 256 179 1958 1689 269
internal_count=2214 256 179 1958 1689 269
is_linear=0
shrinkage=0.04


Tree=89
num_leaves=7
num_cat=0
split_feature=85 66 0 42 24 3
split_gain=1.15349 1.29822 1.29645 0.477487 0.204647 0.00769499
threshold=-1.0272193140507253 1.2236218637270653 0.951298380111676 -0.61637479618615054 -0.070141901787666203 -0.50551664244640671
decision_type=2 2 2 2 2 2
left_child=3 2 -2 -1 -3 -5
right_child=1 4 -4 5 -6 -7
leaf_value=-1.2612349945144303e-05 2.6388833333003127e-05 0.00082138105196418181 -0.00025840270710327971 0.00083931289803733638 7.5610767787720462e-05 0.00041485932960777386
leaf_weight=40 1530 162 204 40 69 169
leaf_count=40 1530 162 204 40 69 169
internal_value=0.000458484 0.000132181 -0.000244239 0.00301195 0.00293562 0.00377251
internal_weight=2214 1965 1734 249 231 209
internal_count=2214 1965 1734 249 231 209
is_linear=0
shrinkage=0.04


Tree=90
num_leaves=5
num_cat=0
split_feature=67 71 71 46
split_gain=1.09267 1.09568 1.713 0.965605
threshold=-0.99092579115081347 -0.33177057948154121 0.82479573287369601 0.69978125622146281
decision_type=2 2 2 2
left_child=-1 3 -3 -2
right_child=1 2 -4 -5
leaf_value=-0.00026791539580194523 0.00024248318515002619 -7.4971543783835395e-05 0.00032089077151671336 -5.5857298978438378e-05
leaf_weight=57 577 1062 411 107
leaf_count=57 577 1062 411 107
internal_value=0.000422383 0.000568782 -4.61015e-05 0.00188921
internal_weight=2214 2157 1473 684
internal_count=2214 2157 1473 684
is_linear=0
shrinkage=0.04


Tree=91
num_leaves=6
num_cat=0
split_feature=33 40 107 77 106
split_gain=1.08972 2.08139 1.68162 1.1861 1.8364
threshold=0.52693702255082575 -0.87285937536373015 -0.52646972699436889 -0.82436493866886928 -0.18257265669182657
decision_type=2 2 2 2 2
left_child=3 -2 -3 -1 -5
right_child=1 2 -4 4 -6
leaf_value=-0.00025833167403851662 -0.00086066251260080511 -0.00040247057984924033 4.5647360782019025e-05 0.0007555909926721373 1.6357078239740329e-05
leaf_weight=75 63 55 440 552 1029
leaf_count=75 63 55 440 552 1029
internal_value=0.000440433 -0.00108571 -0.000201207 0.000955368 0.00119015
internal_weight=2214 558 495 1656 1581
internal_count=2214 558 495 1656 1581
is_linear=0
shrinkage=0.04


Tree=92
num_leaves=7
num_cat=0
split_feature=85 102 91 90 42 1
split_gain=1.06004 1.23962 1.54061 0.619833 0.442902 0.00733571
threshold=-1.0516151278717671 -0.69306948368363563 0.19456544319832822 0.42426641773684692 -0.5785514298438722 -0.41084415738512248
decision_type=2 2 2 2 2 2
left_child=4 3 -3 -2 -1 -6
right_child=1 2 -4 -5 5 -7
leaf_value=-5.5152403418103978e-06 0.00047725815763602391 -8.2543428867662492e-05 0.00010185954178855605 -2.4979697916195518e-05 0.00050539988646804677 0.00042234792179053583
leaf_weight=42 219 960 741 54 40 158
leaf_count=42 219 960 741 54 40 158
internal_value=0.000476534 0.000170041 -0.000232531 0.00266182 0.00297521 0.00376
internal_weight=2214 1974 1701 273 240 198
internal_count=2214 1974 1701 273 240 198
is_linear=0
shrinkage=0.04


Tree=93
num_leaves=7
num_cat=0
split_feature=0 81 106 71 71 36
split_gain=1.12344 1.19511 1.19909 0.9726 1.58107 0.413914
threshold=0.951298380111676 -0.63065826926567459 -0.44273763022160667 0.82479573287369601 -0.33177057948154121 -0.55180953728267801
decision_type=2 2 2 2 2 2
left_child=3 -2 -3 4 -1 -5
right_child=1 2 -4 5 -6 -7
leaf_value=0.00014099514972527413 0.00033953564818453975 0.0003548504961177655 -0.00041010719212644219 5.7989004254020879e-05 -3.2694505031715086e-05 0.00042824690727515715
leaf_weight=648 63 51 142 123 957 230
leaf_count=648 63 51 142 123 957 230
internal_value=0.000404332 -0.00207752 -0.00363077 0.000730612 0.000311139 0.00262535
internal_weight=2214 256 193 1958 1605 353
internal_count=2214 256 193 1958 1605 353
is_linear=0
shrinkage=0.04


Tree=94
num_leaves=8
num_cat=0
split_feature=75 105 11 96 87 10 10
split_gain=1.13377 1.25464 2.53048 1.6822 0.294056 0.669329 0.00689641
threshold=1.2185513224021955 0.58756971534740476 -0.6131028120455746 1.230961174976769 0.42931870933736666 0.29440326472465933 -0.34161140888975844
decision_type=2 2 2 2 2 2 2
left_child=1 3 -3 -1 6 -6 -2
right_child=4 2 -4 -5 5 -7 -8
leaf_value=6.0898590375147592e-05 0.00056567265008406929 -0.00040914104707570783 -3.7606084407720199e-05 -0.0004168349428596424 -0.00016848344708157126 0.00020129807096060115 0.0006722444134807117
leaf_weight=1509 40 67 317 42 40 53 146
leaf_count=1509 40 67 317 42 40 53 146
internal_value=0.000458484 0.000113578 -0.00192746 0.000620734 0.00283274 0.000968421 0.00374468
internal_weight=2214 1935 384 1551 279 93 186
internal_count=2214 1935 384 1551 279 93 186
is_linear=0
shrinkage=0.04


Tree=95
num_leaves=8
num_cat=0
split_feature=75 59 109 60 38 62 0
split_gain=1.00188 1.25764 1.81603 1.52437 0.359059 0.653169 0.00669658
threshold=1.2185513224021955 0.16100219681984998 -0.69910010756419028 0.42103173985632958 -0.087924136147899665 0.067044445751885159 0.7519104023900457
decision_type=2 2 2 2 2 2 2
left_child=1 2 -1 -3 5 -2 -6
right_child=4 3 -4 -5 6 -7 -8
leaf_value=-0.00062974130317499473 -0.00010003349304546202 -2.0236399722978445e-05 0.00017783798424178456 -0.0005784760140034738 0.00057315557212288043 0.00059964147762469645 0.00012888009777065632
leaf_weight=150 48 660 1050 75 141 50 40
leaf_count=150 48 660 1050 75 141 50 40
internal_value=0.000458484 0.000134228 0.00093178 -0.00116689 0.00269039 0.00072 0.0037377
internal_weight=2214 1935 1200 735 279 98 181
internal_count=2214 1935 1200 735 279 98 181
is_linear=0
shrinkage=0.04


Tree=96
num_leaves=8
num_cat=0
split_feature=53 96 18 28 53 26 43
split_gain=1.09984 2.1955 2.07532 1.01201 3.85324 1.26502 0.202614
threshold=0.90000000000000013 -0.47818404403717191 0.39998434475684436 -0.35615155850187052 -1.0999999999999999 1.1065805775483855 -0.074463504326827426
decision_type=2 2 2 2 2 2 2
left_child=3 6 -3 4 -1 -5 -2
right_child=1 2 -4 5 -6 -7 -8
leaf_value=-0.0009940621993040214 0.00011962124414971302 -0.00018314097946157669 -0.00050007944444970486 0.00012381469956550376 1.1193028246648135e-05 -0.00032925906079825628 0.0011173884956075513
leaf_weight=48 40 62 40 1338 562 77 47
leaf_count=48 40 62 40 1338 562 77 47
internal_value=0.000368231 -0.00253403 -0.00646154 0.000641342 -0.000718954 0.00122795 0.00211236
internal_weight=2214 189 102 2025 610 1415 87
internal_count=2214 189 102 2025 610 1415 87
is_linear=0
shrinkage=0.04


Tree=97
num_leaves=6
num_cat=0
split_feature=78 79 40 40 62
split_gain=1.11585 1.685 2.84422 1.35856 0.156749
threshold=1.8177039352242506 0.3600266399079371 -0.29295261749623042 -0.87285937536373015 -0.59025032374396313
decision_type=2 2 2 2 2
left_child=1 3 -3 -1 -2
right_child=4 2 -4 -5 -6
leaf_value=-0.00057749905766865661 0.00041928971011318797 0.00015090781792638578 -0.00022821417762933878 0.00010508242246240452 0.0022525200242092063
leaf_weight=105 42 217 398 1314 138
leaf_count=105 42 217 398 1314 138
internal_value=0.000296029 2.75051e-05 -0.00171799 0.000785363 0.0032967
internal_weight=2214 2034 615 1419 180
internal_count=2214 2034 615 1419 180
is_linear=0
shrinkage=0.04


Tree=98
num_leaves=6
num_cat=0
split_feature=78 105 1 63 69
split_gain=0.897158 1.36177 1.36428 0.844205 0.258688
threshold=1.8177039352242506 0.22725982441788592 -0.20593608479171963 -1.4381977278143196 0.12971834249132319
decision_type=2 2 2 2 2
left_child=1 3 -3 -1 -2
right_child=4 2 -4 -5 -6
leaf_value=-0.00035088482611711865 0.0021910205594690311 9.9586809782817968e-05 -0.00023138380080257238 7.5911914396046049e-05 0.0009135691729823456
leaf_weight=63 135 338 415 1218 45
leaf_count=63 135 338 415 1218 45
internal_value=0.000386282 0.000145383 -0.00120265 0.000938426 0.00307692
internal_weight=2214 2034 753 1281 180
internal_count=2214 2034 753 1281 180
is_linear=0
shrinkage=0.04


Tree=99
num_leaves=7
num_cat=0
split_feature=46 25 10 101 40 84
split_gain=0.907937 2.31522 4.68549 1.6868 1.60732 0.482859
threshold=-0.58185363755760677 0.59784108613222298 -0.24957956762166053 -0.47630323568811278 1.8194561219841943 0.27353097791189235
decision_type=2 2 2 2 2 2
left_child=4 3 -3 -2 5 -1
right_child=1 2 -4 -5 -6 -7
leaf_value=0.00034358399211370462 -0.00017458112450363333 -0.00075386731558613402 2.5548113678791624e-05 0.00017352597223247183 -0.0011978218135159041 1.8779931384278077e-05
leaf_weight=338 301 96 204 1109 41 125
leaf_count=338 301 96 204 1109 41 125
internal_value=0.000440433 1.48838e-10 -0.00317881 0.000679887 0.00192885 0.00260645
internal_weight=2214 1710 300 1410 504 463
internal_count=2214 1710 300 1410 504 463
is_linear=0
shrinkage=0.04


Tree=100
num_leaves=7
num_cat=0
split_feature=85 102 83 26 96 2
split_gain=1.02935 1.24763 1.48393 0.455199 0.440441 0.00719518
threshold=-1.0272193140507253 -0.69306948368363563 -0.19871048483058787 -0.35996223130419241 0.58653849265395719 0.78697237735842107
decision_type=2 2 2 2 2 2
left_child=3 4 -3 -1 -2 -5
right_child=1 2 -4 5 -6 -7
leaf_value=9.4643441359944165e-05 0.00043294850396507502 7.5677898313040369e-05 -7.8952520464537772e-05 0.00035708216467532838 -2.5527545094586654e-05 0.00039221115361357423
leaf_weight=55 219 825 870 154 51 40
leaf_count=55 219 825 870 154 51 40
internal_value=0.000440433 0.000132181 -0.000271066 0.00285259 0.00264706 0.0037551
internal_weight=2214 1965 1695 249 270 194
internal_count=2214 1965 1695 249 270 194
is_linear=0
shrinkage=0.04


Tree=101
num_leaves=7
num_cat=0
split_feature=33 42 46 106 109 25
split_gain=0.989164 1.65168 1.43763 1.15075 1.43869 0.39004
threshold=0.52693702255082575 -0.0070710475323866673 -0.22827838795260164 -0.4794736727441547 -0.58457226556829378 0.24332850193208652
decision_type=2 2 2 2 2 2
left_child=3 -2 -3 5 -5 -1
right_child=1 2 -4 4 -6 -7
leaf_value=0.00091049941012066253 -0.00084134186622280313 0.00032015456145956386 -9.0894764473006546e-05 -0.00048318742611146902 5.0652341575126686e-05 -0.00012164629158701786
leaf_weight=315 44 240 274 101 1198 42
leaf_count=315 44 240 274 101 1198 42
internal_value=0.000368231 -0.00108571 -0.000434108 0.000858866 0.000304381 0.00286351
internal_weight=2214 558 514 1656 1299 357
internal_count=2214 558 514 1656 1299 357
is_linear=0
shrinkage=0.04


Tree=102
num_leaves=5
num_cat=0
split_feature=67 71 28 35
split_gain=1.07081 0.996723 1.70448 0.865607
threshold=-0.99092579115081347 -0.33177057948154121 -0.35615155850187052 1.0741391529436424
decision_type=2 2 2 2
left_child=-1 3 -3 -2
right_child=1 2 -4 -5
leaf_value=-0.00018417436635549296 0.00022554420508653255 -0.00020338882895986721 6.6532128828090454e-05 -0.00032831497114033543
leaf_weight=57 644 358 1115 40
leaf_count=57 644 358 1115 40
internal_value=0.000368231 0.000513201 -7.32202e-05 0.00177259
internal_weight=2214 2157 1473 684
internal_count=2214 2157 1473 684
is_linear=0
shrinkage=0.04


Tree=103
num_leaves=7
num_cat=0
split_feature=71 102 59 97 1 60
split_gain=1.03786 1.20436 1.46198 0.805603 0.465003 0.239746
threshold=0.96883974845024479 -0.71840667999832319 0.16100219681984998 0.55650804624379513 1.1703628337575414 -1.2510324732497062
decision_type=2 2 2 2 2 2
left_child=1 3 -3 -1 5 -2
right_child=4 2 -4 -5 -6 -7
leaf_value=0.00084197926209792244 0.00014541649391569913 5.4621227229840641e-05 -0.00019586773922939261 -1.5131689133076724e-05 -0.00012146218246035258 0.00041409925788260001
leaf_weight=189 42 1059 597 45 44 238
leaf_count=189 42 1059 597 45 44 238
internal_value=0.000296029 -6.34248e-05 -0.000443908 0.00261017 0.00238037 0.00297872
internal_weight=2214 1890 1656 234 324 280
internal_count=2214 1890 1656 234 324 280
is_linear=0
shrinkage=0.04


Tree=104
num_leaves=5
num_cat=0
split_feature=67 64 28 28
split_gain=1.05636 0.901169 2.03524 1.50535
threshold=-0.99092579115081347 -0.10169166264504402 0.17481467522707031 1.3484635309469668
decision_type=2 2 2 2
left_child=-1 3 -3 -2
right_child=1 2 -4 -5
leaf_value=-0.00017899224079046656 0.0002520977786435843 -8.0882647943648214e-05 8.9471633678626415e-05 -0.00088769224432050072
leaf_weight=57 842 671 592 52
leaf_count=57 842 671 592 52
internal_value=0.00033213 0.000476147 -0.000211858 0.00144643
internal_weight=2214 2157 1263 894
internal_count=2214 2157 1263 894
is_linear=0
shrinkage=0.04


Tree=105
num_leaves=8
num_cat=0
split_feature=2 49 71 26 77 62 53
split_gain=1.00046 1.14584 1.32046 0.9134 0.453743 1.03381 0.295735
threshold=-0.61976510947487784 1.0522943880019018 0.64971841917578532 0.23981798081091402 0.46160453424162723 0.17952815531033137 -0.89999999999999991
decision_type=2 2 2 2 2 2 2
left_child=4 3 -3 -2 6 -6 -1
right_child=1 2 -4 -5 5 -7 -8
leaf_value=2.6829683772604545e-06 -2.472532576125265e-05 -0.00056425004137848579 0.0002806192506758501 0.00012956281685479385 -0.00032622893927145426 0.00011695965736920536 0.00051926325553570604
leaf_weight=48 895 120 56 684 69 71 271
leaf_count=48 895 120 56 684 69 71 271
internal_value=0.000241877 -0.000193512 -0.00323595 0.000149273 0.00190022 1.46913e-10 0.00272897
internal_weight=2214 1755 176 1579 459 140 319
internal_count=2214 1755 176 1579 459 140 319
is_linear=0
shrinkage=0.04


Tree=106
num_leaves=6
num_cat=0
split_feature=78 89 79 51 59
split_gain=0.934403 1.18104 1.56122 0.994753 0.150616
threshold=1.9217832509779609 1.5506819752540817 0.3600266399079371 -0.25696747552852983 1.1729363269978561
decision_type=2 2 2 2 2
left_child=1 2 -1 -3 -2
right_child=4 3 -4 -5 -6
leaf_value=8.6024027725818496e-05 0.0024208895042261312 6.3054647321389128e-05 -4.2715047709108941e-05 -0.00073760332870380124 0.00041379684301039404
leaf_weight=1335 120 42 627 48 42
leaf_count=1335 120 42 627 48 42
internal_value=0.00031408 8.17918e-05 0.000289206 -0.00434783 0.00321951
internal_weight=2214 2052 1962 90 162
internal_count=2214 2052 1962 90 162
is_linear=0
shrinkage=0.04


Tree=107
num_leaves=7
num_cat=0
split_feature=0 73 97 25 44 11
split_gain=0.937079 1.03409 1.15451 0.670684 1.04369 0.586011
threshold=-0.08771507533528769 -0.63057984235972719 0.50038305084657797 0.13601794332156514 0.025692127792543495 -1.0152118753404131
decision_type=2 2 2 2 2 2
left_child=3 -2 -3 5 -5 -1
right_child=1 2 -4 4 -6 -7
leaf_value=-0.00010446548859485015 -0.00030004886929392392 4.4480554163900323e-05 -0.0001238541873844251 -0.00014867988985813412 0.00015404157464878044 0.00035308230143690859
leaf_weight=46 41 942 228 221 229 507
leaf_count=46 41 942 228 221 229 507
internal_value=0.000422383 -0.000326463 -0.000102389 0.00132537 0.000176991 0.00225586
internal_weight=2214 1211 1170 1003 450 553
internal_count=2214 1211 1170 1003 450 553
is_linear=0
shrinkage=0.04


Tree=108
num_leaves=5
num_cat=0
split_feature=67 46 64 29
split_gain=1.09267 0.979726 1.30621 1.08463
threshold=-0.99092579115081347 -0.58185363755760677 -0.1067165040085183 0.92327288051568357
decision_type=2 2 2 2
left_child=-1 3 -3 -2
right_child=1 2 -4 -5
leaf_value=-0.00016318774062570824 0.00022074444021148251 0.00021754402481222464 -3.0782272754508498e-05 -0.00094661632703099739
leaf_weight=57 438 644 1019 56
leaf_count=57 438 644 1019 56
internal_value=0.000422383 0.000568782 0.000103303 0.00212903
internal_weight=2214 2157 1663 494
internal_count=2214 2157 1663 494
is_linear=0
shrinkage=0.04


Tree=109
num_leaves=7
num_cat=0
split_feature=85 73 67 42 90 2
split_gain=1.08781 1.64979 1.25134 1.13321 0.437106 0.00701135
threshold=-1.0667805146925957 0.067469744067502696 0.33248856082938311 -0.7147838831728307 0.93854875292316642 -0.42435663001953178
decision_type=2 2 2 2 2 2
left_child=4 2 -2 -3 5 -1
right_child=1 3 -4 -5 -6 -7
leaf_value=0.00077697087517924492 -9.181684931510089e-05 0.0009619011437143291 0.00051235225656539988 3.1737182657884157e-05 -1.3329154390729177e-05 0.00033554352993388117
leaf_weight=40 762 186 183 852 42 149
leaf_count=40 762 186 183 852 42 149
internal_value=0.000350181 4.63478e-05 -0.00116156 0.00114615 0.00293562 0.00374869
internal_weight=2214 1983 945 1038 231 189
internal_count=2214 1983 945 1038 231 189
is_linear=0
shrinkage=0.04


Tree=110
num_leaves=6
num_cat=0
split_feature=78 2 49 106 87
split_gain=0.934403 1.04371 1.29678 0.523024 0.150616
threshold=1.9217832509779609 -0.61976510947487784 0.67774220753589187 0.63025125599884868 0.63056798040740103
decision_type=2 2 2 2 2
left_child=1 3 -3 -1 -2
right_child=4 2 -4 -5 -6
leaf_value=0.00032417616557063258 0.0019095967031883512 2.9805554341202797e-06 -0.00021934978398832329 -9.1082855069615651e-05 0.0013468171638862827
leaf_weight=310 120 1353 272 117 42
leaf_count=310 120 1353 272 117 42
internal_value=0.00031408 8.17918e-05 -0.000381069 0.00183683 0.00321951
internal_weight=2214 2052 1625 427 162
internal_count=2214 2052 1625 427 162
is_linear=0
shrinkage=0.04


Tree=111
num_leaves=6
num_cat=0
split_feature=103 77 53 0 10
split_gain=0.910522 0.957409 1.43867 0.158093 0.00349026
threshold=-1.6963645296780563 1.2594848401456231 0.3000000000000001 0.55304236142660035 -0.012840191411504893
decision_type=2 2 2 2 2
left_child=4 2 -2 -3 -1
right_child=1 3 -4 -5 -6
leaf_value=0.0011943483271611515 3.6574641044742082e-05 0.00083930565348327535 -0.00011434449511780349 0.00012918265233948181 0.0015878088171435085
leaf_weight=40 1386 113 549 40 86
leaf_count=40 1386 113 549 40 86
internal_value=0.000350181 0.000149282 -9.29271e-05 0.00317419 0.003625
internal_weight=2214 2088 1935 153 126
internal_count=2214 2088 1935 153 126
is_linear=0
shrinkage=0.04


Tree=112
num_leaves=7
num_cat=0
split_feature=102 85 37 88 91 0
split_gain=0.98321 1.46367 2.23898 1.64938 0.647024 0.00701135
threshold=-0.71840667999832319 0.35450265063015052 -0.13730798752751419 0.82944798159727018 0.31249670814591163 0.59757695335973948
decision_type=2 2 2 2 2 2
left_child=4 3 -3 -2 5 -1
right_child=1 2 -4 -5 -6 -7
leaf_value=0.00073440521971980663 7.7097872648331062e-05 -0.00058517333992071953 -3.7321102936545644e-05 -0.00012891976557962291 -4.9760166269382781e-06 0.00070778243061482798
leaf_weight=149 1530 48 177 204 66 40
leaf_count=149 1530 48 177 204 66 40
internal_value=0.000241877 -6.32329e-05 -0.0030837 0.000331797 0.00256809 0.00374869
internal_weight=2214 1959 225 1734 255 189
internal_count=2214 1959 225 1734 255 189
is_linear=0
shrinkage=0.04


Tree=113
num_leaves=7
num_cat=0
split_feature=66 0 108 53 78 56
split_gain=0.962374 0.925533 1.34247 1.18995 0.267407 0.0632529
threshold=1.2236218637270653 0.25208717653015783 -0.20011800414743233 -1.0999999999999999 -0.013878862180179108 -1.4531946875210735
decision_type=2 2 2 2 2 2
left_child=1 3 -3 -1 -2 -6
right_child=4 2 -4 -5 5 -7
leaf_value=-0.00025168388452265054 2.770655821586956e-05 8.3254809358967283e-05 -0.00018401280783410904 8.8944310346360963e-05 0.00011096267897293458 0.00063693204554479926
leaf_weight=94 54 326 396 1167 42 135
leaf_count=94 54 326 396 1167 42 135
internal_value=0.00033213 4.63478e-05 -0.00109392 0.000699921 0.00276395 0.00350838
internal_weight=2214 1983 722 1261 231 177
internal_count=2214 1983 722 1261 231 177
is_linear=0
shrinkage=0.04


Tree=114
num_leaves=7
num_cat=0
split_feature=102 71 65 106 96 15
split_gain=1.10296 1.10548 1.50352 0.838934 0.559068 0.0726405
threshold=-0.71840667999832319 0.82479573287369601 0.82954194883685528 -0.26158475740663578 0.58653849265395719 0.49254819711807668
decision_type=2 2 2 2 2 2
left_child=4 2 -2 -3 5 -1
right_child=1 3 -4 -5 -6 -7
leaf_value=0.00062220832650888456 -3.7804722823713389e-06 0.00088519355313108233 -0.00047091078231207043 -6.4066028426041595e-06 -0.00017819783318707156 5.4171708105204755e-05
leaf_weight=170 1458 207 135 159 45 40
leaf_count=170 1458 207 135 159 45 40
internal_value=0.000259928 -6.32329e-05 -0.000519122 0.00191304 0.00272374 0.00358491
internal_weight=2214 1959 1593 366 255 210
internal_count=2214 1959 1593 366 255 210
is_linear=0
shrinkage=0.04


Tree=115
num_leaves=6
num_cat=0
split_feature=78 59 109 31 59
split_gain=0.969566 1.30426 1.69893 1.50005 0.150616
threshold=1.9217832509779609 0.16100219681984998 -0.60868507548491535 -0.95553119491571958 1.1729363269978561
decision_type=2 2 2 2 2
left_child=1 2 -1 -3 -2
right_child=4 3 -4 -5 -6
leaf_value=-0.00039252432671787628 0.0020718591985017256 0.00052947998877015204 0.00014857514842289436 -0.00013923564030092025 0.00032557702684766197
leaf_weight=201 120 92 1068 691 42
leaf_count=201 120 92 1068 691 42
internal_value=0.000259928 2.33692e-05 0.000815106 -0.0012586 0.00321951
internal_weight=2214 2052 1269 783 162
internal_count=2214 2052 1269 783 162
is_linear=0
shrinkage=0.04


Tree=116
num_leaves=6
num_cat=0
split_feature=26 108 36 72 100
split_gain=0.935243 1.39165 1.10719 3.4585 1.22351
threshold=1.1065805775483855 0.047945292121423448 1.0966906585307525 -0.026616276534633627 0.9283750630014751
decision_type=2 2 2 2 2
left_child=2 -2 4 -4 -1
right_child=1 -3 3 -5 -6
leaf_value=1.5227961221727519e-05 0.00027465237048814733 -0.0010186930928481846 -0.00043086801802805468 0.00037656219950729105 0.00080206097022468288
leaf_weight=1762 45 43 58 72 234
leaf_count=1762 45 43 58 72 234
internal_value=0.000350181 -0.00364444 0.000518797 -0.0030303 0.000752753
internal_weight=2214 88 2126 130 1996
internal_count=2214 88 2126 130 1996
is_linear=0
shrinkage=0.04


Tree=117
num_leaves=6
num_cat=0
split_feature=103 106 88 2 10
split_gain=0.851232 1.01146 2.43311 1.01776 0.00349026
threshold=-1.6963645296780563 0.63025125599884868 0.060726840715548021 -0.46130443348740563 -0.012840191411504893
decision_type=2 2 2 2 2
left_child=4 3 -3 -2 -1
right_child=1 2 -4 -5 -6
leaf_value=0.001049373896769143 0.00022464568847593725 -0.00060974663016219628 2.3954886523045882e-05 4.5777459410750962e-06 0.001543759247926404
leaf_weight=40 420 144 207 1317 86
leaf_count=40 420 144 207 1317 86
internal_value=0.000458484 0.000264115 -0.00168839 0.00066015 0.003625
internal_weight=2214 2088 351 1737 126
internal_count=2214 2088 351 1737 126
is_linear=0
shrinkage=0.04


Tree=118
num_leaves=5
num_cat=0
split_feature=103 53 73 59
split_gain=0.801047 1.06968 1.66675 1.27793
threshold=-1.771840074707699 0.3000000000000001 0.067469744067502696 0.16100219681984998
decision_type=2 2 2 2
left_child=-1 3 -3 -2
right_child=1 2 -4 -5
leaf_value=0.001322854333482171 0.00021531507469225685 -0.00014264715006577142 0.00045259982177914195 -2.19135963766333e-05
leaf_weight=99 825 447 198 645
leaf_count=99 825 447 198 645
internal_value=0.000440433 0.000273973 -0.00108192 0.000869565
internal_weight=2214 2115 645 1470
internal_count=2214 2115 645 1470
is_linear=0
shrinkage=0.04


Tree=119
num_leaves=6
num_cat=0
split_feature=78 50 109 59 59
split_gain=0.87722 0.941245 1.08027 0.819312 0.150616
threshold=1.9217832509779609 0.2914512356445878 -0.11345906245433733 0.16100219681984998 1.1729363269978561
decision_type=2 2 2 2 2
left_child=1 3 -3 -1 -2
right_child=4 2 -4 -5 -6
leaf_value=0.00016666187544642555 0.0018811545863184468 4.4452343400508178e-05 -0.00016579993599330709 -1.4667073574575279e-05 0.00031263826134230859
leaf_weight=850 120 316 377 509 42
leaf_count=850 120 316 377 509 42
internal_value=0.000404332 0.000179163 -0.0010187 0.000790595 0.00321951
internal_weight=2214 2052 693 1359 162
internal_count=2214 2052 693 1359 162
is_linear=0
shrinkage=0.04


end of trees

feature_importances:
Column_40=42
Column_67=26
Column_25=25
Column_28=24
Column_53=24
Column_85=24
Column_109=24
Column_71=22
Column_96=22
Column_59=18
Column_79=18
Column_89=17
Column_66=16
Column_46=15
Column_102=14
Column_106=14
Column_0=12
Column_78=12
Column_2=11
Column_42=11
Column_10=10
Column_41=10
Column_97=10
Column_107=10
Column_24=9
Column_26=9
Column_63=9
Column_65=9
Column_14=8
Column_73=8
Column_77=8
Column_33=7
Column_70=7
Column_95=7
Column_1=6
Column_5=6
Column_13=6
Column_38=6
Column_83=6
Column_37=5
Column_64=5
Column_75=5
Column_105=5
Column_11=4
Column_29=4
Column_36=4
Column_62=4
Column_87=4
Column_88=4
Column_90=4
Column_101=4
Column_103=4
Column_3=3
Column_47=3
Column_72=3
Column_80=3
Column_94=3
Column_108=3
Column_18=2
Column_23=2
Column_35=2
Column_44=2
Column_49=2
Column_60=2
Column_84=2
Column_91=2
Column_100=2
Column_8=1
Column_15=1
Column_16=1
Column_20=1
Column_27=1
Column_30=1
Column_31=1
Column_43=1
Column_48=1
Column_50=1
Column_51=1
Column_56=1
Column_57=1
Column_69=1
Column_76=1
Column_81=1
Column_92=1
Column_98=1
Column_104=1

parameters:
[boosting: gbdt]
[objective: quantile]
[metric: quantile]
[tree_learner: serial]
[device_type: cpu]
[data_sample_strategy: bagging]
[data: ]
[valid: ]
[num_iterations: 120]
[learning_rate: 0.04]
[num_leaves: 15]
[num_threads: 2]
[seed: 42]
[deterministic: 0]
[force_col_wise: 0]
[force_row_wise: 0]
[histogram_pool_size: -1]
[max_depth: 3]
[min_data_in_leaf: 40]
[min_sum_hessian_in_leaf: 0.001]
[bagging_fraction: 0.85]
[pos_bagging_fraction: 1]
[neg_bagging_fraction: 1]
[bagging_freq: 0]
[bagging_seed: 400]
[bagging_by_query: 0]
[feature_fraction: 0.8]
[feature_fraction_bynode: 1]
[feature_fraction_seed: 30056]
[extra_trees: 0]
[extra_seed: 12879]
[early_stopping_round: 0]
[early_stopping_min_delta: 0]
[first_metric_only: 0]
[max_delta_step: 0]
[lambda_l1: 0]
[lambda_l2: 2]
[linear_lambda: 0]
[min_gain_to_split: 0]
[drop_rate: 0.1]
[max_drop: 50]
[skip_drop: 0.5]
[xgboost_dart_mode: 0]
[uniform_drop: 0]
[drop_seed: 17869]
[top_rate: 0.2]
[other_rate: 0.1]
[min_data_per_group: 100]
[max_cat_threshold: 32]
[cat_l2: 10]
[cat_smooth: 10]
[max_cat_to_onehot: 4]
[top_k: 20]
[monotone_constraints: ]
[monotone_constraints_method: basic]
[monotone_penalty: 0]
[feature_contri: ]
[forcedsplits_filename: ]
[refit_decay_rate: 0.9]
[cegb_tradeoff: 1]
[cegb_penalty_split: 0]
[cegb_penalty_feature_lazy: ]
[cegb_penalty_feature_coupled: ]
[path_smooth: 0]
[interaction_constraints: ]
[verbosity: -1]
[saved_feature_importance_type: 0]
[use_quantized_grad: 0]
[num_grad_quant_bins: 4]
[quant_train_renew_leaf: 0]
[stochastic_rounding: 1]
[linear_tree: 0]
[max_bin: 255]
[max_bin_by_feature: ]
[min_data_in_bin: 3]
[bin_construct_sample_cnt: 200000]
[data_random_seed: 175]
[is_enable_sparse: 1]
[enable_bundle: 1]
[use_missing: 1]
[zero_as_missing: 0]
[feature_pre_filter: 1]
[pre_partition: 0]
[two_round: 0]
[header: 0]
[label_column: ]
[weight_column: ]
[group_column: ]
[ignore_column: ]
[categorical_feature: ]
[forcedbins_filename: ]
[precise_float_parser: 0]
[parser_config_file: ]
[objective_seed: 16083]
[num_class: 1]
[is_unbalance: 0]
[scale_pos_weight: 1]
[sigmoid: 1]
[boost_from_average: 1]
[reg_sqrt: 0]
[alpha: 0.1]
[fair_c: 1]
[poisson_max_delta_step: 0.7]
[tweedie_variance_power: 1.5]
[lambdarank_truncation_level: 30]
[lambdarank_norm: 1]
[label_gain: ]
[lambdarank_position_bias_regularization: 0]
[eval_at: ]
[multi_error_top_k: 1]
[auc_mu_weights: ]
[num_machines: 1]
[local_listen_port: 12400]
[time_out: 120]
[machine_list_filename: ]
[machines: ]
[gpu_platform_id: -1]
[gpu_device_id: -1]
[gpu_device_id_list: ]
[gpu_use_dp: 0]
[num_gpu: 1]

end of parameters

pandas_categorical:null
