tree
version=v4
num_class=1
num_tree_per_iteration=1
label_index=0
max_feature_idx=109
objective=quantile
feature_names=Column_0 Column_1 Column_2 Column_3 Column_4 Column_5 Column_6 Column_7 Column_8 Column_9 Column_10 Column_11 Column_12 Column_13 Column_14 Column_15 Column_16 Column_17 Column_18 Column_19 Column_20 Column_21 Column_22 Column_23 Column_24 Column_25 Column_26 Column_27 Column_28 Column_29 Column_30 Column_31 Column_32 Column_33 Column_34 Column_35 Column_36 Column_37 Column_38 Column_39 Column_40 Column_41 Column_42 Column_43 Column_44 Column_45 Column_46 Column_47 Column_48 Column_49 Column_50 Column_51 Column_52 Column_53 Column_54 Column_55 Column_56 Column_57 Column_58 Column_59 Column_60 Column_61 Column_62 Column_63 Column_64 Column_65 Column_66 Column_67 Column_68 Column_69 Column_70 Column_71 Column_72 Column_73 Column_74 Column_75 Column_76 Column_77 Column_78 Column_79 Column_80 Column_81 Column_82 Column_83 Column_84 Column_85 Column_86 Column_87 Column_88 Column_89 Column_90 Column_91 Column_92 Column_93 Column_94 Column_95 Column_96 Column_97 Column_98 Column_99 Column_100 Column_101 Column_102 Column_103 Column_104 Column_105 Column_106 Column_107 Column_108 Column_109
feature_infos=[-6.1427221678102573:6.6056146947988958] [-5.6588898773397318:5.5049293129973424] [-4.9185261326559635:4.2155394685244012] [-4.3163746392045281:3.8156594008292752] [-3.5775480003962428:2.1307348364953373] [-2.5837086314899:2.367247507995184] [-4.1930843128921991:3.9486492608024957] [-1.3721216341316511:6.6419827400596176] [-1.6713528762067218:1.6192738917666376] [-3.5397200181011272:2.1721119263439204] [-1.4973752710267278:5.2720994183115391] [-2.5083177550691653:2.1687468274073294] [-2.5482352739260454:2.4476270975196819] [-1.4717992431037379:3.9473779070794217] [-2.8885310515877212:2.6500656779366447] [-1.5558889819281922:1.604450724625236] [-1.7441037805937885:1.7767960792346247] [-0.94426986624417109:0.7654686834703045] [-0.99339928808574429:0.7730453353989778] [-0.94426986624417064:0.76546868347030439] [-2.2068239484590539:1.6466595419334698] [-3.9900062790695645:4.1050664709172882] [-3.2372370683038714:2.2701835456308443] [-2.3289149942924232:2.6009095797745512] [-2.1320274652016131:1.5669542152740585] [-2.1445925848929139:1.5505365862332776] [-3.3404026470751607:2.0090334263582545] [-1.779954911606566:1.4173610761854201] [-1.1869870221439518:3.6387429678648293] [-3.6600108860737728:4.224768253299704] [-3.6471244742421129:4.4518426763701209] [-3.0067149909925046:3.2100840293526463] [-3.1583417905361273:3.4193385914993399] [-1.9492263552195592:2.0686694949434039] [-2.1731296195260517:2.2066666799561037] [-1.7666214434960532:1.7169765609642276] [-1.768714847096222:1.7993982257263306] [-1.6140531498861579:3.8885270560870278] [-1.490335075548715:5.0771019919428255] [-1.4689669232399232:3.8230414680830802] [-1.2766416367317586:3.3873512591464645] [-1.6628586089931221:1.4520817685851775] [-1.9821593840497422:1.7310245140609002] [-1.8650465317821416:14.11103346126731] [-184.01023859052989:164.28559813439054] [-400.46063846167749:132.27688888665875] [-328.24670760910362:77.033199579686539] [-1.379710288870958:2.801593073569145] [-1.9163762477293003:1.9744078137079255] [-1.1911457577615914:9.0088830924523222] [-4.9195856915837259:4.4767811560056776] [-8.9278632493842576:6.6436896048358873] [-1:1] [-1.2:1] [0:1] [0:1] [-3.0628163986472376:4.0186019197841816] [-3.4188491581658123:2.2567637243078482] [-2.4064160399854142:1.634532718026656] [-0.92414800665838237:2.2156031150881543] [-2.1140955274320286:1.237865667669475] [-1.4155794657391554:0.33430401518229486] [-4.4851728828272917:7.8022506917707215] [-4.229988596835871:5.8381201982513948] [-2.422015692589746:4.2116958003748284] [-1.2747168346159121:4.7956737334654589] [-1.1697732307760991:7.9179212029776753] [-1.2609612373441965:2.3552454402948775] [-6.5304929783308836:6.7008864541113811] [-4.5856555246865289:3.5640022684412997] [-3.3655303466393298:3.7599283301348287] [-1.2040346916454407:3.587245598685461] [-1.8092522501184274:4.4610051698581801] [-0.76349484582925631:2.1122343951443932] [-11.4203069994579:11.191218827683667] [-6.1188262802488111:5.3358729266384044] [-3.7391390698138078:4.0682208666476694] [-0.96496672661648919:3.0322391841154586] [-2.1867324154441663:4.2068778713766681] [-1.3490054817671095:0.67975362691295738] [-3.9860604390851861:2.990072460894738] [-3.5064757495857841:3.0568840944901061] [-2.5974779577167721:1.7371570044895768] [-1.2960821470630175:3.0717148367828151] [-2.0464870156002237:1.8372871653755787] [-1.4360197288112739:0.45501099417848068] [-5.401951380428323:2.7165611185885767] [-4.1807927927800081:3.5771727708166443] [-1.9393237443565463:2.9082841776384263] [-1.4063457453639687:4.2211919948119876] [-1.7268120360859258:4.5824053471675628] [-1.5251718362770024:1.2720114224743742] [-4.3633503459699181:2.518426427552428] [-3.8184904440819789:3.5507502923508132] [-1.9625163522833811:2.6552532894904615] [-1.4481657256736999:3.9757683189496085] [-1.6117731862755256:3.9865384310525331] [-1.5522005907140148:1.2106239453651133] [-3.3702074084563836:3.6591240521871762] [-2.2511581132184109:2.7177692831382654] [-1.9575022136405407:2.0610229732782201] [-1.4675098830989211:1.9466201529428218] [-1.4515275848794758:1.9671165261289174] [-2.2766483466736775:0.61880436150205964] [-3.0989466460451309:3.291335607348767] [-2.7569063286027866:3.555139379127199] [-1.6869087446190607:2.4471717082702771] [-0.83421355684730469:2.8854097863992214] [-1.4604133192200996:2.3675688995205739] [-1.4182579237263779:0.97596059063996687]
tree_sizes=679 680 689 688 689 689 864 775 770 689 690 696 602 691 601 601 767 604 683 598 596 780 686 680 685 678 863 862 598 599 860 599 599 770 779 599 777 779 782 777 869 780 688 776 859 594 863 603 781 775 599 861 781 681 869 608 606 696 684 689 779 863 870 603 689 603 602 599 690 856 690 595 684 518 693 691 607 608 687 692 686 779 596 603 592 675 610 676 695 600 691 695 682 688 686 687 687 607 605 602 596 685 686 607 780 677 777 596 610 610 689 600 690 608 609 604 522 691 607 607

Tree=0
num_leaves=6
num_cat=0
split_feature=78 90 59 35 103
split_gain=32.7775 21.9618 25.1853 13.5875 3.09001
threshold=1.8177039352242506 0.33631862903092741 0.091605442504533285 -0.93640348828993392 -1.0399028124434933
decision_type=2 2 2 2 2
left_child=1 2 -1 -3 -2
right_child=4 3 -4 -5 -6
leaf_value=0.0029064819961786273 0.0045378001779317854 0.0030078294128179552 0.0014340090751647949 0.0010993967205286026 0.0030529724806547167
leaf_weight=747 138 78 573 636 42
leaf_count=747 138 78 573 636 42
internal_value=0.00203408 0.000580248 0.00363771 -0.00506089 0.0182978
internal_weight=2214 2034 1320 714 180
internal_count=2214 2034 1320 714 180
is_linear=0
shrinkage=1


Tree=1
num_leaves=6
num_cat=0
split_feature=78 90 59 105 103
split_gain=32.7775 20.9568 24.4556 7.41433 3.09001
threshold=1.8177039352242506 0.74810171449245755 0.16100219681984998 -0.53853628581223545 -1.0399028124434933
decision_type=2 2 2 2 2
left_child=1 2 -1 -3 -2
right_child=4 3 -4 -5 -6
leaf_value=0.00047267625033855441 0.0024035718351602554 0.00079074907153844822 -0.00085249038487672805 -0.0013024644643068314 0.00097813724577426901
leaf_weight=1089 138 42 582 321 42
leaf_count=1089 138 42 582 321 42
internal_value=0 -0.00145383 0.000442319 -0.010137 0.0162637
internal_weight=2214 2034 1671 363 180
internal_count=2214 2034 1671 363 180
is_linear=0
shrinkage=0.04


Tree=2
num_leaves=6
num_cat=0
split_feature=78 59 96 66 103
split_gain=32.6323 19.5407 21.8841 10.6718 3.09001
threshold=1.8177039352242506 0.15487822234674339 -0.25342061273322408 0.91180470268932201 -1.0399028124434933
decision_type=2 2 2 2 2
left_child=1 2 -1 -3 -2
right_child=4 3 -4 -5 -6
leaf_value=0.0014224884085655212 0.0023074289617538452 -0.0011900836449265479 -0.00022182073515653611 0.00036941400524973872 0.00093901175594329842
leaf_weight=393 138 627 864 150 42
leaf_count=393 138 627 864 150 42
internal_value=3.61011e-05 -0.00141454 0.00166799 -0.00639281 0.0162637
internal_weight=2214 2034 1257 777 180
internal_count=2214 2034 1257 777 180
is_linear=0
shrinkage=0.04


Tree=3
num_leaves=6
num_cat=0
split_feature=78 90 59 35 103
split_gain=31.9109 19.111 22.0653 13.4009 3.09001
threshold=1.8177039352242506 0.33631862903092741 0.16100219681984998 -0.93640348828993392 -1.0399028124434933
decision_type=2 2 2 2 2
left_child=1 2 -1 -3 -2
right_child=4 3 -4 -5 -6
leaf_value=0.00068633434036254883 0.0022151318032836913 0.00097883835153341294 -0.00066405870791554457 -0.00085972553559839722 0.00090145128570556636
leaf_weight=825 138 78 495 636 42
leaf_count=825 138 78 495 636 42
internal_value=0.000216606 -0.00121807 0.00163389 -0.00648045 0.0162637
internal_weight=2214 2034 1320 714 180
internal_count=2214 2034 1320 714 180
is_linear=0
shrinkage=0.04


Tree=4
num_leaves=6
num_cat=0
split_feature=78 106 36 33 103
split_gain=32.1265 19.0365 19.0963 5.52282 3.09001
threshold=1.8177039352242506 0.69433877888119222 0.33050836492484303 -0.66919194153538408 -1.0399028124434933
decision_type=2 2 2 2 2
left_child=1 2 -1 -3 -2
right_child=4 3 -4 -5 -6
leaf_value=0.00039564980245697498 0.002126526531152344 3.0586633427023888e-05 -0.0005457641916024209 -0.0016724486382557989 0.00086539323427734384
leaf_weight=1082 138 63 637 252 42
leaf_count=1082 138 63 637 252 42
internal_value=0.000162455 -0.00127701 0.000383498 -0.0102839 0.0162637
internal_weight=2214 2034 1719 315 180
internal_count=2214 2034 1719 315 180
is_linear=0
shrinkage=0.04


Tree=5
num_leaves=6
num_cat=0
split_feature=78 90 59 35 103
split_gain=31.9827 18.1689 21.0649 9.97941 3.09001
threshold=1.8177039352242506 0.33631862903092741 0.06928798771845604 -0.93640348828993392 -1.0399028124434933
decision_type=2 2 2 2 2
left_child=1 2 -1 -3 -2
right_child=4 3 -4 -5 -6
leaf_value=0.00077943762120829434 0.0020414654699062503 0.00093222818879261479 -0.00051731420635652068 -0.00079744396390807326 0.00083077750490624994
leaf_weight=741 138 78 579 636 42
leaf_count=741 138 78 579 636 42
internal_value=0.000198556 -0.00123772 0.00154312 -0.00636872 0.0162637
internal_weight=2214 2034 1320 714 180
internal_count=2214 2034 1320 714 180
is_linear=0
shrinkage=0.04


Tree=6
num_leaves=8
num_cat=0
split_feature=90 73 25 101 35 100 53
split_gain=19.5107 20.799 16.004 10.6035 10.2383 6.71398 6.69385
threshold=0.31636945446455023 0.3127075823978463 0.19400676743048212 0.19661934830778593 -0.93640348828993392 0.94554321735314539 -1.0000000180025095e-35
decision_type=2 2 2 2 2 2 2
left_child=1 2 -1 4 -2 -5 -3
right_child=3 6 -4 5 -6 -7 -8
leaf_value=0.00047519866352191176 0.001221961723582505 0.0010749241894813005 -0.00079665970943020763 -0.00017601906078098929 -0.00093123812262379179 0.0010344621599499082 0.0019224118725295169
leaf_weight=610 65 198 437 192 484 54 174
leaf_count=610 65 198 437 192 484 54 174
internal_value=0.000216606 0.00302604 0.00013346 -0.00479297 -0.00787659 0.00209677 0.011123
internal_weight=2214 1419 1047 795 549 246 372
internal_count=2214 1419 1047 795 549 246 372
is_linear=0
shrinkage=0.04


Tree=7
num_leaves=7
num_cat=0
split_feature=97 25 107 83 66 47
split_gain=18.8415 20.037 12.9658 10.6369 9.72076 2.34484
threshold=0.56597700023955033 0.12789261909044505 1.0000000180025095e-35 0.75200157969901615 1.3960021904800592 0.32806825068014284
decision_type=2 2 2 2 2 2
left_child=1 3 -3 -1 5 -2
right_child=4 2 -4 -5 -6 -7
leaf_value=0.00043485370764828238 -0.0010589222351423556 0.00020701290334980318 -0.00079008836110210339 0.0016865004871756922 0.00080568904558646489 -0.001447287645160612
leaf_weight=804 187 479 392 191 63 98
leaf_count=804 187 479 392 191 63 98
internal_value=0.000288809 0.00188437 -0.00254296 0.00575727 -0.00822857 -0.0113589
internal_weight=2214 1866 871 995 348 285
internal_count=2214 1866 871 995 348 285
is_linear=0
shrinkage=0.04


Tree=8
num_leaves=7
num_cat=0
split_feature=97 36 25 70 66 94
split_gain=17.9994 19.212 13.8875 13.6534 9.41024 2.44026
threshold=0.56597700023955033 0.2737534827801556 0.54111494107061731 0.25172474959250118 1.3960021904800592 0.68820111497000214
decision_type=2 2 2 2 2 2
left_child=1 2 -1 -3 5 -2
right_child=4 3 -4 -5 -6 -7
leaf_value=0.00088327203117157644 -0.0007222113445152495 -0.00077493967311113604 -0.00071424084382318038 0.0004481278322050155 0.00077346148376300635 -0.0012728407387725383
leaf_weight=1046 96 469 132 219 63 189
leaf_count=1046 96 469 132 219 63 189
internal_value=0.00032491 0.00188437 0.00498305 -0.00342029 -0.008 -0.0110801
internal_weight=2214 1866 1178 688 348 285
internal_count=2214 1866 1178 688 348 285
is_linear=0
shrinkage=0.04


Tree=9
num_leaves=6
num_cat=0
split_feature=78 106 36 33 103
split_gain=30.6901 17.2354 14.8626 5.25349 2.9477
threshold=1.8177039352242506 0.67213906130385848 0.31496363974588704 -0.66919194153538408 -1.0399028124434933
decision_type=2 2 2 2 2
left_child=1 2 -1 -3 -2
right_child=4 3 -4 -5 -6
leaf_value=0.00038327566805665571 0.0018433655300797685 9.0481074443832043e-05 -0.00043540263116223065 -0.0015469778510498772 0.00071888023988308928
leaf_weight=1049 138 68 649 268 42
leaf_count=1049 138 68 649 268 42
internal_value=0.000306859 -0.0011002 0.000541176 -0.00934911 0.016044
internal_weight=2214 2034 1698 336 180
internal_count=2214 2034 1698 336 180
is_linear=0
shrinkage=0.04


Tree=10
num_leaves=6
num_cat=0
split_feature=78 103 90 71 103
split_gain=28.9996 17.1677 14.019 7.00217 2.67298
threshold=1.8177039352242506 -0.065774443677121749 0.56928502958576399 -0.89896290831640735 -1.0399028124434933
decision_type=2 2 2 2 2
left_child=1 3 -3 -1 -2
right_child=4 2 -4 -5 -6
leaf_value=0.0011663003910973421 0.0017696309088765781 0.00053002577388745384 -0.00047192723079412412 -0.00077163523085809599 0.00069012503028776566
leaf_weight=57 138 885 330 762 42
leaf_count=57 138 885 330 762 42
internal_value=0.000306859 -0.0010609 0.00195563 -0.00552984 0.0156044
internal_weight=2214 2034 1215 819 180
internal_count=2214 2034 1215 819 180
is_linear=0
shrinkage=0.04


Tree=11
num_leaves=6
num_cat=0
split_feature=103 103 77 65 95
split_gain=16.2835 16.4415 14.7683 7.75408 7.5699
threshold=-1.6391433636635211 -0.065774443677121749 1.1747420919241864 -0.024277964598271438 -0.037307547023600715
decision_type=2 2 2 2 2
left_child=3 4 -3 -1 -2
right_child=1 2 -4 -5 -6
leaf_value=0.0018317697300629899 -0.0010396512467328561 8.1820436924365312e-05 0.002710964647715398 -0.00015653320157463769 -0.00025580073276916055
leaf_weight=111 312 1143 96 42 510
leaf_count=111 312 1143 96 42 510
internal_value=0.000270758 -0.000668929 0.00224013 0.0127742 -0.00504854
internal_weight=2214 2061 1239 153 822
internal_count=2214 2061 1239 153 822
is_linear=0
shrinkage=0.04


Tree=12
num_leaves=5
num_cat=0
split_feature=78 77 106 103
split_gain=24.4589 15.4636 12.8347 2.82877
threshold=2.0045932172021206 1.7648083336221159 0.67213906130385848 -1.5387434220270979
decision_type=2 2 2 2
left_child=1 2 -1 -2
right_child=3 -3 -4 -5
leaf_value=-1.0133439259143658e-06 0.0017584989408604701 0.0028108875917996186 -0.0012045446517287895 0.00096866071829306043
leaf_weight=1662 111 57 342 42
leaf_count=1662 111 57 342 42
internal_value=0.000288809 -0.000862821 -0.00145563 0.0156129
internal_weight=2214 2061 2004 153
internal_count=2214 2061 2004 153
is_linear=0
shrinkage=0.04


Tree=13
num_leaves=6
num_cat=0
split_feature=78 103 90 5 103
split_gain=24.3439 15.0627 12.4499 7.41518 2.82877
threshold=2.0045932172021206 -0.065774443677121749 -0.02919262862358378 -1.0084214192234981 -1.5387434220270979
decision_type=2 2 2 2 2
left_child=1 3 -3 -1 -2
right_child=4 2 -4 -5 -6
leaf_value=0.00050283422037419824 0.0016881589832260513 0.00083950792699365206 -0.00020283275717521186 -0.0006921639447462737 0.00092991428956133802
leaf_weight=47 111 591 630 793 42
leaf_count=47 111 591 630 793 42
internal_value=0.00032491 -0.000824043 0.00201145 -0.00494062 0.0156129
internal_weight=2214 2061 1221 840 153
internal_count=2214 2061 1221 840 153
is_linear=0
shrinkage=0.04


Tree=14
num_leaves=5
num_cat=0
split_feature=78 77 101 103
split_gain=24.3439 15.4044 12.2305 2.82877
threshold=2.0045932172021206 1.7648083336221159 0.18717184573514331 -1.5387434220270979
decision_type=2 2 2 2
left_child=1 2 -1 -2
right_child=3 -3 -4 -5
leaf_value=-0.00049818172621175283 0.0016206326238970092 0.0026690871183955222 0.00022757970681791778 0.00089271771797888447
leaf_weight=1140 111 57 864 42
leaf_count=1140 111 57 864 42
internal_value=0.00032491 -0.000824043 -0.00141575 0.0156129
internal_weight=2214 2061 2004 153
internal_count=2214 2061 2004 153
is_linear=0
shrinkage=0.04


Tree=15
num_leaves=5
num_cat=0
split_feature=78 77 106 103
split_gain=23.6987 15.4636 11.1932 3.30751
threshold=2.0045932172021206 1.7648083336221159 0.67213906130385848 -1.5387434220270979
decision_type=2 2 2 2
left_child=1 2 -1 -2
right_child=3 -3 -4 -5
leaf_value=-4.6054028627682313e-06 0.0015558073189411287 0.0025623236336597016 -0.0011253456807427389 0.0008570090092597291
leaf_weight=1662 111 57 342 42
leaf_count=1662 111 57 342 42
internal_value=0.000270758 -0.000862821 -0.00145563 0.0153548
internal_weight=2214 2061 2004 153
internal_count=2214 2061 2004 153
is_linear=0
shrinkage=0.04


Tree=16
num_leaves=7
num_cat=0
split_feature=78 59 96 66 73 9
split_gain=22.0734 14.997 16.9078 10.0086 4.81437 0.505625
threshold=1.6292867969030482 0.16100219681984998 -0.52696174349058922 0.87229795236717533 0.58365412427033148 0.4453476865922818
decision_type=2 2 2 2 2 2
left_child=1 2 -1 -3 5 -2
right_child=4 3 -4 -5 -6 -7
leaf_value=0.001687176409415043 0.0015197066522550217 -0.00093328982625062479 -2.0278740484502567e-05 0.00031869121918419972 0.00042650480148964025 0.0012263141544148826
leaf_weight=195 97 600 1074 147 57 44
leaf_count=195 97 600 1074 147 57 44
internal_value=0.00032491 -0.000931615 0.00171518 -0.00542056 0.013 0.0169231
internal_weight=2214 2016 1269 747 198 141
internal_count=2214 2016 1269 747 198 141
is_linear=0
shrinkage=0.04


Tree=17
num_leaves=5
num_cat=0
split_feature=103 77 103 85
split_gain=15.6183 14.7105 10.2252 6.80784
threshold=-1.6391433636635211 1.7648083336221159 0.0073960286550084587 0.37710528427065215
decision_type=2 2 2 2
left_child=3 2 -2 -1
right_child=1 -3 -4 -5
leaf_value=0.0014317239794647608 -0.00050443442007109781 0.0022843393390954577 0.00013381281360722884 1.1852177966080475e-05
leaf_weight=105 960 66 1035 48
leaf_count=105 960 66 1035 48
internal_value=0.000270758 -0.00064954 -0.00127191 0.0125161
internal_weight=2214 2061 1995 153
internal_count=2214 2061 1995 153
is_linear=0
shrinkage=0.04


Tree=18
num_leaves=6
num_cat=0
split_feature=103 77 109 85 14
split_gain=14.7425 14.1298 10.2602 6.53 0.0356196
threshold=-1.6391433636635211 1.904061838496983 0.24122361880435741 0.37710528427065215 -0.14541375868717069
decision_type=2 2 2 2 2
left_child=3 2 -2 4 -1
right_child=1 -3 -4 -5 -6
leaf_value=0.0012136182838890558 0.00010756813127697412 0.0023038393849794899 -0.00068507877613857018 1.1378090847437243e-05 0.0015173085972510051
leaf_weight=40 1317 54 690 48 65
leaf_count=40 1317 54 690 48 65
internal_value=0.000361011 -0.000533204 -0.00108512 0.0122581 0.017757
internal_weight=2214 2061 2007 153 105
internal_count=2214 2061 2007 153 105
is_linear=0
shrinkage=0.04


Tree=19
num_leaves=5
num_cat=0
split_feature=78 77 101 73
split_gain=18.0763 13.9769 10.3361 1.18946
threshold=2.0803601529866427 1.7648083336221159 0.18717184573514331 0.35632347802895042
decision_type=2 2 2 2
left_child=1 2 -1 -2
right_child=3 -3 -4 -5
leaf_value=-0.00044911562313822801 0.0013711570986614555 0.0022137270899078528 0.00023126629074202384 0.0010256155163345013
leaf_weight=1149 87 57 873 48
leaf_count=1149 87 57 873 48
internal_value=0.000379061 -0.000547814 -0.00110672 0.0144526
internal_weight=2214 2079 2022 135
internal_count=2214 2079 2022 135
is_linear=0
shrinkage=0.04


Tree=20
num_leaves=5
num_cat=0
split_feature=78 77 90 73
split_gain=17.153 13.8375 9.35894 1.48479
threshold=2.0803601529866427 1.7648083336221159 0.7211300589977746 0.35632347802895042
decision_type=2 2 2 2
left_child=1 2 -1 -2
right_child=3 -3 -4 -5
leaf_value=2.9933223655445665e-05 0.0013163108147149971 0.0021251780063115382 -0.00074461467442647256 0.00098459089568112132
leaf_weight=1629 87 57 393 48
leaf_count=1629 87 57 393 48
internal_value=0.000451264 -0.000451706 -0.00100791 0.0141606
internal_weight=2214 2079 2022 135
internal_count=2214 2079 2022 135
is_linear=0
shrinkage=0.04


Tree=21
num_leaves=7
num_cat=0
split_feature=78 59 95 66 53 3
split_gain=15.8544 15.2202 15.1291 11.015 5.12097 1.05848
threshold=1.5058517858688358 0.063497104077990488 -0.37391936395550557 0.87229795236717533 -1.0000000180025095e-35 0.61913215628885532
decision_type=2 2 2 2 2 2
left_child=1 2 -1 -3 -2 -6
right_child=4 3 -4 -5 5 -7
leaf_value=-0.00030152905688159533 0.00017643068150841233 -0.00078193290211950675 0.00086283981051981273 0.00033774155658527805 0.0014357229906976721 0.00071976291955302832
leaf_weight=594 72 669 561 165 109 44
leaf_count=594 72 669 561 165 109 44
internal_value=0.000469314 -0.000673029 0.00229905 -0.00478469 0.0104846 0.0145806
internal_weight=2214 1989 1155 834 225 153
internal_count=2214 1989 1155 834 225 153
is_linear=0
shrinkage=0.04


Tree=22
num_leaves=6
num_cat=0
split_feature=78 77 59 103 29
split_gain=14.7711 14.5462 10.2629 4.63555 1.95656
threshold=1.5058517858688358 1.7648083336221159 0.16100219681984998 -1.0399028124434933 0.47389831851633096
decision_type=2 2 2 2 2
left_child=1 2 -1 4 -2
right_child=3 -3 -4 -5 -6
leaf_value=7.6090178624342272e-05 0.0014151552494370734 0.0020060713167778113 -0.00062242791083056488 0.00034922030071084286 0.00055657866897402685
leaf_weight=1212 100 54 723 78 47
leaf_count=1212 100 54 723 78 47
internal_value=0.000288809 -0.000813661 -0.00139391 0.00995595 0.014094
internal_weight=2214 1989 1935 225 147
internal_count=2214 1989 1935 225 147
is_linear=0
shrinkage=0.04


Tree=23
num_leaves=6
num_cat=0
split_feature=78 77 101 29 83
split_gain=13.9376 13.8653 8.48701 1.80877 0.448667
threshold=2.0803601529866427 1.7648083336221159 0.18717184573514331 0.53598416402225546 1.2357125440777779
decision_type=2 2 2 2 2
left_child=1 2 -1 4 -2
right_child=3 -3 -4 -5 -6
leaf_value=-0.00041096709201702468 0.0020552114430079441 0.0019254144409671719 0.00023659779847545672 0.00050844492814636167 0.0012840149144756397
leaf_weight=1149 40 57 873 42 53
leaf_count=1149 40 57 873 42 53
internal_value=0.00034296 -0.000470927 -0.00102767 0.0127007 0.0157895
internal_weight=2214 2079 2022 135 93
internal_count=2214 2079 2022 135 93
is_linear=0
shrinkage=0.04


Tree=24
num_leaves=6
num_cat=0
split_feature=78 77 61 53 3
split_gain=13.6607 14.4593 9.73092 4.75151 1.79195
threshold=1.5058517858688358 1.7648083336221159 0.22433538982071513 -1.0000000180025095e-35 0.45970534604744723
decision_type=2 2 2 2 2
left_child=1 2 -1 -2 -5
right_child=3 -3 -4 4 -6
leaf_value=-0.00033934240027919197 0.00014422483402066946 0.001848811886468012 0.00026433540069134706 0.0013617778909630772 0.00064621124303423374
leaf_weight=1263 72 54 672 98 55
leaf_count=1263 72 54 672 98 55
internal_value=0.000306859 -0.00075339 -0.00133196 0.00960352 0.0135484
internal_weight=2214 1989 1935 225 153
internal_count=2214 1989 1935 225 153
is_linear=0
shrinkage=0.04


Tree=25
num_leaves=6
num_cat=0
split_feature=78 77 106 29 76
split_gain=12.8071 13.9211 8.19363 2.0207 0.525461
threshold=2.0803601529866427 1.7648083336221159 0.70160302563481192 0.53598416402225546 2.1765792325085873
decision_type=2 2 2 2 2
left_child=1 2 -1 4 -2
right_child=3 -3 -4 -5 -6
leaf_value=6.101386984769548e-06 0.0010736168952767472 0.0017744453878697647 -0.00097467707952185933 0.00047229840947940916 0.0018275388677235459
leaf_weight=1710 43 57 312 42 50
leaf_count=1710 43 57 312 42 50
internal_value=0.000270758 -0.00050937 -0.00106719 0.0121168 0.0153684
internal_weight=2214 2079 2022 135 93
internal_count=2214 2079 2022 135 93
is_linear=0
shrinkage=0.04


Tree=26
num_leaves=8
num_cat=0
split_feature=25 97 71 72 100 65 40
split_gain=12.904 9.75699 9.15 9.73472 8.53794 8.06705 5.29014
threshold=0.0843267745799232 0.56597700023955033 -0.74501920054796023 0.3632163211896357 0.29598109257373562 -0.020562394981457104 -0.27020008536062279
decision_type=2 2 2 2 2 2 2
left_child=1 5 6 -4 -3 -1 -2
right_child=2 4 3 -5 -6 -7 -8
leaf_value=0.0010526425896852209 0.0014566892124045856 -0.00085385292116687021 -0.00071689864572015833 0.00042646295474909224 0.0012638737414779671 0.00019535781816115081 -9.8064560822265175e-05
leaf_weight=395 54 177 657 246 72 553 60
leaf_count=395 54 177 657 246 72 553 60
internal_value=0.000306859 0.00311927 -0.00300294 -0.00435359 -0.00390438 0.00496842 0.00758621
internal_weight=2214 1197 1017 903 249 948 114
internal_count=2214 1197 1017 903 249 948 114
is_linear=0
shrinkage=0.04


Tree=27
num_leaves=8
num_cat=0
split_feature=36 72 14 28 78 35 47
split_gain=12.8743 12.4972 13.4348 12.3502 9.45505 8.47534 0.967719
threshold=0.28283236607985585 0.15742277288740378 1.3784996227736694 -0.71937386983379159 1.5058517858688358 0.38505448676623705 -0.57179206608376465
decision_type=2 2 2 2 2 2 2
left_child=3 2 -2 6 -5 -3 -1
right_child=1 5 -4 4 -6 -7 -8
leaf_value=0.0018486585433648125 -0.00084232370825240786 -0.0016783343529966188 0.00093153434842987743 -1.5332138895072894e-05 0.00092980680875588489 0.00081484042652961279 0.0011329316278674525
leaf_weight=57 414 46 45 1142 224 224 62
leaf_count=57 414 46 45 1142 224 224 62
internal_value=0.00032491 -0.00402189 -0.00802603 0.00246133 0.00137427 0.00279412 0.0147107
internal_weight=2214 729 459 1485 1366 270 119
internal_count=2214 729 459 1485 1366 270 119
is_linear=0
shrinkage=0.04


Tree=28
num_leaves=5
num_cat=0
split_feature=77 78 106 29
split_gain=11.9548 11.8565 8.18892 2.07324
threshold=1.904061838496983 2.0803601529866427 0.73060328949310882 0.53598416402225546
decision_type=2 2 2 2
left_child=1 2 -1 -3
right_child=-2 3 -4 -5
leaf_value=1.2514190067330965e-05 0.0016724574666945485 0.0013158837429054205 -0.00089902305119243624 0.00039894851904453174
leaf_weight=1740 54 93 285 42
leaf_count=1740 54 93 285 42
internal_value=0.00032491 -0.000148011 -0.000917612 0.0112409
internal_weight=2214 2160 2025 135
internal_count=2214 2160 2025 135
is_linear=0
shrinkage=0.04


Tree=29
num_leaves=5
num_cat=0
split_feature=77 78 101 29
split_gain=11.9312 11.2189 8.50883 2.11484
threshold=1.904061838496983 2.0803601529866427 0.19329333759602985 -0.008501049266051575
decision_type=2 2 2 2
left_child=1 2 -1 -3
right_child=-2 3 -4 -5
leaf_value=-0.00038163204769682936 0.0016055591680267667 0.0017360680475370428 0.00022434396466998371 0.00068013031583994083
leaf_weight=1161 54 48 864 87
leaf_count=1161 54 48 864 87
internal_value=0.00034296 -0.00012951 -0.000878145 0.0109489
internal_weight=2214 2160 2025 135
internal_count=2214 2160 2025 135
is_linear=0
shrinkage=0.04


Tree=30
num_leaves=8
num_cat=0
split_feature=36 28 72 14 97 95 40
split_gain=11.9289 11.643 11.5813 13.8655 8.92014 7.61273 1.76852
threshold=0.30877466361752987 -0.71937386983379159 0.15742277288740378 1.3784996227736694 0.58428496004519126 -0.44254740885772081 -0.33622429475222876
decision_type=2 2 2 2 2 2 2
left_child=1 6 3 -2 -3 -4 -1
right_child=2 4 5 -5 -6 -7 -8
leaf_value=0.0012553695690555148 -0.00081842558975787601 0.00033423356320317981 -0.00057720817851144917 0.00090480847110341604 -0.000595573904289984 0.001355587530895969 0.0015612323611623902
leaf_weight=50 402 1121 105 44 267 151 74
leaf_count=50 402 1121 105 44 267 151 74
internal_value=0.00032491 0.00232497 -0.00397727 -0.00785714 0.00126619 0.0027907 0.0139683
internal_weight=2214 1512 702 446 1388 256 124
internal_count=2214 1512 702 446 1388 256 124
is_linear=0
shrinkage=0.04


Tree=31
num_leaves=5
num_cat=0
split_feature=77 78 103 3
split_gain=11.9076 11.1815 8.59835 1.97131
threshold=1.904061838496983 2.0803601529866427 0.0073960286550084587 0.2126059104712533
decision_type=2 2 2 2
left_child=1 2 -1 -3
right_child=-2 3 -4 -5
leaf_value=-0.00038162039618848268 0.0015279674587775688 0.0014948355078726234 0.00013016883426158563 0.00037943515314781465
leaf_weight=999 54 70 1026 65
leaf_count=999 54 70 1026 65
internal_value=0.000361011 -0.000111008 -0.000858411 0.0109489
internal_weight=2214 2160 2025 135
internal_count=2214 2160 2025 135
is_linear=0
shrinkage=0.04


Tree=32
num_leaves=5
num_cat=0
split_feature=77 78 103 29
split_gain=11.884 10.5625 8.0821 1.99965
threshold=1.904061838496983 2.0803601529866427 0.0073960286550084587 -0.12648358591099298
decision_type=2 2 2 2
left_child=1 2 -1 -3
right_child=-2 3 -4 -5
leaf_value=-0.00036635558034094339 0.0014668487604264657 0.0016078785878806006 0.0001249620808911222 0.00062446981118415587
leaf_weight=999 54 45 1026 90
leaf_count=999 54 45 1026 90
internal_value=0.000379061 -9.25069e-05 -0.000818944 0.0106569
internal_weight=2214 2160 2025 135
internal_count=2214 2160 2025 135
is_linear=0
shrinkage=0.04


Tree=33
num_leaves=7
num_cat=0
split_feature=36 28 77 70 65 40
split_gain=11.8141 11.1556 11.0972 9.1594 9.10813 1.4563
threshold=0.28283236607985585 -0.71937386983379159 0.97017480872544337 0.25172474959250118 -0.80373072088393982 -0.33622429475222876
decision_type=2 2 2 2 2 2
left_child=1 5 3 -2 -3 -1
right_child=2 4 -4 -5 -6 -7
leaf_value=0.001227660902839619 -0.00071837021940519786 0.0011313852318543603 0.0012451035072139679 0.0002009878210699171 5.0134772050330206e-05 0.0014885778301097863
leaf_weight=49 462 81 77 190 1285 70
leaf_count=49 462 81 77 190 1285 70
internal_value=0.000361011 0.00240753 -0.00380301 -0.00550459 0.00137427 0.0140496
internal_weight=2214 1485 729 652 1366 119
internal_count=2214 1485 729 652 1366 119
is_linear=0
shrinkage=0.04


Tree=34
num_leaves=7
num_cat=0
split_feature=25 26 47 65 45 71
split_gain=11.8429 10.8837 8.96037 7.92737 8.68371 7.10711
threshold=0.0843267745799232 1.0828553408954309 0.52468443970082024 -0.47289452871285503 -0.37980301131851013 -0.80511127248512626
decision_type=2 2 2 2 2 2
left_child=1 2 -1 4 -2 -5
right_child=3 -3 -4 5 -6 -7
leaf_value=0.00060410571810974036 0.00097025364722303886 -0.0014714975761570836 -0.00020409101756124358 0.0017240965264407227 -0.00014208408531761921 -0.00065045191151721275
leaf_weight=898 92 51 248 40 276 609
leaf_count=898 92 51 248 40 276 609
internal_value=0.00032491 0.00301918 0.00383275 -0.00284593 0.00183784 -0.00549923
internal_weight=2214 1197 1146 1017 368 649
internal_count=2214 1197 1146 1017 368 649
is_linear=0
shrinkage=0.04


Tree=35
num_leaves=5
num_cat=0
split_feature=77 78 103 29
split_gain=11.434 10.669 7.46222 1.99965
threshold=3.0014233488699635 2.0803601529866427 0.0073960286550084587 -0.12648358591099298
decision_type=2 2 2 2
left_child=1 2 -1 -3
right_child=-2 3 -4 -5
leaf_value=-0.000348852972237066 0.0013314322134285771 0.0015494996163678734 0.00011634795406339528 0.00055235514763002705
leaf_weight=999 48 45 1032 90
leaf_count=999 48 45 1032 90
internal_value=0.000288809 -0.000147601 -0.000875553 0.0106569
internal_weight=2214 2166 2031 135
internal_count=2214 2166 2031 135
is_linear=0
shrinkage=0.04


Tree=36
num_leaves=7
num_cat=0
split_feature=25 26 97 65 45 37
split_gain=11.2421 11.1299 8.46174 7.03926 7.43617 6.41345
threshold=0.12789261909044505 1.0828553408954309 0.50818782767936888 -0.46786132571561018 -0.37980301131851013 -0.5095970627935329
decision_type=2 2 2 2 2 2
left_child=1 2 -1 4 -2 -5
right_child=3 -3 -4 5 -6 -7
leaf_value=0.00053650799850215041 0.00089956780027876425 -0.0013986835542213177 -0.00022746720030095504 0.00032124287126235107 -0.00013433349079361486 -0.00086193521406691359
leaf_weight=914 92 53 284 125 267 479
leaf_count=914 92 53 284 125 267 479
internal_value=0.000198556 0.00269753 0.0035 -0.00304663 0.00138504 -0.00567657
internal_weight=2214 1251 1198 963 359 604
internal_count=2214 1251 1198 963 359 604
is_linear=0
shrinkage=0.04


Tree=37
num_leaves=7
num_cat=0
split_feature=36 77 106 70 66 97
split_gain=10.5179 10.2353 10.0923 9.37813 9.30852 9.13379
threshold=0.28283236607985585 0.97017480872544337 0.40731241032693388 0.25172474959250118 0.8562987087739945 0.58428496004519126
decision_type=2 2 2 2 2 2
left_child=2 3 5 -2 -4 -1
right_child=1 -3 4 -5 -6 -7
leaf_value=0.00065980396301972596 -0.00064861787542463327 0.0011846423550686503 -0.00065607901766381567 0.0002015583799628917 0.00035392021441694343 -0.00050029744672459473
leaf_weight=809 462 77 372 190 182 122
leaf_count=809 462 77 372 190 182 122
internal_value=0.000180505 -0.00374829 0.00211163 -0.00538226 -0.00215827 0.00465166
internal_weight=2214 729 1485 652 554 931
internal_count=2214 729 1485 652 554 931
is_linear=0
shrinkage=0.04


Tree=38
num_leaves=7
num_cat=0
split_feature=36 77 39 90 101 70
split_gain=10.4216 10.2353 10.2265 11.5478 10.3112 8.85891
threshold=0.28283236607985585 0.97017480872544337 -0.28688248328801341 0.92890755603655772 0.19329333759602985 0.25172474959250118
decision_type=2 2 2 2 2 2
left_child=2 5 3 -1 -4 -2
right_child=1 -3 4 -5 -6 -7
leaf_value=0.00084809142709013489 -0.00062267316040764801 0.0011372566608659044 -0.00041544370046764812 -0.0011537649865297332 0.00043062843166157081 0.00019349604476437602
leaf_weight=426 462 77 507 44 508 190
leaf_count=426 462 77 507 44 508 190
internal_value=0.000162455 -0.00374829 0.00208473 0.00694915 -0.000176991 -0.00538226
internal_weight=2214 729 1485 470 1015 652
internal_count=2214 729 1485 470 1015 652
is_linear=0
shrinkage=0.04


Tree=39
num_leaves=7
num_cat=0
split_feature=25 26 47 85 85 84
split_gain=10.397 9.25498 8.2373 6.72162 7.82036 3.66214
threshold=0.12789261909044505 1.0828553408954309 0.52468443970082024 0.28956182448050499 -0.28120624042980663 0.84918297596716152
decision_type=2 2 2 2 2 2
left_child=1 2 -1 4 -2 -5
right_child=3 -3 -4 5 -6 -7
leaf_value=0.00053079403824809719 -0.00034206351745107605 -0.001291884570619174 -0.00017861205649317196 -0.0015300406326367168 0.00041860104225267385 0.00013712907393975275
leaf_weight=945 402 53 253 145 376 40
leaf_count=945 402 53 253 145 376 40
internal_value=0.000198556 0.00260176 0.00333333 -0.00292228 -0.00128205 -0.00973262
internal_weight=2214 1251 1198 963 778 185
internal_count=2214 1251 1198 963 778 185
is_linear=0
shrinkage=0.04


Tree=40
num_leaves=8
num_cat=0
split_feature=25 90 103 65 85 85 83
split_gain=9.80486 8.4943 10.8811 9.48059 7.15078 7.23802 3.2921
threshold=0.12789261909044505 0.58254135974236698 0.20588615249679248 0.019575744510776299 0.28956182448050499 -0.28120624042980663 0.10204972187873826
decision_type=2 2 2 2 2 2 2
left_child=1 3 -3 -1 5 -2 -6
right_child=4 2 -4 -5 6 -7 -8
leaf_value=0.00084162150963832619 -0.00032838097675303297 -0.0008713062579488234 0.00054012817142321315 7.616250713781901e-05 -0.0014772079685147904 0.00040185700056256685 -0.00078249455014666098
leaf_weight=388 402 184 135 544 79 376 106
leaf_count=388 402 184 135 544 79 376 106
internal_value=0.000108303 0.00244214 -0.00317757 0.00436831 -0.00292228 -0.00123077 -0.00994652
internal_weight=2214 1251 319 932 963 778 185
internal_count=2214 1251 319 932 963 778 185
is_linear=0
shrinkage=0.04


Tree=41
num_leaves=7
num_cat=0
split_feature=36 77 106 66 70 97
split_gain=9.28813 10.5603 9.77242 9.66194 8.31902 6.86464
threshold=0.30877466361752987 0.97017480872544337 0.40731241032693388 0.8562987087739945 0.25172474959250118 0.58428496004519126
decision_type=2 2 2 2 2 2
left_child=2 4 5 -4 -2 -1
right_child=1 -3 3 -5 -6 -7
leaf_value=0.00060289668846693126 -0.00061941636058849918 0.0012906494235331496 -0.00065614281709672412 0.00031656059846252305 0.00020255002226451409 -0.00048649813096329742
leaf_weight=829 448 74 377 183 180 123
leaf_count=829 448 74 377 183 180 123
internal_value=0.000216606 -0.00357955 0.00198151 -0.00220641 -0.00526984 0.00444444
internal_weight=2214 702 1512 560 628 952
internal_count=2214 702 1512 560 628 952
is_linear=0
shrinkage=0.04


Tree=42
num_leaves=6
num_cat=0
split_feature=25 26 47 14 71
split_gain=8.36904 8.49341 8.22389 7.25367 5.73098
threshold=0.12789261909044505 1.0560666516770427 0.52468443970082024 1.7229633858420217 -0.74501920054796023
decision_type=2 2 2 2 2
left_child=1 2 -1 4 -2
right_child=3 -3 -4 -5 -6
leaf_value=0.00048325565999564227 0.00049970329213384814 -0.0011183821247182542 -0.00017551240364795703 0.00072274980335805875 -0.00041839870222608522
leaf_weight=941 98 57 253 46 819
leaf_count=941 98 57 253 46 819
internal_value=0.000126354 0.00228252 0.00301003 -0.00267358 -0.00346028
internal_weight=2214 1251 1194 963 917
internal_count=2214 1251 1194 963 917
is_linear=0
shrinkage=0.04


Tree=43
num_leaves=7
num_cat=0
split_feature=78 84 42 109 73 3
split_gain=8.05651 7.8668 11.0987 8.02985 2.85415 2.54525
threshold=2.0045932172021206 -0.043642689030431336 -0.3373798313642406 -1.0154268534196078 0.51975145100610176 0.28731544113441859
decision_type=2 2 2 2 2 2
left_child=1 3 -3 -1 5 -2
right_child=4 2 -4 -5 -6 -7
leaf_value=-0.0014044353990649659 0.0011945748810704929 0.00019886691764978127 -0.00061268712536677252 0.00031020802764656258 -1.4426947523082587e-05 0.00024764291469152598
leaf_weight=96 62 380 652 933 42 49
leaf_count=96 62 380 652 933 42 49
internal_value=0.000108303 -0.000552593 -0.00301741 0.00192047 0.00890323 0.0122124
internal_weight=2214 2061 1032 1029 153 111
internal_count=2214 2061 1032 1029 153 111
is_linear=0
shrinkage=0.04


Tree=44
num_leaves=8
num_cat=0
split_feature=36 28 72 14 106 35 40
split_gain=8.40128 9.57426 8.47944 12.496 7.60252 7.54313 2.55371
threshold=0.30877466361752987 -0.71937386983379159 0.15742277288740378 1.3784996227736694 1.2115336143443776 0.47335796724177098 -0.60736324318860435
decision_type=2 2 2 2 2 2 2
left_child=1 6 3 -2 -3 -4 -1
right_child=2 4 5 -5 -6 -7 -8
leaf_value=0.0007118790269831515 -0.00066755163938160978 0.00015504208021905542 -0.0011492362636529785 0.00072225128443572891 -0.0010684743575064385 0.00076770157010448161 0.0012901284758315473
leaf_weight=40 402 1294 47 44 94 209 84
leaf_count=40 402 1294 47 44 94 209 84
internal_value=0.000144404 0.00182299 -0.00346591 -0.00678571 0.000863309 0.00232558 0.012381
internal_weight=2214 1512 702 446 1388 256 124
internal_count=2214 1512 702 446 1388 256 124
is_linear=0
shrinkage=0.04


Tree=45
num_leaves=5
num_cat=0
split_feature=77 78 72 73
split_gain=8.0925 8.79125 6.70058 2.85415
threshold=3.0014233488699635 2.0045932172021206 1.8629955467721935 0.51975145100610176
decision_type=2 2 2 2
left_child=1 2 -1 -3
right_child=-2 3 -4 -5
leaf_value=-0.00012060526061088609 0.0010902161416177 0.00071855496039985702 0.0019932692774437496 4.4187759235884973e-06
leaf_weight=1923 48 111 90 42
leaf_count=1923 48 111 90 42
internal_value=9.02527e-05 -0.000276753 -0.00098263 0.00890323
internal_weight=2214 2166 2013 153
internal_count=2214 2166 2013 153
is_linear=0
shrinkage=0.04


Tree=46
num_leaves=8
num_cat=0
split_feature=36 28 72 14 35 103 40
split_gain=8.13892 9.05364 8.21457 12.4383 7.74824 7.68585 2.3625
threshold=0.30877466361752987 -0.71937386983379159 0.15423367790699674 1.3784996227736694 0.47335796724177098 -1.7269056253258954 -0.60736324318860435
decision_type=2 2 2 2 2 2 2
left_child=1 6 3 -2 -4 -3 -1
right_child=2 5 4 -5 -6 -7 -8
leaf_value=0.00068822807632826102 -0.00065349471997531603 0.00061901323441339046 -0.0012050121670125927 0.00069818544348273517 0.00070661155913985193 5.9721998970935913e-07 0.001243347547222721
leaf_weight=40 397 106 48 44 213 1282 84
leaf_count=40 397 106 48 44 213 1282 84
internal_value=0.000144404 0.00179657 -0.00340909 -0.00672686 0.00220532 0.000863309 0.0120635
internal_weight=2214 1512 702 441 261 1388 124
internal_count=2214 1512 702 441 261 1388 124
is_linear=0
shrinkage=0.04


Tree=47
num_leaves=5
num_cat=0
split_feature=77 78 82 21
split_gain=7.96454 8.54591 6.95497 2.73882
threshold=3.0014233488699635 2.0045932172021206 -0.091041780405489381 0.35722005972099197
decision_type=2 2 2 2
left_child=1 2 -1 -3
right_child=-2 3 -4 -5
leaf_value=0.00014371983136638068 0.0010465285683391409 0.00091943459116599117 -0.00035487904203747393 0.00010624495597604367
leaf_weight=954 48 92 1059 61
leaf_count=954 48 92 1059 61
internal_value=0.000216606 -0.000147601 -0.000843672 0.00890323
internal_weight=2214 2166 2013 153
internal_count=2214 2166 2013 153
is_linear=0
shrinkage=0.04


Tree=48
num_leaves=7
num_cat=0
split_feature=97 67 73 102 18 14
split_gain=7.77158 8.8644 8.93221 8.10507 8.75583 3.46029
threshold=0.50818782767936888 -0.99092579115081347 -0.56086285055483875 0.057445225116055494 -0.32369581402050512 0.53434941575332495
decision_type=2 2 2 2 2 2
left_child=1 -1 -3 5 -5 -2
right_child=3 2 -4 4 -6 -7
leaf_value=-0.0014147170601218515 -0.00061404144320245375 -0.00064772422695891241 0.00023310981535397304 0.0010830590530333797 -0.00045824780270268314 -0.0014010495455308676
leaf_weight=57 211 132 1611 65 94 44
leaf_count=57 211 132 1611 65 94 44
internal_value=0.000216606 0.00135405 0.00186819 -0.00471154 0.00236025 -0.00910506
internal_weight=2214 1800 1743 414 159 255
internal_count=2214 1800 1743 414 159 255
is_linear=0
shrinkage=0.04


Tree=49
num_leaves=7
num_cat=0
split_feature=36 77 65 71 10 33
split_gain=8.22189 9.67132 8.23359 8.03383 7.86303 6.76423
threshold=0.28283236607985585 0.97017480872544337 -0.59215999976733891 2.6081102476802855 1.5761968882060682 0.52693702255082575
decision_type=2 2 2 2 2 2
left_child=2 4 5 -4 -2 -1
right_child=1 -3 3 -5 -6 -7
leaf_value=0.00085607107756431979 -0.00041153406775404344 0.0009585734394568045 -9.1824334864002223e-06 0.0015237305469645412 0.00094984565029489459 -0.00016523459758577773
leaf_weight=135 611 77 1231 78 41 41
leaf_count=135 611 77 1231 78 41 41
internal_value=0.000108303 -0.00336525 0.00181574 0.00071701 -0.00495413 0.00988764
internal_weight=2214 729 1485 1309 652 176
internal_count=2214 729 1485 1309 652 176
is_linear=0
shrinkage=0.04


Tree=50
num_leaves=5
num_cat=0
split_feature=67 97 73 72
split_gain=7.66951 8.06068 8.68446 6.93468
threshold=-1.0275897583376066 0.56597700023955033 -0.6206804271550822 1.5177305047914074
decision_type=2 2 2 2
left_child=-1 2 -2 -3
right_child=1 3 -4 -5
leaf_value=-0.001457384429252587 -0.0010703618343465759 -0.00056387142947874008 0.00017998133154703818 0.0018876108407381107
leaf_weight=48 84 306 1734 42
leaf_count=48 84 306 1734 42
internal_value=0.000288809 0.000645756 0.00171429 -0.00491429
internal_weight=2214 2166 1818 348
internal_count=2214 2166 1818 348
is_linear=0
shrinkage=0.04


Tree=51
num_leaves=8
num_cat=0
split_feature=25 28 67 71 77 60 40
split_gain=7.80755 7.36916 12.771 6.07434 6.88088 5.2075 4.83912
threshold=0.12789261909044505 -0.68734369162627529 -0.64704717991795746 -0.74501920054796023 0.97017480872544337 -0.24610929856903729 -0.27020008536062279
decision_type=2 2 2 2 2 2 2
left_child=1 5 -3 6 -5 -1 -2
right_child=3 2 -4 4 -6 -7 -8
leaf_value=5.056428928590415e-05 0.0012284929561285007 -0.0010223980560180484 0.00019991025895638455 -0.00041645978239186521 0.00061735428540611917 0.0011786254989020906 -0.0001095461332893305
leaf_weight=48 49 112 1013 738 121 78 55
leaf_count=48 49 112 1013 738 121 78 55
internal_value=7.22022e-05 0.00215483 0.00111801 -0.00263212 -0.00373984 0.01125 0.00641509
internal_weight=2214 1251 1125 963 859 126 104
internal_count=2214 1251 1125 963 859 126 104
is_linear=0
shrinkage=0.04


Tree=52
num_leaves=7
num_cat=0
split_feature=36 61 24 101 77 83
split_gain=6.66132 9.36576 11.486 9.19347 9.12311 7.50844
threshold=0.28283236607985585 0.22772230035590835 -1.1720887473253423 -0.34152435171882639 0.97017480872544337 -0.7521753557453591
decision_type=2 2 2 2 2 2
left_child=1 3 -3 -1 5 -2
right_child=4 2 -4 -5 -6 -7
leaf_value=-0.00061415011953751709 0.00057480715075509611 -0.00090014404171503287 0.00096444512171616154 0.00014121876690296881 0.00093166088859591382 -0.00041133665736182062
leaf_weight=243 80 46 299 897 77 572
leaf_count=243 80 46 299 897 77 572
internal_value=0.000144404 0.00168124 0.00743516 -7.00525e-05 -0.00298222 -0.00452599
internal_weight=2214 1485 345 1140 729 652
internal_count=2214 1485 345 1140 729 652
is_linear=0
shrinkage=0.04


Tree=53
num_leaves=6
num_cat=0
split_feature=78 77 101 3 76
split_gain=7.01478 7.79922 6.81523 3.27877 1.80946
threshold=2.0045932172021206 1.7648083336221159 0.30150020286403439 0.28731544113441859 2.1765792325085873
decision_type=2 2 2 2 2
left_child=1 2 -1 4 -2
right_child=3 -3 -4 -5 -6
leaf_value=-0.0002056295070337766 0.00067324039317185572 0.00099835450076485809 0.00018757684400000363 4.1609392948792626e-05 0.0011737217942144385
leaf_weight=1251 45 57 753 65 43
leaf_count=1251 45 57 753 65 43
internal_value=0.000180505 -0.000436258 -0.000857428 0.0083871 0.0133333
internal_weight=2214 2061 2004 153 88
internal_count=2214 2061 2004 153 88
is_linear=0
shrinkage=0.04


Tree=54
num_leaves=8
num_cat=0
split_feature=25 28 101 40 8 24 60
split_gain=6.75317 7.07295 7.43498 5.56907 7.22333 6.32547 4.12219
threshold=0.12789261909044505 -0.68734369162627529 0.046293008151369573 0.57385740198481994 -0.060556197509441696 1.1359133195766178 -0.24610929856903729
decision_type=2 2 2 2 2 2 2
left_child=1 6 -3 5 -5 -2 -1
right_child=3 2 -4 4 -6 -7 -8
leaf_value=6.2169255804996116e-05 -0.00013725635442877595 -0.00011267875844214078 0.00035850981621672942 -4.9745568040646549e-05 -0.001365047017452214 0.00080517174676939321 0.0010693453709370161
leaf_weight=48 686 565 560 110 121 46 78
leaf_count=48 686 565 560 110 121 46 78
internal_value=9.02527e-05 0.00202713 0.00101154 -0.00242487 -0.00781116 -0.000708447 0.0109375
internal_weight=2214 1251 1125 963 231 732 126
internal_count=2214 1251 1125 963 231 732 126
is_linear=0
shrinkage=0.04


Tree=55
num_leaves=5
num_cat=0
split_feature=67 90 40 36
split_gain=6.69603 7.69073 7.7446 7.24659
threshold=-1.0275897583376066 0.56928502958576399 -0.29295261749623042 -0.54412906968186847
decision_type=2 2 2 2
left_child=-1 2 -2 -3
right_child=1 3 -4 -5
leaf_value=-0.0014186144011190771 0.00060760396327654757 0.00033685704649876949 -1.4273725800621265e-05 -0.00053794436349068487
leaf_weight=48 561 178 1062 365
leaf_count=48 561 178 1062 365
internal_value=7.22022e-05 0.000405904 0.00178462 -0.00370642
internal_weight=2214 2166 1623 543
internal_count=2214 2166 1623 543
is_linear=0
shrinkage=0.04


Tree=56
num_leaves=5
num_cat=0
split_feature=67 61 101 28
split_gain=6.69603 7.95726 13.4845 12.3921
threshold=-1.0275897583376066 0.22772230035590835 -0.31967285205423129 0.7805521447718663
decision_type=2 2 2 2
left_child=-1 2 -2 -3
right_child=1 3 -4 -5
leaf_value=-0.0013618698250743141 -0.00061177387624239367 0.0006474701737206759 7.6843154347438214e-05 -0.00058778538465187606
leaf_weight=48 381 547 1131 107
leaf_count=48 381 547 1131 107
internal_value=7.22022e-05 0.000405904 -0.0011889 0.00408537
internal_weight=2214 2166 1512 654
internal_count=2214 2166 1512 654
is_linear=0
shrinkage=0.04


Tree=57
num_leaves=6
num_cat=0
split_feature=103 108 73 39 105
split_gain=6.44149 6.99839 10.5791 8.14729 2.78312
threshold=-1.7269056253258954 -0.28526964851285047 0.073203347314797815 -0.32023797722463226 0.5426532909544638
decision_type=2 2 2 2 2
left_child=4 2 -2 -3 -1
right_child=1 3 -4 -5 -6
leaf_value=0.00064132752621264195 -5.4081216778333503e-05 0.00024979106814221617 0.0009174842437652262 -0.00039493265191345163 0.00017252399331107754
leaf_weight=54 504 405 303 894 54
leaf_count=54 504 405 303 894 54
internal_value=1.80505e-05 -0.000474383 0.00244747 -0.00229055 0.00945455
internal_weight=2214 2106 807 1299 108
internal_count=2214 2106 807 1299 108
is_linear=0
shrinkage=0.04


Tree=58
num_leaves=6
num_cat=0
split_feature=73 37 109 60 27
split_gain=6.46417 6.75179 6.93348 2.44999 1.48755
threshold=-0.6206804271550822 -1.0713170656102387 -1.1406547290749074 0.27727055301204451 0.19605341124517231
decision_type=2 2 2 2 2
left_child=4 3 -3 -2 -1
right_child=1 2 -4 -5 -6
leaf_value=-0.00039567937171366979 9.5425936114105911e-05 -0.001795663486380966 2.1531792547920776e-05 0.00095652281880570706 -0.0014636601751011179
leaf_weight=40 49 43 1982 56 44
leaf_count=40 49 43 1982 56 44
internal_value=5.41516e-05 0.000487805 -2.96004e-05 0.0102804 -0.0106977
internal_weight=2214 2130 2025 105 84
internal_count=2214 2130 2025 105 84
is_linear=0
shrinkage=0.04


Tree=59
num_leaves=6
num_cat=0
split_feature=73 97 102 106 20
split_gain=6.42088 7.15669 8.21154 8.07029 1.48755
threshold=-0.6206804271550822 0.48368041345212065 0.057445225116055494 1.0688648076237224 0.15423829122907864
decision_type=2 2 2 2 2
left_child=4 3 -3 -2 -1
right_child=1 2 -4 -5 -6
leaf_value=-0.00037985219684512301 0.00022152380115378865 -0.00071757726942712769 0.00013337372229006516 -0.00089775491137293465 -0.0014051137680970733
leaf_weight=40 1566 261 192 111 44
leaf_count=40 1566 261 192 111 44
internal_value=1.80505e-05 0.000450281 -0.004 0.00165575 -0.0106977
internal_weight=2214 2130 453 1677 84
internal_count=2214 2130 453 1677 84
is_linear=0
shrinkage=0.04


Tree=60
num_leaves=7
num_cat=0
split_feature=78 82 59 41 28 33
split_gain=6.75138 8.27808 8.79092 7.31489 3.85961 6.55044
threshold=1.5058517858688358 -0.091041780405489381 0.063497104077990488 0.31089907279584023 -0.14586397784025479 -0.71840354748888391
decision_type=2 2 2 2 2 2
left_child=1 2 -1 -3 -2 -6
right_child=4 3 -4 -5 5 -7
leaf_value=0.00049004134177462323 0.00062119005271404004 -0.00011653650460263853 -0.00011556774026718745 -0.00078985618036060321 0.00097320938628799969 -0.00015536267318028193
leaf_weight=495 42 758 498 238 76 107
leaf_count=495 42 758 498 238 76 107
internal_value=7.22022e-05 -0.000673029 0.00190955 -0.00324649 0.00660793 0.004
internal_weight=2214 1989 993 996 225 183
internal_count=2214 1989 993 996 225 183
is_linear=0
shrinkage=0.04


Tree=61
num_leaves=8
num_cat=0
split_feature=72 78 82 88 47 35 17
split_gain=6.5741 8.71135 7.40936 4.20205 7.01843 3.91755 2.31744
threshold=0.37315322138668855 1.534919045976715 -0.15121205981440275 -0.12726107479189219 0.95035482564191431 0.61772929133643217 -0.31857048623266604
decision_type=2 2 2 2 2 2 2
left_child=1 2 -1 4 -2 -5 -3
right_child=3 6 -4 5 -6 -7 -8
leaf_value=4.5109420980485699e-05 0.00093799991417245184 0.0011374117478195256 -0.00047298856644889569 -0.00021614604987364659 -0.0002035633315437406 0.00067453921009082379 0.00022366855039312002
leaf_weight=687 243 40 729 271 66 86 92
leaf_count=687 243 40 729 271 66 86 92
internal_value=3.61011e-05 -0.00139355 -0.00231312 0.00335329 0.00675241 0.000389972 0.00835821
internal_weight=2214 1548 1416 666 309 357 132
internal_count=2214 1548 1416 666 309 357 132
is_linear=0
shrinkage=0.04


Tree=62
num_leaves=8
num_cat=0
split_feature=25 65 26 40 8 85 45
split_gain=6.4093 6.8989 7.87836 5.74201 7.94611 6.72716 3.64836
threshold=0.12789261909044505 -0.59215999976733891 0.57938975244205948 0.57385740198481994 -0.060556197509441696 -0.25870487816318749 0.16272612131024869
decision_type=2 2 2 2 2 2 2
left_child=1 6 -3 5 -5 -2 -1
right_child=3 2 -4 4 -6 -7 -8
leaf_value=0.00082276795907398729 -0.00025155897710103472 0.00019457329243904878 -0.00038200556079938391 -1.2271815917299263e-05 -0.0012758702014520698 0.00047166257305155838 0.00019658260139154032
leaf_weight=71 394 908 224 110 121 338 48
leaf_count=71 394 908 224 110 121 338 48
internal_value=0.000108303 0.00199521 0.00102293 -0.00234197 -0.00781116 -0.000599455 0.0110744
internal_weight=2214 1251 1132 963 231 732 119
internal_count=2214 1251 1132 963 231 732 119
is_linear=0
shrinkage=0.04


Tree=63
num_leaves=5
num_cat=0
split_feature=67 106 77 42
split_gain=6.67935 6.89472 8.18113 4.6124
threshold=-1.0275897583376066 1.0909190259438748 1.0325725827101357 -0.27647950269764182
decision_type=2 2 2 2
left_child=-1 2 -2 -3
right_child=1 3 -4 -5
leaf_value=-0.0012855218785983724 9.2150227478008175e-06 0.00014643413929529213 0.00059991999387589649 -0.00087450484998852457
leaf_weight=48 1818 47 189 112
leaf_count=48 1818 47 189 112
internal_value=5.41516e-05 0.000387454 0.00102539 -0.00757764
internal_weight=2214 2166 2007 159
internal_count=2214 2166 2007 159
is_linear=0
shrinkage=0.04


Tree=64
num_leaves=6
num_cat=0
split_feature=73 106 36 42 26
split_gain=5.97939 6.29527 7.19539 4.22485 1.50846
threshold=-0.6206804271550822 1.0909190259438748 0.23124228036852584 -0.19685704563076692 0.04148891878905029
decision_type=2 2 2 2 2
left_child=4 2 -2 -3 -1
right_child=1 3 -4 -5 -6
leaf_value=-0.00026838770349051712 0.00026610018146368638 8.7220882306429735e-05 -0.00012286717847951188 -0.000836001277123701 -0.0012559102633039072
leaf_weight=42 1230 52 741 107 42
leaf_count=42 1230 52 741 107 42
internal_value=0.000108303 0.000525328 0.00114546 -0.00708075 -0.0102326
internal_weight=2214 2130 1971 159 84
internal_count=2214 2130 1971 159 84
is_linear=0
shrinkage=0.04


Tree=65
num_leaves=5
num_cat=0
split_feature=36 82 36 78
split_gain=5.97239 6.62184 6.15778 5.97144
threshold=-1.354838150100208 -0.15121205981440275 -0.28765304475000181 1.1674770483968475
decision_type=2 2 2 2
left_child=-1 2 -2 -3
right_child=1 3 -4 -5
leaf_value=0.0012258562037658171 0.00070035234215884716 -0.0003523362916606683 1.7601143049623612e-05 0.00029266275864370722
leaf_weight=63 236 973 734 208
leaf_count=63 236 973 734 208
internal_value=5.41516e-05 -0.000306549 0.00213992 -0.00231615
internal_weight=2214 2151 970 1181
internal_count=2214 2151 970 1181
is_linear=0
shrinkage=0.04


Tree=66
num_leaves=5
num_cat=0
split_feature=36 106 77 42
split_gain=5.95437 6.42583 8.36196 4.79397
threshold=-1.354838150100208 0.9801453234555022 1.0325725827101357 -0.10475757961537176
decision_type=2 2 2 2
left_child=-1 2 -2 -3
right_child=1 3 -4 -5
leaf_value=0.0011768219556151844 -2.48852425303836e-05 7.0869385787193439e-05 0.00053495729339898715 -0.00083947904545841445
leaf_weight=63 1779 72 175 125
leaf_count=63 1779 72 175 125
internal_value=7.22022e-05 -0.00028797 0.000408998 -0.00713568
internal_weight=2214 2151 1954 197
internal_count=2214 2151 1954 197
is_linear=0
shrinkage=0.04


Tree=67
num_leaves=5
num_cat=0
split_feature=73 67 61 26
split_gain=5.87558 5.73304 7.10333 1.50846
threshold=-0.6206804271550822 -0.99092579115081347 0.22772230035590835 0.04148891878905029
decision_type=2 2 2 2
left_child=3 -2 -3 -1
right_child=1 2 -4 -5
leaf_value=-0.0002617531907378367 -0.0011052218352203193 -3.293982908340015e-05 0.00038589740538995452 -0.0012091805908169019
leaf_weight=42 57 1425 648 42
leaf_count=42 57 1425 648 42
internal_value=1.80505e-05 0.00043152 0.000780723 -0.0102326
internal_weight=2214 2130 2073 84
internal_count=2214 2130 2073 84
is_linear=0
shrinkage=0.04


Tree=68
num_leaves=6
num_cat=0
split_feature=72 97 73 14 18
split_gain=5.84022 7.92986 6.48621 4.42609 3.88399
threshold=1.8629955467721935 0.56597700023955033 -0.6206804271550822 0.50205496903988112 -0.33593077917447567
decision_type=2 2 2 2 2
left_child=1 2 -1 -3 -2
right_child=4 3 -4 -5 -6
leaf_value=-0.00081897506059418147 0.0018748709397755688 -0.00034936691138389982 6.3916199630905274e-05 -0.00097362511567665336 0.00037649130048179907
leaf_weight=84 50 260 1716 55 49
leaf_count=84 50 260 1716 55 49
internal_value=-9.02527e-05 -0.000538498 0.000488346 -0.00637224 0.00930693
internal_weight=2214 2115 1800 315 99
internal_count=2214 2115 1800 315 99
is_linear=0
shrinkage=0.04


Tree=69
num_leaves=8
num_cat=0
split_feature=108 109 14 42 42 25 41
split_gain=5.34644 8.66006 8.27668 7.96389 6.22281 4.81993 2.58768
threshold=-0.28526964851285047 -1.0607046190472342 -0.56485399154673155 -0.3373798313642406 1.0726638855779667 0.0843267745799232 0.14101154430786625
decision_type=2 2 2 2 2 2 2
left_child=1 6 5 -4 -3 -2 -1
right_child=2 4 3 -5 -6 -7 -8
leaf_value=-0.0024865915523601782 -0.00016513267473735466 0.00046884556680610006 0.00031294234597599566 -0.00019646877712043285 -0.0010898258987843256 -0.0011894144428995835 -0.00010824527695054466
leaf_weight=41 182 669 390 754 57 75 46
leaf_count=41 182 669 390 754 57 75 46
internal_value=0 0.00257669 -0.00149679 -3.4904e-05 0.00401099 -0.00795367 -0.00921348
internal_weight=2214 813 1401 1144 726 257 87
internal_count=2214 813 1401 1144 726 257 87
is_linear=0
shrinkage=0.04


Tree=70
num_leaves=6
num_cat=0
split_feature=72 97 40 14 26
split_gain=5.68437 6.94946 6.39728 4.8867 4.57309
threshold=1.8629955467721935 0.56597700023955033 -0.29295261749623042 0.50205496903988112 -0.1031586275235202
decision_type=2 2 2 2 2
left_child=1 2 -1 -3 -2
right_child=4 3 -4 -5 -6
leaf_value=0.00037233075824125731 0.0018003498933144993 -0.00032753348384372656 -5.4899246197864163e-05 -0.00094719780488862688 0.00010753717962302081
leaf_weight=546 53 260 1254 55 46
leaf_count=546 53 260 1254 55 46
internal_value=3.61011e-05 -0.000406235 0.000554939 -0.00586751 0.00930693
internal_weight=2214 2115 1800 315 99
internal_count=2214 2115 1800 315 99
is_linear=0
shrinkage=0.04


Tree=71
num_leaves=5
num_cat=0
split_feature=67 61 101 47
split_gain=5.365 7.694 10.6668 7.68053
threshold=-0.99092579115081347 0.22772230035590835 0.18717184573514331 0.59550769999254738
decision_type=2 2 2 2
left_child=-1 2 -2 -3
right_child=1 3 -4 -5
leaf_value=-0.001073891333787868 -0.00033886852561434896 0.0005730282961309924 0.00016967510948147881 -0.00025151387329277753
leaf_weight=57 843 465 666 183
leaf_count=57 843 465 666 183
internal_value=3.61011e-05 0.000361278 -0.0012045 0.004
internal_weight=2214 2157 1509 648
internal_count=2214 2157 1509 648
is_linear=0
shrinkage=0.04


Tree=72
num_leaves=6
num_cat=0
split_feature=35 26 97 45 72
split_gain=5.38305 8.94137 7.51423 6.4846 6.00197
threshold=-0.10165775702514224 1.0560666516770427 0.9682273256216386 0.18998333476517401 1.6630257111062694
decision_type=2 2 2 2 2
left_child=1 4 3 -2 -1
right_child=2 -3 -4 -5 -6
leaf_value=0.00016152364432393484 5.7342791408303631e-05 -0.0012857717584063275 -0.00091179594623189749 -0.00032534956926703217 0.0021202482293950836
leaf_weight=873 745 45 49 441 61
leaf_count=873 745 45 49 441 61
internal_value=-7.22022e-05 0.00214067 -0.001827 -0.00117845 0.00299145
internal_weight=2214 979 1235 1186 934
internal_count=2214 979 1235 1186 934
is_linear=0
shrinkage=0.04


Tree=73
num_leaves=4
num_cat=0
split_feature=73 67 97
split_gain=5.5208 5.56669 6.54675
threshold=-0.63057984235972719 -0.99092579115081347 0.48368041345212065
decision_type=2 2 2
left_child=-1 -2 -3
right_child=1 2 -4
leaf_value=-0.00084861368319841539 -0.0010373966262093106 0.00013052116519567003 -0.00027215896060595767
leaf_weight=75 57 1629 453
leaf_count=75 57 1629 453
internal_value=-0.000126354 0.000252219 0.00059501
internal_weight=2214 2139 2082
internal_count=2214 2139 2082
is_linear=0
shrinkage=0.04


Tree=74
num_leaves=6
num_cat=0
split_feature=72 90 37 31 28
split_gain=5.31547 6.18605 6.33939 3.72932 3.61515
threshold=1.8629955467721935 0.92890755603655772 -0.46207686572890638 -0.31261340360721918 0.33402102706060638
decision_type=2 2 2 2 2
left_child=1 2 -1 -2 -3
right_child=3 4 -4 -5 -6
leaf_value=0.00033604482741573643 0.001622080189544629 -0.00063809753698128898 -6.1819133645061176e-05 0.00030895142784269011 -4.081630158479871e-05
leaf_weight=510 51 163 1329 48 113
leaf_count=510 51 163 1329 48 113
internal_value=-5.41516e-05 -0.000481814 0.000358501 0.00891089 -0.00604317
internal_weight=2214 2115 1839 99 276
internal_count=2214 2115 1839 99 276
is_linear=0
shrinkage=0.04


Tree=75
num_leaves=6
num_cat=0
split_feature=109 108 35 42 5
split_gain=5.33045 7.26789 6.58611 5.79593 2.43045
threshold=-1.0607046190472342 -0.28526964851285047 0.097143271971977349 1.0726638855779667 0.11174782405166717
decision_type=2 2 2 2 2
left_child=4 3 -3 -2 -1
right_child=1 2 -4 -5 -6
leaf_value=-0.0016975573713661808 0.00043373089445320482 5.3552531604613952e-05 -0.00035806464745842981 -0.0010174035299837111 -0.00022135929080389265
leaf_weight=42 669 874 527 57 45
leaf_count=42 669 874 527 57 45
internal_value=-7.22022e-05 0.000328793 -0.00135424 0.00357143 -0.00966292
internal_weight=2214 2127 1401 726 87
internal_count=2214 2127 1401 726 87
is_linear=0
shrinkage=0.04


Tree=76
num_leaves=5
num_cat=0
split_feature=67 61 101 24
split_gain=5.284 6.56856 10.1341 6.74823
threshold=-0.99092579115081347 0.22772230035590835 -0.34152435171882639 -1.1098355055046465
decision_type=2 2 2 2
left_child=-1 2 -2 -3
right_child=1 3 -4 -5
leaf_value=-0.00099557009707932015 -0.00053088499899988555 -0.00089702864985924619 2.751720399875382e-05 0.00042843596172993399
leaf_weight=57 354 46 1155 602
leaf_count=57 354 46 1155 602
internal_value=-5.41516e-05 0.000268643 -0.00117803 0.00363077
internal_weight=2214 2157 1509 648
internal_count=2214 2157 1509 648
is_linear=0
shrinkage=0.04


Tree=77
num_leaves=5
num_cat=0
split_feature=67 61 101 40
split_gain=5.25177 5.77688 9.25454 6.8782
threshold=-0.99092579115081347 0.22772230035590835 0.18717184573514331 -0.29295261749623042
decision_type=2 2 2 2
left_child=-1 2 -2 -3
right_child=1 3 -4 -5
leaf_value=-0.00095574729319614755 -0.00029070119686118792 0.0007781262461294009 0.00014871858749717983 -6.4247683165620518e-06
leaf_weight=57 843 270 666 378
leaf_count=57 843 270 666 378
internal_value=-9.02527e-05 0.000231589 -0.00112508 0.00338462
internal_weight=2214 2157 1509 648
internal_count=2214 2157 1509 648
is_linear=0
shrinkage=0.04


Tree=78
num_leaves=6
num_cat=0
split_feature=72 28 109 36 26
split_gain=5.20908 5.64428 6.43218 5.82664 4.19217
threshold=1.8629955467721935 -0.70148165263659501 -1.0607046190472342 0.43905298615250571 -0.1031586275235202
decision_type=2 2 2 2 2
left_child=1 3 -3 -1 -2
right_child=4 2 -4 -5 -6
leaf_value=0.00066447290790270521 0.0015268628407357383 -0.0014618684875944328 -3.5373690196439723e-05 -0.00027246112443430655 3.4010999463150867e-05
leaf_weight=157 53 61 1840 57 46
leaf_count=157 53 61 1840 57 46
internal_value=3.61011e-05 -0.000387341 -0.0010825 0.00574074 0.00891089
internal_weight=2214 2115 1901 214 99
internal_count=2214 2115 1901 214 99
is_linear=0
shrinkage=0.04


Tree=79
num_leaves=6
num_cat=0
split_feature=71 73 40 67 3
split_gain=4.75455 5.81115 7.94372 5.99709 3.25755
threshold=-0.90488324435565803 0.073203347314797815 -0.14588559248902724 0.57932415465445264 0.16338905220825384
decision_type=2 2 2 2 2
left_child=4 3 -3 -2 -1
right_child=1 2 -4 -5 -6
leaf_value=0.0014184775969239474 -0.00024648729245918424 0.00061287903288165734 -2.0947259625606063e-05 0.0003456339298760192 0.00016485383821383503
leaf_weight=47 975 316 710 114 52
leaf_count=47 975 316 710 114 52
internal_value=3.61011e-05 -0.000368446 0.00178988 -0.00240147 0.00851485
internal_weight=2214 2115 1026 1089 99
internal_count=2214 2115 1026 1089 99
is_linear=0
shrinkage=0.04


Tree=80
num_leaves=6
num_cat=0
split_feature=35 26 97 72 45
split_gain=4.82601 7.98885 6.87398 6.1325 4.88591
threshold=-0.10165775702514224 1.0560666516770427 0.9682273256216386 1.6630257111062694 0.15135325277886605
decision_type=2 2 2 2 2
left_child=1 3 4 -1 -2
right_child=2 -3 -4 -5 -6
leaf_value=0.00014990234514709918 5.5988358168395855e-05 -0.0012342069266458036 -0.00082736100595190475 0.0019359298876305301 -0.00031453114797795319
leaf_weight=873 716 45 49 61 470
leaf_count=873 716 45 49 61 470
internal_value=-3.61011e-05 0.00205912 -0.00169766 0.00286325 -0.00107744
internal_weight=2214 979 1235 934 1186
internal_count=2214 979 1235 934 1186
is_linear=0
shrinkage=0.04


Tree=81
num_leaves=7
num_cat=0
split_feature=100 24 14 106 40 8
split_gain=4.87735 8.19098 5.01761 7.80959 5.79017 1.91436
threshold=1.0830905669054387 0.025382926049757306 -0.42372243354097111 -0.23351856807428198 0.54145364973266086 0.3266130587008868
decision_type=2 2 2 2 2 2
left_child=2 5 3 -1 -4 -2
right_child=1 -3 4 -5 -6 -7
leaf_value=0.0001056999453897845 0.00083182880324342897 -0.000251794740270671 0.00015336367272353934 -0.00058689704695601673 -0.0004064077867573715 0.00022939198563380289
leaf_weight=252 82 73 1123 331 313 40
leaf_count=252 82 73 1123 331 313 40
internal_value=-1.80505e-05 0.00598985 -0.000603662 -0.0037265 0.000667594 0.0122581
internal_weight=2214 195 2019 583 1436 122
internal_count=2214 195 2019 583 1436 122
is_linear=0
shrinkage=0.04


Tree=82
num_leaves=5
num_cat=0
split_feature=36 82 109 45
split_gain=4.85378 5.7351 6.32798 5.10769
threshold=-1.354838150100208 -0.029077078039801488 -1.1406547290749074 -1.7232955592596613
decision_type=2 2 2 2
left_child=-1 2 -2 -3
right_child=1 3 -4 -5
leaf_value=0.0011267633723457697 -0.0013005686160833694 0.00063943894997474772 0.00016852970499213718 -0.00025362772206446213
leaf_weight=63 51 82 1003 1015
leaf_count=63 51 82 1003 1015
internal_value=0 -0.000325128 0.0017803 -0.00234759
internal_weight=2214 2151 1054 1097
internal_count=2214 2151 1054 1097
is_linear=0
shrinkage=0.04


Tree=83
num_leaves=5
num_cat=0
split_feature=37 109 14 77
split_gain=4.67144 6.55277 5.51274 1.79953
threshold=-1.0713170656102387 -1.1406547290749074 -0.56485399154673155 -0.19479759556037254
decision_type=2 2 2 2
left_child=3 -2 -3 -1
right_child=1 2 -4 -5
leaf_value=0.00081303883959178399 -0.0014189451782355689 -0.00019018330753533665 5.1167133860806628e-05 0.00027934207110144051
leaf_weight=41 43 436 1627 67
leaf_count=41 43 436 1627 67
internal_value=-3.61011e-05 -0.000455408 -0.000125908 0.008
internal_weight=2214 2106 2063 108
internal_count=2214 2106 2063 108
is_linear=0
shrinkage=0.04


Tree=84
num_leaves=5
num_cat=0
split_feature=73 67 106 58
split_gain=5.33475 4.91503 5.26193 1.25846
threshold=-0.6206804271550822 -1.0275897583376066 0.9801453234555022 0.45686093232580205
decision_type=2 2 2 2
left_child=3 -2 -3 -1
right_child=1 2 -4 -5
leaf_value=-0.00028334214878417385 -0.001024521271011851 7.7996722294326648e-05 -0.00040144697608621746 -0.00097079479510396864
leaf_weight=42 48 1872 210 42
leaf_count=42 48 1872 210 42
internal_value=0 0.000393996 0.000690979 -0.00976744
internal_weight=2214 2130 2082 84
internal_count=2214 2130 2082 84
is_linear=0
shrinkage=0.04


Tree=85
num_leaves=6
num_cat=0
split_feature=35 26 97 72 53
split_gain=5.03781 8.06946 6.14438 5.95387 5.52517
threshold=-0.10165775702514224 1.0560666516770427 0.9682273256216386 1.8629955467721935 -1.0999999999999999
decision_type=2 2 2 2 2
left_child=1 3 4 -1 -2
right_child=2 -3 -4 -5 -6
leaf_value=0.00014275812352784219 0.0013224841149843524 -0.0011804900805555676 -0.00081230885506866093 0.0019736903704792937 -0.00011929646870823811
leaf_weight=877 95 45 49 57 1091
leaf_count=877 95 45 49 57 1091
internal_value=0 0.00214067 -0.00169766 0.00294872 -0.00111111
internal_weight=2214 979 1235 934 1186
internal_count=2214 979 1235 934 1186
is_linear=0
shrinkage=0.04


Tree=86
num_leaves=5
num_cat=0
split_feature=73 14 73 84
split_gain=4.62196 4.74915 6.91213 5.74301
threshold=-0.63057984235972719 -0.42372243354097111 0.042486933505106475 0.44752870035834408
decision_type=2 2 2 2
left_child=-1 2 -2 -3
right_child=1 3 -4 -5
leaf_value=-0.0007576368700689365 -0.00042156723640894041 0.00018811949469825588 0.00012365904555865605 -0.00018210567704629645
leaf_weight=75 328 1104 282 425
leaf_count=75 328 1104 282 425
internal_value=1.80505e-05 0.000364316 -0.00261438 0.00155454
internal_weight=2214 2139 610 1529
internal_count=2214 2139 610 1529
is_linear=0
shrinkage=0.04


Tree=87
num_leaves=6
num_cat=0
split_feature=35 26 97 89 53
split_gain=4.66128 7.98885 6.20316 5.47815 4.96119
threshold=-0.10165775702514224 1.0560666516770427 0.9682273256216386 1.7241020694703764 -1.0999999999999999
decision_type=2 2 2 2 2
left_child=1 3 4 -1 -2
right_child=2 -3 -4 -5 -6
leaf_value=0.00026081143717168932 0.0012620599705970481 -0.001140795257121275 -0.00078734128065384478 -0.00093804830350616489 -0.00011495275900957308
leaf_weight=880 95 45 49 54 1091
leaf_count=880 95 45 49 54 1091
internal_value=0 0.00205912 -0.00163298 0.00286325 -0.00104377
internal_weight=2214 979 1235 934 1186
internal_count=2214 979 1235 934 1186
is_linear=0
shrinkage=0.04


Tree=88
num_leaves=6
num_cat=0
split_feature=73 40 90 103 26
split_gain=4.91411 4.7649 11.8494 6.47515 2.12156
threshold=-0.6206804271550822 -0.29295261749623042 0.55902826140550932 -1.6682806059460968 0.04148891878905029
decision_type=2 2 2 2 2
left_child=4 2 -2 -3 -1
right_child=1 3 -4 -5 -6
leaf_value=-0.00018272729803253223 0.00046978171492731722 0.00038780556886563208 -0.00057514886829684289 -0.00012703823810057788 -0.0010090629641454319
leaf_weight=42 540 126 101 1363 42
leaf_count=42 540 126 101 1363 42
internal_value=7.22022e-05 0.000450281 0.00332815 -0.000791415 -0.00930233
internal_weight=2214 2130 641 1489 84
internal_count=2214 2130 641 1489 84
is_linear=0
shrinkage=0.04


Tree=89
num_leaves=5
num_cat=0
split_feature=37 109 103 59
split_gain=4.54648 5.89739 5.0748 1.43422
threshold=-1.0713170656102387 -1.1406547290749074 0.1131386588301888 -0.34550032171868655
decision_type=2 2 2 2
left_child=3 -2 -3 -1
right_child=1 2 -4 -5
leaf_value=0.00071651571267660852 -0.0013583805211531137 -0.00012636106753356947 0.00010623330395647026 0.00017355669501679252
leaf_weight=42 43 1246 817 66
leaf_count=42 43 1246 817 66
internal_value=7.22022e-05 -0.000341556 -2.90557e-05 0.008
internal_weight=2214 2106 2063 108
internal_count=2214 2106 2063 108
is_linear=0
shrinkage=0.04


Tree=90
num_leaves=6
num_cat=0
split_feature=71 103 12 14 3
split_gain=4.63394 4.90558 6.47731 6.02765 3.25755
threshold=-0.90488324435565803 0.043560097263538301 -1.1651704982150044 -1.4565885835858434 0.16338905220825384
decision_type=2 2 2 2 2
left_child=4 2 -2 -3 -1
right_child=1 3 -4 -5 -6
leaf_value=0.0013136310333670576 0.00091545436296548992 -0.00085887322185059108 -0.00020698842846530411 0.00012386225140185162 0.00013950825837993235
leaf_weight=47 40 60 1070 945 52
leaf_count=47 40 60 1070 945 52
internal_value=0.000144404 -0.000255078 -0.00208633 0.00176763 0.00851485
internal_weight=2214 2115 1110 1005 99
internal_count=2214 2115 1110 1005 99
is_linear=0
shrinkage=0.04


Tree=91
num_leaves=6
num_cat=0
split_feature=37 14 91 48 77
split_gain=4.56719 4.40449 7.71348 5.75539 1.79953
threshold=-1.0713170656102387 -0.56485399154673155 -0.17166063004359125 -0.42081909131614265 -0.19479759556037254
decision_type=2 2 2 2 2
left_child=4 2 -2 -3 -1
right_child=1 3 -4 -5 -6
leaf_value=0.00073517092992089088 -0.00099601051888684048 0.00036628678827700992 -1.7014111795391267e-05 -6.2021700291174585e-05 0.00022661399124269287
leaf_weight=41 114 435 333 1224 67
leaf_count=41 114 435 333 1224 67
internal_value=5.41516e-05 -0.000360531 -0.00387528 0.000590006 0.008
internal_weight=2214 2106 447 1659 108
internal_count=2214 2106 447 1659 108
is_linear=0
shrinkage=0.04


Tree=92
num_leaves=6
num_cat=0
split_feature=71 72 65 6 26
split_gain=4.73434 4.63422 4.83231 3.25755 3.02241
threshold=-0.90488324435565803 2.183891397627352 -0.54866451121020032 0.17693153147053756 -0.1031586275235202
decision_type=2 2 2 2 2
left_child=3 2 -2 -1 -3
right_child=1 4 -4 -5 -6
leaf_value=0.0012505378860159511 0.0002032883553258607 0.0014148147048580503 -0.00010267643703898793 0.00012691479163637364 0.00039338347531759065
leaf_weight=47 390 41 1644 52 40
leaf_count=47 390 41 1644 52 40
internal_value=5.41516e-05 -0.000349551 -0.000726916 0.00851485 0.00891566
internal_weight=2214 2115 2034 99 81
internal_count=2214 2115 2034 99 81
is_linear=0
shrinkage=0.04


Tree=93
num_leaves=6
num_cat=0
split_feature=89 77 26 42 35
split_gain=4.3271 7.82124 5.35325 3.56483 3.48539
threshold=1.7241020694703764 1.0325725827101357 0.86839838787086643 0.62047215562551383 -0.44817266460844279
decision_type=2 2 2 2 2
left_child=1 2 -1 -2 -3
right_child=3 4 -4 -5 -6
leaf_value=1.3995501952902695e-05 -0.0012533633088777601 0.00093779306174120061 -0.00032842750601263593 8.0773599942328964e-05 0.00022030990784989657
leaf_weight=1785 53 61 168 43 104
leaf_count=1785 53 61 168 43 104
internal_value=5.41516e-05 0.000433962 -0.000276215 -0.00816327 0.00874251
internal_weight=2214 2118 1953 96 165
internal_count=2214 2118 1953 96 165
is_linear=0
shrinkage=0.04


Tree=94
num_leaves=6
num_cat=0
split_feature=89 77 26 42 35
split_gain=4.34611 7.78577 5.08753 3.56483 3.48539
threshold=1.7241020694703764 1.0325725827101357 0.99045560879903627 0.62047215562551383 -0.44817266460844279
decision_type=2 2 2 2 2
left_child=1 2 -1 -2 -3
right_child=3 4 -4 -5 -6
leaf_value=5.5239710621513007e-06 -0.0012032287765226495 0.00090028133927155254 -0.00041554425010189525 7.7542655944635723e-05 0.00021149751153590079
leaf_weight=1856 53 61 97 43 104
leaf_count=1856 53 61 97 43 104
internal_value=7.22022e-05 0.00045283 -0.000255754 -0.00816327 0.00874251
internal_weight=2214 2118 1953 96 165
internal_count=2214 2118 1953 96 165
is_linear=0
shrinkage=0.04


Tree=95
num_leaves=6
num_cat=0
split_feature=89 77 40 35 42
split_gain=4.38425 7.2737 4.49959 3.71842 3.56483
threshold=1.7241020694703764 1.0325725827101357 -0.99553595835164532 -0.44817266460844279 0.62047215562551383
decision_type=2 2 2 2 2
left_child=1 2 -1 -3 -2
right_child=4 3 -4 -5 -6
leaf_value=0.00076467297446665915 -0.0011550996254617437 0.00086427008570069024 -3.1275969348224696e-05 0.00020303761107446473 7.4440949706850175e-05
leaf_weight=63 53 61 1890 104 43
leaf_count=63 53 61 1890 104 43
internal_value=0.000108303 0.000490566 -0.000194373 0.00850299 -0.00816327
internal_weight=2214 2118 1953 165 96
internal_count=2214 2118 1953 165 96
is_linear=0
shrinkage=0.04


Tree=96
num_leaves=6
num_cat=0
split_feature=89 77 97 42 35
split_gain=4.38425 6.84533 4.5991 3.56483 3.34393
threshold=1.7241020694703764 1.0325725827101357 0.68509775661851247 0.62047215562551383 -0.44817266460844279
decision_type=2 2 2 2 2
left_child=1 2 -1 -2 -3
right_child=3 4 -4 -5 -6
leaf_value=1.8375666751090387e-05 -0.0011088956404432739 0.00082969928227266232 -0.00035255447414654395 7.146331171857618e-05 0.00019491610663148641
leaf_weight=1692 53 61 261 43 104
leaf_count=1692 53 61 261 43 104
internal_value=0.000108303 0.000490566 -0.000173913 -0.00816327 0.00826347
internal_weight=2214 2118 1953 96 165
internal_count=2214 2118 1953 96 165
is_linear=0
shrinkage=0.04


Tree=97
num_leaves=5
num_cat=0
split_feature=73 40 90 45
split_gain=4.26989 4.34043 9.60877 5.366
threshold=-0.64909377782290034 -0.29295261749623042 0.55902826140550932 -3.0466167283881589
decision_type=2 2 2 2
left_child=-1 2 -2 -3
right_child=1 3 -4 -5
leaf_value=-0.00081369527961348473 0.00037205650886279365 0.00063792240959064609 -0.00054548512992248744 -8.0751594563014246e-05
leaf_weight=57 548 77 104 1428
leaf_count=57 548 77 104 1428
internal_value=0.000108303 0.000398333 0.00311927 -0.000783013
internal_weight=2214 2157 652 1505
internal_count=2214 2157 652 1505
is_linear=0
shrinkage=0.04


Tree=98
num_leaves=5
num_cat=0
split_feature=73 67 106 26
split_gain=4.38484 4.28709 4.86594 1.82505
threshold=-0.6206804271550822 -1.0275897583376066 0.40731241032693388 0.04148891878905029
decision_type=2 2 2 2
left_child=3 -2 -3 -1
right_child=1 2 -4 -5
leaf_value=-0.00014888255907694658 -0.00099283148426438923 0.00010746032003666795 -0.00018430292876186379 -0.00096891196267622675
leaf_weight=42 48 1452 630 42
leaf_count=42 48 1452 630 42
internal_value=1.80505e-05 0.000375235 0.000652591 -0.00883721
internal_weight=2214 2130 2082 84
internal_count=2214 2130 2082 84
is_linear=0
shrinkage=0.04


Tree=99
num_leaves=5
num_cat=0
split_feature=73 67 89 26
split_gain=4.34919 4.25939 4.50066 1.82505
threshold=-0.6206804271550822 -1.0275897583376066 1.7241020694703764 0.04148891878905029
decision_type=2 2 2 2
left_child=3 -2 -3 -1
right_child=1 2 -4 -5
leaf_value=-0.00014292725671386869 -0.00095311822489381373 5.1049351192650128e-05 -0.00074355500002958497 -0.00093015548416917773
leaf_weight=42 48 1986 96 42
leaf_count=42 48 1986 96 42
internal_value=-1.80505e-05 0.000337711 0.000614203 -0.00883721
internal_weight=2214 2130 2082 84
internal_count=2214 2130 2082 84
is_linear=0
shrinkage=0.04


Tree=100
num_leaves=5
num_cat=0
split_feature=36 40 90 37
split_gain=4.31491 4.61345 9.02729 6.76189
threshold=-1.354838150100208 -0.29295261749623042 0.55902826140550932 -0.5095970627935329
decision_type=2 2 2 2
left_child=-1 2 -2 -3
right_child=1 3 -4 -5
leaf_value=0.0010528714377531134 0.00033110464683059791 0.0003565817225813181 -0.00052444436196214721 -0.0001737130063882028
leaf_weight=63 560 184 106 1301
leaf_count=63 560 184 106 1301
internal_value=0 -0.000306549 0.00245509 -0.00154674
internal_weight=2214 2151 666 1485
internal_count=2214 2151 666 1485
is_linear=0
shrinkage=0.04


Tree=101
num_leaves=6
num_cat=0
split_feature=35 26 72 97 53
split_gain=4.39883 7.94869 6.07939 4.91225 4.96119
threshold=-0.10165775702514224 1.0560666516770427 1.8629955467721935 0.9682273256216386 -1.0999999999999999
decision_type=2 2 2 2 2
left_child=1 2 -1 4 -2
right_child=3 -3 -4 -5 -6
leaf_value=0.00011114777911616615 0.0012279158453079161 -0.0009919191546542026 0.0018113053035339779 -0.0007130191622137643 -9.8500099000298772e-05
leaf_weight=877 95 45 57 49 1091
leaf_count=877 95 45 57 49 1091
internal_value=1.80505e-05 0.00201835 0.00282051 -0.00156831 -0.00104377
internal_weight=2214 979 934 1235 1186
internal_count=2214 979 934 1235 1186
is_linear=0
shrinkage=0.04


Tree=102
num_leaves=6
num_cat=0
split_feature=28 36 36 14 40
split_gain=4.60849 5.02585 4.87278 5.60459 3.34049
threshold=-0.70148165263659501 0.35137885014043524 -1.354838150100208 -0.42372243354097111 -0.16748605772476804
decision_type=2 2 2 2 2
left_child=1 4 -2 -4 -1
right_child=2 -3 3 -5 -6
leaf_value=0.00020893881993121172 0.00093830436810162985 -0.00018552253865971081 -0.00025085460148285566 2.1503703792612826e-05 0.0013053201450307192
leaf_weight=80 63 68 529 1406 68
leaf_count=80 63 68 529 1406 68
internal_value=-1.80505e-05 0.00550459 -0.00062 -0.000980898 0.0096
internal_weight=2214 216 1998 1935 148
internal_count=2214 216 1998 1935 148
is_linear=0
shrinkage=0.04


Tree=103
num_leaves=5
num_cat=0
split_feature=109 83 26 30
split_gain=4.5569 4.44073 4.58537 4.58153
threshold=-1.2019550775669032 -0.76054545627078485 0.30650479153336058 0.36059293735239767
decision_type=2 2 2 2
left_child=-1 2 -2 -3
right_child=1 3 -4 -5
leaf_value=-0.0011183870060562874 7.2720872823594658e-05 6.0808927483977747e-05 0.00088420751445778857 -0.0001961258509589952
leaf_weight=45 110 1390 40 629
leaf_count=45 110 1390 40 629
internal_value=-1.80505e-05 0.000248733 0.00684211 -0.000247402
internal_weight=2214 2169 150 2019
internal_count=2214 2169 150 2019
is_linear=0
shrinkage=0.04


Tree=104
num_leaves=7
num_cat=0
split_feature=83 46 77 33 5 28
split_gain=4.46105 4.99649 7.17494 6.28472 4.07396 1.79599
threshold=-0.76054545627078485 -0.95368231386405189 -0.29641732041503005 0.74348215695716113 -0.38361625445608732 -0.18189544095162366
decision_type=2 2 2 2 2 2
left_child=4 2 -2 -3 -1 -6
right_child=1 3 -4 -5 5 -7
leaf_value=-6.7989320370556963e-05 0.0010955829284444126 -1.0521029137894722e-05 9.6384726851462703e-05 -0.00053209328336627974 0.00039813669186163222 0.00091856294075173079
leaf_weight=59 50 1472 279 260 45 49
leaf_count=59 50 1472 279 260 45 49
internal_value=3.61011e-05 -0.000455647 0.00404834 -0.00131488 0.00658065 0.0116667
internal_weight=2214 2061 329 1732 153 94
internal_count=2214 2061 329 1732 153 94
is_linear=0
shrinkage=0.04


Tree=105
num_leaves=6
num_cat=0
split_feature=71 79 101 46 3
split_gain=4.3594 4.4948 6.11975 4.84535 2.89788
threshold=-0.90488324435565803 -0.56402257485196738 -0.31967285205423129 -0.980589728748675 0.16338905220825384
decision_type=2 2 2 2 2
left_child=4 3 -3 -2 -1
right_child=1 2 -4 -5 -6
leaf_value=0.0012076665579082969 0.000587864903002466 -0.00044603739898845961 6.9648478804624705e-06 6.4258400646266157e-05 9.6314215969689479e-05
leaf_weight=47 66 423 1224 402 52
leaf_count=47 66 423 1224 402 52
internal_value=0 -0.000387341 -0.00137053 0.00306383 0.00811881
internal_weight=2214 2115 1647 468 99
internal_count=2214 2115 1647 468 99
is_linear=0
shrinkage=0.04


Tree=106
num_leaves=7
num_cat=0
split_feature=28 45 89 89 37 101
split_gain=4.24935 4.91197 6.83515 5.19582 4.60356 2.26256
threshold=-0.70148165263659501 -1.4643861919458747 -0.41457217531343432 1.7241020694703764 -0.5095970627935329 -0.11339054168813632
decision_type=2 2 2 2 2 2
left_child=4 2 -2 -3 5 -1
right_child=1 3 -4 -5 -6 -7
leaf_value=0.00057916736457434847 -0.00041255282596921116 -3.2082404505641997e-05 0.00052640410934518044 -0.00084520303841565433 -0.00011334978735639963 0.00014742148981748023
leaf_weight=92 57 1707 152 82 76 48
leaf_count=92 57 1707 152 82 76 48
internal_value=1.80505e-05 -0.00056 0.00521327 -0.00123953 0.0053211 0.00957746
internal_weight=2214 1998 209 1789 216 140
internal_count=2214 1998 209 1789 216 140
is_linear=0
shrinkage=0.04


Tree=107
num_leaves=5
num_cat=0
split_feature=36 28 14 36
split_gain=4.31491 4.49221 5.09171 4.51263
threshold=-1.354838150100208 -0.70148165263659501 -0.42372243354097111 0.43905298615250571
decision_type=2 2 2 2
left_child=-1 3 -3 -2
right_child=1 2 -4 -5
leaf_value=0.00089976537970872829 0.000458500243285635 -0.00024182723109237748 3.027631820863361e-05 -0.00023498567631306623
leaf_weight=63 159 529 1406 57
leaf_count=63 159 529 1406 57
internal_value=0 -0.000306549 -0.000918947 0.00513761
internal_weight=2214 2151 1935 216
internal_count=2214 2151 1935 216
is_linear=0
shrinkage=0.04


Tree=108
num_leaves=5
num_cat=0
split_feature=36 59 28 46
split_gain=4.20559 4.48922 9.0312 7.17015
threshold=-1.3773626130866556 0.063497104077990488 0.81137271070507688 -0.13145249375416201
decision_type=2 2 2 2
left_child=-1 2 -2 -3
right_child=1 3 -4 -5
leaf_value=0.0010825294265402793 0.00013902991027044093 6.4617325866424822e-05 -0.00061574682567545186 -0.000343954400042569
leaf_weight=54 1022 499 128 511
leaf_count=54 1022 499 128 511
internal_value=-0.000108303 -0.000388529 0.00131944 -0.00233202
internal_weight=2214 2160 1150 1010
internal_count=2214 2160 1150 1010
is_linear=0
shrinkage=0.04


Tree=109
num_leaves=5
num_cat=0
split_feature=67 61 28 34
split_gain=4.07523 4.67473 8.67851 8.61387
threshold=-1.0275897583376066 0.22772230035590835 0.7805521447718663 -0.71060691453005043
decision_type=2 2 2 2
left_child=-1 3 -3 -2
right_child=1 2 -4 -5
leaf_value=-0.00092113009776688339 0.00037855858505559059 0.00030449364126811985 -0.00052706529622863305 -0.00013015181834062113
leaf_weight=48 298 547 107 1214
leaf_count=48 298 547 107 1214
internal_value=9.02527e-05 0.000350554 0.00317073 -0.000871863
internal_weight=2214 2166 654 1512
internal_count=2214 2166 654 1512
is_linear=0
shrinkage=0.04


Tree=110
num_leaves=6
num_cat=0
split_feature=71 65 45 71 6
split_gain=3.79844 4.07849 6.30478 5.57654 2.55922
threshold=-0.90488324435565803 -0.68222948689776464 -0.36513467514411274 3.0135383627378833 0.17693153147053756
decision_type=2 2 2 2 2
left_child=4 2 -2 -3 -1
right_child=1 3 -4 -5 -6
leaf_value=0.0011525892445790054 0.00053452330859892752 -7.292554865251655e-05 2.4694642920549821e-05 0.00092410850799096525 6.362321844422336e-05
leaf_weight=47 70 1722 221 102 52
leaf_count=47 70 1722 221 102 52
internal_value=0.000144404 -0.000217289 0.00416382 -0.000920044 0.00772277
internal_weight=2214 2115 291 1824 99
internal_count=2214 2115 291 1824 99
is_linear=0
shrinkage=0.04


Tree=111
num_leaves=5
num_cat=0
split_feature=36 83 26 46
split_gain=4.20827 4.40866 5.18974 4.89074
threshold=-1.354838150100208 -0.76054545627078485 0.30650479153336058 -0.95368231386405189
decision_type=2 2 2 2
left_child=-1 2 -2 -3
right_child=1 3 -4 -5
leaf_value=0.000813056915768555 4.202699265028465e-05 0.00022376063005670279 0.00075835114463047946 -7.958820581375231e-05
leaf_weight=63 112 324 41 1674
leaf_count=63 112 324 41 1674
internal_value=0.000126354 -0.000176498 0.00632258 -0.00068
internal_weight=2214 2151 153 1998
internal_count=2214 2151 153 1998
is_linear=0
shrinkage=0.04


Tree=112
num_leaves=6
num_cat=0
split_feature=71 83 65 26 3
split_gain=3.81655 4.14897 5.1581 4.6157 2.55922
threshold=-0.90488324435565803 -0.76054545627078485 -0.68222948689776464 0.30650479153336058 0.16338905220825384
decision_type=2 2 2 2 2
left_child=4 3 -3 -2 -1
right_child=1 2 -4 -5 -6
leaf_value=0.0011096692030283951 4.0345912944273267e-05 0.00020531351218498452 -7.6404677581202174e-05 0.00072801709884526028 5.8194841221595446e-05
leaf_weight=47 112 276 1686 41 52
leaf_count=47 112 276 1686 41 52
internal_value=0.000126354 -0.000236183 -0.000733198 0.00606452 0.00772277
internal_weight=2214 2115 1962 153 99
internal_count=2214 2115 1962 153 99
is_linear=0
shrinkage=0.04


Tree=113
num_leaves=5
num_cat=0
split_feature=36 82 65 53
split_gain=4.01164 3.9846 5.91859 4.50093
threshold=-1.3773626130866556 -0.029077078039801488 1.0298444294420461 0.90000000000000013
decision_type=2 2 2 2
left_child=-1 2 -2 -3
right_child=1 3 -4 -5
leaf_value=0.00099753683849505121 0.00014756485269438012 -6.5007951648382584e-05 -0.00034139452663014018 -0.0012720048189914157
leaf_weight=54 873 1052 181 54
leaf_count=54 873 1052 181 54
internal_value=0.000144404 -0.00012951 0.00162879 -0.00180505
internal_weight=2214 2160 1054 1106
internal_count=2214 2160 1054 1106
is_linear=0
shrinkage=0.04


Tree=114
num_leaves=5
num_cat=0
split_feature=73 97 102 106
split_gain=3.7828 3.97094 6.66034 6.43828
threshold=-0.64909377782290034 0.50818782767936888 0.17182907801824374 1.0688648076237224
decision_type=2 2 2 2
left_child=-1 3 -3 -2
right_child=1 2 -4 -5
leaf_value=-0.00067647659279215376 7.4142951394859713e-05 -0.00046068211522777195 0.0002457497030946994 -0.00060994209744236476
leaf_weight=57 1632 270 144 111
leaf_count=57 1632 270 144 111
internal_value=0.000162455 0.000435387 -0.00307692 0.00127221
internal_weight=2214 2157 414 1743
internal_count=2214 2157 414 1743
is_linear=0
shrinkage=0.04


Tree=115
num_leaves=5
num_cat=0
split_feature=14 33 72 71
split_gain=3.85686 4.8124 8.1533 5.78896
threshold=1.7229633858420217 0.73213303457874657 0.067553180567984678 2.6081102476802855
decision_type=2 2 2 2
left_child=1 3 -3 -1
right_child=-2 2 -4 -5
leaf_value=4.7318450798932055e-06 0.00049996068839242513 -0.00067196905791179181 0.00027646211355805651 0.0011028050285847339
leaf_weight=1718 48 183 145 120
leaf_count=1718 48 183 145 120
internal_value=0.000216606 -3.69004e-05 -0.00448485 0.00076087
internal_weight=2214 2166 328 1838
internal_count=2214 2166 328 1838
is_linear=0
shrinkage=0.04


Tree=116
num_leaves=4
num_cat=0
split_feature=73 67 65
split_gain=3.79646 3.76813 3.86075
threshold=-0.64909377782290034 -1.0275897583376066 -0.024277964598271438
decision_type=2 2 2
left_child=-1 -2 -3
right_child=1 2 -4
leaf_value=-0.00062253876676399589 -0.00082740295567364274 0.00011147667185911286 -5.6666211259470864e-05
leaf_weight=57 48 981 1128
leaf_count=57 48 981 1128
internal_value=0.000180505 0.000453914 0.000710564
internal_weight=2214 2157 2109
internal_count=2214 2157 2109
is_linear=0
shrinkage=0.04


Tree=117
num_leaves=6
num_cat=0
split_feature=10 42 35 97 79
split_gain=3.87103 5.76523 5.69376 4.31715 2.40927
threshold=1.7868625665047453 -0.10475757961537176 1.1597520528844665 0.68509775661851247 -0.79323755852540478
decision_type=2 2 2 2 2
left_child=2 -2 3 -1 -4
right_child=1 -3 4 -5 -6
leaf_value=3.7140777317649646e-05 -0.00058208670617952609 0.0010444199547683906 -0.00020444964697561015 -0.0002930889655146442 -0.0011969993588383798
leaf_weight=1735 53 75 50 250 51
leaf_count=1735 53 75 50 250 51
internal_value=7.22022e-05 0.00676923 -0.000344828 0.000130851 -0.00951456
internal_weight=2214 128 2086 1985 101
internal_count=2214 128 2086 1985 101
is_linear=0
shrinkage=0.04


Tree=118
num_leaves=5
num_cat=0
split_feature=40 28 67 67
split_gain=4.22342 3.60088 4.86538 4.2571
threshold=-0.99553595835164532 -0.70148165263659501 0.76604797172859285 0.2714466689949942
decision_type=2 2 2 2
left_child=-1 3 -3 -2
right_child=1 2 -4 -5
leaf_value=0.00061182918472593457 0.00031991928722831936 -0.00010384846120653267 0.0001526441878964318 -0.00039760538767157072
leaf_weight=63 166 1485 460 40
leaf_count=63 166 1485 460 40
internal_value=0.000108303 -0.000195077 -0.000729327 0.00480769
internal_weight=2214 2151 1945 206
internal_count=2214 2151 1945 206
is_linear=0
shrinkage=0.04


Tree=119
num_leaves=5
num_cat=0
split_feature=40 103 106 65
split_gain=3.79336 3.5769 4.13536 3.02062
threshold=-0.99553595835164532 -1.6682806059460968 0.70160302563481192 -0.20170046476356715
decision_type=2 2 2 2
left_child=-1 3 -3 -2
right_child=1 2 -4 -5
leaf_value=0.00058735601733689725 0.00049294761962378076 3.3840360271565618e-06 -0.0004119393030378227 -1.0723591037983816e-05
leaf_weight=63 78 1737 279 57
leaf_count=63 78 1737 279 57
internal_value=1.80505e-05 -0.000269392 -0.000693756 0.0059854
internal_weight=2214 2151 2016 135
internal_count=2214 2151 2016 135
is_linear=0
shrinkage=0.04


end of trees

feature_importances:
Column_77=36
Column_78=33
Column_103=30
Column_36=28
Column_73=25
Column_26=23
Column_97=21
Column_40=20
Column_35=19
Column_67=19
Column_14=18
Column_28=18
Column_72=18
Column_106=18
Column_90=15
Column_101=15
Column_65=14
Column_71=14
Column_25=13
Column_42=12
Column_59=11
Column_109=10
Column_3=9
Column_45=9
Column_37=8
Column_61=8
Column_83=8
Column_89=8
Column_29=7
Column_47=7
Column_53=7
Column_66=7
Column_85=7
Column_33=6
Column_82=6
Column_70=5
Column_24=4
Column_46=4
Column_5=3
Column_8=3
Column_60=3
Column_84=3
Column_95=3
Column_100=3
Column_102=3
Column_108=3
Column_6=2
Column_10=2
Column_18=2
Column_39=2
Column_41=2
Column_76=2
Column_79=2
Column_96=2
Column_105=2
Column_9=1
Column_12=1
Column_17=1
Column_20=1
Column_21=1
Column_27=1
Column_30=1
Column_31=1
Column_34=1
Column_48=1
Column_58=1
Column_88=1
Column_91=1
Column_94=1
Column_107=1

parameters:
[boosting: gbdt]
[objective: quantile]
[metric: quantile]
[tree_learner: serial]
[device_type: cpu]
[data_sample_strategy: bagging]
[data: ]
[valid: ]
[num_iterations: 120]
[learning_rate: 0.04]
[num_leaves: 15]
[num_threads: 2]
[seed: 42]
[deterministic: 0]
[force_col_wise: 0]
[force_row_wise: 0]
[histogram_pool_size: -1]
[max_depth: 3]
[min_data_in_leaf: 40]
[min_sum_hessian_in_leaf: 0.001]
[bagging_fraction: 0.85]
[pos_bagging_fraction: 1]
[neg_bagging_fraction: 1]
[bagging_freq: 0]
[bagging_seed: 400]
[bagging_by_query: 0]
[feature_fraction: 0.8]
[feature_fraction_bynode: 1]
[feature_fraction_seed: 30056]
[extra_trees: 0]
[extra_seed: 12879]
[early_stopping_round: 0]
[early_stopping_min_delta: 0]
[first_metric_only: 0]
[max_delta_step: 0]
[lambda_l1: 0]
[lambda_l2: 2]
[linear_lambda: 0]
[min_gain_to_split: 0]
[drop_rate: 0.1]
[max_drop: 50]
[skip_drop: 0.5]
[xgboost_dart_mode: 0]
[uniform_drop: 0]
[drop_seed: 17869]
[top_rate: 0.2]
[other_rate: 0.1]
[min_data_per_group: 100]
[max_cat_threshold: 32]
[cat_l2: 10]
[cat_smooth: 10]
[max_cat_to_onehot: 4]
[top_k: 20]
[monotone_constraints: ]
[monotone_constraints_method: basic]
[monotone_penalty: 0]
[feature_contri: ]
[forcedsplits_filename: ]
[refit_decay_rate: 0.9]
[cegb_tradeoff: 1]
[cegb_penalty_split: 0]
[cegb_penalty_feature_lazy: ]
[cegb_penalty_feature_coupled: ]
[path_smooth: 0]
[interaction_constraints: ]
[verbosity: -1]
[saved_feature_importance_type: 0]
[use_quantized_grad: 0]
[num_grad_quant_bins: 4]
[quant_train_renew_leaf: 0]
[stochastic_rounding: 1]
[linear_tree: 0]
[max_bin: 255]
[max_bin_by_feature: ]
[min_data_in_bin: 3]
[bin_construct_sample_cnt: 200000]
[data_random_seed: 175]
[is_enable_sparse: 1]
[enable_bundle: 1]
[use_missing: 1]
[zero_as_missing: 0]
[feature_pre_filter: 1]
[pre_partition: 0]
[two_round: 0]
[header: 0]
[label_column: ]
[weight_column: ]
[group_column: ]
[ignore_column: ]
[categorical_feature: ]
[forcedbins_filename: ]
[precise_float_parser: 0]
[parser_config_file: ]
[objective_seed: 16083]
[num_class: 1]
[is_unbalance: 0]
[scale_pos_weight: 1]
[sigmoid: 1]
[boost_from_average: 1]
[reg_sqrt: 0]
[alpha: 0.5]
[fair_c: 1]
[poisson_max_delta_step: 0.7]
[tweedie_variance_power: 1.5]
[lambdarank_truncation_level: 30]
[lambdarank_norm: 1]
[label_gain: ]
[lambdarank_position_bias_regularization: 0]
[eval_at: ]
[multi_error_top_k: 1]
[auc_mu_weights: ]
[num_machines: 1]
[local_listen_port: 12400]
[time_out: 120]
[machine_list_filename: ]
[machines: ]
[gpu_platform_id: -1]
[gpu_device_id: -1]
[gpu_device_id_list: ]
[gpu_use_dp: 0]
[num_gpu: 1]

end of parameters

pandas_categorical:null
