tree
version=v4
num_class=1
num_tree_per_iteration=1
label_index=0
max_feature_idx=109
objective=quantile
feature_names=Column_0 Column_1 Column_2 Column_3 Column_4 Column_5 Column_6 Column_7 Column_8 Column_9 Column_10 Column_11 Column_12 Column_13 Column_14 Column_15 Column_16 Column_17 Column_18 Column_19 Column_20 Column_21 Column_22 Column_23 Column_24 Column_25 Column_26 Column_27 Column_28 Column_29 Column_30 Column_31 Column_32 Column_33 Column_34 Column_35 Column_36 Column_37 Column_38 Column_39 Column_40 Column_41 Column_42 Column_43 Column_44 Column_45 Column_46 Column_47 Column_48 Column_49 Column_50 Column_51 Column_52 Column_53 Column_54 Column_55 Column_56 Column_57 Column_58 Column_59 Column_60 Column_61 Column_62 Column_63 Column_64 Column_65 Column_66 Column_67 Column_68 Column_69 Column_70 Column_71 Column_72 Column_73 Column_74 Column_75 Column_76 Column_77 Column_78 Column_79 Column_80 Column_81 Column_82 Column_83 Column_84 Column_85 Column_86 Column_87 Column_88 Column_89 Column_90 Column_91 Column_92 Column_93 Column_94 Column_95 Column_96 Column_97 Column_98 Column_99 Column_100 Column_101 Column_102 Column_103 Column_104 Column_105 Column_106 Column_107 Column_108 Column_109
feature_infos=[-6.1427221678102573:6.6056146947988958] [-5.6588898773397318:5.5049293129973424] [-4.9185261326559635:4.2155394685244012] [-4.3163746392045281:3.8156594008292752] [-3.5775480003962428:2.1307348364953373] [-2.5837086314899:2.367247507995184] [-4.1930843128921991:3.9486492608024957] [-1.3721216341316511:6.6419827400596176] [-1.6713528762067218:1.6192738917666376] [-3.5397200181011272:2.1721119263439204] [-1.4973752710267278:5.2720994183115391] [-2.5083177550691653:2.1687468274073294] [-2.5482352739260454:2.4476270975196819] [-1.4717992431037379:3.9473779070794217] [-2.8885310515877212:2.6500656779366447] [-1.5558889819281922:1.604450724625236] [-1.7441037805937885:1.7767960792346247] [-0.94426986624417109:0.7654686834703045] [-0.99339928808574429:0.7730453353989778] [-0.94426986624417064:0.76546868347030439] [-2.2068239484590539:1.6466595419334698] [-3.9900062790695645:4.1050664709172882] [-3.2372370683038714:2.2701835456308443] [-2.3289149942924232:2.6009095797745512] [-2.1320274652016131:1.5669542152740585] [-2.1445925848929139:1.5505365862332776] [-3.3404026470751607:2.0090334263582545] [-1.779954911606566:1.4173610761854201] [-1.1869870221439518:3.6387429678648293] [-3.6600108860737728:4.224768253299704] [-3.6471244742421129:4.4518426763701209] [-3.0067149909925046:3.2100840293526463] [-3.1583417905361273:3.4193385914993399] [-1.9492263552195592:2.0686694949434039] [-2.1731296195260517:2.2066666799561037] [-1.7666214434960532:1.7169765609642276] [-1.768714847096222:1.7993982257263306] [-1.6140531498861579:3.8885270560870278] [-1.490335075548715:5.0771019919428255] [-1.4689669232399232:3.8230414680830802] [-1.2766416367317586:3.3873512591464645] [-1.6628586089931221:1.4520817685851775] [-1.9821593840497422:1.7310245140609002] [-1.8650465317821416:14.11103346126731] [-184.01023859052989:164.28559813439054] [-400.46063846167749:132.27688888665875] [-328.24670760910362:77.033199579686539] [-1.379710288870958:2.801593073569145] [-1.9163762477293003:1.9744078137079255] [-1.1911457577615914:9.0088830924523222] [-4.9195856915837259:4.4767811560056776] [-8.9278632493842576:6.6436896048358873] [-1:1] [-1.2:1] [0:1] [0:1] [-3.0628163986472376:4.0186019197841816] [-3.4188491581658123:2.2567637243078482] [-2.4064160399854142:1.634532718026656] [-0.92414800665838237:2.2156031150881543] [-2.1140955274320286:1.237865667669475] [-1.4155794657391554:0.33430401518229486] [-4.4851728828272917:7.8022506917707215] [-4.229988596835871:5.8381201982513948] [-2.422015692589746:4.2116958003748284] [-1.2747168346159121:4.7956737334654589] [-1.1697732307760991:7.9179212029776753] [-1.2609612373441965:2.3552454402948775] [-6.5304929783308836:6.7008864541113811] [-4.5856555246865289:3.5640022684412997] [-3.3655303466393298:3.7599283301348287] [-1.2040346916454407:3.587245598685461] [-1.8092522501184274:4.4610051698581801] [-0.76349484582925631:2.1122343951443932] [-11.4203069994579:11.191218827683667] [-6.1188262802488111:5.3358729266384044] [-3.7391390698138078:4.0682208666476694] [-0.96496672661648919:3.0322391841154586] [-2.1867324154441663:4.2068778713766681] [-1.3490054817671095:0.67975362691295738] [-3.9860604390851861:2.990072460894738] [-3.5064757495857841:3.0568840944901061] [-2.5974779577167721:1.7371570044895768] [-1.2960821470630175:3.0717148367828151] [-2.0464870156002237:1.8372871653755787] [-1.4360197288112739:0.45501099417848068] [-5.401951380428323:2.7165611185885767] [-4.1807927927800081:3.5771727708166443] [-1.9393237443565463:2.9082841776384263] [-1.4063457453639687:4.2211919948119876] [-1.7268120360859258:4.5824053471675628] [-1.5251718362770024:1.2720114224743742] [-4.3633503459699181:2.518426427552428] [-3.8184904440819789:3.5507502923508132] [-1.9625163522833811:2.6552532894904615] [-1.4481657256736999:3.9757683189496085] [-1.6117731862755256:3.9865384310525331] [-1.5522005907140148:1.2106239453651133] [-3.3702074084563836:3.6591240521871762] [-2.2511581132184109:2.7177692831382654] [-1.9575022136405407:2.0610229732782201] [-1.4675098830989211:1.9466201529428218] [-1.4515275848794758:1.9671165261289174] [-2.2766483466736775:0.61880436150205964] [-3.0989466460451309:3.291335607348767] [-2.7569063286027866:3.555139379127199] [-1.6869087446190607:2.4471717082702771] [-0.83421355684730469:2.8854097863992214] [-1.4604133192200996:2.3675688995205739] [-1.4182579237263779:0.97596059063996687]
tree_sizes=572 594 591 602 591 597 509 600 507 591 598 595 590 865 861 777 774 692 695 778 783 784 867 778 783 786 599 781 773 608 781 868 692 691 780 694 777 785 691 687 691 781 688 771 687 690 687 692 860 868 689 784 872 693 773 690 786 786 867 773 688 691 691 870 689 778 603 697 871 691 873 870 780 785 781 690 784 783 866 604 875 607 790 872 607 601 789 607 877 696 603 786 691 605 787 609 608 786 872 603 866 881 612 782 781 698 867 788 783 872 781 794 614 876 608 786 788 867 610 792

Tree=0
num_leaves=5
num_cat=0
split_feature=77 72 78 43
split_gain=13.0968 12.5391 10.338 4.0713
threshold=1.7648083336221159 2.0440253308811567 2.1140715425323555 0.26053405448852424
decision_type=2 2 2 2
left_child=1 2 -1 -3
right_child=-2 3 -4 -5
leaf_value=0.075374631542214493 0.076708459767873119 0.076716571236146863 0.077121293053708018 0.079138574468588699
leaf_weight=1947 66 44 111 46
leaf_count=1947 66 44 111 46
internal_value=0.075913 0.0753663 0.0747216 0.0898152
internal_weight=2214 2148 2058 90
internal_count=2214 2148 2058 90
is_linear=0
shrinkage=1


Tree=1
num_leaves=5
num_cat=0
split_feature=77 72 78 13
split_gain=12.9229 12.4094 9.45571 3.48403
threshold=1.904061838496983 2.0440253308811567 2.1140715425323555 -0.041786076546912763
decision_type=2 2 2 2
left_child=1 2 -1 -3
right_child=-2 3 -4 -5
leaf_value=-0.00049948433400332729 0.00080865927655748794 0.00069144875961479782 0.0011262292214781922 0.0030579070617932987
leaf_weight=1953 54 40 117 50
leaf_count=1953 54 40 117 50
internal_value=2.88799e-05 -0.000462536 -0.00110039 0.013913
internal_weight=2214 2160 2070 90
internal_count=2214 2160 2070 90
is_linear=0
shrinkage=0.04


Tree=2
num_leaves=5
num_cat=0
split_feature=77 72 78 43
split_gain=11.9918 11.6701 9.14155 3.67692
threshold=1.904061838496983 2.0440253308811567 2.5035308637827502 0.26053405448852424
decision_type=2 2 2 2
left_child=1 2 -1 -3
right_child=-2 3 -4 -5
leaf_value=-0.00039246104406134575 0.00077631290549518841 0.00075420162345018473 0.0014237510264063396 0.0029846663945072094
leaf_weight=2013 54 44 57 46
leaf_count=2013 54 44 57 46
internal_value=1.08294e-05 -0.000462536 -0.00108108 0.0134783
internal_weight=2214 2160 2070 90
internal_count=2214 2160 2070 90
is_linear=0
shrinkage=0.04


Tree=3
num_leaves=5
num_cat=0
split_feature=78 90 73 71
split_gain=8.33753 5.5547 9.89755 7.44809
threshold=2.5035308637827502 -0.13411241205889876 0.29432180210880138 2.5485616646216349
decision_type=2 2 2 2
left_child=1 2 -1 -3
right_child=-2 3 -4 -5
leaf_value=-0.00013695585355867734 0.0014497601692395434 -0.00073216217475674029 0.00088885970147630671 0.0018500756079113973
leaf_weight=642 66 1155 273 78
leaf_count=642 66 1155 273 78
internal_value=-2.52717e-05 -0.000461396 0.00189749 -0.00221215
internal_weight=2214 2148 915 1233
internal_count=2214 2148 915 1233
is_linear=0
shrinkage=0.04


Tree=4
num_leaves=5
num_cat=0
split_feature=77 72 76 43
split_gain=11.141 11.0135 7.33083 3.30246
threshold=1.904061838496983 2.0440253308811567 2.2274470229555674 0.26053405448852424
decision_type=2 2 2 2
left_child=1 2 -1 -3
right_child=-2 3 -4 -5
leaf_value=-0.00038431644556615179 0.00070970600121632809 0.00068847917045312458 0.0013122522687482802 0.0028072893319573389
leaf_weight=2007 54 44 63 46
leaf_count=2007 54 44 63 46
internal_value=-4.33223e-05 -0.000499538 -0.00110039 0.0130435
internal_weight=2214 2160 2070 90
internal_count=2214 2160 2070 90
is_linear=0
shrinkage=0.04


Tree=5
num_leaves=5
num_cat=0
split_feature=77 72 78 13
split_gain=11.0954 9.03795 7.31161 2.67156
threshold=1.904061838496983 2.183891397627352 2.1140715425323555 -0.041786076546912763
decision_type=2 2 2 2
left_child=1 2 -1 -3
right_child=-2 3 -4 -5
leaf_value=-0.00043260876904604653 0.00068131776116767519 0.00057052918941502052 0.00091444603167460453 0.0027563422776610991
leaf_weight=1959 54 40 120 41
leaf_count=1959 54 40 120 41
internal_value=-7.22117e-06 -0.000462536 -0.000978377 0.0124819
internal_weight=2214 2160 2079 81
internal_count=2214 2160 2079 81
is_linear=0
shrinkage=0.04


Tree=6
num_leaves=4
num_cat=0
split_feature=77 76 72
split_gain=11.0954 7.18104 6.65762
threshold=1.904061838496983 2.2274470229555674 2.183891397627352
decision_type=2 2 2
left_child=1 2 -1
right_child=-2 -3 -4
leaf_value=-0.00035142520285712269 0.00065406505072096834 0.0013649393093395907 0.0014936970171487817
leaf_weight=2013 54 72 75
leaf_count=2013 54 72 75
internal_value=-7.22117e-06 -0.000462536 -0.000895695
internal_weight=2214 2160 2088
internal_count=2214 2160 2088
is_linear=0
shrinkage=0.04


Tree=7
num_leaves=5
num_cat=0
split_feature=76 79 13 4
split_gain=6.67232 5.81735 10.7298 2.74118
threshold=2.2274470229555674 -0.47348829606069548 -0.65544725100085044 -1.4496116011571691
decision_type=2 2 2 2
left_child=1 2 -1 -3
right_child=-2 3 -4 -5
leaf_value=0.0012041119062668755 0.0013103417369660069 0.0017135564067930187 0.00015653514758305926 -0.00045012363463822812
leaf_weight=66 72 53 528 1495
leaf_count=66 72 53 528 1495
internal_value=-2.52717e-05 -0.000432837 0.00292617 -0.00172387
internal_weight=2214 2142 594 1548
internal_count=2214 2142 594 1548
is_linear=0
shrinkage=0.04


Tree=8
num_leaves=4
num_cat=0
split_feature=77 76 71
split_gain=9.34442 6.4991 5.11077
threshold=1.904061838496983 2.2274470229555674 3.0135383627378833
decision_type=2 2 2
left_child=1 2 -1
right_child=-2 -3 -4
leaf_value=-0.00030994307068240792 0.00062164104278880747 0.0012579280674873666 0.0016605579063090335
leaf_weight=1989 54 72 99
leaf_count=1989 54 72 99
internal_value=1.08294e-05 -0.000407031 -0.00081914
internal_weight=2214 2160 2088
internal_count=2214 2160 2088
is_linear=0
shrinkage=0.04


Tree=9
num_leaves=5
num_cat=0
split_feature=77 78 29 71
split_gain=9.36532 5.9462 5.67969 4.65838
threshold=1.904061838496983 2.1140715425323555 -0.14479867258306803 3.356041814141868
decision_type=2 2 2 2
left_child=1 3 -3 -1
right_child=-2 2 -4 -5
leaf_value=-0.00034981886152161561 0.0005967754010772553 0.00185084147718348 0.00040213099731082073 0.0016213946948973165
leaf_weight=1980 54 40 86 54
leaf_count=1980 54 40 86 54
internal_value=-7.22117e-06 -0.000425533 0.0079375 -0.000950885
internal_weight=2214 2160 126 2034
internal_count=2214 2160 126 2034
is_linear=0
shrinkage=0.04


Tree=10
num_leaves=5
num_cat=0
split_feature=77 72 78 35
split_gain=9.34442 6.04535 5.52737 3.68763
threshold=1.904061838496983 1.8629955467721935 2.1140715425323555 0.027541288117915026
decision_type=2 2 2 2
left_child=1 2 -1 -3
right_child=-2 3 -4 -5
leaf_value=-0.00038036463578748273 0.00057290438503416531 0.002328844207089383 0.00076948042433858587 -4.9762452871137701e-05
leaf_weight=1944 54 58 117 41
leaf_count=1944 54 58 117 41
internal_value=1.08294e-05 -0.000407031 -0.000874456 0.00914851
internal_weight=2214 2160 2061 99
internal_count=2214 2160 2061 99
is_linear=0
shrinkage=0.04


Tree=11
num_leaves=5
num_cat=0
split_feature=77 72 76 43
split_gain=8.55522 4.88372 4.25684 1.98708
threshold=1.904061838496983 2.183891397627352 2.2274470229555674 0.26053405448852424
decision_type=2 2 2 2
left_child=1 2 -1 -3
right_child=-2 3 -4 -5
leaf_value=-0.00031002081351722769 0.00054998820963279849 0.00055055168354671785 0.00098743594674796068 0.0023284718471799086
leaf_weight=2013 54 41 66 40
leaf_count=2013 54 41 66 40
internal_value=-7.22117e-06 -0.000407031 -0.000786161 0.00910843
internal_weight=2214 2160 2079 81
internal_count=2214 2160 2079 81
is_linear=0
shrinkage=0.04


Tree=12
num_leaves=5
num_cat=0
split_feature=77 78 72 6
split_gain=8.57522 4.68768 4.57493 4.4077
threshold=1.904061838496983 2.1140715425323555 1.8629955467721935 0.11588303787906845
decision_type=2 2 2 2
left_child=1 2 -1 -3
right_child=-2 3 -4 -5
leaf_value=-0.00035274921781529393 0.00052798868124748655 0.0013570615613699322 0.001268712872709699 -9.4009876779503398e-05
leaf_weight=1944 54 61 90 65
leaf_count=1944 54 61 90 65
internal_value=-2.52717e-05 -0.000425533 -0.000891946 0.007
internal_weight=2214 2160 2034 126
internal_count=2214 2160 2034 126
is_linear=0
shrinkage=0.04


Tree=13
num_leaves=8
num_cat=0
split_feature=96 79 71 35 71 103 45
split_gain=5.83708 7.93065 7.48582 4.91462 4.70709 2.23672 1.74318
threshold=-0.10395788074460431 -0.59485204203344255 -0.87718578051218388 -0.14268984393796696 2.5485616646216349 -1.6963645296780563 0.29577481430809044
decision_type=2 2 2 2 2 2 2
left_child=1 3 -3 -1 5 -2 -6
right_child=4 2 -4 -5 6 -7 -8
leaf_value=0.00091781372812271573 0.00084828892114879428 0.00089656906791960012 -0.00011500284399456379 0.00084930427006426007 0.00170744218487869 -0.00080190220935637561 0.00018564088177580455
leaf_weight=40 42 81 774 134 50 1050 43
leaf_count=40 42 81 774 134 50 1050 43
internal_value=-2.52717e-05 0.00217653 0.00058343 0.00990909 -0.00193766 -0.00267642 0.00661053
internal_weight=2214 1029 855 174 1185 1092 93
internal_count=2214 1029 855 174 1185 1092 93
is_linear=0
shrinkage=0.04


Tree=14
num_leaves=8
num_cat=0
split_feature=77 59 45 71 87 71 67
split_gain=6.5052 9.01832 5.09913 4.86732 5.47909 5.17119 2.07266
threshold=0.93097002974768261 0.77510289403200072 -0.035759691280652824 -0.87718578051218388 -0.083595892483698989 3.356041814141868 1.3815561119976338
decision_type=2 2 2 2 2 2 2
left_child=3 2 -2 4 -1 -5 -3
right_child=1 6 -4 5 -6 -7 -8
leaf_value=0.00090088203993554552 0.00021661834514832774 -0.00033668966726123741 0.0015203247873473021 -0.00048410121015331485 -3.3129194230575587e-05 0.0015299666063910769 0.0015749583285146484
leaf_weight=45 52 159 65 1701 72 54 66
leaf_count=45 52 159 65 1701 72 54 66
internal_value=-7.94233e-05 0.00497674 0.0138824 -0.00100747 0.00682353 -0.00153671 0.000264316
internal_weight=2214 342 117 1872 117 1755 225
internal_count=2214 342 117 1872 117 1755 225
is_linear=0
shrinkage=0.04


Tree=15
num_leaves=7
num_cat=0
split_feature=77 59 45 71 59 67
split_gain=5.68181 7.73195 4.88013 4.74989 3.88237 2.07266
threshold=0.93097002974768261 0.77510289403200072 0.23558661429378022 -0.94397877745531822 -0.58755689466715555 1.3815561119976338
decision_type=2 2 2 2 2 2
left_child=3 2 -2 -1 -5 -3
right_child=1 5 -4 4 -6 -7
leaf_value=0.00075779783095424676 0.00034664351930485909 -0.00032322208057078807 0.0015652202277813511 0.00048287632933069534 -0.0004888377194073849 0.0015119599953740627
leaf_weight=63 73 159 44 195 1614 66
leaf_count=63 73 159 44 195 1614 66
internal_value=-9.74739e-05 0.00462791 0.0128739 -0.000964782 -0.00134511 0.000264316
internal_weight=2214 342 117 1872 1809 225
internal_count=2214 342 117 1872 1809 225
is_linear=0
shrinkage=0.04


Tree=16
num_leaves=7
num_cat=0
split_feature=96 71 77 13 103 14
split_gain=5.01495 4.67972 4.31697 5.10357 2.22168 1.88398
threshold=-0.10821461052036012 2.5485616646216349 1.7380885496055261 0.7942218240486979 -1.6963645296780563 -0.42372243354097111
decision_type=2 2 2 2 2 2
left_child=2 4 3 -1 -2 -3
right_child=1 5 -4 -5 -6 -7
leaf_value=3.6104998142885414e-05 0.00082751455319445358 -6.2324147020588962e-05 0.00045149485521849854 0.0011576877907497362 -0.00073175628010192643 0.0016886255972311645
leaf_weight=856 42 44 57 110 1056 49
leaf_count=856 42 44 57 110 1056 49
internal_value=-0.000151626 -0.0019145 0.00190049 0.0012562 -0.00264727 0.00661053
internal_weight=2214 1191 1023 966 1098 93
internal_count=2214 1191 1023 966 1098 93
is_linear=0
shrinkage=0.04


Tree=17
num_leaves=6
num_cat=0
split_feature=77 39 84 29 61
split_gain=4.81586 5.52412 3.88595 3.47961 3.23791
threshold=0.93097002974768261 -0.65177955000208088 1.1329076526628621 -0.21264292515556069 0.27912417322712618
decision_type=2 2 2 2 2
left_child=2 -2 4 -3 -1
right_child=1 3 -4 -5 -6
leaf_value=-0.00055325390624605376 0.00076884786105266831 0.0015016769688231228 0.0010706550182254949 -3.3580182148183357e-05 0.00026890993171428185
leaf_weight=1326 41 80 72 221 474
leaf_count=1326 41 80 72 221 474
internal_value=-0.000187727 0.00416279 -0.000986127 0.00223102 -0.00135405
internal_weight=2214 342 1872 301 1800
internal_count=2214 342 1872 301 1800
is_linear=0
shrinkage=0.04


Tree=18
num_leaves=6
num_cat=0
split_feature=106 35 72 90 13
split_gain=4.78818 5.20837 3.28761 2.76438 2.67136
threshold=-0.92161705363802271 -0.52331007605641477 2.183891397627352 0.48026573762946223 -0.35572138641236745
decision_type=2 2 2 2 2
left_child=1 -1 3 -2 -3
right_child=2 4 -4 -5 -6
leaf_value=0.00071314147502628559 -3.5528275118798792e-05 0.00055285670855911634 0.0010414577666860098 -0.00071417033276934851 -0.00015482724339761246
leaf_weight=52 1323 59 78 591 111
leaf_count=52 1323 59 78 591 111
internal_value=-0.000223828 0.00532143 -0.000846541 -0.00117745 0.00186046
internal_weight=2214 222 1992 1914 170
internal_count=2214 222 1992 1914 170
is_linear=0
shrinkage=0.04


Tree=19
num_leaves=7
num_cat=0
split_feature=77 39 71 30 101 64
split_gain=4.42883 5.71887 3.33884 4.99744 4.10332 2.57984
threshold=0.93097002974768261 -0.65177955000208088 -0.87718578051218388 -0.14580839516157948 0.15303752572205412 -0.3226603301118055
decision_type=2 2 2 2 2 2
left_child=2 -2 3 -1 -4 -3
right_child=1 5 4 -5 -6 -7
leaf_value=0.00088614722520568602 0.00073951504905582922 -9.9568643213810169e-05 -0.00097302625181092594 -2.053705174757467e-05 0.00012874314258492592 0.001153412751597002
leaf_weight=42 41 167 975 75 780 134
leaf_count=42 41 167 975 75 780 134
internal_value=-0.000241878 0.00393023 -0.00100747 0.00547899 -0.00144565 0.001967
internal_weight=2214 342 1872 117 1755 301
internal_count=2214 342 1872 117 1755 301
is_linear=0
shrinkage=0.04


Tree=20
num_leaves=7
num_cat=0
split_feature=106 35 71 28 77 11
split_gain=4.27908 5.55986 3.14282 3.34567 2.78242 1.75474
threshold=-0.92161705363802271 -0.52331007605641477 2.5485616646216349 0.057785458047535855 0.93097002974768261 -0.13807038356715487
decision_type=2 2 2 2 2 2
left_child=1 -1 4 -4 -2 -3
right_child=2 5 3 -5 -6 -7
leaf_value=0.00064975646285341231 -0.00042637056581624615 0.00047239324420820768 0.0013296218448193798 -0.00044661162131706157 0.00046381298972210594 -8.9028875062013914e-05
leaf_weight=52 1608 63 67 71 246 107
leaf_count=52 1608 63 67 71 246 107
internal_value=-0.000277979 0.00496428 -0.000866601 0.00491428 -0.00130173 0.00139535
internal_weight=2214 222 1992 138 1854 170
internal_count=2214 222 1992 138 1854 170
is_linear=0
shrinkage=0.04


Tree=21
num_leaves=7
num_cat=0
split_feature=77 39 90 61 32 109
split_gain=3.82512 5.24293 3.09602 3.2166 2.42177 0.181155
threshold=0.93097002974768261 -0.65177955000208088 0.48026573762946223 0.27912417322712618 0.12843357509387374 -0.49416986779058325
decision_type=2 2 2 2 2 2
left_child=2 -2 3 -1 -3 -4
right_child=1 4 5 -5 -6 -7
leaf_value=-0.0002336902533620175 0.00069138192041153141 0.0012060947099162731 -0.00018222372401505008 0.0004264438942863451 -7.2352189737488214e-05 -0.0011663707836337238
leaf_weight=1014 41 117 42 351 184 465
leaf_count=1014 41 117 42 351 184 465
internal_value=-0.00029603 0.00358139 -0.00100747 -1.46315e-05 0.00170297 -0.00366994
internal_weight=2214 342 1872 1365 301 507
internal_count=2214 342 1872 1365 301 507
is_linear=0
shrinkage=0.04


Tree=22
num_leaves=8
num_cat=0
split_feature=96 79 14 71 37 28 103
split_gain=3.87191 4.67119 7.38229 4.64315 4.13549 2.88292 1.04364
threshold=-0.10821461052036012 -0.61396699258652065 -0.081401943857157141 2.5485616646216349 0.88022123439986066 0.37282497330179681 -1.6963645296780563
decision_type=2 2 2 2 2 2 2
left_child=1 2 -1 6 -3 -5 -2
right_child=3 4 -4 5 -6 -7 -8
leaf_value=0.0012591936135969131 0.00072358486152731074 -4.4948357240871431e-05 0.00023426011008854022 0.001483443187818575 0.00078574870958043072 -0.00023783191850366211 -0.00061350121300685968
leaf_weight=55 42 799 104 43 65 50 1056
leaf_count=55 42 799 104 43 65 50 1056
internal_value=-0.000332131 0.00147122 0.00772671 -0.00188097 0.000304849 0.00661053 -0.00261091
internal_weight=2214 1023 159 1191 864 93 1098
internal_count=2214 1023 159 1191 864 93 1098
is_linear=0
shrinkage=0.04


Tree=23
num_leaves=7
num_cat=0
split_feature=106 35 71 28 72 13
split_gain=3.4252 4.47664 2.94403 3.03932 2.38912 1.96635
threshold=-0.92161705363802271 -0.58132089502602313 2.5485616646216349 0.057785458047535855 0.43368198001997355 -0.35572138641236745
decision_type=2 2 2 2 2 2
left_child=1 -1 4 -4 -2 -3
right_child=2 5 3 -5 -6 -7
leaf_value=0.00072863835684457633 -0.00046866894193205584 0.0003590183622700627 0.0011815106065061994 -0.00046747766812088343 0.00017177834357130434 -0.00013988941355377017
leaf_weight=47 1380 61 67 71 474 114
leaf_count=47 1380 61 67 71 474 114
internal_value=-0.000440434 0.00425 -0.000966902 0.00462857 -0.00138793 0.00124294
internal_weight=2214 222 1992 138 1854 175
internal_count=2214 222 1992 138 1854 175
is_linear=0
shrinkage=0.04


Tree=24
num_leaves=7
num_cat=0
split_feature=96 71 79 11 71 103
split_gain=3.37411 4.0486 3.27639 5.5646 3.99218 0.99857
threshold=-0.097096844426595816 3.0135383627378833 -0.61768668757024991 -0.057288962242311441 -0.87718578051218388 -1.6963645296780563
decision_type=2 2 2 2 2 2
left_child=2 5 3 -1 -4 -2
right_child=1 -3 4 -5 -6 -7
leaf_value=0.0012848170130361316 0.00069033214750728285 0.0014297547218172927 0.00083982605654690204 2.1864084198700119e-05 -8.1919271646402271e-05 -0.00056940022454442848
leaf_weight=58 42 69 81 101 798 1065
leaf_count=58 42 69 81 101 798 1065
internal_value=-0.000422384 -0.00188795 0.00123846 0.00648447 0.000276957 -0.00247791
internal_weight=2214 1176 1038 159 879 1107
internal_count=2214 1176 1038 159 879 1107
is_linear=0
shrinkage=0.04


Tree=25
num_leaves=7
num_cat=0
split_feature=96 59 33 14 70 77
split_gain=2.97891 2.93673 4.31956 3.40674 1.88099 2.0331
threshold=-0.090247903433601478 -0.34228458102866938 0.098309852933285383 -0.10860202700585474 -1.9484722207724634 0.93097002974768261
decision_type=2 2 2 2 2 2
left_child=1 3 -3 -1 -2 -6
right_child=4 2 -4 -5 5 -7
leaf_value=0.00096351107630677851 0.0011748412878370609 0.00019627335091192656 -0.0011689862670532197 0.00021412445838137645 -0.00071895526746700131 0.00027612727785200956
leaf_weight=102 48 444 309 189 939 183
leaf_count=102 48 444 309 189 939 183
internal_value=-0.000458485 0.00109369 -0.000227816 0.00449147 -0.001843 -0.00217794
internal_weight=2214 1044 753 291 1170 1122
internal_count=2214 1044 753 291 1170 1122
is_linear=0
shrinkage=0.04


Tree=26
num_leaves=5
num_cat=0
split_feature=72 40 34 11
split_gain=2.77402 2.82011 2.53963 2.16542
threshold=2.183891397627352 -0.97128025752974823 0.2561088203978244 -0.14249227717934473
decision_type=2 2 2 2
left_child=1 -1 -3 -2
right_child=3 2 -4 -5
leaf_value=0.001088980098173557 0.0016100221634953913 1.3931317136005555e-06 -0.00061365050700426646 -1.3892560849050372e-05
leaf_weight=72 41 1308 753 40
leaf_count=72 41 1308 753 40
internal_value=-0.000476535 -0.000755036 -0.00102957 0.00669879
internal_weight=2214 2133 2061 81
internal_count=2214 2133 2061 81
is_linear=0
shrinkage=0.04


Tree=27
num_leaves=7
num_cat=0
split_feature=77 72 45 71 1 101
split_gain=2.87224 2.98819 2.57563 2.45544 4.06687 3.24051
threshold=0.93097002974768261 -0.71621288823984997 0.20811576887348737 -0.87718578051218388 -0.013384044025549468 0.18717184573514331
decision_type=2 2 2 2 2 2
left_child=3 -2 -3 4 -1 -5
right_child=1 2 -4 5 -6 -7
leaf_value=0.00091165420446854813 -0.0004447917037564954 0.00014220026959834553 0.0012207154371520691 -0.00081628100315852767 -5.0847743553651263e-05 6.4105244131596785e-05
leaf_weight=43 87 157 98 1002 74 753
leaf_count=43 87 157 98 1002 74 753
internal_value=-0.000476535 0.00288372 0.00505836 -0.00109285 0.00447059 -0.00146841
internal_weight=2214 342 255 1872 117 1755
internal_count=2214 342 255 1872 117 1755
is_linear=0
shrinkage=0.04


Tree=28
num_leaves=7
num_cat=0
split_feature=72 46 78 3 71 47
split_gain=2.6281 3.5161 2.83526 2.81156 2.51005 1.64368
threshold=0.43368198001997355 1.0856930926724573 1.5858784095309211 -0.076920996965766042 3.356041814141868 0.38019822934955927
decision_type=2 2 2 2 2 2
left_child=2 5 4 -4 -1 -2
right_child=1 -3 3 -5 -6 -7
leaf_value=-0.00047313369884491443 0.00019887301467327157 0.0012040362213916655 0.00087923789528181445 -1.9900528091448771e-05 0.0011105714029845974 -0.00036720264028217365
leaf_weight=1413 323 74 42 87 51 224
leaf_count=1413 323 74 42 87 51 224
internal_value=-0.000476535 0.00172713 -0.00133668 0.00430534 -0.00183902 0.000604735
internal_weight=2214 621 1593 129 1464 547
internal_count=2214 621 1593 129 1464 547
is_linear=0
shrinkage=0.04


Tree=29
num_leaves=5
num_cat=0
split_feature=40 33 106 72
split_gain=2.60353 2.35049 3.11548 1.67778
threshold=-0.97128025752974823 0.089020195827240592 -0.900416745345192 1.2620629467395357
decision_type=2 2 2 2
left_child=-1 2 -2 -3
right_child=1 3 -4 -5
leaf_value=0.0010266438081641281 0.00037360116023243045 -0.00049212465918712798 -1.8443890244694294e-05 0.00052075923726543016
leaf_weight=72 104 905 1085 48
leaf_count=72 104 905 1085 48
internal_value=-0.000458485 -0.000712688 0.000473551 -0.00219058
internal_weight=2214 2142 1189 953
internal_count=2214 2142 1189 953
is_linear=0
shrinkage=0.04


Tree=30
num_leaves=7
num_cat=0
split_feature=72 71 1 46 71 28
split_gain=2.39434 2.76528 3.78845 2.70659 2.10526 2.09286
threshold=0.43368198001997355 -0.87718578051218388 -0.013384044025549468 1.0856930926724573 2.3576209666734358 0.20632509515258382
decision_type=2 2 2 2 2 2
left_child=1 2 -1 5 -3 -2
right_child=3 4 -4 -5 -6 -7
leaf_value=0.00085676339620699969 0.00018792149328530357 -0.00044056672049117728 -6.2724481018874435e-05 0.0011273501453474904 0.00052596120109704269 -0.00034847163451846608
leaf_weight=40 300 1377 74 74 102 247
leaf_count=40 300 1377 74 74 102 247
internal_value=-0.000440434 -0.00126144 0.00468965 0.00166292 -0.00172586 0.000677595
internal_weight=2214 1593 114 621 1479 547
internal_count=2214 1593 114 621 1479 547
is_linear=0
shrinkage=0.04


Tree=31
num_leaves=8
num_cat=0
split_feature=77 59 17 61 40 33 108
split_gain=2.78054 3.55017 2.4992 2.2923 5.90643 1.97877 0.873921
threshold=0.93097002974768261 1.1170965757275764 0.54260772301459592 0.29236861096746369 -0.23230730863405599 0.14212002672745261 0.72729063929028748
decision_type=2 2 2 2 2 2 2
left_child=3 2 -2 5 -5 -1 -3
right_child=1 6 -4 4 -6 -7 -8
leaf_value=-6.6428503937791814e-05 0.0009822940226201296 -0.00076818489702834439 -5.0350657007238121e-05 0.00082831637413573612 -0.00052577322111385812 -0.00098801799787476339 0.00022716704869455307
leaf_weight=892 152 99 43 168 267 545 48
leaf_count=892 152 99 43 168 267 545 48
internal_value=-0.000422384 0.00288372 0.00639594 -0.00102882 0.0015103 -0.00179847 -0.00179866
internal_weight=2214 342 195 1872 435 1437 147
internal_count=2214 342 195 1872 435 1437 147
is_linear=0
shrinkage=0.04


Tree=32
num_leaves=6
num_cat=0
split_feature=30 28 59 59 46
split_gain=2.85818 2.29938 3.37266 2.16542 1.23822
threshold=-1.5050913408151863 0.21310208820851614 -0.39232037340015563 0.62050844767554858 1.2523775494453611
decision_type=2 2 2 2 2
left_child=3 2 -2 -1 -3
right_child=1 4 -4 -5 -6
leaf_value=-0.00012174204200715105 0.00050464815764592811 -0.00067641032516644153 -9.8823147491250887e-05 0.0017559906447466834 0.00028578996815900208
leaf_weight=40 312 710 988 41 123
leaf_count=40 312 710 988 41 123
internal_value=-0.000584838 -0.000867448 0.000184331 0.00669879 -0.00250539
internal_weight=2214 2133 1300 81 833
internal_count=2214 2133 1300 81 833
is_linear=0
shrinkage=0.04


Tree=33
num_leaves=6
num_cat=0
split_feature=72 90 78 35 42
split_gain=2.20331 2.35821 2.32388 2.0321 0.395622
threshold=1.8629955467721935 0.48026573762946223 1.3633457372488513 -0.14670129493208248 0.97661802097211436
decision_type=2 2 2 2 2
left_child=1 2 -1 -2 -3
right_child=3 4 -4 -5 -6
leaf_value=-6.3375054052371624e-05 0.0013450854817703311 -0.00075945198529250109 0.00043722095067990767 -0.0001359987217776341 6.8987759545622654e-05
leaf_weight=1353 55 555 165 44 42
leaf_count=1353 55 555 165 44 42
internal_value=-0.000584838 -0.000859708 -2.10536e-05 0.00518812 -0.00298498
internal_weight=2214 2115 1518 99 597
internal_count=2214 2115 1518 99 597
is_linear=0
shrinkage=0.04


Tree=34
num_leaves=7
num_cat=0
split_feature=72 71 2 46 47 11
split_gain=2.22804 2.47572 3.19545 2.41072 1.92419 1.62287
threshold=0.43368198001997355 -0.87718578051218388 0.10548739737436238 1.0856930926724573 -0.44817738577127669 -0.06595582656466302
decision_type=2 2 2 2 2 2
left_child=1 2 -1 5 -3 -2
right_child=3 4 -4 -5 -6 -7
leaf_value=0.00077376019820535259 0.00024699119593606122 2.8389035678303084e-05 -9.9986088369586389e-05 0.001021932581088012 -0.00055983356957069468 -0.0001829835127918702
leaf_weight=49 261 381 65 74 1098 286
leaf_count=49 261 381 65 74 1098 286
internal_value=-0.000494586 -0.00128652 0.00434483 0.00153451 -0.00172586 0.000604735
internal_weight=2214 1593 114 621 1479 547
internal_count=2214 1593 114 621 1479 547
is_linear=0
shrinkage=0.04


Tree=35
num_leaves=6
num_cat=0
split_feature=72 11 90 61 47
split_gain=2.18958 2.77958 1.97274 1.93659 0.396084
threshold=1.8629955467721935 -0.13807038356715487 0.48026573762946223 0.16923741484186908 -0.39465498560247675
decision_type=2 2 2 2 2
left_child=2 -2 3 -1 -4
right_child=1 -3 4 -5 -6
leaf_value=-0.00014126811415840501 0.0012860050084226192 -0.00025867060537754618 -0.00010068231909060296 0.00023601642403982986 -0.001003723500986617
leaf_weight=978 54 45 191 540 406
leaf_count=978 54 45 191 540 406
internal_value=-0.000566788 0.00518812 -0.000840813 -7.36852e-05 -0.00278464
internal_weight=2214 99 2115 1518 597
internal_count=2214 99 2115 1518 597
is_linear=0
shrinkage=0.04


Tree=36
num_leaves=7
num_cat=0
split_feature=77 70 103 29 96 41
split_gain=1.9021 2.30455 2.17153 2.32391 2.17149 1.17207
threshold=0.93097002974768261 -1.9484722207724634 0.15616337371133632 0.045395142247712149 -0.097096844426595816 -0.078731944948047819
decision_type=2 2 2 2 2 2
left_child=1 -1 5 -4 -3 -2
right_child=2 4 3 -5 -6 -7
leaf_value=0.0010575387559370404 0.000725107662930885 8.2055479595174131e-06 0.001231934847574181 -4.784624843186783e-06 -0.00053863719611595476 -0.00011080375812063032
leaf_weight=42 57 885 58 47 945 180
leaf_count=42 57 885 58 47 945 180
internal_value=-0.000548737 -0.00105016 0.00218605 0.00691589 -0.00126638 5.02083e-05
internal_weight=2214 1872 342 105 1830 237
internal_count=2214 1872 342 105 1830 237
is_linear=0
shrinkage=0.04


Tree=37
num_leaves=7
num_cat=0
split_feature=72 46 71 3 47 11
split_gain=1.97113 2.17589 1.92515 3.13098 1.88199 1.61322
threshold=0.43368198001997355 1.0856930926724573 -0.87718578051218388 -0.0093695363251933717 -0.44817738577127669 -0.06595582656466302
decision_type=2 2 2 2 2 2
left_child=2 5 3 -1 -4 -2
right_child=1 -3 4 -5 -6 -7
leaf_value=0.00064659220532185195 0.00024243405074657407 0.00093688232811949316 3.4394841797961947e-05 -3.7548350445964945e-05 -0.00052110664439306432 -0.00017849809121491843
leaf_weight=40 261 74 381 74 1098 286
leaf_count=40 261 74 381 74 1098 286
internal_value=-0.000566788 0.00134189 -0.0013116 0.00365517 -0.00169885 0.000459015
internal_weight=2214 621 1593 114 1479 547
internal_count=2214 621 1593 114 1479 547
is_linear=0
shrinkage=0.04


Tree=38
num_leaves=6
num_cat=0
split_feature=30 40 85 85 14
split_gain=2.13939 2.16906 3.22344 1.72266 0.870567
threshold=-1.5050913408151863 0.23988204411768471 -0.25870487816318749 0.39764188587166344 -1.2769463572054187
decision_type=2 2 2 2 2
left_child=3 2 -2 -1 -3
right_child=1 4 -4 -5 -6
leaf_value=-8.5085747285442554e-05 -0.00028493058640287312 0.00010544860995413131 0.00020479901142366199 0.0015741387061914752 -0.00040882073610688395
leaf_weight=41 778 47 580 40 728
leaf_count=41 778 47 580 40 728
internal_value=-0.000566788 -0.000811242 0.00015294 0.00573494 -0.00249678
internal_weight=2214 2133 1358 81 775
internal_count=2214 2133 1358 81 775
is_linear=0
shrinkage=0.04


Tree=39
num_leaves=6
num_cat=0
split_feature=30 28 61 65 76
split_gain=2.12718 1.98346 2.69981 1.72266 1.27501
threshold=-1.5050913408151863 0.21310208820851614 0.23280407816094131 0.51413735991591236 2.033003096957835
decision_type=2 2 2 2 2
left_child=3 2 -2 -1 -3
right_child=1 4 -4 -5 -6
leaf_value=-8.1682317394024943e-05 -0.00012626251980918409 -0.00062767212965183302 0.0003406865683933332 0.0016791873352456058 0.00023442324168880112
leaf_weight=41 861 773 439 40 60
leaf_count=41 861 773 439 40 60
internal_value=-0.000548737 -0.000792507 0.000184331 0.00573494 -0.00231377
internal_weight=2214 2133 1300 81 833
internal_count=2214 2133 1300 81 833
is_linear=0
shrinkage=0.04


Tree=40
num_leaves=6
num_cat=0
split_feature=30 47 108 65 46
split_gain=2.11501 1.90124 2.19098 1.72266 0.752945
threshold=-1.5050913408151863 0.40782369314334621 -0.25995488883357315 0.51413735991591236 2.5267290095066741
decision_type=2 2 2 2 2
left_child=3 2 -2 -1 -3
right_child=1 4 -4 -5 -6
leaf_value=-7.8415024698263848e-05 0.00018745750947667055 -0.0005956942401367768 -0.00011003870077012786 0.0016120198418357815 0.00039534255197320333
leaf_weight=41 515 622 954 40 42
leaf_count=41 515 622 954 40 42
internal_value=-0.000530687 -0.000773771 2.99107e-05 0.00573494 -0.00254655
internal_weight=2214 2133 1469 81 664
internal_count=2214 2133 1469 81 664
is_linear=0
shrinkage=0.04


Tree=41
num_leaves=7
num_cat=0
split_feature=78 30 70 35 77 60
split_gain=2.37441 3.22049 2.62443 1.99357 1.93807 1.86519
threshold=1.5058517858688358 -0.41431703932798047 0.22520298979126765 -0.23096817714543794 -0.78368014233051231 0.43569534626112177
decision_type=2 2 2 2 2 2
left_child=2 -2 5 -3 -4 -1
right_child=1 3 4 -5 -6 -7
leaf_value=-0.00067384115189823629 0.00088919147415620736 -0.00012911988615449675 0.00056658654468646878 0.00061329830265795693 2.3877581320431806e-05 6.2901369080618579e-05
leaf_weight=978 71 114 45 40 654 312
leaf_count=978 71 114 45 40 654 312
internal_value=-0.000440434 0.00343612 -0.00088197 0.000153845 0.00108987 -0.00195047
internal_weight=2214 225 1989 154 699 1290
internal_count=2214 225 1989 154 699 1290
is_linear=0
shrinkage=0.04


Tree=42
num_leaves=6
num_cat=0
split_feature=30 28 60 65 46
split_gain=2.12718 1.94151 2.70547 1.72266 1.37975
threshold=-1.5050913408151863 0.057785458047535855 0.43310307854323643 0.51413735991591236 1.2523775494453611
decision_type=2 2 2 2 2
left_child=3 2 -2 -1 -3
right_child=1 4 -4 -5 -6
leaf_value=-4.8324837259366655e-05 -4.032014689561734e-05 -0.00050710896872667606 0.00044418961918761427 0.0015154326125835669 0.0002864264993177575
leaf_weight=41 911 842 235 40 145
leaf_count=41 911 842 235 40 145
internal_value=-0.000548737 -0.000792507 0.000327525 0.00573494 -0.002091
internal_weight=2214 2133 1146 81 987
internal_count=2214 2133 1146 81 987
is_linear=0
shrinkage=0.04


Tree=43
num_leaves=7
num_cat=0
split_feature=70 2 78 59 40 26
split_gain=2.3018 2.09186 1.94523 1.65798 1.64351 1.593
threshold=0.22520298979126765 -1.5200876920075688 1.5058517858688358 0.11761680861557486 -0.92749846058491825 0.59145480775980686
decision_type=2 2 2 2 2 2
left_child=2 -2 3 -1 -3 -4
right_child=1 4 5 -5 -6 -7
leaf_value=-6.7147204513160854e-05 0.0011847140525632033 0.00099238445042871366 0.00053211375425901459 -0.0013888642643538366 1.262048310822207e-05 -0.00019573012488335577
leaf_weight=789 47 41 83 501 701 52
leaf_count=789 47 41 83 501 701 52
internal_value=-0.000512636 0.00121871 -0.00147162 -0.00195047 0.000688171 0.00306569
internal_weight=2214 789 1425 1290 742 135
internal_count=2214 789 1425 1290 742 135
is_linear=0
shrinkage=0.04


Tree=44
num_leaves=6
num_cat=0
split_feature=84 3 28 71 107
split_gain=2.0855 3.20165 2.00951 2.31781 0.973296
threshold=0.98059249785322089 -0.77051220659404629 0.43075502552442263 2.6081102476802855 1.0687493663846184
decision_type=2 2 2 2 2
left_child=2 -2 3 -1 -4
right_child=1 -3 4 -5 -6
leaf_value=-3.1346578981676527e-05 0.0012003406081269731 -2.5641319599258141e-05 -0.0009928810476765638 0.0007417176132873761 0.00025126322351805134
leaf_weight=1386 43 77 537 89 82
leaf_count=1386 43 77 537 89 82
internal_value=-0.000494586 0.00459016 -0.000790077 1.354e-05 -0.00269887
internal_weight=2214 120 2094 1475 619
internal_count=2214 120 2094 1475 619
is_linear=0
shrinkage=0.04


Tree=45
num_leaves=6
num_cat=0
split_feature=72 11 97 40 71
split_gain=1.88578 2.4898 1.78054 2.73774 0.440398
threshold=1.8629955467721935 -0.13807038356715487 0.48368041345212065 -0.97128025752974823 1.8152449957265955
decision_type=2 2 2 2 2
left_child=2 -2 3 -1 -4
right_child=1 -3 4 -5 -6
leaf_value=0.0009590051754717571 0.00099732535553404564 -0.00026925456652591892 -0.0009716251664783715 -3.5961367980942833e-05 5.7056495041930846e-06
leaf_weight=43 54 45 378 1652 42
leaf_count=43 54 45 378 1652 42
internal_value=-0.000548737 0.00479208 -0.000803024 -0.000223926 -0.00312796
internal_weight=2214 99 2115 1695 420
internal_count=2214 99 2115 1695 420
is_linear=0
shrinkage=0.04


Tree=46
num_leaves=6
num_cat=0
split_feature=30 61 59 65 28
split_gain=2.15163 1.80771 1.96263 1.72266 1.52236
threshold=-1.5050913408151863 -1.2709407600026366 -0.34228458102866938 0.51413735991591236 0.13129252437212649
decision_type=2 2 2 2 2
left_child=3 4 -3 -1 -2
right_child=1 2 -4 -5 -6
leaf_value=-2.5523456698274331e-06 -1.8522270775860301e-05 9.2069985954250225e-05 -0.00023558366487424644 0.001403840582941467 0.00038760300230030619
leaf_weight=41 51 627 1414 40 41
leaf_count=41 51 627 1414 40 41
internal_value=-0.000584838 -0.000829978 -0.00107881 0.00573494 0.00459574
internal_weight=2214 2133 2041 81 92
internal_count=2214 2133 2041 81 92
is_linear=0
shrinkage=0.04


Tree=47
num_leaves=6
num_cat=0
split_feature=30 65 40 71 71
split_gain=2.13939 1.72266 1.66469 2.55531 0.780625
threshold=-1.5050913408151863 0.51413735991591236 0.37239908303630359 2.6081102476802855 -0.60812413684444599
decision_type=2 2 2 2 2
left_child=1 -1 3 -2 -4
right_child=2 -3 4 -5 -6
leaf_value=-2.4502518430342739e-06 -2.5543864121867312e-05 0.0013476869596238084 0.00014780091457679663 0.00092300989619405888 -0.00054670483407451992
leaf_weight=41 1429 40 62 44 598
leaf_count=41 1429 40 62 44 598
internal_value=-0.000566788 0.00573494 -0.000811242 -6.23738e-05 -0.00247734
internal_weight=2214 81 2133 1473 660
internal_count=2214 81 2133 1473 660
is_linear=0
shrinkage=0.04


Tree=48
num_leaves=8
num_cat=0
split_feature=72 89 46 78 61 32 72
split_gain=1.97243 1.89188 3.10476 1.7306 1.59555 1.49313 0.943902
threshold=0.11326945323301534 -0.24453318208420183 1.148518044352566 1.5058517858688358 0.23280407816094131 0.31504849180916222 1.2398049485197513
decision_type=2 2 2 2 2 2 2
left_child=3 6 -3 4 -1 -5 -2
right_child=1 2 -4 5 -6 -7 -8
leaf_value=-0.00072923816782595159 -0.00033968272398491532 7.2172024374233425e-05 0.00082001239765058559 0.00053667993896434907 1.0761141123252745e-05 -0.00018566092359200139 5.7670988911553078e-05
leaf_weight=834 309 466 65 77 324 43 96
leaf_count=834 309 466 65 77 324 43 96
internal_value=-0.000566788 0.000827291 0.002394 -0.0015875 -0.00206207 0.00295082 -0.0012285
internal_weight=2214 936 531 1278 1158 120 405
internal_count=2214 936 531 1278 1158 120 405
is_linear=0
shrinkage=0.04


Tree=49
num_leaves=8
num_cat=0
split_feature=77 72 14 36 97 71 8
split_gain=2.25182 2.15338 2.43159 1.86654 2.25734 0.869261 0.0398286
threshold=0.93097002974768261 -0.83366503149097204 0.77479789043520741 0.2509639234573397 0.48368041345212065 2.6081102476802855 0.52961646290538145
decision_type=2 2 2 2 2 2 2
left_child=3 6 -3 4 -1 -5 -2
right_child=1 2 -4 5 -6 -7 -8
leaf_value=6.5809448927835803e-05 -0.00023387381666052816 0.00047044516605248811 0.00090949773793996933 -0.0010251132305385392 -0.00075466648508053138 1.5537847631829611e-05 -0.00056740101163457615
leaf_weight=892 40 214 44 614 281 85 44
leaf_count=892 40 214 44 614 281 85 44
internal_value=-0.000440434 0.00253488 0.00433846 -0.000986127 -1.02137e-05 -0.00261912 -0.00297675
internal_weight=2214 342 258 1872 1173 699 84
internal_count=2214 342 258 1872 1173 699 84
is_linear=0
shrinkage=0.04


Tree=50
num_leaves=6
num_cat=0
split_feature=30 61 46 59 71
split_gain=1.81332 1.7185 3.82993 2.36486 1.44974
threshold=-1.5050913408151863 -1.1877961235993026 0.019836807296053301 0.11761680861557486 0.30071963462938811
decision_type=2 2 2 2 2
left_child=4 2 -2 -3 -1
right_child=1 3 -4 -5 -6
leaf_value=-4.0473488373976551e-05 -0.00025051869110833883 2.7412499621030753e-06 0.00048843733405334942 -0.00053906274036845414 0.0012866416944880114
leaf_weight=41 75 1183 70 805 40
leaf_count=41 75 1183 70 805 40
internal_value=-0.000548737 -0.000773771 0.00340136 -0.00108141 0.00525301
internal_weight=2214 2133 145 1988 81
internal_count=2214 2133 145 1988 81
is_linear=0
shrinkage=0.04


Tree=51
num_leaves=7
num_cat=0
split_feature=71 37 91 40 4 30
split_gain=1.6995 2.43889 1.87938 2.08152 1.65974 0.323322
threshold=1.4548636178345198 -0.17399640559314747 0.48852053952298208 -0.97128025752974823 -0.47500795962266879 -1.1521497846016588
decision_type=2 2 2 2 2 2
left_child=2 -2 3 -1 -3 -4
right_child=1 4 5 -5 -6 -7
leaf_value=0.0009136204477951333 0.00090485887655749209 0.00075304537002938738 -0.00046604689529350049 -3.2516318875721684e-05 -0.00015104969382515081 -0.00078296250917552336
leaf_weight=51 44 40 41 1560 141 337
leaf_count=51 44 40 41 1560 141 337
internal_value=-0.000548737 0.00273128 -0.000922151 -0.000324861 0.000633879 -0.00345263
internal_weight=2214 225 1989 1611 181 378
internal_count=2214 225 1989 1611 181 378
is_linear=0
shrinkage=0.04


Tree=52
num_leaves=8
num_cat=0
split_feature=77 59 35 83 41 101 108
split_gain=1.66179 2.55178 1.86388 1.99968 1.78325 0.666607 0.579473
threshold=0.93097002974768261 1.1209449408660959 0.17155779639414179 -0.85544503006679529 -0.13812199087301533 0.73265216612222284 0.68355366166958953
decision_type=2 2 2 2 2 2 2
left_child=2 4 3 -1 -2 -4 -3
right_child=1 6 5 -5 -6 -7 -8
leaf_value=0.0003681209353380178 0.00098999378725222738 -0.00079191617142354174 -0.00090814129475657744 -2.039158380017871e-05 0.00015844034836018516 -2.7978741374725664e-05 0.00056154497872289166
leaf_weight=40 67 96 583 1036 137 213 42
leaf_count=40 67 96 583 1036 137 213 42
internal_value=-0.000602889 0.00195349 -0.00107151 1.48413e-05 0.0047767 -0.00253634 -0.00222857
internal_weight=2214 342 1872 1076 204 796 138
internal_count=2214 342 1872 1076 204 796 138
is_linear=0
shrinkage=0.04


Tree=53
num_leaves=6
num_cat=0
split_feature=30 85 47 61 40
split_gain=1.53483 1.72825 1.65232 2.24402 1.73443
threshold=-1.5050913408151863 0.39764188587166344 0.40782369314334621 0.2931350683285095 -0.91761726271591237
decision_type=2 2 2 2 2
left_child=1 -1 3 -2 -4
right_child=2 -3 4 -5 -6
leaf_value=-5.7220801748453669e-05 -4.5005884272974282e-05 0.0010891369231114771 0.00066691009545098647 0.00038265848717705778 -0.00054474513418298169
leaf_weight=41 1177 40 42 292 622
leaf_count=41 1177 40 42 292 622
internal_value=-0.000566788 0.00477108 -0.000773771 -2.44741e-05 -0.00242643
internal_weight=2214 81 2133 1469 664
internal_count=2214 81 2133 1469 664
is_linear=0
shrinkage=0.04


Tree=54
num_leaves=7
num_cat=0
split_feature=70 2 78 41 40 61
split_gain=1.6534 1.85758 1.56708 1.6817 1.39097 1.17791
threshold=0.22520298979126765 -1.5200876920075688 2.0803601529866427 0.1319932599447157 -0.92749846058491825 0.23280407816094131
decision_type=2 2 2 2 2 2
left_child=2 -2 5 -4 -3 -1
right_child=1 4 3 -5 -6 -7
leaf_value=-0.00057106452716420924 0.00094123642807078165 0.00085423850418276433 0.00048954008252159395 -5.3179907091488111e-05 -5.9640240651772225e-06 -2.5115429620564808e-06
leaf_weight=918 47 41 45 42 701 420
leaf_count=918 47 41 45 42 701 420
internal_value=-0.000602889 0.000864727 -0.00141556 0.00373034 0.00036559 -0.00175522
internal_weight=2214 789 1425 87 742 1338
internal_count=2214 789 1425 87 742 1338
is_linear=0
shrinkage=0.04


Tree=55
num_leaves=6
num_cat=0
split_feature=30 65 97 40 3
split_gain=1.5142 1.72825 1.62752 2.71516 0.428935
threshold=-1.5050913408151863 0.51413735991591236 0.48368041345212065 -0.97128025752974823 -1.0209785107388465
decision_type=2 2 2 2 2
left_child=1 -1 3 -2 -4
right_child=2 -3 4 -5 -6
leaf_value=-3.2089410148820415e-05 0.00082674622267016687 0.0011875783270946197 7.2704380167763657e-05 -2.2745026765016107e-05 -0.0006827125120978288
leaf_weight=41 43 40 40 1666 384
leaf_count=41 43 40 40 1666 384
internal_value=-0.000530687 0.00477108 -0.000736301 -0.000184688 -0.00294836
internal_weight=2214 81 2133 1709 424
internal_count=2214 81 2133 1709 424
is_linear=0
shrinkage=0.04


Tree=56
num_leaves=7
num_cat=0
split_feature=32 108 89 77 77 59
split_gain=1.61272 2.7585 2.52308 2.35201 0.699557 0.895965
threshold=0.33407404451290351 -0.25995488883357315 0.57965393990757785 -0.77769149554397832 1.4531181161689304 -0.37812158025956633
decision_type=2 2 2 2 2 2
left_child=1 2 -1 -3 5 -2
right_child=4 3 -4 -5 -6 -7
leaf_value=0.00013229113211253682 -1.2359074435643665e-05 0.00065826010653871766 0.00056368821283314869 -0.00016865351782560799 0.00026786657924203017 -0.00064142479944025122
leaf_weight=412 249 41 64 986 48 414
leaf_count=412 249 41 64 986 48 414
internal_value=-0.000458485 0.000284384 0.00279498 -0.000882411 -0.00202525 -0.00236391
internal_weight=2214 1503 476 1027 711 663
internal_count=2214 1503 476 1027 711 663
is_linear=0
shrinkage=0.04


Tree=57
num_leaves=7
num_cat=0
split_feature=32 108 73 40 77 77
split_gain=1.67577 2.30252 2.16418 2.0356 1.82515 0.983857
threshold=0.35051701749270486 -0.25995488883357315 -0.36616788350494661 -0.92749846058491825 -0.77769149554397832 1.4531181161689304
decision_type=2 2 2 2 2 2
left_child=1 2 -1 -2 -3 -5
right_child=3 4 -4 5 -6 -7
leaf_value=-0.00034716858420513774 0.00074164043963238964 0.00063192970227716908 0.00041197536706153094 -0.00040879643073670857 -0.00016308110964413747 0.00034092534226589825
leaf_weight=144 48 41 339 600 997 45
leaf_count=144 48 41 339 600 997 45
internal_value=-0.000404333 0.000338804 0.00261443 -0.00203166 -0.000723078 -0.00262751
internal_weight=2214 1521 483 693 1038 645
internal_count=2214 1521 483 693 1038 645
is_linear=0
shrinkage=0.04


Tree=58
num_leaves=8
num_cat=0
split_feature=47 72 38 106 107 14 32
split_gain=1.91279 2.36384 1.99365 1.69465 1.63737 1.61941 1.20581
threshold=-0.34545133497263231 0.16746099487600305 -0.39999991012017877 -0.16031310997427661 -0.61801794188881376 0.78640825779955004 -1.1552744520303866
decision_type=2 2 2 2 2 2 2
left_child=2 6 3 -1 -3 -4 -2
right_child=1 4 5 -5 -6 -7 -8
leaf_value=0.00049796020583100576 0.0004594592129389042 0.00067765562879193724 -0.00010703396713531273 5.3404622050427104e-05 9.3001853423710579e-06 0.000399221630624502 -0.00060806652789681132
leaf_weight=68 45 46 394 131 615 64 851
leaf_count=68 45 46 394 131 615 64 851
internal_value=-0.000332131 -0.00109558 0.00147496 0.00479602 0.000717948 1.73904e-05 -0.00243207
internal_weight=2214 1557 657 199 661 458 896
internal_count=2214 1557 657 199 661 458 896
is_linear=0
shrinkage=0.04


Tree=59
num_leaves=7
num_cat=0
split_feature=71 61 46 40 39 51
split_gain=1.75266 1.96131 2.16251 2.02099 1.79998 1.79958
threshold=1.8152449957265955 -1.2709407600026366 0.019836807296053301 -1.0349322705343191 0.21255270205228299 -0.33268890073365331
decision_type=2 2 2 2 2 2
left_child=1 2 -1 -3 -2 -6
right_child=4 3 -4 -5 5 -7
leaf_value=-1.8245696459180348e-05 0.00077879346147489135 0.0007553768945686379 0.00043267370840580934 -0.00013007137067900032 0.00071913730856007334 -0.00029034614829232067
leaf_weight=50 52 45 43 1878 50 96
leaf_count=50 52 45 43 1878 50 96
internal_value=-0.000332131 -0.000685829 0.00492631 -0.000962079 0.00324 0.000918918
internal_weight=2214 2016 93 1923 198 146
internal_count=2214 2016 93 1923 198 146
is_linear=0
shrinkage=0.04


Tree=60
num_leaves=6
num_cat=0
split_feature=61 30 59 59 45
split_gain=1.77417 1.6348 2.16233 1.68525 1.48447
threshold=-1.2709407600026366 -1.5050913408151863 0.11761680861557486 0.62050844767554858 -0.021927818729581602
decision_type=2 2 2 2 2
left_child=4 3 -3 -2 -1
right_child=1 2 -4 -5 -6
leaf_value=-4.338970690466531e-06 -3.5990141006264722e-05 9.1455005807719273e-06 -0.00032864651745694349 0.0011552439556740649 0.00035372726124765857
leaf_weight=49 40 1183 858 40 44
leaf_count=49 40 1183 858 40 44
internal_value=-0.000422384 -0.000661329 -0.000883016 0.00487805 0.00492631
internal_weight=2214 2121 2041 80 93
internal_count=2214 2121 2041 80 93
is_linear=0
shrinkage=0.04


Tree=61
num_leaves=6
num_cat=0
split_feature=6 71 47 35 40
split_gain=1.39958 2.67983 1.63988 1.75401 1.69386
threshold=-1.3453799247302174 0.54801102471190888 0.40782369314334621 0.165501847349763 -0.91761726271591237
decision_type=2 2 2 2 2
left_child=1 -1 3 -2 -4
right_child=2 -3 4 -5 -6
leaf_value=-0.00034516295768302396 5.3855764272721382e-05 0.00087494038862244103 0.00056414023994667958 -0.00018792095818325543 -0.00050578032768367181
leaf_weight=75 895 42 42 553 607
leaf_count=75 895 42 42 553 607
internal_value=-0.000422384 0.00379832 -0.000661268 8.82749e-05 -0.00232873
internal_weight=2214 117 2097 1448 649
internal_count=2214 117 2097 1448 649
is_linear=0
shrinkage=0.04


Tree=62
num_leaves=6
num_cat=0
split_feature=71 1 70 30 70
split_gain=1.79886 2.10249 1.69727 1.78626 1.48793
threshold=-0.87718578051218388 -0.013384044025549468 0.22520298979126765 -1.5050913408151863 -2.0259344942577617
decision_type=2 2 2 2 2
left_child=1 -1 4 -4 -2
right_child=2 -3 3 -5 -6
leaf_value=0.00054632611088110451 0.00072110183569048083 -1.0158796105467659e-06 0.001015776964330836 1.1310866241848888e-05 -0.00026692136183770822
leaf_weight=43 45 74 43 743 1266
leaf_count=43 45 74 43 743 1266
internal_value=-0.00031408 0.00447059 -0.000585041 0.000883248 -0.00146535
internal_weight=2214 117 2097 786 1311
internal_count=2214 117 2097 786 1311
is_linear=0
shrinkage=0.04


Tree=63
num_leaves=8
num_cat=0
split_feature=35 77 105 105 28 28 72
split_gain=1.65578 2.07201 3.01248 1.77842 2.23873 1.0252 0.859845
threshold=0.18843599676839964 0.97588846407409713 -0.21828848042787777 0.064732805806493418 0.029748681880846815 -0.70743469816550741 1.1100389630475116
decision_type=2 2 2 2 2 2 2
left_child=3 6 -3 4 -1 -5 -2
right_child=1 2 -4 5 -6 -7 -8
leaf_value=0.00033426724555077613 -0.00067252271029494563 -0.00020749000987528191 0.00092389241407143225 0.00016114669573349277 -6.9541742405209497e-05 -0.00015954099116684557 9.8877056550606587e-05
leaf_weight=401 710 45 42 44 296 600 76
leaf_count=401 710 45 42 44 296 600 76
internal_value=-0.000259929 -0.00161372 0.00417977 0.000622486 0.00202003 -0.000891642 -0.00226396
internal_weight=2214 873 87 1341 697 644 786
internal_count=2214 873 87 1341 697 644 786
is_linear=0
shrinkage=0.04


Tree=64
num_leaves=6
num_cat=0
split_feature=61 46 30 61 59
split_gain=1.73851 2.16251 1.60171 2.10863 1.68525
threshold=-1.2709407600026366 0.019836807296053301 -1.5050913408151863 0.089138240291178339 0.62050844767554858
decision_type=2 2 2 2 2
left_child=1 -1 4 -4 -2
right_child=2 -3 3 -5 -6
leaf_value=-2.425784146258746e-05 -6.9706855553502663e-05 0.00040721851301480093 -0.00022836589861596597 2.0998453015442946e-05 0.0010345719520923437
leaf_weight=50 40 43 1093 948 40
leaf_count=50 40 43 1093 948 40
internal_value=-0.000368232 0.00492631 -0.000604805 -0.000824279 0.00487805
internal_weight=2214 93 2121 2041 80
internal_count=2214 93 2121 2041 80
is_linear=0
shrinkage=0.04


Tree=65
num_leaves=7
num_cat=0
split_feature=71 71 37 29 97 22
split_gain=2.01446 1.81175 1.76978 1.65095 1.5992 1.45872
threshold=2.057901032930705 -0.87718578051218388 -0.096237289364196857 0.52586177065858242 0.48368041345212065 -0.16641508263616214
decision_type=2 2 2 2 2 2
left_child=1 3 -2 -1 -3 -4
right_child=2 4 5 -5 -6 -7
leaf_value=0.00042061955384069423 0.00073071141714108631 -1.5765116784999506e-05 0.00053388780610027706 -0.00058455448155460038 -0.00077588507862924594 -0.00018563498222230165
leaf_weight=74 42 1533 45 43 384 93
leaf_count=74 42 1533 45 43 384 93
internal_value=-0.00029603 -0.00065619 0.00373626 0.00413445 -0.00095258 0.00148571
internal_weight=2214 2034 180 117 1917 138
internal_count=2214 2034 180 117 1917 138
is_linear=0
shrinkage=0.04


Tree=66
num_leaves=5
num_cat=0
split_feature=40 84 3 47
split_gain=1.72595 1.8423 2.79185 1.788
threshold=-1.0349322705343191 0.98059249785322089 -0.77051220659404629 -0.39465498560247675
decision_type=2 2 2 2
left_child=-1 3 -3 -2
right_child=1 2 -4 -5
leaf_value=0.00069546243713403274 5.5186066443850831e-05 0.00082247301793301195 -2.4930264935510708e-05 -0.00019183511602518141
leaf_weight=45 583 43 77 1466
leaf_count=45 583 43 77 1466
internal_value=-0.000350181 -0.00051405 0.00426229 -0.000797661
internal_weight=2214 2169 120 2049
internal_count=2214 2169 120 2049
is_linear=0
shrinkage=0.04


Tree=67
num_leaves=6
num_cat=0
split_feature=71 14 72 71 69
split_gain=1.65695 2.21771 1.53017 2.1343 1.71683
threshold=3.0135383627378833 -0.49541395687585416 0.11326945323301534 -0.85387231462383006 -0.15216567514671939
decision_type=2 2 2 2 2
left_child=2 -2 3 -1 -4
right_child=1 -3 4 -5 -6
leaf_value=0.00027580779241272667 -0.00023215306088874288 0.00072286250168927129 0.00035175981776915875 -0.00036591379598934149 -8.018105099644257e-06
leaf_weight=114 56 52 168 1110 714
leaf_count=114 56 52 168 1110 714
internal_value=-0.000350181 0.00443636 -0.000599621 -0.00151387 0.000669682
internal_weight=2214 108 2106 1224 882
internal_count=2214 108 2106 1224 882
is_linear=0
shrinkage=0.04


Tree=68
num_leaves=8
num_cat=0
split_feature=47 25 8 1 84 37 72
split_gain=2.01857 2.15386 3.35142 1.71643 1.62947 1.3634 0.673032
threshold=-0.34545133497263231 -0.029700711799347152 0.68718266126815997 0.066992900122600632 0.9541136265029615 -0.78506913766240694 0.067553180567984678
decision_type=2 2 2 2 2 2 2
left_child=1 2 -1 4 -2 -3 -5
right_child=3 5 -4 6 -6 -7 -8
leaf_value=4.8263625204914331e-05 -6.4345967000431275e-05 0.00075315092880652817 0.00047849689401533449 -0.0006637565832990236 0.00035698898647322633 -0.00045602658274002095 -8.1610751794809863e-05
leaf_weight=294 776 40 72 372 66 251 343
leaf_count=294 776 40 72 372 66 251 343
internal_value=-0.000259929 0.00159636 0.00363043 -0.00104426 0.000180094 -0.000969284 -0.00248257
internal_weight=2214 657 366 1557 842 291 715
internal_count=2214 657 366 1557 842 291 715
is_linear=0
shrinkage=0.04


Tree=69
num_leaves=6
num_cat=0
split_feature=35 61 28 32 10
split_gain=1.41745 2.03401 2.12287 1.5055 0.177062
threshold=0.93511715491216141 0.32902527172355456 0.51662430302358187 -1.4999501746352861 1.006836565815761
decision_type=2 2 2 2 2
left_child=1 3 -3 -1 -2
right_child=4 2 -4 -5 -6
leaf_value=0.00070763069373883678 -0.001000003012410512 0.00062249941582468338 -0.0014585020815926239 -3.1888284388814219e-05 -9.6450460571633999e-05
leaf_weight=55 176 149 43 1751 40
leaf_count=55 176 149 43 1751 40
internal_value=-0.000350181 -1.6001e-05 0.00387629 -0.000433629 -0.00341284
internal_weight=2214 1998 192 1806 216
internal_count=2214 1998 192 1806 216
is_linear=0
shrinkage=0.04


Tree=70
num_leaves=8
num_cat=0
split_feature=47 14 42 108 17 106 40
split_gain=1.70968 2.82248 2.50461 1.96378 1.58955 2.5594 1.96095
threshold=-0.38434115955617021 0.61229207999175372 0.38414861930919492 -0.52536553284306142 -0.41265562148548279 -0.92161705363802271 -0.92749846058491825
decision_type=2 2 2 2 2 2 2
left_child=1 3 -3 -1 5 -2 -6
right_child=4 2 -4 -5 6 -7 -8
leaf_value=0.00045197051347950669 0.00024187855682917023 0.00069269847016153476 -0.00018432560558935641 -8.3381948078412035e-05 0.00062661822079071894 -2.0836472051619146e-05 -0.0003157223047512178
leaf_weight=116 42 75 41 380 64 539 957
leaf_count=116 42 75 41 380 64 539 957
internal_value=-0.000440434 0.00135505 0.00691525 3.21276e-05 -0.00112718 0.000542023 -0.00207625
internal_weight=2214 612 116 496 1602 581 1021
internal_count=2214 612 116 496 1602 581 1021
is_linear=0
shrinkage=0.04


Tree=71
num_leaves=8
num_cat=0
split_feature=72 71 35 71 77 100 29
split_gain=1.47888 1.51803 2.38135 1.82462 1.36334 1.63309 1.55712
threshold=0.11326945323301534 0.96883974845024479 0.35325927747807845 -0.82904137131011024 0.97588846407409713 0.13719577915633915 -0.10348412289547093
decision_type=2 2 2 2 2 2 2
left_child=1 3 -3 -1 5 -2 -6
right_child=4 2 -4 -5 6 -7 -8
leaf_value=0.00023608346752441515 -0.00016593016938921411 0.0006073482225871647 -0.00056786410721717119 -0.00041441273717061406 0.00091877906510269731 0.00013770435314128777 2.9467481193936962e-05
leaf_weight=132 465 65 64 1017 64 309 98
leaf_count=132 465 65 64 1017 64 309 98
internal_value=-0.000422384 -0.00130625 0.00277863 -0.0017689 0.000784647 8.24733e-05 0.00409756
internal_weight=2214 1278 129 1149 936 774 162
internal_count=2214 1278 129 1149 936 774 162
is_linear=0
shrinkage=0.04


Tree=72
num_leaves=7
num_cat=0
split_feature=36 53 105 43 61 71
split_gain=1.51554 2.22726 1.97683 2.39899 1.86149 0.952869
threshold=0.2509639234573397 -1.0999999999999999 -0.80193682090436325 0.36484315219600943 0.23392436604881009 2.057901032930705
decision_type=2 2 2 2 2 2
left_child=2 -2 3 -1 -4 -3
right_child=1 5 4 -5 -6 -7
leaf_value=1.4626672319635474e-05 0.00066619322743829285 -0.00078933525527188192 -7.5244995410438036e-05 0.00051484535422133607 0.0002701846713973215 4.8499711239709642e-05
leaf_weight=151 79 614 913 80 287 90
leaf_count=151 79 614 913 80 287 90
internal_value=-0.000386283 -0.00179873 0.000387996 0.00375966 -0.000266224 -0.00251558
internal_weight=2214 783 1431 231 1200 704
internal_count=2214 783 1431 231 1200 704
is_linear=0
shrinkage=0.04


Tree=73
num_leaves=7
num_cat=0
split_feature=32 105 41 97 40 49
split_gain=1.68472 2.35494 2.18925 1.72059 0.979428 0.609791
threshold=0.34524231847529302 -0.78159521358139505 0.10688751536238292 0.47144827306996179 -0.92749846058491825 1.4690509899406725
decision_type=2 2 2 2 2 2
left_child=1 2 -1 -3 -2 -6
right_child=4 3 -4 -5 5 -7
leaf_value=0.00011218374524929098 0.00059092160910756192 2.5941271666749651e-05 0.00050897184655371622 -0.00049777377853439046 -0.00024034901252938446 2.5466158232438284e-06
leaf_weight=166 48 983 55 308 595 59
leaf_count=166 48 983 55 308 595 59
internal_value=-0.000440434 0.000311756 0.00410762 -0.000343388 -0.00205682 -0.00246342
internal_weight=2214 1512 221 1291 702 654
internal_count=2214 1512 221 1291 702 654
is_linear=0
shrinkage=0.04


Tree=74
num_leaves=7
num_cat=0
split_feature=73 101 30 8 60 74
split_gain=1.44814 1.56121 1.81421 1.70922 1.2078 0.0923847
threshold=-0.36616788350494661 0.30150020286403439 -1.1521497846016588 -1.2939403165957792 -0.40491698643014257 -0.69610439372546173
decision_type=2 2 2 2 2 2
left_child=4 3 -3 -2 -1 -6
right_child=1 2 -4 -5 5 -7
leaf_value=0.00012657688465282055 0.00040759602595469182 0.00037736616681212961 5.6377337366193174e-05 -7.8071500856939058e-05 -0.00048705746664133034 -0.00069743916958112649
leaf_weight=51 55 48 597 1145 69 249
leaf_count=51 55 48 597 1145 69 249
internal_value=-0.000404333 5.41409e-05 0.00163833 -0.00079867 -0.00268464 -0.0036
internal_weight=2214 1845 645 1200 369 318
internal_count=2214 1845 645 1200 369 318
is_linear=0
shrinkage=0.04


Tree=75
num_leaves=6
num_cat=0
split_feature=61 14 59 32 28
split_gain=1.51681 1.98222 1.3603 2.97239 1.8193
threshold=-1.2709407600026366 0.057902752510254923 0.12010273457713841 -1.4999501746352861 0.098366378436037114
decision_type=2 2 2 2 2
left_child=1 -1 4 -4 -2
right_child=2 -3 3 -5 -6
leaf_value=-2.9374594486461754e-05 7.4011664990685544e-05 0.00033297959646659959 0.00089701089209973139 -0.00027102438351748044 -0.00035229796308211146
leaf_weight=51 751 42 40 866 464
leaf_count=51 751 42 40 866 464
internal_value=-0.000440434 0.00450526 -0.000661329 -0.0018326 0.000213639
internal_weight=2214 93 2121 906 1215
internal_count=2214 93 2121 906 1215
is_linear=0
shrinkage=0.04


Tree=76
num_leaves=7
num_cat=0
split_feature=24 30 61 11 24 37
split_gain=1.46157 1.25144 1.20283 0.925277 1.25621 0.24689
threshold=0.55697829026076462 -1.7866924085660256 0.33316177328460805 -0.34758896685077961 0.86729888478659944 0.47663197694605786
decision_type=2 2 2 2 2 2
left_child=1 -1 -3 4 -2 -5
right_child=3 2 -4 5 -6 -7
leaf_value=0.00077894065743506406 -0.00034939064743881197 -1.6244378492662917e-05 0.00041359634315439771 -0.00077801093523543216 0.00055918076398217217 -9.6038779684702873e-05
leaf_weight=44 78 1569 124 279 43 77
leaf_count=44 78 1569 124 279 43 77
internal_value=-0.000440434 9.89065e-05 -7.78771e-05 -0.00239666 0.000617885 -0.003419
internal_weight=2214 1737 1693 477 121 356
internal_count=2214 1737 1693 477 121 356
is_linear=0
shrinkage=0.04


Tree=77
num_leaves=7
num_cat=0
split_feature=32 105 37 7 40 77
split_gain=1.49137 1.76283 1.46354 1.43225 0.939184 0.99668
threshold=0.34524231847529302 -0.78159521358139505 -0.90644084757634413 1.262149469854642 -0.92749846058491825 1.4337053822038286
decision_type=2 2 2 2 2 2
left_child=1 3 -3 -1 -2 -6
right_child=4 2 -4 -5 5 -7
leaf_value=0.00013705235513888998 0.00055836506184535448 0.00015641135964693877 -4.7076017216460518e-05 0.00054711925387158011 -0.00029666660503345878 0.0001959931868482677
leaf_weight=180 48 121 1170 41 603 51
leaf_count=180 48 121 1170 41 603 51
internal_value=-0.000422384 0.000285336 -0.000281517 0.00356951 -0.00194318 -0.00234146
internal_weight=2214 1512 1291 221 702 654
internal_count=2214 1512 1291 221 702 654
is_linear=0
shrinkage=0.04


Tree=78
num_leaves=8
num_cat=0
split_feature=47 61 38 35 70 107 71
split_gain=1.45821 2.09317 1.90923 1.84613 1.34719 1.66189 1.60222
threshold=-0.38434115955617021 -1.0989679638340497 -0.39999991012017877 -0.38310615354288741 0.38219023984485029 -0.60406059110251997 -0.90488324435565803
decision_type=2 2 2 2 2 2 2
left_child=1 3 -3 -1 6 -6 -2
right_child=4 2 -4 -5 5 -7 -8
leaf_value=0.00010489590133955546 0.00025821585812322011 0.0002866477392236832 -7.5875928318560031e-05 0.00065347786318962109 0.00072236464769333199 -1.4728196544455874e-06 -0.00037873149660845216
leaf_weight=45 68 160 366 41 41 436 1057
leaf_count=45 68 160 366 41 41 436 1057
internal_value=-0.000368232 0.0012899 0.000333332 0.007 -0.00100249 0.000776617 -0.00175688
internal_weight=2214 612 526 86 1602 477 1125
internal_count=2214 612 526 86 1602 477 1125
is_linear=0
shrinkage=0.04


Tree=79
num_leaves=5
num_cat=0
split_feature=40 71 30 46
split_gain=1.41164 1.59912 2.70403 1.65314
threshold=-1.0349322705343191 0.78589388621063583 -1.2846883533999038 0.047072817310382091
decision_type=2 2 2 2
left_child=-1 3 -3 -2
right_child=1 2 -4 -5
leaf_value=0.00057593638538512072 -0.00016691874291910563 0.00079424086443559427 1.3990442493517237e-05 8.506061024512005e-06
leaf_weight=45 956 41 391 781
leaf_count=45 956 41 391 781
internal_value=-0.000476535 -0.000624598 0.00154839 -0.00116619
internal_weight=2214 2169 432 1737
internal_count=2214 2169 432 1737
is_linear=0
shrinkage=0.04


Tree=80
num_leaves=8
num_cat=0
split_feature=41 108 102 83 92 91 66
split_gain=1.3638 1.54906 2.73286 1.7549 0.683972 0.737742 0.440002
threshold=0.52106810256756886 -0.18118677483030091 0.17182907801824374 1.5468789484278225 -0.61456782269043841 -0.20419222005630505 -0.7398976379807134
decision_type=2 2 2 2 2 2 2
left_child=1 2 -1 -3 5 -2 -6
right_child=4 3 -4 -5 6 -7 -8
leaf_value=0.00044401711361780185 -0.00031948323302696281 -0.00012222960731909834 -1.8255335795599426e-05 0.00052512720332928897 -6.4118584427435874e-05 0.00046509579883869442 -0.0003598168246614819
leaf_weight=255 51 1053 390 48 57 40 320
leaf_count=255 51 1053 390 48 57 40 320
internal_value=-0.000368232 0.000146452 0.00170015 -0.000765187 -0.00228085 0.000817203 -0.00302902
internal_weight=2214 1746 645 1101 468 91 377
internal_count=2214 1746 645 1101 468 91 377
is_linear=0
shrinkage=0.04


Tree=81
num_leaves=5
num_cat=0
split_feature=40 24 14 39
split_gain=1.38952 1.58718 1.48675 0.88957
threshold=-1.0349322705343191 0.46871025858774412 -0.032392567109628644 1.1742313032265166
decision_type=2 2 2 2
left_child=-1 2 -2 -3
right_child=1 3 -4 -5
leaf_value=0.00054419821672065214 -5.5856052138156079e-05 -0.00061779928799093051 8.7297089461468291e-05 8.5750911781876872e-05
leaf_weight=45 876 491 723 79
leaf_count=45 876 491 723 79
internal_value=-0.000422384 -0.000569324 7.74506e-05 -0.00237762
internal_weight=2214 2169 1599 570
internal_count=2214 2169 1599 570
is_linear=0
shrinkage=0.04


Tree=82
num_leaves=7
num_cat=0
split_feature=30 37 106 101 77 105
split_gain=1.299 1.81479 1.52043 0.893131 1.30987 1.0863
threshold=-0.04856847264146328 -0.90644084757634413 -0.49908984139835672 0.19329333759602985 0.98281999285361066 -0.075366366445392199
decision_type=2 2 2 2 2 2
left_child=1 -1 -3 4 -2 -5
right_child=3 2 -4 5 -6 -7
leaf_value=0.00025545999998722398 -0.00044783486161513539 0.00016434293267232578 -7.195378019526364e-05 -0.00012075450524904698 8.5050581028844904e-05 0.00017411891702721969
leaf_weight=64 545 181 814 330 71 209
leaf_count=64 545 181 814 330 71 209
internal_value=-0.000404333 0.000606974 0.000180541 -0.00133103 -0.00236893 -0.000140482
internal_weight=2214 1059 995 1155 616 539
internal_count=2214 1059 995 1155 616 539
is_linear=0
shrinkage=0.04


Tree=83
num_leaves=8
num_cat=0
split_feature=47 25 11 72 71 46 72
split_gain=1.34584 2.02866 2.82194 1.26465 1.53742 1.12862 0.843285
threshold=-0.38434115955617021 -0.029700711799347152 0.6055187591235901 0.16746099487600305 -0.87718578051218388 0.019836807296053301 0.38225842024819423
decision_type=2 2 2 2 2 2 2
left_child=1 2 -1 4 -2 -5 -3
right_child=3 6 -4 5 -6 -7 -8
leaf_value=3.674202446025274e-05 0.00025483419140961538 -0.00026709576566877742 0.00057914777697228481 -9.4278117861588742e-05 -0.00047694788591820232 0.00013130866187437563 0.00024481100875806811
leaf_weight=276 73 224 72 348 857 324 40
leaf_count=276 73 224 72 348 857 324 40
internal_value=-0.000368232 0.00122475 0.00322286 -0.000977557 -0.00193133 0.000344213 -0.00141353
internal_weight=2214 612 348 1602 930 672 264
internal_count=2214 612 348 1602 930 672 264
is_linear=0
shrinkage=0.04


Tree=84
num_leaves=5
num_cat=0
split_feature=40 34 105 72
split_gain=1.37486 1.33093 2.0236 1.48588
threshold=-1.0349322705343191 0.30225340525464184 -0.78159521358139505 1.2398049485197513
decision_type=2 2 2 2
left_child=-1 2 -2 -3
right_child=1 3 -4 -5
leaf_value=0.00052734437933491798 0.00021959974274028123 -0.00036959949825258765 -1.7756189009360911e-05 0.0003135714442967595
leaf_weight=45 231 682 1206 50
leaf_count=45 231 682 1206 50
internal_value=-0.000386283 -0.000532474 0.000175121 -0.00191826
internal_weight=2214 2169 1437 732
internal_count=2214 2169 1437 732
is_linear=0
shrinkage=0.04


Tree=85
num_leaves=5
num_cat=0
split_feature=40 24 71 39
split_gain=1.35302 1.38733 1.52852 1.02647
threshold=-1.0349322705343191 0.46871025858774412 3.0135383627378833 1.1742313032265166
decision_type=2 2 2 2
left_child=-1 2 -2 -3
right_child=1 3 -4 -5
leaf_value=0.00050625060416152102 -6.460629575302732e-06 -0.00055770383828977939 0.00056900798202548855 7.5495599446471907e-05
leaf_weight=45 1520 491 79 79
leaf_count=45 1520 491 79 79
internal_value=-0.000332131 -0.0004772 0.000127419 -0.00216783
internal_weight=2214 2169 1599 570
internal_count=2214 2169 1599 570
is_linear=0
shrinkage=0.04


Tree=86
num_leaves=7
num_cat=0
split_feature=73 77 35 28 58 5
split_gain=1.24533 1.75144 2.74407 1.30731 0.818957 0.0736908
threshold=-0.40618485264718845 0.93097002974768261 0.36648674908540541 -0.20503279099574681 -0.62970748974499358 -0.35253081575903006
decision_type=2 2 2 2 2 2
left_child=4 3 -3 -2 -1 -6
right_child=1 2 -4 -5 5 -7
leaf_value=0.00010576753543590458 4.6427495549044576e-05 8.7062461507050187e-05 0.00081953620639070069 -0.00011666085851115096 -0.00058219504716362921 -0.00073452082530576373
leaf_weight=45 614 247 44 1012 41 211
leaf_count=45 614 247 44 1012 41 211
internal_value=-0.000368232 6.2523e-06 0.00285324 -0.000506143 -0.00276923 -0.00365354
internal_weight=2214 1917 291 1626 297 252
internal_count=2214 1917 291 1626 297 252
is_linear=0
shrinkage=0.04


Tree=87
num_leaves=5
num_cat=0
split_feature=32 61 46 59
split_gain=1.1143 1.30393 2.41381 1.99201
threshold=-1.4999501746352861 -1.1877961235993026 -0.030590781393590758 0.14213120887654787
decision_type=2 2 2 2
left_child=-1 2 -2 -3
right_child=1 3 -4 -5
leaf_value=0.00044894941157852276 -6.7621356453759937e-05 8.3608264653688738e-06 0.00043411273506360331 -0.00035162988816173839
leaf_weight=63 71 1219 76 785
leaf_count=63 71 1219 76 785
internal_value=-0.000422384 -0.000577799 0.00303356 -0.000845465
internal_weight=2214 2151 147 2004
internal_count=2214 2151 147 2004
is_linear=0
shrinkage=0.04


Tree=88
num_leaves=8
num_cat=0
split_feature=47 14 46 108 17 7 40
split_gain=1.23798 1.76723 2.46119 1.61587 1.16019 1.64124 1.57795
threshold=-0.38434115955617021 0.61229207999175372 0.047072817310382091 -0.52536553284306142 -0.41265562148548279 -0.007088262556551185 -0.91761726271591237
decision_type=2 2 2 2 2 2 2
left_child=1 3 -3 -1 5 -2 -6
right_child=4 2 -4 -5 6 -7 -8
leaf_value=0.00036893237133112263 -0.00014517102408256061 4.6677194966631504e-05 0.00076097175735801066 -6.2506193622512122e-05 0.00049155889568151194 0.00015096888517294012 -0.00023325770821478299
leaf_weight=116 263 76 40 380 69 318 952
leaf_count=116 263 76 40 380 69 318 952
internal_value=-0.000368232 0.00115961 0.00555932 0.000112449 -0.000952619 0.000473412 -0.00176344
internal_weight=2214 612 116 496 1602 581 1021
internal_count=2214 612 116 496 1602 581 1021
is_linear=0
shrinkage=0.04


Tree=89
num_leaves=6
num_cat=0
split_feature=2 75 37 70 47
split_gain=1.35606 1.38081 1.41065 1.12289 0.748812
threshold=0.052827980772701913 -1.3117742838275099 2.1730030487454486 -1.6375894347700646 -0.47964798876830306
decision_type=2 2 2 2 2
left_child=1 -1 -3 -2 -5
right_child=3 2 -4 4 -6
leaf_value=0.00033265656092274306 0.00044179768130949435 -4.7362339923096762e-06 0.00060189141822995741 1.8209689574315876e-05 -0.00019371463711729552
leaf_weight=77 45 1061 41 217 773
leaf_count=77 45 1061 41 217 773
internal_value=-0.00031408 0.000613039 0.000246376 -0.00136934 -0.00165323
internal_weight=2214 1179 1102 1035 990
internal_count=2214 1179 1102 1035 990
is_linear=0
shrinkage=0.04


Tree=90
num_leaves=5
num_cat=0
split_feature=30 40 71 45
split_gain=1.36756 1.19602 1.95595 1.19061
threshold=-1.7866924085660256 0.54145364973266086 2.057901032930705 -1.5821625499431577
decision_type=2 2 2 2
left_child=-1 2 -2 -3
right_child=1 3 -4 -5
leaf_value=0.00066227810265913941 -8.4198639606218316e-06 9.3880494572051677e-05 0.00052424801650675684 -0.00038945814254184988
leaf_weight=45 1525 60 50 534
leaf_count=45 1525 60 50 534
internal_value=-0.000368232 -0.00051405 6.34106e-05 -0.00204027
internal_weight=2214 2169 1575 594
internal_count=2214 2169 1575 594
is_linear=0
shrinkage=0.04


Tree=91
num_leaves=7
num_cat=0
split_feature=73 108 30 89 60 75
split_gain=1.40325 1.7819 2.66875 1.3116 0.86353 0.301589
threshold=-0.36616788350494661 -0.25995488883357315 0.063187521330142882 -0.26828333866405479 -0.40491698643014257 -1.0182005169900326
decision_type=2 2 2 2 2 2
left_child=4 2 -2 -3 -1 -6
right_child=1 3 -4 -5 5 -7
leaf_value=0.00011846783203864403 0.00037901294002390688 -0.0004102498163903748 -2.2452732036734538e-05 8.4769058964974628e-06 -2.0538034210645271e-06 -0.00056916161258628822
leaf_weight=51 245 528 349 723 42 276
leaf_count=51 245 528 349 723 42 276
internal_value=-0.000332131 0.000119111 0.00191946 -0.000737431 -0.00257682 -0.00335
internal_weight=2214 1845 594 1251 369 318
internal_count=2214 1845 594 1251 369 318
is_linear=0
shrinkage=0.04


Tree=92
num_leaves=6
num_cat=0
split_feature=71 30 72 71 59
split_gain=1.2409 2.22086 1.44401 1.74985 1.06865
threshold=-0.90488324435565803 0.33459334407153357 0.11125309798222378 0.91982362061225209 -0.33558392220999067
decision_type=2 2 2 2 2
left_child=1 -1 3 -2 -4
right_child=2 -3 4 -5 -6
leaf_value=0.00030845139391207462 -0.00029956471611175062 -0.00047220512847008739 0.00026167570253042896 0.00018367509991508907 -1.2126853328750894e-05
leaf_weight=57 1029 42 288 144 654
leaf_count=57 1029 42 288 144 654
internal_value=-0.000332131 0.004 -0.000538499 -0.00147404 0.000627118
internal_weight=2214 99 2115 1173 942
internal_count=2214 99 2115 1173 942
is_linear=0
shrinkage=0.04


Tree=93
num_leaves=5
num_cat=0
split_feature=40 24 14 39
split_gain=1.35302 1.38733 1.49844 1.28447
threshold=-1.0349322705343191 0.46871025858774412 -0.032392567109628644 1.1742313032265166
decision_type=2 2 2 2
left_child=-1 2 -2 -3
right_child=1 3 -4 -5
leaf_value=0.00047287295397004873 -5.0529551253281721e-05 -0.00051247405357414877 8.9847960159901668e-05 8.6327610688772868e-05
leaf_weight=45 876 491 723 79
leaf_count=45 876 491 723 79
internal_value=-0.000332131 -0.0004772 0.000127419 -0.00216783
internal_weight=2214 2169 1599 570
internal_count=2214 2169 1599 570
is_linear=0
shrinkage=0.04


Tree=94
num_leaves=7
num_cat=0
split_feature=47 24 94 30 96 40
split_gain=1.20893 1.97931 1.49031 1.21895 1.4951 1.32055
threshold=-0.38434115955617021 -0.53337471671412928 -0.46148173374222706 -0.1003714520129053 0.0066598310257688113 -0.91761726271591237
decision_type=2 2 2 2 2 2
left_child=1 -1 -3 4 -2 -5
right_child=3 2 -4 5 -6 -7
leaf_value=0.00035853409589244766 0.00013194030111144639 -0.00035489681403761363 0.00010065496096645294 0.00047865565378763051 -0.00020966934910002951 -0.00029964474258579207
leaf_weight=49 379 139 424 63 388 772
leaf_count=49 379 139 424 63 388 772
internal_value=-0.000350181 0.00115961 0.000474335 -0.000927682 0.000223666 -0.00198327
internal_weight=2214 612 563 1602 767 835
internal_count=2214 612 563 1602 767 835
is_linear=0
shrinkage=0.04


Tree=95
num_leaves=5
num_cat=0
split_feature=32 59 77 61
split_gain=1.05722 1.35551 1.85339 1.82978
threshold=-1.6109448895841552 0.12010273457713841 0.39502403073309877 -1.1877961235993026
decision_type=2 2 2 2
left_child=-1 2 -2 -3
right_child=1 3 -4 -5
leaf_value=0.00047518229751109241 -8.509615725011595e-06 0.00016518515982503701 0.00031153502591993156 -0.00029172569721875425
leaf_weight=45 1057 149 143 820
leaf_count=45 1057 149 143 820
internal_value=-0.000404333 -0.000532474 0.000366056 -0.00164367
internal_weight=2214 2169 1200 969
internal_count=2214 2169 1200 969
is_linear=0
shrinkage=0.04


Tree=96
num_leaves=5
num_cat=0
split_feature=32 28 59 103
split_gain=1.02542 1.1356 1.67131 1.18021
threshold=-1.6109448895841552 0.057785458047535855 -0.34228458102866938 -1.5935069875990855
decision_type=2 2 2 2
left_child=-1 2 -2 -3
right_child=1 3 -4 -5
leaf_value=0.00045617500561064879 0.00026301035111636991 0.00017360600445698684 -2.5338403201484723e-05 -0.00031092953270196543
leaf_weight=45 343 84 817 925
leaf_count=45 343 84 817 925
internal_value=-0.00031408 -0.000440351 0.00041308 -0.00142038
internal_weight=2214 2169 1160 1009
internal_count=2214 2169 1160 1009
is_linear=0
shrinkage=0.04


Tree=97
num_leaves=7
num_cat=0
split_feature=73 97 31 71 70 0
split_gain=1.24533 1.19511 1.55364 1.45021 0.650226 0.00823536
threshold=-0.40618485264718845 0.48368041345212065 0.74612106450132776 2.057901032930705 -0.20130788499325977 0.57467261793898994
decision_type=2 2 2 2 2 2
left_child=4 2 -2 -3 5 -1
right_child=1 3 -4 -5 -6 -7
leaf_value=-0.00069402915259716958 7.747083551468122e-05 -0.00053439895401405325 -0.00018833676808705394 0.00053668070586912454 7.1628713510672555e-05 -0.00081245900858690351
leaf_weight=188 1232 402 232 51 69 40
leaf_count=188 1232 402 232 51 69 40
internal_value=-0.000368232 6.2523e-06 0.000562073 -0.00178462 -0.00276923 -0.00379131
internal_weight=2214 1917 1464 453 297 228
internal_count=2214 1917 1464 453 297 228
is_linear=0
shrinkage=0.04


Tree=98
num_leaves=8
num_cat=0
split_feature=47 10 97 61 2 13 1
split_gain=1.23798 1.61166 2.39544 1.51438 1.12504 1.22547 0.688617
threshold=-0.38434115955617021 -0.39846670112675336 0.13284026840315696 -1.1206375747794117 0.052827980772701913 0.96521133403852766 0.05806185868913518
decision_type=2 2 2 2 2 2 2
left_child=1 2 -1 -3 5 -2 -6
right_child=4 3 -4 -5 6 -7 -8
leaf_value=5.3258939728861693e-05 -3.3133499106870643e-05 0.00051211539881938631 0.00033680475488915028 -6.7389202712314736e-05 2.2542199129662529e-05 0.00021093953103041546 -0.00028799130008926271
leaf_weight=123 747 56 66 367 147 117 591
leaf_count=123 747 56 66 367 147 117 591
internal_value=-0.000368232 0.00115961 0.00420942 -0.000216472 -0.000952619 2.77127e-05 -0.0020973
internal_weight=2214 612 189 423 1602 864 738
internal_count=2214 612 189 423 1602 864 738
is_linear=0
shrinkage=0.04


Tree=99
num_leaves=5
num_cat=0
split_feature=40 24 14 39
split_gain=1.34577 1.26886 1.58214 1.50231
threshold=-1.0349322705343191 0.46223682089254942 0.90402613611490157 1.1742313032265166
decision_type=2 2 2 2
left_child=-1 2 -2 -3
right_child=1 3 -4 -5
leaf_value=0.00043949285265238157 -1.1015844586429054e-05 -0.00044539780564045733 0.00028119976448061324 0.0001285388123170754
leaf_weight=45 1500 500 90 79
leaf_count=45 1500 500 90 79
internal_value=-0.00031408 -0.000458776 0.000125627 -0.00205852
internal_weight=2214 2169 1590 579
internal_count=2214 2169 1590 579
is_linear=0
shrinkage=0.04


Tree=100
num_leaves=8
num_cat=0
split_feature=70 51 78 59 29 75 9
split_gain=1.20173 1.2099 1.19694 1.46043 1.30099 1.04072 0.384943
threshold=0.22520298979126765 0.70713902171486132 1.3633457372488513 0.11761680861557486 0.55749968522528726 -1.3117742838275099 -0.51150597039626544
decision_type=2 2 2 2 2 2 2
left_child=2 5 3 -1 -4 -2 -3
right_child=1 6 4 -5 -6 -7 -8
leaf_value=-1.2774410467281987e-05 0.00047175915353437882 4.1274180104193405e-05 0.00024492221234048429 -0.0008277272857882635 -5.533674812516597e-05 7.6083368845625046e-05 -0.00019816662090459941
leaf_weight=789 49 52 97 492 47 580 108
leaf_count=789 49 52 97 492 47 580 108
internal_value=-0.000386283 0.000864727 -0.00107919 -0.00146843 0.00235616 0.00165452 -0.00222222
internal_weight=2214 789 1425 1281 144 629 160
internal_count=2214 789 1425 1281 144 629 160
is_linear=0
shrinkage=0.04


Tree=101
num_leaves=8
num_cat=0
split_feature=105 34 41 72 107 71 11
split_gain=0.927789 1.64887 1.78008 1.1401 1.94523 1.00386 0.621067
threshold=-0.72862242716436787 0.27276572461553034 0.21451750480580192 0.16433708605922553 1.0000000180025095e-35 0.96883974845024479 -0.070918764411703514
decision_type=2 2 2 2 2 2 2
left_child=1 2 -1 5 -5 -2 -3
right_child=3 6 -4 4 -6 -7 -8
leaf_value=0.00010398424433753908 -0.00021909626207651894 3.8036784911637185e-05 0.0004334483912222773 0.00017084256426519895 -0.00011831602207498886 6.2342580245971287e-05 -0.00068549800237959055
leaf_weight=196 1017 40 47 345 354 117 98
leaf_count=196 1017 40 47 345 354 117 98
internal_value=-0.000548737 0.00124282 0.00321633 -0.000922072 0.000348073 -0.00170423 -0.00222857
internal_weight=2214 381 243 1833 699 1134 138
internal_count=2214 381 243 1833 699 1134 138
is_linear=0
shrinkage=0.04


Tree=102
num_leaves=5
num_cat=0
split_feature=40 47 10 13
split_gain=1.39687 1.15764 1.67943 1.08623
threshold=-1.0349322705343191 -0.38434115955617021 -0.39846670112675336 0.86866609384325122
decision_type=2 2 2 2
left_child=-1 2 -2 -3
right_child=1 3 -4 -5
leaf_value=0.00042352719966645919 0.00021380040190204053 -0.00012842854174088673 -1.4397590266717726e-05 6.434460063225451e-05
leaf_weight=45 182 1303 422 262
leaf_count=45 182 1303 422 262
internal_value=-0.000440434 -0.000587749 0.000897689 -0.00116146
internal_weight=2214 2169 604 1565
internal_count=2214 2169 604 1565
is_linear=0
shrinkage=0.04


Tree=103
num_leaves=7
num_cat=0
split_feature=29 71 40 13 44 14
split_gain=0.909091 2.18725 1.32541 1.67811 0.967062 0.75289
threshold=-1.2076918375183319 0.82479573287369601 0.57385740198481994 0.7942218240486979 1.7173756667309392 -0.46081026962098831
decision_type=2 2 2 2 2 2
left_child=1 5 3 -2 -4 -1
right_child=2 -3 4 -5 -6 -7
leaf_value=-0.00050127255673862708 -9.1329132613643732e-06 0.0006402998460393757 -0.00039229787415485793 0.00037588420673817215 0.0001856258366899331 0.00022419504344284191
leaf_weight=53 1469 41 449 79 55 68
leaf_count=53 1469 41 449 79 55 68
internal_value=-0.000476535 0.00239024 -0.000704967 -0.000123872 -0.00248221 -0.000357725
internal_weight=2214 162 2052 1548 504 121
internal_count=2214 162 2052 1548 504 121
is_linear=0
shrinkage=0.04


Tree=104
num_leaves=7
num_cat=0
split_feature=2 71 72 77 27 47
split_gain=0.983317 2.19195 1.78084 0.961251 1.23333 0.767939
threshold=0.057270017121067544 -0.90488324435565803 0.43368198001997355 1.4337053822038286 0.52307003814593134 -0.47964798876830306
decision_type=2 2 2 2 2 2
left_child=1 -1 -3 5 -5 -2
right_child=3 2 -4 4 -6 -7
leaf_value=0.00032488059531848114 6.0158528923026148e-05 -4.72731849572886e-05 0.00015016018792104839 -8.612645651163639e-05 0.00044588352309263035 -0.00021586980996885361
leaf_weight=41 194 788 359 42 40 750
leaf_count=41 194 788 359 42 40 750
internal_value=-0.000440434 0.000342856 1.04429e-05 -0.0013463 0.0027619 -0.00170825
internal_weight=2214 1188 1147 1026 82 944
internal_count=2214 1188 1147 1026 82 944
is_linear=0
shrinkage=0.04


Tree=105
num_leaves=6
num_cat=0
split_feature=83 26 37 40 23
split_gain=0.943739 1.83126 1.22268 0.992181 1.18914
threshold=-0.73085285294816837 -0.59449260099013346 -0.056604372442492633 -1.0349322705343191 0.12457297530506657
decision_type=2 2 2 2 2
left_child=1 -1 -3 -2 -5
right_child=3 2 -4 4 -6
leaf_value=-0.00084108713120878702 0.00042181518850563409 0.00031215328333306509 2.5525625574039985e-05 3.2664054201061654e-06 -0.0001233065660359037
leaf_weight=53 42 52 78 1111 878
leaf_count=53 42 52 78 1111 878
internal_value=-0.000422384 0.00231351 0.00484848 -0.000670931 -0.000801608
internal_weight=2214 183 130 2031 1989
internal_count=2214 183 130 2031 1989
is_linear=0
shrinkage=0.04


Tree=106
num_leaves=8
num_cat=0
split_feature=72 40 38 71 14 61 69
split_gain=1.12761 1.53613 1.57668 1.48966 2.53882 1.30136 1.05299
threshold=0.3632163211896357 0.090734741586249265 0.4563497094589512 0.91982362061225209 -0.21701782143062703 -1.1877961235993026 0.8178707876874769
decision_type=2 2 2 2 2 2 2
left_child=3 2 -2 5 -5 -1 -3
right_child=1 6 -4 4 -6 -7 -8
leaf_value=0.0001998922042765576 4.2440498189317897e-05 -0.0001245383810673293 0.00065681164500309085 -0.00011132322341911619 0.00033170035546390135 -0.00015518180065278979 0.00014068646885132544
leaf_weight=105 310 213 59 92 88 1254 93
leaf_count=105 310 213 59 92 88 1254 93
internal_value=-0.000386283 0.000974888 0.0027062 -0.000983778 0.00241758 -0.00143718 -0.00111688
internal_weight=2214 675 369 1539 180 1359 306
internal_count=2214 675 369 1539 180 1359 306
is_linear=0
shrinkage=0.04


Tree=107
num_leaves=7
num_cat=0
split_feature=24 108 59 39 39 72
split_gain=0.991095 1.34176 1.86042 1.08708 1.0833 0.835095
threshold=0.55697829026076462 -0.25995488883357315 -0.59336344909606953 -0.42583457507755051 1.1742313032265166 0.47610339035100457
decision_type=2 2 2 2 2 2
left_child=1 2 -1 -3 5 -2
right_child=4 3 -4 -5 -6 -7
leaf_value=0.00050695712619295923 -0.00076481750124999962 4.8273469070926094e-05 1.9628821169065437e-05 -7.7901996359262631e-05 0.00012731118189752459 2.6405965332578497e-05
leaf_weight=52 302 296 511 878 74 101
leaf_count=52 302 296 511 878 74 101
internal_value=-0.000368232 7.59047e-05 0.00167788 -0.000693879 -0.00197912 -0.00279506
internal_weight=2214 1737 563 1174 477 403
internal_count=2214 1737 563 1174 477 403
is_linear=0
shrinkage=0.04


Tree=108
num_leaves=7
num_cat=0
split_feature=2 71 72 77 27 75
split_gain=0.821653 1.39497 1.16719 0.719077 1.00238 0.59702
threshold=0.057270017121067544 -0.90488324435565803 0.43368198001997355 1.4337053822038286 0.52307003814593134 0.15644938169930292
decision_type=2 2 2 2 2 2
left_child=1 -1 -3 5 -5 -2
right_child=3 2 -4 4 -6 -7
leaf_value=0.00031717681740921102 -2.8731992851782119e-05 -4.019785220318221e-05 0.00014153463043216173 -7.7389935288626346e-05 0.00042622523502292882 -0.00029907311227629879
leaf_weight=41 605 788 359 42 40 339
leaf_count=41 605 788 359 42 40 339
internal_value=-0.000440434 0.000275629 1.04429e-05 -0.00126848 0.00228571 -0.0015814
internal_weight=2214 1188 1147 1026 82 944
internal_count=2214 1188 1147 1026 82 944
is_linear=0
shrinkage=0.04


Tree=109
num_leaves=8
num_cat=0
split_feature=108 91 99 10 89 28 53
split_gain=1.07915 1.96337 1.79842 1.66115 1.19634 2.28689 1.37335
threshold=-0.25995488883357315 -0.15700049338114633 -0.40327796015770134 0.46136853800645095 -0.26828333866405479 -0.77391353405497798 0.70000000000000007
decision_type=2 2 2 2 2 2 2
left_child=1 3 -3 -1 5 -2 -6
right_child=4 2 -4 -5 6 -7 -8
leaf_value=-0.00024876794309250464 0.00010133459083538333 0.0003608811336926994 0.00011761391464722937 0.00020274119080929617 -1.9338489583635711e-05 -0.00069366431971969872 0.00031813568883563441
leaf_weight=360 40 78 339 63 666 575 93
leaf_count=360 40 78 339 63 666 575 93
internal_value=-0.000368232 0.000760094 0.00270167 -0.00115765 -0.00105814 -0.00236629 5.25529e-06
internal_weight=2214 840 417 423 1374 615 759
internal_count=2214 840 417 423 1374 615 759
is_linear=0
shrinkage=0.04


Tree=110
num_leaves=7
num_cat=0
split_feature=0 105 43 61 2 47
split_gain=1.08846 1.06693 1.5615 1.46421 0.773118 0.495778
threshold=0.50899216371775446 -0.72862242716436787 0.35339589531960508 0.12559497444479009 -0.43512032910468562 -0.69629236015282181
decision_type=2 2 2 2 2 2
left_child=1 2 -1 -3 -2 -6
right_child=4 3 -4 -5 5 -7
leaf_value=2.231547632194438e-05 0.00027879400378863278 -8.151840102770009e-05 0.00039261866609018622 5.9659885962751946e-05 2.06363914280242e-05 -0.00019753890734749784
leaf_weight=187 46 817 84 595 69 416
leaf_count=187 46 817 84 595 69 416
internal_value=-0.000458485 4.03551e-05 0.00232967 -0.000401698 -0.00203377 -0.00250513
internal_weight=2214 1683 271 1412 531 485
internal_count=2214 1683 271 1412 531 485
is_linear=0
shrinkage=0.04


Tree=111
num_leaves=7
num_cat=0
split_feature=101 28 59 77 101 81
split_gain=1.02561 1.55155 1.23355 1.74643 1.12926 0.0741959
threshold=-0.68436505806603076 -0.70743469816550741 0.091605442504533285 -0.037978140552824696 0.19329333759602985 -0.42591809947156789
decision_type=2 2 2 2 2 2
left_child=1 -1 3 -2 -4 -3
right_child=2 5 4 -5 -6 -7
leaf_value=8.5420492444317344e-05 2.6025271979400507e-06 -0.00034589364431951804 -0.00021226363350800099 0.0002848954995753594 1.1483753182326442e-05 -0.0011745861111453798
leaf_weight=41 702 41 501 207 504 218
leaf_count=41 702 41 501 207 504 218
internal_value=-0.000350181 -0.00251656 -8.35168e-06 0.00105818 -0.000973189 -0.00366284
internal_weight=2214 300 1914 909 1005 259
internal_count=2214 300 1914 909 1005 259
is_linear=0
shrinkage=0.04


Tree=112
num_leaves=5
num_cat=0
split_feature=36 47 25 90
split_gain=1.04445 1.28541 1.58405 0.96176
threshold=-1.3998058492346417 -0.38434115955617021 -0.029700711799347152 0.32001476147292124
decision_type=2 2 2 2
left_child=-1 2 -2 -3
right_child=1 3 -4 -5
leaf_value=0.00017809673467572627 0.00017155930518010417 -1.0943915460451714e-05 -4.5596006655139569e-05 -0.00044374491976407917
leaf_weight=45 344 1046 264 515
leaf_count=45 344 1046 264 515
internal_value=-0.000368232 -0.000495625 0.00106229 -0.00110301
internal_weight=2214 2169 608 1561
internal_count=2214 2169 608 1561
is_linear=0
shrinkage=0.04


Tree=113
num_leaves=8
num_cat=0
split_feature=41 61 13 103 102 89 92
split_gain=0.864982 1.15479 1.40092 1.35556 0.94016 1.02689 0.183839
threshold=0.52106810256756886 0.31860743645419115 0.22405425931785877 -1.6682806059460968 0.22168563758294063 0.36849255119054142 -0.5832534870296221
decision_type=2 2 2 2 2 2 2
left_child=1 3 -3 -1 6 -6 -2
right_child=4 2 -4 -5 5 -7 -8
leaf_value=0.00020266749035595044 -4.704877750365628e-05 0.00042656770004735389 -5.4683999546362689e-05 -2.429287902495466e-05 -0.0001755236262538456 0.00015056130175169274 -0.00034476392583778008
leaf_weight=103 40 138 79 1426 175 40 213
leaf_count=103 40 138 79 1426 175 40 213
internal_value=-0.000332131 7.78023e-05 0.00279452 -0.000310909 -0.00185532 9.2165e-05 -0.00349804
internal_weight=2214 1746 217 1529 468 215 253
internal_count=2214 1746 217 1529 468 215 253
is_linear=0
shrinkage=0.04


Tree=114
num_leaves=5
num_cat=0
split_feature=61 8 40 83
split_gain=1.17946 1.93313 1.14847 1.18218
threshold=-1.1962967559592725 0.084628324954818687 -1.0349322705343191 -0.73537448904067959
decision_type=2 2 2 2
left_child=1 -1 -2 -4
right_child=2 -3 3 -5
leaf_value=-3.7280210552074652e-05 0.00036047349894518057 0.00029582455723006562 5.7344940483713936e-05 -3.8137437385416071e-05
leaf_weight=71 45 76 168 1854
leaf_count=71 45 76 168 1854
internal_value=-0.000404333 0.00303356 -0.000651523 -0.000794467
internal_weight=2214 147 2067 2022
internal_count=2214 147 2067 2022
is_linear=0
shrinkage=0.04


Tree=115
num_leaves=7
num_cat=0
split_feature=75 2 35 78 79 105
split_gain=0.909091 1.44541 1.00877 0.87955 1.04682 0.209632
threshold=-1.3117742838275099 0.1817517838460638 -0.31796554802227589 -0.72214273503361126 -0.61768668757024991 -0.54871594151000236
decision_type=2 2 2 2 2 2
left_child=1 2 -1 5 -5 -2
right_child=3 -3 -4 4 -6 -7
leaf_value=4.1864063593085319e-06 -5.2971774882400322e-05 -0.00020437436246980559 0.00030625273797290595 0.00016078252859993359 -2.253334563616669e-05 -0.00069667911618621263
leaf_weight=40 54 73 49 264 1584 150
leaf_count=40 54 73 49 264 1584 150
internal_value=-0.000476535 0.00239024 0.00575824 -0.000704967 -0.000428109 -0.00318447
internal_weight=2214 162 89 2052 1848 204
internal_count=2214 162 89 2052 1848 204
is_linear=0
shrinkage=0.04


Tree=116
num_leaves=7
num_cat=0
split_feature=36 53 101 37 28 66
split_gain=0.905942 2.56151 1.77369 1.83425 1.67447 0.958338
threshold=0.41193485784310729 -1.0999999999999999 0.69348183953301079 -0.22309620423606713 -0.63958609038809444 0.89411391929936057
decision_type=2 2 2 2 2 2
left_child=2 -2 4 -4 -1 -3
right_child=1 5 3 -5 -6 -7
leaf_value=0.00014835982291694052 0.00063223072613889121 -0.00068413489345551322 0.00038287378141492977 9.1460236117446201e-05 -3.841791223392064e-05 7.6124077152854097e-05
leaf_weight=185 59 455 61 254 1129 71
leaf_count=185 59 455 61 254 1129 71
internal_value=-0.000458485 -0.00180579 2.69764e-05 0.00271293 -0.000620062 -0.00269697
internal_weight=2214 585 1629 315 1314 526
internal_count=2214 585 1629 315 1314 526
is_linear=0
shrinkage=0.04


Tree=117
num_leaves=8
num_cat=0
split_feature=24 65 51 13 40 87 9
split_gain=0.912187 1.21542 1.09441 1.05709 1.21674 1.04584 0.906693
threshold=0.55697829026076462 -0.81827902659829432 -0.43434171563472196 1.0709649014902516 -0.89481867484459465 -0.04922333200820999 0.38088912744522713
decision_type=2 2 2 2 2 2 2
left_child=1 6 -3 4 -2 -5 -1
right_child=3 2 -4 5 -6 -7 -8
leaf_value=2.615603775859916e-05 0.00021932026332530035 6.450974545882286e-05 -2.5304448742177023e-05 0.00014386861407923845 -0.00060825857215009605 -0.00060268392183216715 0.00043283300688626471
leaf_weight=44 41 468 1182 40 352 44 43
leaf_count=44 41 468 1182 40 352 44 43
internal_value=-0.000350181 7.59047e-05 -0.000169492 -0.00189562 -0.00276456 0.00213953 0.00462921
internal_weight=2214 1737 1650 477 393 84 87
internal_count=2214 1737 1650 477 393 84 87
is_linear=0
shrinkage=0.04


Tree=118
num_leaves=5
num_cat=0
split_feature=70 89 53 28
split_gain=1.083 0.959606 1.30859 1.16001
threshold=-2.0259344942577617 -0.24453318208420183 -0.69999999999999984 -0.77391353405497798
decision_type=2 2 2 2
left_child=-1 3 -3 -2
right_child=1 2 -4 -5
leaf_value=0.00033812517617198503 8.0765557229078719e-05 0.0002020660181911196 -1.7733173219182848e-05 -0.00024754224761402494
leaf_weight=45 55 213 1116 785
leaf_count=45 55 213 1116 785
internal_value=-0.000476535 -0.000606173 6.31095e-05 -0.00166271
internal_weight=2214 2169 1329 840
internal_count=2214 2169 1329 840
is_linear=0
shrinkage=0.04


Tree=119
num_leaves=7
num_cat=0
split_feature=101 59 78 78 78 37
split_gain=0.909432 1.06924 1.52139 1.3559 0.439892 0.129101
threshold=-0.68436505806603076 0.091605442504533285 -0.05768696774068513 0.76391272764316176 0.5062582516828934 -0.87168563149135558
decision_type=2 2 2 2 2 2
left_child=4 2 -2 -3 5 -1
right_child=1 3 -4 -5 -6 -7
leaf_value=-4.6236647176780517e-06 0.00016258479906113048 -0.00032320427648164612 -8.4387748581368066e-05 1.4479923960591806e-05 3.8138022568261699e-05 -0.00094610844016103672
leaf_weight=42 570 636 339 369 48 210
leaf_count=42 570 636 339 369 48 210
internal_value=-0.000476535 -0.000154489 0.000838638 -0.00105263 -0.00251656 -0.0031811
internal_weight=2214 1914 909 1005 300 252
internal_count=2214 1914 909 1005 300 252
is_linear=0
shrinkage=0.04


end of trees

feature_importances:
Column_71=51
Column_72=38
Column_77=38
Column_40=33
Column_61=26
Column_30=24
Column_59=24
Column_47=21
Column_28=19
Column_78=19
Column_14=15
Column_35=15
Column_46=15
Column_32=12
Column_70=12
Column_13=11
Column_37=11
Column_108=11
Column_11=10
Column_39=10
Column_105=10
Column_2=9
Column_24=9
Column_101=9
Column_29=7
Column_41=7
Column_65=7
Column_96=7
Column_97=7
Column_103=7
Column_106=7
Column_43=6
Column_45=6
Column_73=6
Column_76=6
Column_89=6
Column_90=6
Column_1=5
Column_3=5
Column_75=5
Column_79=5
Column_8=4
Column_10=4
Column_36=4
Column_53=4
Column_60=4
Column_83=4
Column_84=4
Column_107=4
Column_17=3
Column_25=3
Column_33=3
Column_34=3
Column_38=3
Column_51=3
Column_85=3
Column_91=3
Column_0=2
Column_4=2
Column_6=2
Column_7=2
Column_9=2
Column_26=2
Column_27=2
Column_42=2
Column_66=2
Column_67=2
Column_69=2
Column_87=2
Column_92=2
Column_102=2
Column_5=1
Column_22=1
Column_23=1
Column_31=1
Column_44=1
Column_49=1
Column_58=1
Column_64=1
Column_74=1
Column_81=1
Column_94=1
Column_99=1
Column_100=1
Column_109=1

parameters:
[boosting: gbdt]
[objective: quantile]
[metric: quantile]
[tree_learner: serial]
[device_type: cpu]
[data_sample_strategy: bagging]
[data: ]
[valid: ]
[num_iterations: 120]
[learning_rate: 0.04]
[num_leaves: 15]
[num_threads: 2]
[seed: 42]
[deterministic: 0]
[force_col_wise: 0]
[force_row_wise: 0]
[histogram_pool_size: -1]
[max_depth: 3]
[min_data_in_leaf: 40]
[min_sum_hessian_in_leaf: 0.001]
[bagging_fraction: 0.85]
[pos_bagging_fraction: 1]
[neg_bagging_fraction: 1]
[bagging_freq: 0]
[bagging_seed: 400]
[bagging_by_query: 0]
[feature_fraction: 0.8]
[feature_fraction_bynode: 1]
[feature_fraction_seed: 30056]
[extra_trees: 0]
[extra_seed: 12879]
[early_stopping_round: 0]
[early_stopping_min_delta: 0]
[first_metric_only: 0]
[max_delta_step: 0]
[lambda_l1: 0]
[lambda_l2: 2]
[linear_lambda: 0]
[min_gain_to_split: 0]
[drop_rate: 0.1]
[max_drop: 50]
[skip_drop: 0.5]
[xgboost_dart_mode: 0]
[uniform_drop: 0]
[drop_seed: 17869]
[top_rate: 0.2]
[other_rate: 0.1]
[min_data_per_group: 100]
[max_cat_threshold: 32]
[cat_l2: 10]
[cat_smooth: 10]
[max_cat_to_onehot: 4]
[top_k: 20]
[monotone_constraints: ]
[monotone_constraints_method: basic]
[monotone_penalty: 0]
[feature_contri: ]
[forcedsplits_filename: ]
[refit_decay_rate: 0.9]
[cegb_tradeoff: 1]
[cegb_penalty_split: 0]
[cegb_penalty_feature_lazy: ]
[cegb_penalty_feature_coupled: ]
[path_smooth: 0]
[interaction_constraints: ]
[verbosity: -1]
[saved_feature_importance_type: 0]
[use_quantized_grad: 0]
[num_grad_quant_bins: 4]
[quant_train_renew_leaf: 0]
[stochastic_rounding: 1]
[linear_tree: 0]
[max_bin: 255]
[max_bin_by_feature: ]
[min_data_in_bin: 3]
[bin_construct_sample_cnt: 200000]
[data_random_seed: 175]
[is_enable_sparse: 1]
[enable_bundle: 1]
[use_missing: 1]
[zero_as_missing: 0]
[feature_pre_filter: 1]
[pre_partition: 0]
[two_round: 0]
[header: 0]
[label_column: ]
[weight_column: ]
[group_column: ]
[ignore_column: ]
[categorical_feature: ]
[forcedbins_filename: ]
[precise_float_parser: 0]
[parser_config_file: ]
[objective_seed: 16083]
[num_class: 1]
[is_unbalance: 0]
[scale_pos_weight: 1]
[sigmoid: 1]
[boost_from_average: 1]
[reg_sqrt: 0]
[alpha: 0.9]
[fair_c: 1]
[poisson_max_delta_step: 0.7]
[tweedie_variance_power: 1.5]
[lambdarank_truncation_level: 30]
[lambdarank_norm: 1]
[label_gain: ]
[lambdarank_position_bias_regularization: 0]
[eval_at: ]
[multi_error_top_k: 1]
[auc_mu_weights: ]
[num_machines: 1]
[local_listen_port: 12400]
[time_out: 120]
[machine_list_filename: ]
[machines: ]
[gpu_platform_id: -1]
[gpu_device_id: -1]
[gpu_device_id_list: ]
[gpu_use_dp: 0]
[num_gpu: 1]

end of parameters

pandas_categorical:null
