tree
version=v4
num_class=1
num_tree_per_iteration=1
label_index=0
max_feature_idx=109
objective=regression
feature_names=Column_0 Column_1 Column_2 Column_3 Column_4 Column_5 Column_6 Column_7 Column_8 Column_9 Column_10 Column_11 Column_12 Column_13 Column_14 Column_15 Column_16 Column_17 Column_18 Column_19 Column_20 Column_21 Column_22 Column_23 Column_24 Column_25 Column_26 Column_27 Column_28 Column_29 Column_30 Column_31 Column_32 Column_33 Column_34 Column_35 Column_36 Column_37 Column_38 Column_39 Column_40 Column_41 Column_42 Column_43 Column_44 Column_45 Column_46 Column_47 Column_48 Column_49 Column_50 Column_51 Column_52 Column_53 Column_54 Column_55 Column_56 Column_57 Column_58 Column_59 Column_60 Column_61 Column_62 Column_63 Column_64 Column_65 Column_66 Column_67 Column_68 Column_69 Column_70 Column_71 Column_72 Column_73 Column_74 Column_75 Column_76 Column_77 Column_78 Column_79 Column_80 Column_81 Column_82 Column_83 Column_84 Column_85 Column_86 Column_87 Column_88 Column_89 Column_90 Column_91 Column_92 Column_93 Column_94 Column_95 Column_96 Column_97 Column_98 Column_99 Column_100 Column_101 Column_102 Column_103 Column_104 Column_105 Column_106 Column_107 Column_108 Column_109
feature_infos=[-6.1427221678102573:6.6056146947988958] [-5.6588898773397318:5.5049293129973424] [-4.9185261326559635:4.2155394685244012] [-4.3163746392045281:3.8156594008292752] [-3.5775480003962428:2.1307348364953373] [-2.5837086314899:2.367247507995184] [-4.1930843128921991:3.9486492608024957] [-1.3721216341316511:6.6419827400596176] [-1.6713528762067218:1.6192738917666376] [-3.5397200181011272:2.1721119263439204] [-1.4973752710267278:5.2720994183115391] [-2.5083177550691653:2.1687468274073294] [-2.5482352739260454:2.4476270975196819] [-1.4717992431037379:3.9473779070794217] [-2.8885310515877212:2.6500656779366447] [-1.5558889819281922:1.604450724625236] [-1.7441037805937885:1.7767960792346247] [-0.94426986624417109:0.7654686834703045] [-0.99339928808574429:0.7730453353989778] [-0.94426986624417064:0.76546868347030439] [-2.2068239484590539:1.6466595419334698] [-3.9900062790695645:4.1050664709172882] [-3.2372370683038714:2.2701835456308443] [-2.3289149942924232:2.6009095797745512] [-2.1320274652016131:1.5669542152740585] [-2.1445925848929139:1.5505365862332776] [-3.3404026470751607:2.0090334263582545] [-1.779954911606566:1.4173610761854201] [-1.1869870221439518:3.6387429678648293] [-3.6600108860737728:4.224768253299704] [-3.6471244742421129:4.4518426763701209] [-3.0067149909925046:3.2100840293526463] [-3.1583417905361273:3.4193385914993399] [-1.9492263552195592:2.0686694949434039] [-2.1731296195260517:2.2066666799561037] [-1.7666214434960532:1.7169765609642276] [-1.768714847096222:1.7993982257263306] [-1.6140531498861579:3.8885270560870278] [-1.490335075548715:5.0771019919428255] [-1.4689669232399232:3.8230414680830802] [-1.2766416367317586:3.3873512591464645] [-1.6628586089931221:1.4520817685851775] [-1.9821593840497422:1.7310245140609002] [-1.8650465317821416:14.11103346126731] [-184.01023859052989:164.28559813439054] [-400.46063846167749:132.27688888665875] [-328.24670760910362:77.033199579686539] [-1.379710288870958:2.801593073569145] [-1.9163762477293003:1.9744078137079255] [-1.1911457577615914:9.0088830924523222] [-4.9195856915837259:4.4767811560056776] [-8.9278632493842576:6.6436896048358873] [-1:1] [-1.2:1] [0:1] [0:1] [-3.0628163986472376:4.0186019197841816] [-3.4188491581658123:2.2567637243078482] [-2.4064160399854142:1.634532718026656] [-0.92414800665838237:2.2156031150881543] [-2.1140955274320286:1.237865667669475] [-1.4155794657391554:0.33430401518229486] [-4.4851728828272917:7.8022506917707215] [-4.229988596835871:5.8381201982513948] [-2.422015692589746:4.2116958003748284] [-1.2747168346159121:4.7956737334654589] [-1.1697732307760991:7.9179212029776753] [-1.2609612373441965:2.3552454402948775] [-6.5304929783308836:6.7008864541113811] [-4.5856555246865289:3.5640022684412997] [-3.3655303466393298:3.7599283301348287] [-1.2040346916454407:3.587245598685461] [-1.8092522501184274:4.4610051698581801] [-0.76349484582925631:2.1122343951443932] [-11.4203069994579:11.191218827683667] [-6.1188262802488111:5.3358729266384044] [-3.7391390698138078:4.0682208666476694] [-0.96496672661648919:3.0322391841154586] [-2.1867324154441663:4.2068778713766681] [-1.3490054817671095:0.67975362691295738] [-3.9860604390851861:2.990072460894738] [-3.5064757495857841:3.0568840944901061] [-2.5974779577167721:1.7371570044895768] [-1.2960821470630175:3.0717148367828151] [-2.0464870156002237:1.8372871653755787] [-1.4360197288112739:0.45501099417848068] [-5.401951380428323:2.7165611185885767] [-4.1807927927800081:3.5771727708166443] [-1.9393237443565463:2.9082841776384263] [-1.4063457453639687:4.2211919948119876] [-1.7268120360859258:4.5824053471675628] [-1.5251718362770024:1.2720114224743742] [-4.3633503459699181:2.518426427552428] [-3.8184904440819789:3.5507502923508132] [-1.9625163522833811:2.6552532894904615] [-1.4481657256736999:3.9757683189496085] [-1.6117731862755256:3.9865384310525331] [-1.5522005907140148:1.2106239453651133] [-3.3702074084563836:3.6591240521871762] [-2.2511581132184109:2.7177692831382654] [-1.9575022136405407:2.0610229732782201] [-1.4675098830989211:1.9466201529428218] [-1.4515275848794758:1.9671165261289174] [-2.2766483466736775:0.61880436150205964] [-3.0989466460451309:3.291335607348767] [-2.7569063286027866:3.555139379127199] [-1.6869087446190607:2.4471717082702771] [-0.83421355684730469:2.8854097863992214] [-1.4604133192200996:2.3675688995205739] [-1.4182579237263779:0.97596059063996687]
tree_sizes=672 783 685 784 784 685 876 778 877 783 788 786 783 784 781 686 788 695 695 789 786 794 695 689 789 874 787 607 781 604 883 697 794 611 879 698 791 881 610 882 886 609 702 787 791 790 610 608 699 616 618 704 705 616 787 611 698 610 791 706 697 792 613 704 615 703 795 696 700 614 791 696 613 606 705 795 703 621 701 702 789 697 791 613 617 705 605 617 699 709 698 796 787 610 797 795 786 705 703 612 698 618 527 703 704 619 797 886 796 701 697 793 891 798 703 800 616 888 790 888

Tree=0
num_leaves=6
num_cat=0
split_feature=78 77 72 73 3
split_gain=0.55729 0.365365 0.33161 0.0320358 0.0155474
threshold=2.0045932172021206 1.7648083336221159 1.8629955467721935 0.51975145100610176 0.26427493757012716
decision_type=2 2 2 2 2
left_child=1 2 -1 4 -2
right_child=3 -3 -4 -5 -6
leaf_value=0.0031787229038354715 0.0067133890474036419 0.0064849640251839809 0.0056375114997326125 0.0048340507026644868 0.0055442136582547564
leaf_weight=1914 61 57 90 42 50
leaf_count=1914 61 57 90 42 50
internal_value=0.00355599 0.0033822 0.00329111 0.00586914 0.00623124
internal_weight=2214 2061 2004 153 111
internal_count=2214 2061 2004 153 111
is_linear=0
shrinkage=1


Tree=1
num_leaves=7
num_cat=0
split_feature=78 59 96 102 59 3
split_gain=0.517472 0.388455 0.285566 0.183136 0.103193 0.0269821
threshold=1.5058517858688358 0.15487822234674339 -0.71262842207920774 0.21585584233165492 1.3479628286782479 0.096128107983816879
decision_type=2 2 2 2 2 2
left_child=1 2 -1 -3 5 -2
right_child=4 3 -4 -5 -6 -7
leaf_value=0.0020125842128618388 0.0029389774203300478 -0.0015026388151597756 1.8901856295997279e-05 -0.00023296904665486698 0.00041901376227346753 0.0017931339355533595
leaf_weight=126 73 405 1128 330 63 89
leaf_count=126 73 405 1128 330 63 89
internal_value=3.99163e-07 -0.000205901 0.00022211 -0.000934762 0.00180984 0.00233902
internal_weight=2214 1989 1254 735 225 162
internal_count=2214 1989 1254 735 225 162
is_linear=0
shrinkage=0.04


Tree=2
num_leaves=6
num_cat=0
split_feature=78 77 72 103 6
split_gain=0.478995 0.321636 0.302364 0.0289323 0.0128328
threshold=2.0045932172021206 1.7648083336221159 2.0440253308811567 -1.5387434220270979 0.22885029531050882
decision_type=2 2 2 2 2
left_child=1 2 -1 4 -2
right_child=3 -3 -4 -5 -6
leaf_value=-0.00034769675372982577 0.0029381166068055938 0.0027506214291867564 0.0021183797505022173 0.0011660010824826631 0.001868334380944945
leaf_weight=1923 60 57 81 42 51
leaf_count=1923 60 57 81 42 51
internal_value=5.79843e-07 -0.000160545 -0.000246007 0.00214509 0.00248836
internal_weight=2214 2061 2004 153 111
internal_count=2214 2061 2004 153 111
is_linear=0
shrinkage=0.04


Tree=3
num_leaves=7
num_cat=0
split_feature=78 59 96 71 59 29
split_gain=0.447152 0.353873 0.251761 0.171417 0.0889915 0.028376
threshold=1.5058517858688358 0.15487822234674339 -0.71262842207920774 0.91982362061225209 1.3479628286782479 0.53598416402225546
decision_type=2 2 2 2 2 2
left_child=1 2 -1 -3 5 -2
right_child=4 3 -4 -5 -6 -7
leaf_value=0.0018988352487212979 0.0025634434477451746 -0.0011949905631231782 2.6853144064640156e-05 0.00031650304962041492 0.00039127944366863142 0.0013540448725484966
leaf_weight=126 107 585 1128 150 63 55
leaf_count=126 107 585 1128 150 63 55
internal_value=9.35481e-07 -0.000190837 0.000217671 -0.000886501 0.00168295 0.00217437
internal_weight=2214 1989 1254 735 225 162
internal_count=2214 1989 1254 735 225 162
is_linear=0
shrinkage=0.04


Tree=4
num_leaves=7
num_cat=0
split_feature=78 59 36 102 59 33
split_gain=0.412772 0.326264 0.254052 0.163663 0.0821509 0.0272466
threshold=1.5058517858688358 0.15487822234674339 0.2509639234573397 0.21585584233165492 1.3479628286782479 -0.80325597946121763
decision_type=2 2 2 2 2 2
left_child=1 2 -1 -3 5 -2
right_child=4 3 -4 -5 -6 -7
leaf_value=0.00071960144411991949 0.0030127258642121801 -0.0013879448683481635 -0.00042389567348087131 -0.00018793271767208352 0.0003761098339723853 0.0017325060228567299
leaf_weight=694 41 405 560 330 63 121
leaf_count=694 41 405 560 330 63 121
internal_value=1.09143e-06 -0.000183161 0.000209087 -0.000851136 0.00161715 0.0020893
internal_weight=2214 1989 1254 735 225 162
internal_count=2214 1989 1254 735 225 162
is_linear=0
shrinkage=0.04


Tree=5
num_leaves=6
num_cat=0
split_feature=78 77 72 73 3
split_gain=0.382335 0.275901 0.269762 0.0274804 0.0127487
threshold=2.0045932172021206 1.7648083336221159 1.8629955467721935 0.51975145100610176 0.26427493757012716
decision_type=2 2 2 2 2
left_child=1 2 -1 4 -2
right_child=3 -3 -4 -5 -6
leaf_value=-0.0003233091760359499 0.0026766812623966307 0.0025534720744116828 0.0018943273271535242 0.00097732383842495359 0.0016446804201516968
leaf_weight=1914 61 57 90 42 50
leaf_count=1914 61 57 90 42 50
internal_value=1.18643e-06 -0.000142767 -0.000221925 0.00191714 0.00224915
internal_weight=2214 2061 2004 153 111
internal_count=2214 2061 2004 153 111
is_linear=0
shrinkage=0.04


Tree=6
num_leaves=8
num_cat=0
split_feature=25 90 65 72 85 35 73
split_gain=0.302919 0.217823 0.226523 0.172878 0.120624 0.123222 0.0507162
threshold=0.5196217049651658 0.3593895309172811 0.040747712601302909 1.5837532022411172 0.13525447334986565 0.48728806607810288 0.3127075823978463
decision_type=2 2 2 2 2 2 2
left_child=1 2 -1 -3 5 -2 -6
right_child=4 3 -4 -5 6 -7 -8
leaf_value=0.0012034752125732937 -0.0014439280057604623 -0.00055746891543189032 5.1299702792246333e-05 0.0019983798856391451 -0.0021348166339784651 8.1456423249619543e-05 -0.00046720641138519914
leaf_weight=519 125 537 574 44 121 254 40
leaf_count=519 125 537 574 44 121 254 40
internal_value=1.47916e-06 0.000267308 0.000599597 -0.000357719 -0.000820537 -0.000426577 -0.00173132
internal_weight=2214 1674 1093 581 540 379 161
internal_count=2214 1674 1093 581 540 379 161
is_linear=0
shrinkage=0.04


Tree=7
num_leaves=7
num_cat=0
split_feature=25 26 71 85 35 73
split_gain=0.279552 0.2117 0.172959 0.111343 0.113706 0.0467661
threshold=0.5196217049651658 1.1065805775483855 2.6081102476802855 0.13525447334986565 0.48728806607810288 0.3127075823978463
decision_type=2 2 2 2 2 2
left_child=1 2 -1 4 -2 -5
right_child=3 -3 -4 5 -6 -7
leaf_value=0.0002344311888564041 -0.001387080473093844 -0.0018506610183657646 0.00181990661352145 -0.0020508124456718201 7.8223622354016696e-05 -0.00044940805018302943
leaf_weight=1486 125 71 117 121 254 40
leaf_count=1486 125 71 117 121 254 40
internal_value=1.37419e-06 0.000256745 0.000352276 -0.000788301 -0.0004098 -0.00166334
internal_weight=2214 1674 1603 540 379 161
internal_count=2214 1674 1603 540 379 161
is_linear=0
shrinkage=0.04


Tree=8
num_leaves=8
num_cat=0
split_feature=25 90 65 71 85 28 73
split_gain=0.257929 0.201095 0.220669 0.182953 0.102777 0.148728 0.0431235
threshold=0.5196217049651658 0.59973399200518018 -0.020562394981457104 2.5485616646216349 0.13525447334986565 -0.25140516689927256 0.3127075823978463
decision_type=2 2 2 2 2 2 2
left_child=1 2 -1 -3 5 -2 -6
right_child=4 3 -4 -5 6 -7 -8
leaf_value=0.0011101370047006101 -0.0017185057020513341 -0.00080448749337966243 3.9706815697071664e-05 0.0018452830438272553 -0.0019701138020652097 7.7234089344512839e-05 -0.00043228775684145236
leaf_weight=538 98 373 718 45 121 281 40
leaf_count=538 98 373 718 45 121 281 40
internal_value=1.18907e-06 0.000246485 0.000499255 -0.000511796 -0.000757331 -0.000393683 -0.00159804
internal_weight=2214 1674 1256 418 540 379 161
internal_count=2214 1674 1256 418 540 379 161
is_linear=0
shrinkage=0.04


Tree=9
num_leaves=7
num_cat=0
split_feature=78 59 96 71 59 29
split_gain=0.327248 0.282738 0.236501 0.173204 0.0628271 0.0248246
threshold=1.5058517858688358 0.091605442504533285 -0.36847791731757273 0.91982362061225209 1.3479628286782479 0.53598416402225546
decision_type=2 2 2 2 2 2
left_child=1 2 -1 -3 5 -2
right_child=4 3 -4 -5 -6 -7
leaf_value=0.0013153462296289459 0.0022134075885843658 -0.0010365688226530827 -6.3164388963484475e-05 0.0003821187538745686 0.00035372597108093598 0.0010987355667697429
leaf_weight=252 107 642 921 174 63 55
leaf_count=252 107 642 921 174 63 55
internal_value=1.07461e-06 -0.000162984 0.000234721 -0.00073386 0.00144001 0.00185298
internal_weight=2214 1989 1173 816 225 162
internal_count=2214 1989 1173 816 225 162
is_linear=0
shrinkage=0.04


Tree=10
num_leaves=7
num_cat=0
split_feature=78 106 77 16 53 29
split_gain=0.302089 0.233153 0.198481 0.0797605 0.0587436 0.0156979
threshold=1.5058517858688358 0.63478131902734403 1.7648083336221159 -0.6369969421992806 -1.0000000180025095e-35 0.55749968522528726
decision_type=2 2 2 2 2 2
left_child=1 2 -1 -3 -2 -6
right_child=4 3 -4 -5 5 -7
leaf_value=-3.8241186386727682e-05 0.00042587823213260576 -0.00015534754429574846 0.0023848153052053282 -0.0014775288325381919 0.0020846340928775526 0.0010912342124308149
leaf_weight=1584 72 104 54 247 110 43
leaf_count=1584 72 104 54 247 110 43
internal_value=1.18554e-06 -0.00015644 4.44507e-05 -0.00108887 0.0013837 0.00182313
internal_weight=2214 1989 1638 351 225 153
internal_count=2214 1989 1638 351 225 153
is_linear=0
shrinkage=0.04


Tree=11
num_leaves=7
num_cat=0
split_feature=25 26 77 28 53 107
split_gain=0.224148 0.188159 0.17173 0.0914656 0.144415 0.0429915
threshold=0.5196217049651658 1.1065805775483855 1.0186284881326866 -0.15044102292439882 -1.0999999999999999 -0.090304346568872873
decision_type=2 2 2 2 2 2
left_child=1 2 -1 5 -5 -2
right_child=3 -3 -4 4 -6 -7
leaf_value=0.00017272665004822038 -0.0024513560193672517 -0.0017567649754784902 0.001484336285541455 0.001432632312683736 -0.00070812944414792584 -0.00096954900258868122
leaf_weight=1425 55 71 178 57 348 80
leaf_count=1425 55 71 178 57 348 80
internal_value=1.29391e-06 0.000229963 0.000320038 -0.000705812 -0.000401278 -0.00160022
internal_weight=2214 1674 1603 540 405 135
internal_count=2214 1674 1603 540 405 135
is_linear=0
shrinkage=0.04


Tree=12
num_leaves=7
num_cat=0
split_feature=78 106 36 34 73 3
split_gain=0.269468 0.220764 0.204416 0.0658451 0.0247279 0.0120727
threshold=2.0045932172021206 0.63478131902734403 0.2509639234573397 -0.62315680207980784 0.51975145100610176 0.26427493757012716
decision_type=2 2 2 2 2 2
left_child=1 2 -1 -3 5 -2
right_child=4 3 -4 -5 -6 -7
leaf_value=0.00045151600773791031 0.0023253234676898472 -0.00019445051285235779 -0.00043680082623789992 -0.001356184628293281 0.00073420650304549127 0.0013594459380076912
leaf_weight=973 61 113 719 256 42 50
leaf_count=973 61 113 719 256 42 50
internal_value=1.14121e-06 -0.00011971 7.39638e-05 -0.00100339 0.00160962 0.00192201
internal_weight=2214 2061 1692 369 153 111
internal_count=2214 2061 1692 369 153 111
is_linear=0
shrinkage=0.04


Tree=13
num_leaves=7
num_cat=0
split_feature=78 59 36 102 59 21
split_gain=0.251765 0.241298 0.185879 0.127671 0.0526252 0.0198607
threshold=1.5058517858688358 0.16100219681984998 0.2509639234573397 0.21585584233165492 1.3479628286782479 0.096393066508726394
decision_type=2 2 2 2 2 2
left_child=1 2 -1 -3 5 -2
right_child=4 3 -4 -5 -6 -7
leaf_value=0.00062531139604102357 0.0021420951628436644 -0.0012098754717289805 -0.00034807794662926209 -0.00014299288062281985 0.00027117865367864188 0.001192184519636762
leaf_weight=700 73 393 566 330 63 89
leaf_count=700 73 393 566 330 63 89
internal_value=1.19965e-06 -0.000142699 0.000190268 -0.000724654 0.00126332 0.00164113
internal_weight=2214 1989 1266 723 225 162
internal_count=2214 1989 1266 723 225 162
is_linear=0
shrinkage=0.04


Tree=14
num_leaves=7
num_cat=0
split_feature=78 59 96 71 59 3
split_gain=0.232478 0.223889 0.201997 0.151016 0.0487827 0.0157164
threshold=1.5058517858688358 0.091605442504533285 -0.36847791731757273 0.91982362061225209 1.250403271260865 0.1249521591533508
decision_type=2 2 2 2 2 2
left_child=1 2 -1 -3 5 -2
right_child=4 3 -4 -5 -6 -7
leaf_value=0.0012155496111821648 0.0020389052490415787 -0.00092773420135994948 -5.8440262546552447e-05 0.00039668169531399726 0.0003163847533172705 0.0011686900136451837
leaf_weight=252 74 642 921 174 69 82
leaf_count=252 74 642 921 174 69 82
internal_value=1.24299e-06 -0.000137034 0.000216859 -0.000645043 0.00121405 0.00160207
internal_weight=2214 1989 1173 816 225 156
internal_count=2214 1989 1173 816 225 156
is_linear=0
shrinkage=0.04


Tree=15
num_leaves=6
num_cat=0
split_feature=78 77 72 73 3
split_gain=0.215661 0.186871 0.198994 0.0223975 0.0103082
threshold=2.0045932172021206 1.7648083336221159 1.8629955467721935 0.51975145100610176 0.26427493757012716
decision_type=2 2 2 2 2
left_child=1 2 -1 4 -2
right_child=3 -3 -4 -5 -6
leaf_value=-0.00025902122730391182 0.0021075987502459496 0.0021121760279382185 0.0016456061824346366 0.00061374401409094309 0.0012204489359059015
leaf_weight=1914 61 57 90 42 50
leaf_count=1914 61 57 90 42 50
internal_value=1.34309e-06 -0.000106772 -0.000171929 0.0014403 0.00173666
internal_weight=2214 2061 2004 153 111
internal_count=2214 2061 2004 153 111
is_linear=0
shrinkage=0.04


Tree=16
num_leaves=7
num_cat=0
split_feature=78 59 95 71 103 29
split_gain=0.200832 0.203945 0.189913 0.137135 0.0437936 0.013572
threshold=1.5058517858688358 0.091605442504533285 -0.041592093575514369 0.91982362061225209 -1.0399028124434933 0.55749968522528726
decision_type=2 2 2 2 2 2
left_child=1 2 -1 -3 5 -2
right_child=4 3 -4 -5 -6 -7
leaf_value=-0.00015279683458187829 0.0017833705164189012 -0.00088120814172991174 0.0009213860490609162 0.00038084896445401354 0.00035054599086288367 0.00087016081670299172
leaf_weight=777 104 642 396 174 78 43
leaf_count=777 104 642 396 174 78 43
internal_value=1.55798e-06 -0.000126964 0.000210794 -0.00061182 0.0011288 0.00153151
internal_weight=2214 1989 1173 816 225 147
internal_count=2214 1989 1173 816 225 147
is_linear=0
shrinkage=0.04


Tree=17
num_leaves=6
num_cat=0
split_feature=72 90 25 42 36
split_gain=0.180061 0.177003 0.177866 0.0497048 0.0358058
threshold=2.0440253308811567 0.80046291682312631 0.5196217049651658 0.19043865570354593 -0.21406058639698897
decision_type=2 2 2 2 2
left_child=1 2 -1 -3 -2
right_child=4 3 -4 -5 -6
leaf_value=0.00032390458343604586 0.0024662779610604047 -0.0013723955002820326 -0.00057486103891116007 -0.0003831594960662754 0.00082331473431126643
leaf_weight=1315 48 178 479 152 42
leaf_count=1315 48 178 479 152 42
internal_value=1.6138e-06 -7.33601e-05 8.35602e-05 -0.0009218 0.00173413
internal_weight=2214 2124 1794 330 90
internal_count=2214 2124 1794 330 90
is_linear=0
shrinkage=0.04


Tree=18
num_leaves=6
num_cat=0
split_feature=72 90 89 35 42
split_gain=0.166507 0.163265 0.174396 0.0459454 0.0458475
threshold=2.0440253308811567 0.80046291682312631 1.7241020694703764 -0.21491385990551887 0.19043865570354593
decision_type=2 2 2 2 2
left_child=1 2 -1 -2 -3
right_child=3 4 -4 -5 -6
leaf_value=0.00014674547730851944 0.002455810267621508 -0.0013181096260410008 -0.0022491992104798557 0.00061236166705687844 -0.00036803215742678164
leaf_weight=1746 50 178 48 40 152
leaf_count=1746 50 178 48 40 152
internal_value=1.59557e-06 -7.05012e-05 8.02066e-05 0.00166762 -0.000885351
internal_weight=2214 2124 1794 90 330
internal_count=2214 2124 1794 90 330
is_linear=0
shrinkage=0.04


Tree=19
num_leaves=7
num_cat=0
split_feature=78 72 84 88 53 29
split_gain=0.179177 0.173321 0.132739 0.087238 0.0420423 0.011662
threshold=1.5058517858688358 0.37315322138668855 0.27007529034875155 -0.1309300953058854 -1.0000000180025095e-35 0.55749968522528726
decision_type=2 2 2 2 2 2
left_child=1 2 -1 -3 -2 -6
right_child=4 3 -4 -5 5 -7
leaf_value=-9.7910380807874467e-05 0.00025950170940140614 0.00096822229141926277 -0.00093551803361730315 -1.251062268635984e-05 0.0016605618219806015 0.00081891204484014048
leaf_weight=972 72 279 438 300 110 43
leaf_count=972 72 279 438 300 110 43
internal_value=1.50573e-06 -0.00011989 -0.00035906 0.000461777 0.00106624 0.00143764
internal_weight=2214 1989 1410 579 225 153
internal_count=2214 1989 1410 579 225 153
is_linear=0
shrinkage=0.04


Tree=20
num_leaves=7
num_cat=0
split_feature=78 106 36 16 29 65
split_gain=0.166413 0.166042 0.165321 0.0632802 0.0183933 0.0113156
threshold=2.0803601529866427 0.63478131902734403 0.2509639234573397 -0.6369969421992806 -0.13099421605045178 -0.20170046476356715
decision_type=2 2 2 2 2 2
left_child=1 2 -1 -3 -2 -6
right_child=4 3 -4 -5 5 -7
leaf_value=0.00041363747594829278 0.0020255861200554216 -5.3942237853946208e-05 -0.00038214951311498472 -0.0011958087198436259 0.0013774438821798508 0.00045305180695972273
leaf_weight=991 44 111 719 258 51 40
leaf_count=991 44 111 719 258 51 40
internal_value=1.54158e-06 -8.73587e-05 7.89791e-05 -0.000854463 0.0013519 0.000989599
internal_weight=2214 2079 1710 369 135 91
internal_count=2214 2079 1710 369 135 91
is_linear=0
shrinkage=0.04


Tree=21
num_leaves=7
num_cat=0
split_feature=78 59 84 101 53 26
split_gain=0.154588 0.175203 0.163707 0.12612 0.0365328 0.0096781
threshold=1.5058517858688358 0.091605442504533285 0.27007529034875155 0.19329333759602985 -1.0000000180025095e-35 0.59145480775980686
decision_type=2 2 2 2 2 2
left_child=1 2 -1 -3 -2 -6
right_child=4 3 -4 -5 5 -7
leaf_value=0.00050658924925735043 0.00023864340527939636 -0.0010042132148717449 -0.00052818372650226307 -4.4888562701438392e-06 0.0015681538816995902 0.00083224576757342183
leaf_weight=828 72 453 345 363 102 51
leaf_count=828 72 453 345 363 102 51
internal_value=1.57514e-06 -0.000111183 0.000201863 -0.000560581 0.000990558 0.00133676
internal_weight=2214 1989 1173 816 225 153
internal_count=2214 1989 1173 816 225 153
is_linear=0
shrinkage=0.04


Tree=22
num_leaves=6
num_cat=0
split_feature=72 97 25 14 35
split_gain=0.14684 0.15173 0.149087 0.0444337 0.0439896
threshold=2.0440253308811567 0.58428496004519126 0.5196217049651658 0.50205496903988112 -0.21491385990551887
decision_type=2 2 2 2 2
left_child=1 2 -1 -3 -2
right_child=4 3 -4 -5 -6
leaf_value=0.00029746600654115474 0.0023365485335055452 -0.00065873610360237466 -0.00050774929796344617 -0.0019274926700375299 0.00053767203381063333
leaf_weight=1312 50 250 509 53 40
leaf_count=1312 50 250 509 53 40
internal_value=1.57021e-06 -6.61351e-05 7.20847e-05 -0.000891848 0.00156612
internal_weight=2214 2124 1821 303 90
internal_count=2214 2124 1821 303 90
is_linear=0
shrinkage=0.04


Tree=23
num_leaves=6
num_cat=0
split_feature=78 77 72 29 65
split_gain=0.139772 0.153437 0.139378 0.0164661 0.0104234
threshold=2.0803601529866427 1.7648083336221159 1.8629955467721935 -0.13099421605045178 -0.20170046476356715
decision_type=2 2 2 2 2
left_child=1 2 -1 -2 -5
right_child=3 -3 -4 4 -6
leaf_value=-0.00021073306473398811 0.0018748541419272837 0.0019309206984116365 0.0013829122453582544 0.0012692785958917634 0.00038659696378523392
leaf_weight=1932 44 57 90 51 40
leaf_count=1932 44 57 90 51 40
internal_value=1.51021e-06 -7.99642e-05 -0.000138503 0.00123907 0.000897944
internal_weight=2214 2079 2022 135 91
internal_count=2214 2079 2022 135 91
is_linear=0
shrinkage=0.04


Tree=24
num_leaves=7
num_cat=0
split_feature=24 71 90 79 11 53
split_gain=0.134173 0.158926 0.144777 0.119726 0.0956868 0.0370165
threshold=0.55697829026076462 2.6081102476802855 0.80046291682312631 0.38253501950082097 -0.3959454819574007 1.0000000180025095e-35
decision_type=2 2 2 2 2 2
left_child=1 2 -1 4 -2 -3
right_child=3 5 -4 -5 -6 -7
leaf_value=0.00023356111523320408 0.00079509015235128592 0.0021299303567188011 -0.00076627979441712206 -0.002188044192126164 -0.00066108831012030498 0.00063646832342319031
leaf_weight=1342 91 72 278 63 323 45
leaf_count=1342 91 72 278 63 323 45
internal_value=1.68929e-06 0.000164966 6.12502e-05 -0.000591092 -0.000338727 0.00157587
internal_weight=2214 1737 1620 477 414 117
internal_count=2214 1737 1620 477 414 117
is_linear=0
shrinkage=0.04


Tree=25
num_leaves=8
num_cat=0
split_feature=72 78 37 72 90 35 3
split_gain=0.127483 0.155732 0.118084 0.0620335 0.0817365 0.0385865 0.0111383
threshold=0.37315322138668855 1.5858784095309211 -0.7556700884800519 2.183891397627352 0.31636945446455023 -0.24490151385226652 0.073176481268211219
decision_type=2 2 2 2 2 2 2
left_child=1 2 -1 4 -2 -5 -3
right_child=3 6 -4 5 -6 -7 -8
leaf_value=0.00047127685754792765 0.00068548172001833775 0.0015710915433750912 -0.00048673632319100389 0.0023242221096920414 -0.00028589529955622443 0.00056091728963933527 0.00077769495430402458
leaf_weight=248 363 53 1171 41 222 40 76
leaf_count=248 363 53 1171 41 222 40 76
internal_value=1.62821e-06 -0.000197453 -0.000318876 0.000463563 0.000317138 0.00148795 0.00112267
internal_weight=2214 1548 1419 666 585 81 129
internal_count=2214 1548 1419 666 585 81 129
is_linear=0
shrinkage=0.04


Tree=26
num_leaves=7
num_cat=0
split_feature=25 71 72 35 71 97
split_gain=0.120764 0.125815 0.0955523 0.117391 0.0990012 0.0907091
threshold=0.12789261909044505 3.0135383627378833 0.3632163211896357 0.38505448676623705 -0.80511127248512626 0.58428496004519126
decision_type=2 2 2 2 2 2
left_child=1 5 4 -4 -2 -1
right_child=2 -3 3 -5 -6 -7
leaf_value=0.00033259211801160032 0.00092534880474424714 0.001827401854702598 -0.00072454749820753932 0.0010434970828212661 -0.00071467480890253805 -0.00054572447425031917
leaf_weight=943 63 75 98 149 653 233
leaf_count=943 63 75 98 149 653 233
internal_value=1.7659e-06 0.000260786 -0.000334561 0.000341821 -0.000568195 0.000157941
internal_weight=2214 1251 963 247 716 1176
internal_count=2214 1251 963 247 716 1176
is_linear=0
shrinkage=0.04


Tree=27
num_leaves=5
num_cat=0
split_feature=77 78 71 53
split_gain=0.117075 0.125715 0.127057 0.0331917
threshold=1.904061838496983 1.5058517858688358 0.82479573287369601 -1.0000000180025095e-35
decision_type=2 2 2 2
left_child=1 2 -1 -3
right_child=-2 3 -4 -5
leaf_value=-0.00030091666352543341 0.0018074670068121382 0.00011885045319270919 0.00053812144241736351 0.0011772347499481252
leaf_weight=1587 54 69 351 153
leaf_count=1587 54 69 351 153
internal_value=1.77266e-06 -4.5e-05 -0.000148557 0.000852276
internal_weight=2214 2160 1938 222
internal_count=2214 2160 1938 222
is_linear=0
shrinkage=0.04


Tree=28
num_leaves=7
num_cat=0
split_feature=24 71 109 79 11 91
split_gain=0.112197 0.130237 0.112357 0.10716 0.0862978 0.0227234
threshold=0.55697829026076462 3.0135383627378833 -1.1100044504349384 0.38253501950082097 -0.3959454819574007 0.3725753061099859
decision_type=2 2 2 2 2 2
left_child=1 2 -1 4 -2 -3
right_child=3 5 -4 -5 -6 -7
leaf_value=-0.0016570424263622483 0.00077496316083030951 0.00093790435687054032 0.00013517583668581212 -0.0020509624861610623 -0.00060780532522700158 0.0023253020515866495
leaf_weight=56 91 41 1598 63 323 42
leaf_count=56 91 41 1598 63 323 42
internal_value=1.82235e-06 0.000151131 7.25682e-05 -0.000540246 -0.000301599 0.00167816
internal_weight=2214 1737 1654 477 414 83
internal_count=2214 1737 1654 477 414 83
is_linear=0
shrinkage=0.04


Tree=29
num_leaves=5
num_cat=0
split_feature=77 78 106 29
split_gain=0.10735 0.114466 0.113623 0.0148056
threshold=1.904061838496983 2.0803601529866427 0.67213906130385848 -0.13099421605045178
decision_type=2 2 2 2
left_child=1 2 -1 -3
right_child=-2 3 -4 -5
leaf_value=1.6739775454839664e-05 0.001730816346327109 0.0016751511338288368 -0.00078105155281792929 0.00075653711793273297
leaf_weight=1683 54 44 342 91
leaf_count=1683 54 44 342 91
internal_value=1.74432e-06 -4.30436e-05 -0.000118636 0.00107602
internal_weight=2214 2160 2025 135
internal_count=2214 2160 2025 135
is_linear=0
shrinkage=0.04


Tree=30
num_leaves=8
num_cat=0
split_feature=72 36 89 79 94 47 63
split_gain=0.106073 0.127117 0.118569 0.0852707 0.0544805 0.0757495 0.0410014
threshold=0.37315322138668855 0.28283236607985585 1.7241020694703764 0.25807511934307859 -0.072436410585491481 0.92744062870030997 -0.87801439441080997
decision_type=2 2 2 2 2 2 2
left_child=1 2 -1 -3 5 -2 -6
right_child=4 3 -4 -5 6 -7 -8
leaf_value=0.00017532618669991579 0.0011298140383786954 -0.00038394301813503859 -0.0018028684213355767 -0.0015551340474436683 -0.0010216168492556887 -0.00035980714983503584 0.00024688318878255013
leaf_weight=980 246 386 49 133 45 69 306
leaf_count=980 246 386 49 133 45 69 306
internal_value=1.79722e-06 -0.000179799 7.78119e-05 -0.000688892 0.000423161 0.000803305 7.93882e-05
internal_weight=2214 1548 1029 519 666 315 351
internal_count=2214 1548 1029 519 666 315 351
is_linear=0
shrinkage=0.04


Tree=31
num_leaves=6
num_cat=0
split_feature=72 97 106 35 14
split_gain=0.0997283 0.116366 0.0959586 0.0354364 0.0312846
threshold=2.0440253308811567 0.68509775661851247 1.2115336143443776 -0.21491385990551887 0.51334693220084526
decision_type=2 2 2 2 2
left_child=1 2 -1 -2 -3
right_child=3 4 -4 -5 -6
leaf_value=0.00011822957790955206 0.0019812742815478344 -0.00063846279391921229 -0.0012497137477188263 0.00037481242835166905 -0.0018051966968113961
leaf_weight=1785 50 211 84 40 44
leaf_count=1785 50 211 84 40 44
internal_value=1.59641e-06 -5.42007e-05 5.54788e-05 0.00129096 -0.000852263
internal_weight=2214 2124 1869 90 255
internal_count=2214 2124 1869 90 255
is_linear=0
shrinkage=0.04


Tree=32
num_leaves=7
num_cat=0
split_feature=24 109 108 79 11 95
split_gain=0.0968755 0.112753 0.148655 0.0942167 0.0881847 0.0165932
threshold=0.55697829026076462 -1.1100044504349384 -0.30840846677565198 0.29005764566672548 -0.3959454819574007 -0.40317542877389051
decision_type=2 2 2 2 2 2
left_child=1 -1 -3 4 -2 -5
right_child=3 2 -4 5 -6 -7
leaf_value=-0.0015941349921169982 0.00086787096368609346 0.00079497510774520681 -3.7569959117804897e-05 -0.0023119165870316683 -0.00056067371363102139 -0.0010774026815454627
leaf_weight=56 87 478 1203 40 309 41
leaf_count=56 87 478 1203 40 309 41
internal_value=1.48854e-06 0.000140228 0.000199831 -0.000502208 -0.000244043 -0.00172806
internal_weight=2214 1737 1681 477 396 81
internal_count=2214 1737 1681 477 396 81
is_linear=0
shrinkage=0.04


Tree=33
num_leaves=5
num_cat=0
split_feature=77 78 59 53
split_gain=0.0938865 0.101924 0.108792 0.02951
threshold=1.904061838496983 1.5058517858688358 0.091605442504533285 -1.0000000180025095e-35
decision_type=2 2 2 2
left_child=1 2 -1 -3
right_child=-2 3 -4 -5
leaf_value=0.00012091764539532684 0.0016183036026944007 7.6893908824299424e-05 -0.00048580060875557231 0.0010736902870027529
leaf_weight=1125 54 69 813 153
leaf_count=1125 54 69 813 153
internal_value=1.28752e-06 -4.05975e-05 -0.000133842 0.000767328
internal_weight=2214 2160 1938 222
internal_count=2214 2160 1938 222
is_linear=0
shrinkage=0.04


Tree=34
num_leaves=8
num_cat=0
split_feature=72 78 84 88 47 42 3
split_gain=0.0921569 0.107682 0.0950456 0.0514353 0.0748039 0.0665001 0.0100179
threshold=0.37315322138668855 1.5858784095309211 0.27007529034875155 -0.12726107479189219 0.92744062870030997 0.57485810674107285 0.073176481268211219
decision_type=2 2 2 2 2 2 2
left_child=1 2 -1 4 -2 -5 -3
right_child=3 6 -4 5 -6 -7 -8
leaf_value=-4.8632163410989707e-05 0.0010956852722886308 0.0013506553498181431 -0.00075498168553348149 -0.00022396726111195372 -0.0004033186938782371 0.0010832397814374418 0.00060921934510891642
leaf_weight=978 242 53 441 279 67 78 76
leaf_count=978 242 53 441 279 67 78 76
internal_value=1.32281e-06 -0.000167943 -0.000268907 0.000394076 0.000770155 6.60846e-05 0.00092981
internal_weight=2214 1548 1419 666 309 357 129
internal_count=2214 1548 1419 666 309 357 129
is_linear=0
shrinkage=0.04


Tree=35
num_leaves=6
num_cat=0
split_feature=72 97 71 43 14
split_gain=0.0873284 0.100378 0.0854136 0.0304235 0.0279399
threshold=2.0440253308811567 0.68509775661851247 -0.87718578051218388 0.26053405448852424 0.51334693220084526
decision_type=2 2 2 2 2
left_child=1 2 -1 -2 -3
right_child=3 4 -4 -5 -6
leaf_value=0.0011650312398202144 0.00042586333229732904 -0.00059020269105753082 -1.452900761766602e-05 0.0019070504848302031 -0.0016922971857306751
leaf_weight=102 44 211 1767 46 44
leaf_count=102 44 211 1767 46 44
internal_value=1.36766e-06 -5.08454e-05 5.10216e-05 0.00120791 -0.000792058
internal_weight=2214 2124 1869 90 255
internal_count=2214 2124 1869 90 255
is_linear=0
shrinkage=0.04


Tree=36
num_leaves=7
num_cat=0
split_feature=25 26 101 28 53 71
split_gain=0.0854538 0.12047 0.0979676 0.0839879 0.129095 0.0603811
threshold=0.5196217049651658 1.1065805775483855 -0.47630323568811278 -0.25140516689927256 -1.0999999999999999 -0.21258338868471352
decision_type=2 2 2 2 2 2
left_child=1 2 -1 5 -5 -2
right_child=3 -3 -4 4 -6 -7
leaf_value=-0.00038310583045392341 -0.00046930664853240915 -0.0014469949190651565 0.00037774144371732754 0.0015519520806459089 -0.00045004120949004357 -0.0022836901048608757
leaf_weight=343 61 71 1260 58 364 57
leaf_count=343 61 71 1260 58 364 57
internal_value=1.3563e-06 0.000142546 0.000214666 -0.000435244 -0.000168863 -0.0013692
internal_weight=2214 1674 1603 540 422 118
internal_count=2214 1674 1603 540 422 118
is_linear=0
shrinkage=0.04


Tree=37
num_leaves=8
num_cat=0
split_feature=36 106 72 35 66 77 79
split_gain=0.087359 0.108473 0.103375 0.221364 0.0873836 0.084199 0.0828293
threshold=0.28283236607985585 0.40291387559154335 0.15423367790699674 0.38505448676623705 0.8562987087739945 -0.77769149554397832 0.25807511934307859
decision_type=2 2 2 2 2 2 2
left_child=1 5 6 -4 -3 -1 -2
right_child=2 4 3 -5 -6 -7 -8
leaf_value=-0.0011400238084880744 -0.00043050262365991048 -0.00060591092539750762 -0.0021892447472188852 0.00077239490850858957 0.00045612328556118251 0.00053427678069137014 -0.0017195863785253516
leaf_weight=49 352 379 47 228 182 875 102
leaf_count=49 352 379 47 228 182 875 102
internal_value=1.19001e-06 0.000177198 -0.00035685 0.000254072 -0.000260969 0.000443218 -0.000726392
internal_weight=2214 1485 729 275 561 924 454
internal_count=2214 1485 729 275 561 924 454
is_linear=0
shrinkage=0.04


Tree=38
num_leaves=5
num_cat=0
split_feature=77 101 67 61
split_gain=0.0829715 0.0883868 0.110853 0.102174
threshold=1.904061838496983 0.18717184573514331 -0.99092579115081347 0.22772230035590835
decision_type=2 2 2 2
left_child=1 3 -3 -1
right_child=-2 2 -4 -5
leaf_value=-0.00051550859954076374 0.0015211040599803841 -0.0014336284555068587 0.00035644749609736764 0.00027938637814536415
leaf_weight=825 54 57 903 375
leaf_count=825 54 57 903 375
internal_value=9.86365e-07 -3.83885e-05 0.000247402 -0.000267052
internal_weight=2214 2160 960 1200
internal_count=2214 2160 960 1200
is_linear=0
shrinkage=0.04


Tree=39
num_leaves=8
num_cat=0
split_feature=24 101 64 101 40 38 11
split_gain=0.0779671 0.0932361 0.134167 0.0705402 0.0665632 0.0750674 0.0621483
threshold=0.55697829026076462 0.18717184573514331 -0.49634665351431656 1.6965678776879307 0.83397955311483851 0.40401100017081815 0.28661659879928025
decision_type=2 2 2 2 2 2 2
left_child=1 2 -1 -3 5 -2 -6
right_child=4 3 -4 -5 6 -7 -8
leaf_value=0.00072143442818648092 -0.00057667172773978972 0.00056679726111778577 -0.00037415778886521015 -0.0011063543750449668 -0.00039996223895751097 0.000640193326031103 -0.0025607865277145593
leaf_weight=230 280 687 779 41 45 112 40
leaf_count=230 280 687 779 41 45 112 40
internal_value=9.54414e-07 0.00012542 -0.000123486 0.000469795 -0.00045092 -0.000227511 -0.00145231
internal_weight=2214 1737 1009 728 477 392 85
internal_count=2214 1737 1009 728 477 392 85
is_linear=0
shrinkage=0.04


Tree=40
num_leaves=8
num_cat=0
split_feature=36 53 106 72 35 79 46
split_gain=0.0780691 0.0941512 0.111933 0.0927438 0.201772 0.0731303 0.0477544
threshold=0.28283236607985585 -0.89999999999999991 1.2115336143443776 0.15423367790699674 0.36648674908540541 0.25807511934307859 0.37517209560218728
decision_type=2 2 2 2 2 2 2
left_child=1 6 -3 5 -5 -2 -1
right_child=3 2 -4 4 -6 -7 -8
leaf_value=-0.00022888755848355318 -0.00040962148653805359 0.00039141593468163178 -0.0012332489102199261 -0.0022471537450804713 0.00070480365933295579 -0.0016209553612861784 -0.0015480014705099166
leaf_weight=160 352 1196 70 42 233 102 59
leaf_count=160 352 1196 70 42 233 102 59
internal_value=8.04705e-07 0.000167192 0.000299781 -0.000337662 0.00024099 -0.000687687 -0.000595058
internal_weight=2214 1485 1266 729 275 454 219
internal_count=2214 1485 1266 729 275 454 219
is_linear=0
shrinkage=0.04


Tree=41
num_leaves=5
num_cat=0
split_feature=71 77 103 17
split_gain=0.0763146 0.0794528 0.0779341 0.0472578
threshold=3.0135383627378833 1.904061838496983 -1.6682806059460968 0.37005172428335081
decision_type=2 2 2 2
left_child=1 2 -1 -2
right_child=3 -3 -4 -5
leaf_value=0.00082950073980087285 0.0016544390347033706 0.0014761936706754397 -0.00015801614215971832 -6.5881335841757915e-05
leaf_weight=135 68 51 1920 40
leaf_count=135 68 51 1920 40
internal_value=5.48988e-07 -5.30489e-05 -9.23993e-05 0.00102767
internal_weight=2214 2106 2055 108
internal_count=2214 2106 2055 108
is_linear=0
shrinkage=0.04


Tree=42
num_leaves=6
num_cat=0
split_feature=71 90 73 36 17
split_gain=0.0706667 0.0736998 0.102248 0.0499127 0.0426704
threshold=2.9464604070579115 0.3593895309172811 0.29432180210880138 -0.63145941292177155 0.40282098238255309
decision_type=2 2 2 2 2
left_child=1 2 -1 -3 -2
right_child=4 3 -4 -5 -6
leaf_value=-0.00010403389402826524 0.0014879769140108831 0.00020508687836280485 0.00064827625274043799 -0.00058096649338219299 -0.00011025295659367527
leaf_weight=996 77 170 405 526 40
leaf_count=996 77 170 405 526 40
internal_value=6.61911e-07 -5.3098e-05 0.000114057 -0.000388933 0.000948904
internal_weight=2214 2097 1401 696 117
internal_count=2214 2097 1401 696 117
is_linear=0
shrinkage=0.04


Tree=43
num_leaves=7
num_cat=0
split_feature=70 78 84 30 35 3
split_gain=0.0681034 0.0825556 0.091253 0.056811 0.0420278 0.00608672
threshold=0.22520298979126765 1.9217832509779609 0.27007529034875155 -1.5050913408151863 0.56445245679938194 0.26427493757012716
decision_type=2 2 2 2 2 2
left_child=1 2 -1 -2 -5 -3
right_child=3 5 -4 4 -6 -7
leaf_value=-2.0441393871796164e-05 0.0016793260665403473 0.0012572483964921797 -0.00073128335995681804 6.6632626274573063e-05 0.00082339597087710689 0.00058991244358017308
leaf_weight=903 43 49 423 602 144 50
leaf_count=903 43 49 423 602 144 50
internal_value=6.91253e-07 -0.000164331 -0.000247963 0.000298396 0.000214521 0.000938565
internal_weight=2214 1425 1326 789 746 99
internal_count=2214 1425 1326 789 746 99
is_linear=0
shrinkage=0.04


Tree=44
num_leaves=7
num_cat=0
split_feature=36 53 28 72 10 44
split_gain=0.0703123 0.0867391 0.0859153 0.0845133 0.0525564 0.0173548
threshold=0.28283236607985585 -1.0999999999999999 -0.71937386983379159 1.8629955467721935 -0.53608748447360755 0.20263253594259503
decision_type=2 2 2 2 2 2
left_child=2 -2 5 -4 -3 -1
right_child=1 4 3 -5 -6 -7
leaf_value=0.001559551285688455 0.00093334181853157441 -0.0011259223064500222 -7.0667229496910211e-06 0.0013828200071647361 -0.00027315729399359244 0.00053858063149770416
leaf_weight=73 77 149 1294 72 503 46
leaf_count=73 77 149 1294 72 503 46
internal_value=7.95905e-07 -0.000320417 0.000158701 6.81069e-05 -0.000470885 0.00118032
internal_weight=2214 729 1485 1366 652 119
internal_count=2214 729 1485 1366 652 119
is_linear=0
shrinkage=0.04


Tree=45
num_leaves=7
num_cat=0
split_feature=36 61 53 66 47 14
split_gain=0.0648669 0.0858198 0.0800714 0.0794352 0.0691225 0.0519196
threshold=0.28283236607985585 0.27779500054703149 -1.0999999999999999 0.8562987087739945 0.57532934672398517 1.6553836580153396
decision_type=2 2 2 2 2 2
left_child=1 3 -2 -1 -3 -4
right_child=2 4 5 -5 -6 -7
leaf_value=-0.00017058627472591018 0.00089695329754318608 0.0011555925374827577 -0.00054532213462345745 0.0005672938018426813 -0.00048971309975828401 0.00089605076428026301
leaf_weight=925 77 200 611 310 50 41
leaf_count=925 77 200 611 310 50 41
internal_value=8.72665e-07 0.00015254 -0.000307651 1.52483e-05 0.000825256 -0.000452221
internal_weight=2214 1485 729 1235 250 652
internal_count=2214 1485 729 1235 250 652
is_linear=0
shrinkage=0.04


Tree=46
num_leaves=5
num_cat=0
split_feature=67 61 28 101
split_gain=0.0641443 0.0777813 0.109447 0.10942
threshold=-0.99092579115081347 0.22772230035590835 0.55793740698653227 0.18717184573514331
decision_type=2 2 2 2
left_child=-1 3 -3 -2
right_child=1 2 -4 -5
leaf_value=-0.001300323030564113 -0.00042326440414056982 0.00069568912754802063 -0.00051230395999488142 0.00026182688694864842
leaf_weight=57 843 491 157 666
leaf_count=57 843 491 157 666
internal_value=9.2116e-07 3.648e-05 0.000402336 -0.000120952
internal_weight=2214 2157 648 1509
internal_count=2214 2157 648 1509
is_linear=0
shrinkage=0.04


Tree=47
num_leaves=5
num_cat=0
split_feature=77 71 103 14
split_gain=0.0624708 0.0664696 0.0680812 0.0416892
threshold=1.904061838496983 3.0135383627378833 -1.6682806059460968 -0.5035259005157201
decision_type=2 2 2 2
left_child=1 2 -1 -3
right_child=-2 3 -4 -5
leaf_value=0.00077779099138293852 0.0013198584151853407 0.0001646902800227205 -0.00014518981805788247 0.0017510657120818416
leaf_weight=135 54 55 1920 50
leaf_count=135 54 55 1920 50
internal_value=8.38163e-07 -3.33278e-05 -8.38588e-05 0.000938717
internal_weight=2214 2160 2055 105
internal_count=2214 2160 2055 105
is_linear=0
shrinkage=0.04


Tree=48
num_leaves=6
num_cat=0
split_feature=106 77 90 59 47
split_gain=0.0613189 0.0804402 0.0699219 0.0552596 0.0323293
threshold=1.2115336143443776 1.0186284881326866 0.92890755603655772 1.1209449408660959 0.1986055163932052
decision_type=2 2 2 2 2
left_child=1 2 -1 -3 -2
right_child=4 3 -4 -5 -6
leaf_value=5.8236109974018359e-05 -0.0013788071748996645 0.001361227871912743 -0.00068990995779624298 3.4058593537951452e-05 2.4883234097311894e-05
leaf_weight=1671 74 117 225 87 40
leaf_count=1671 74 117 225 87 40
internal_value=9.44284e-07 5.03505e-05 -3.11805e-05 0.000801055 -0.000894347
internal_weight=2214 2100 1896 204 114
internal_count=2214 2100 1896 204 114
is_linear=0
shrinkage=0.04


Tree=49
num_leaves=5
num_cat=0
split_feature=36 40 90 103
split_gain=0.0598037 0.0613485 0.126003 0.0674664
threshold=-1.3773626130866556 -0.29295261749623042 0.60620530611454138 -1.6682806059460968
decision_type=2 2 2 2
left_child=-1 2 -2 -3
right_child=1 3 -4 -5
leaf_value=0.0012914410657166237 0.0005192491019402226 0.00075222222321136886 -0.0010021856162715161 -0.00025239217840696855
leaf_weight=54 565 114 101 1380
leaf_count=54 565 114 101 1380
internal_value=8.85203e-07 -3.25435e-05 0.000286211 -0.000174832
internal_weight=2214 2160 666 1494
internal_count=2214 2160 666 1494
is_linear=0
shrinkage=0.04


Tree=50
num_leaves=5
num_cat=0
split_feature=67 61 33 28
split_gain=0.0582537 0.0697627 0.103078 0.0974563
threshold=-0.99092579115081347 0.22772230035590835 -0.59830261702845899 0.55793740698653227
decision_type=2 2 2 2
left_child=-1 2 -2 -3
right_child=1 3 -4 -5
leaf_value=-0.0012391596266968271 0.00050146560033993584 0.00065808283857921891 -0.00029125252689886344 -0.00048182555114112375
leaf_weight=57 336 491 1173 157
leaf_count=57 336 491 1173 157
internal_value=8.97027e-07 3.47838e-05 -0.000114313 0.000381269
internal_weight=2214 2157 1509 648
internal_count=2214 2157 1509 648
is_linear=0
shrinkage=0.04


Tree=51
num_leaves=6
num_cat=0
split_feature=109 108 89 25 41
split_gain=0.0590596 0.0849487 0.0776823 0.0601166 0.0515848
threshold=-1.0607046190472342 -0.2980044889386621 -0.27843476317117927 0.30560067627721671 0.14101154430786625
decision_type=2 2 2 2 2
left_child=4 3 -3 -2 -1
right_child=1 2 -4 -5 -6
leaf_value=-0.0020047911343186401 0.0007253879139181718 -0.00046546422823778659 0.00013068612120147144 -1.0294319871276395e-05 -7.4331810974399563e-05
leaf_weight=41 396 633 777 321 46
leaf_count=41 396 633 777 321 46
internal_value=8.30362e-07 4.30315e-05 -0.000137228 0.000396911 -0.0010087
internal_weight=2214 2127 1410 717 87
internal_count=2214 2127 1410 717 87
is_linear=0
shrinkage=0.04


Tree=52
num_leaves=6
num_cat=0
split_feature=106 36 39 38 73
split_gain=0.0554631 0.0703118 0.0719299 0.0662065 0.0250886
threshold=1.2115336143443776 0.089855345726320909 -0.32023797722463226 -0.23568941888506198 0.35632347802895042
decision_type=2 2 2 2 2
left_child=1 2 -1 -3 -2
right_child=4 3 -4 -5 -6
leaf_value=0.0007571229976168401 -0.001429815093386855 -0.00058574002115050264 5.5778149972495943e-05 7.9326051970302606e-05 -0.00024281303721906272
leaf_weight=331 57 410 788 571 57
leaf_count=331 57 410 788 571 57
internal_value=7.3582e-07 4.77239e-05 0.000264217 -0.000199258 -0.000850733
internal_weight=2214 2100 1119 981 114
internal_count=2214 2100 1119 981 114
is_linear=0
shrinkage=0.04


Tree=53
num_leaves=5
num_cat=0
split_feature=109 108 95 85
split_gain=0.053937 0.0689876 0.0638906 0.0519388
threshold=-1.1406547290749074 -0.2980044889386621 -0.037307547023600715 -0.18002022696920664
decision_type=2 2 2 2
left_child=-1 3 -3 -2
right_child=1 2 -4 -5
leaf_value=-0.0012249649151427936 1.8910652709407953e-05 -0.00039331169109573237 0.00014477208619204191 0.00068415100792311651
leaf_weight=54 387 726 684 363
leaf_count=54 387 726 684 363
internal_value=6.5707e-07 3.24025e-05 -0.000132448 0.00034185
internal_weight=2214 2160 1410 750
internal_count=2214 2160 1410 750
is_linear=0
shrinkage=0.04


Tree=54
num_leaves=7
num_cat=0
split_feature=24 71 14 79 11 65
split_gain=0.0530792 0.0751328 0.0642767 0.0595285 0.0659658 0.0286572
threshold=0.55697829026076462 2.6081102476802855 -0.42372243354097111 0.38253501950082097 -0.3959454819574007 1.2457491451168721
decision_type=2 2 2 2 2 2
left_child=1 2 -1 4 -2 -3
right_child=3 5 -4 -5 -6 -7
leaf_value=-0.00036118458634734716 0.00074608602190530436 0.0017350456467829646 0.00019304159424475784 -0.001498065074475912 -0.00046250459032251876 0.00047032392508565232
leaf_weight=470 91 54 1150 63 323 63
leaf_count=470 91 54 1150 63 323 63
internal_value=6.0297e-07 0.0001033 3.20005e-05 -0.000372238 -0.000194538 0.00107339
internal_weight=2214 1737 1620 477 414 117
internal_count=2214 1737 1620 477 414 117
is_linear=0
shrinkage=0.04


Tree=55
num_leaves=5
num_cat=0
split_feature=36 28 109 36
split_gain=0.052936 0.0548947 0.0627914 0.0557858
threshold=-1.3773626130866556 -0.68734369162627529 -1.0154268534196078 0.35137885014043524
decision_type=2 2 2 2
left_child=-1 3 -3 -2
right_child=1 2 -4 -5
leaf_value=0.0012148031929973514 0.00098137124954985494 -0.0011563812638632953 -5.06359930842703e-05 -0.00036297337788361291
leaf_weight=54 154 84 1851 71
leaf_count=54 154 84 1851 71
internal_value=6.08553e-07 -3.0842e-05 -9.97818e-05 0.000557695
internal_weight=2214 2160 1935 225
internal_count=2214 2160 1935 225
is_linear=0
shrinkage=0.04


Tree=56
num_leaves=6
num_cat=0
split_feature=106 77 97 59 47
split_gain=0.0511757 0.0651588 0.0570845 0.0438856 0.0301342
threshold=1.2115336143443776 1.0186284881326866 0.58428496004519126 1.1209449408660959 0.1986055163932052
decision_type=2 2 2 2 2
left_child=1 2 -1 -3 -2
right_child=4 3 -4 -5 -6
leaf_value=6.2587499036666349e-05 -0.0012850554794146629 0.0012205971211210645 -0.00056058248898585919 3.769455058369367e-05 6.8060809779646139e-05
leaf_weight=1623 74 117 273 87 40
leaf_count=1623 74 117 273 87 40
internal_value=6.06819e-07 4.57423e-05 -2.76372e-05 0.000721388 -0.00081729
internal_weight=2214 2100 1896 204 114
internal_count=2214 2100 1896 204 114
is_linear=0
shrinkage=0.04


Tree=57
num_leaves=5
num_cat=0
split_feature=73 67 101 20
split_gain=0.0517609 0.0534983 0.057833 0.0148249
threshold=-0.6206804271550822 -0.99092579115081347 0.26569738510009905 0.15423829122907864
decision_type=2 2 2 2
left_child=3 -2 -3 -1
right_child=1 2 -4 -5
leaf_value=-0.00037603578904444088 -0.0011484083070782787 -8.6977625251089745e-05 0.00035148642778133675 -0.0014543315079683214
leaf_weight=40 57 1317 756 44
leaf_count=40 57 1317 756 44
internal_value=5.66057e-07 3.93748e-05 7.311e-05 -0.000961544
internal_weight=2214 2130 2073 84
internal_count=2214 2130 2073 84
is_linear=0
shrinkage=0.04


Tree=58
num_leaves=7
num_cat=0
split_feature=36 59 95 78 1 98
split_gain=0.0502114 0.0575255 0.0995664 0.0797128 0.019912 0.00942371
threshold=-1.1724826026970192 0.091605442504533285 -0.037307547023600715 1.3633457372488513 -0.20593608479171963 -0.1238312743608882
decision_type=2 2 2 2 2 2
left_child=4 2 -2 -3 5 -1
right_child=1 3 -4 -5 -6 -7
leaf_value=0.00064972321652541202 -0.00012103668441307724 -0.00046381875572297574 0.00066827183574976335 0.00044231576638353268 8.7851999585140256e-05 0.0015599204272811495
leaf_weight=40 760 751 383 194 45 41
leaf_count=40 760 751 383 194 45 41
internal_value=4.45428e-07 -4.6654e-05 0.000144153 -0.000277256 0.000769484 0.00113693
internal_weight=2214 2088 1143 945 126 81
internal_count=2214 2088 1143 945 126 81
is_linear=0
shrinkage=0.04


Tree=59
num_leaves=6
num_cat=0
split_feature=72 97 71 35 102
split_gain=0.0481047 0.0585562 0.0605154 0.0287302 0.0236644
threshold=2.0440253308811567 0.58428496004519126 -0.87718578051218388 -0.21491385990551887 -0.0091367668460020524
decision_type=2 2 2 2 2
left_child=1 2 -1 -2 -3
right_child=3 4 -4 -5 -6
leaf_value=0.0009992440296339891 0.0015160827267055327 -0.00082921052505782354 -8.1638581448676858e-06 8.5652540437877175e-05 -0.0001026709217719045
leaf_weight=99 50 186 1722 40 117
leaf_count=99 50 186 1722 40 117
internal_value=5.29533e-07 -3.82221e-05 4.76408e-05 0.000896019 -0.000551178
internal_weight=2214 2124 1821 90 303
internal_count=2214 2124 1821 90 303
is_linear=0
shrinkage=0.04


Tree=60
num_leaves=6
num_cat=0
split_feature=73 106 77 47 20
split_gain=0.0461864 0.0503301 0.0583456 0.0282409 0.0137226
threshold=-0.6206804271550822 1.2115336143443776 1.0325725827101357 0.1986055163932052 0.15423829122907864
decision_type=2 2 2 2 2
left_child=4 2 -2 -3 -1
right_child=1 3 -4 -5 -6
leaf_value=-0.00034601554241297502 1.4813725584819004e-05 -0.0012259099886470818 0.00075481199602437949 8.322110011552772e-05 -0.0013821194148824914
leaf_weight=40 1830 74 186 40 44
leaf_count=40 1830 74 186 40 44
internal_value=5.68313e-07 3.72277e-05 8.37678e-05 -0.000773051 -0.000908258
internal_weight=2214 2130 2016 114 84
internal_count=2214 2130 2016 114 84
is_linear=0
shrinkage=0.04


Tree=61
num_leaves=7
num_cat=0
split_feature=36 28 40 36 1 98
split_gain=0.0458747 0.0534546 0.0576341 0.0496114 0.0183784 0.00850727
threshold=-1.1724826026970192 -0.68734369162627529 -0.29295261749623042 0.35137885014043524 -0.20593608479171963 -0.1238312743608882
decision_type=2 2 2 2 2 2
left_child=4 3 -3 -2 5 -1
right_child=1 2 -4 -5 -6 -7
leaf_value=0.00062496170448693672 0.00093457678168749393 0.00022036416272366247 -0.00026227972201835317 -0.00033334295778879769 8.0861724378105185e-05 0.001490727897441058
leaf_weight=40 154 568 1295 71 45 41
leaf_count=40 154 568 1295 71 45 41
internal_value=4.69724e-07 -4.45499e-05 -0.000115051 0.000535066 0.000735548 0.00108855
internal_weight=2214 2088 1863 225 126 81
internal_count=2214 2088 1863 225 126 81
is_linear=0
shrinkage=0.04


Tree=62
num_leaves=5
num_cat=0
split_feature=67 101 53 89
split_gain=0.0455145 0.0570776 0.0988281 0.0571873
threshold=-0.99092579115081347 0.18717184573514331 0.70000000000000007 2.3457196976973518
decision_type=2 2 2 2
left_child=-1 2 -2 -3
right_child=1 3 -4 -5
leaf_value=-0.0010955611529554856 -0.00024237387330319426 0.00036368792615343179 0.0011406668534062886 -0.00081954556832167496
leaf_weight=57 1164 837 87 69
leaf_count=57 1164 837 87 69
internal_value=5.50424e-07 3.05039e-05 -0.000144524 0.000271967
internal_weight=2214 2157 1251 906
internal_count=2214 2157 1251 906
is_linear=0
shrinkage=0.04


Tree=63
num_leaves=6
num_cat=0
split_feature=109 108 35 24 5
split_gain=0.0457799 0.0652464 0.0641406 0.0477854 0.0288702
threshold=-1.0607046190472342 -0.2980044889386621 0.1052955875180278 0.67475489204849892 0.11174782405166717
decision_type=2 2 2 2 2
left_child=4 3 -3 -2 -1
right_child=1 2 -4 -5 -6
leaf_value=-0.0016173395984382792 0.00055031113844025736 8.8166347561775065e-05 -0.00046865098508541865 -0.00017596193108768753 -0.00016800801987320736
leaf_weight=42 517 883 527 200 45
leaf_count=42 517 883 527 200 45
internal_value=5.04828e-07 3.76599e-05 -0.000120318 0.000347799 -0.000888307
internal_weight=2214 2127 1410 717 87
internal_count=2214 2127 1410 717 87
is_linear=0
shrinkage=0.04


Tree=64
num_leaves=5
num_cat=0
split_feature=109 108 35 38
split_gain=0.0426582 0.0527702 0.0591294 0.0414334
threshold=-1.1406547290749074 -0.2980044889386621 0.1052955875180278 0.69653747797164367
decision_type=2 2 2 2
left_child=-1 3 -3 -2
right_child=1 2 -4 -5
leaf_value=-0.0010895495872994486 0.00015238439538335823 8.4647663858111445e-05 -0.00044997581519375319 0.00090185105581063038
leaf_weight=54 605 883 527 145
leaf_count=54 605 883 527 145
internal_value=4.19961e-07 2.86519e-05 -0.000115527 0.000299294
internal_weight=2214 2160 1410 750
internal_count=2214 2160 1410 750
is_linear=0
shrinkage=0.04


Tree=65
num_leaves=6
num_cat=0
split_feature=71 101 77 35 26
split_gain=0.0431145 0.0504155 0.0893485 0.072289 0.0254471
threshold=-0.87718578051218388 0.18717184573514331 0.93097002974768261 1.1597520528844665 0.32920604154210237
decision_type=2 2 2 2 2
left_child=4 2 -2 -3 -1
right_child=1 3 -4 -5 -6
leaf_value=0.0011730839795880503 -0.00035205274517817502 0.0002452412797200911 0.00073729912706236125 -0.0014520445847440333 -4.8675505359741776e-05
leaf_weight=75 1002 920 135 40 42
leaf_count=75 1002 920 135 40 42
internal_value=3.88698e-07 -4.16029e-05 -0.000221643 0.000171649 0.000741057
internal_weight=2214 2097 1137 960 117
internal_count=2214 2097 1137 960 117
is_linear=0
shrinkage=0.04


Tree=66
num_leaves=7
num_cat=0
split_feature=28 109 108 36 42 44
split_gain=0.0423502 0.0545187 0.0647072 0.0439649 0.0354013 0.0259855
threshold=-0.68734369162627529 -1.0154268534196078 -0.28526964851285047 0.35137885014043524 -0.26231725873239559 0.26469822189487163
decision_type=2 2 2 2 2 2
left_child=3 4 -3 5 -2 -1
right_child=1 2 -4 -5 -6 -7
leaf_value=0.001264651818969513 -0.0018560631885084994 0.00030586192229449543 -0.00018361473752733195 -0.00029976393544268223 -0.00022118994263776889 0.00016755440679315308
leaf_weight=101 41 659 1246 71 43 53
leaf_count=101 41 659 1246 71 43 53
internal_value=3.84087e-07 -5.86342e-05 -1.4146e-05 0.000518026 -0.00104377 0.000894068
internal_weight=2214 1989 1905 225 84 154
internal_count=2214 1989 1905 225 84 154
is_linear=0
shrinkage=0.04


Tree=67
num_leaves=6
num_cat=0
split_feature=73 89 77 90 27
split_gain=0.0419795 0.0437513 0.0645941 0.0439627 0.0125943
threshold=-0.6206804271550822 1.7241020694703764 1.0325725827101357 0.84679426672233482 0.19605341124517231
decision_type=2 2 2 2 2
left_child=4 2 -2 -3 -1
right_child=1 3 -4 -5 -6
leaf_value=-0.00032773134711619819 9.6319679596877482e-06 -0.0015711208296728865 0.00085175356643290635 0.00012384889545191596 -0.0013200143074778758
leaf_weight=40 1878 51 156 45 44
leaf_count=40 1878 51 156 45 44
internal_value=3.39026e-07 3.52892e-05 7.49927e-05 -0.000790291 -0.000866109
internal_weight=2214 2130 2034 96 84
internal_count=2214 2130 2034 96 84
is_linear=0
shrinkage=0.04


Tree=68
num_leaves=6
num_cat=0
split_feature=72 97 45 36 38
split_gain=0.0404444 0.0493261 0.0568554 0.0357971 0.0262526
threshold=1.8629955467721935 0.68509775661851247 -1.4643861919458747 0.020280465987630183 0.81367102391922042
decision_type=2 2 2 2 2
left_child=1 2 -1 -2 -3
right_child=3 4 -4 -5 -6
leaf_value=0.00076562157277993922 0.0014049201993620954 -0.00033430076885791217 -3.2131266204766497e-05 -0.0001229818081645685 -0.001307357965905449
leaf_weight=154 58 199 1706 41 56
leaf_count=154 58 199 1706 41 56
internal_value=2.44829e-07 -3.7064e-05 3.46707e-05 0.000782247 -0.000556503
internal_weight=2214 2115 1860 99 255
internal_count=2214 2115 1860 99 255
is_linear=0
shrinkage=0.04


Tree=69
num_leaves=5
num_cat=0
split_feature=67 61 28 66
split_gain=0.0401739 0.0490272 0.0713176 0.0694262
threshold=-0.99092579115081347 0.24950531401185042 0.5677431561142835 0.8562987087739945
decision_type=2 2 2 2
left_child=-1 3 -3 -2
right_child=1 2 -4 -5
leaf_value=-0.0010295481389483154 -0.00024446391573304651 0.00057885301822004358 -0.00045122915346353771 0.00036723587512659916
leaf_weight=57 1167 455 139 396
leaf_count=57 1167 455 139 396
internal_value=2.48529e-07 2.839e-05 0.000337102 -8.92131e-05
internal_weight=2214 2157 594 1563
internal_count=2214 2157 594 1563
is_linear=0
shrinkage=0.04


Tree=70
num_leaves=7
num_cat=0
split_feature=36 28 40 36 66 42
split_gain=0.0402824 0.0454462 0.04839 0.0399448 0.0146741 0.0122805
threshold=-1.1724826026970192 -0.68734369162627529 -0.29295261749623042 0.35137885014043524 0.87229795236717533 -0.5785514298438722
decision_type=2 2 2 2 2 2
left_child=4 3 -3 -2 5 -1
right_child=1 2 -4 -5 -6 -7
leaf_value=0.00081689119329934738 0.00085090426532611339 0.00020036336477910241 -0.00024188547370422995 -0.00028701485209613528 0.0012740171057327341 -0.00014036038668737525
leaf_weight=43 154 568 1295 71 43 40
leaf_count=43 154 568 1295 71 43 40
internal_value=2.10459e-07 -4.19758e-05 -0.00010698 0.000492462 0.000689029 0.000363117
internal_weight=2214 2088 1863 225 126 83
internal_count=2214 2088 1863 225 126 83
is_linear=0
shrinkage=0.04


Tree=71
num_leaves=6
num_cat=0
split_feature=73 89 77 42 20
split_gain=0.0378417 0.0394047 0.0576197 0.0444872 0.0116577
threshold=-0.6206804271550822 1.7241020694703764 1.0325725827101357 0.63602879095724696 0.15423829122907864
decision_type=2 2 2 2 2
left_child=4 2 -2 -3 -1
right_child=1 3 -4 -5 -6
leaf_value=-0.00030506457750951603 9.4223455313848279e-06 -0.0014585022959890293 0.00080478265975849532 0.00026406769657374491 -0.0012588937509723981
leaf_weight=40 1878 56 156 40 44
leaf_count=40 1878 56 156 40 44
internal_value=2.91315e-07 3.34744e-05 7.11541e-05 -0.000750023 -0.000822347
internal_weight=2214 2130 2034 96 84
internal_count=2214 2130 2034 96 84
is_linear=0
shrinkage=0.04


Tree=72
num_leaves=5
num_cat=0
split_feature=36 28 109 37
split_gain=0.0372652 0.03951 0.0464479 0.0377365
threshold=-1.3773626130866556 -0.68734369162627529 -1.0154268534196078 -0.46207686572890638
decision_type=2 2 2 2
left_child=-1 3 -3 -2
right_child=1 2 -4 -5
leaf_value=0.0010189520951826125 0.0008286437631264184 -0.00099341144015048727 -4.2397540003107531e-05 -0.00026949640672343475
leaf_weight=54 152 84 1851 73
leaf_count=54 152 84 1851 73
internal_value=2.09477e-07 -2.61781e-05 -8.4665e-05 0.000473123
internal_weight=2214 2160 1935 225
internal_count=2214 2160 1935 225
is_linear=0
shrinkage=0.04


Tree=73
num_leaves=5
num_cat=0
split_feature=67 101 53 45
split_gain=0.0366312 0.0434201 0.0757659 0.0478417
threshold=-1.0275897583376066 0.18717184573514331 0.70000000000000007 1.7743007482399735
decision_type=2 2 2 2
left_child=-1 2 -2 -3
right_child=1 3 -4 -5
leaf_value=-0.001070187997003086 -0.0002138586589656231 0.0001354658418922466 0.00099711070349963208 0.0010841147542416461
leaf_weight=48 1164 822 87 93
leaf_count=48 1164 822 87 93
internal_value=2.20673e-07 2.4907e-05 -0.000128185 0.00023404
internal_weight=2214 2166 1251 915
internal_count=2214 2166 1251 915
is_linear=0
shrinkage=0.04


Tree=74
num_leaves=6
num_cat=0
split_feature=84 103 109 6 103
split_gain=0.0354169 0.0508323 0.0529835 0.0426034 0.0420443
threshold=0.98059249785322089 -0.065774443677121749 -1.0154268534196078 -0.7379286845804246 -1.6682806059460968
decision_type=2 2 2 2 2
left_child=1 4 -3 -2 -1
right_child=3 2 -4 -5 -6
leaf_value=0.00052249299039096124 0.0016070781484682193 -0.00076595535302268608 0.00020358915176478751 6.9154092131859876e-05 -0.0003701991695374135
leaf_weight=93 45 96 1134 75 771
leaf_count=93 45 96 1134 75 771
internal_value=2.45517e-07 -3.83175e-05 0.000126797 0.000662767 -0.000273126
internal_weight=2214 2094 1230 120 864
internal_count=2214 2094 1230 120 864
is_linear=0
shrinkage=0.04


Tree=75
num_leaves=7
num_cat=0
split_feature=36 97 45 102 1 68
split_gain=0.0346659 0.0412536 0.0540214 0.0261987 0.0151969 0.00495003
threshold=-1.1724826026970192 0.68509775661851247 -1.4643861919458747 -0.0046154146299926787 -0.20593608479171963 0.26372728737669149
decision_type=2 2 2 2 2 2
left_child=4 2 -2 -3 5 -1
right_child=1 3 -4 -5 -6 -7
leaf_value=0.0012798107238597282 0.0007536136768627233 -0.00082987379807462783 -3.63012213654425e-05 -1.9931550262658216e-05 4.5289570785206839e-05 0.00060341598828821336
leaf_weight=40 149 157 1675 107 45 41
leaf_count=40 149 157 1675 107 45 41
internal_value=2.81404e-07 -3.88536e-05 2.89806e-05 -0.00050422 0.000639278 0.000960228
internal_weight=2214 2088 1824 264 126 81
internal_count=2214 2088 1824 264 126 81
is_linear=0
shrinkage=0.04


Tree=76
num_leaves=6
num_cat=0
split_feature=71 101 53 35 26
split_gain=0.0365218 0.0414118 0.0798942 0.0625248 0.0220959
threshold=-0.87718578051218388 0.18717184573514331 0.70000000000000007 1.1597520528844665 0.32920604154210237
decision_type=2 2 2 2 2
left_child=4 2 -2 -3 -1
right_child=1 3 -4 -5 -6
leaf_value=0.0010846121631908176 -0.00029851909040981556 0.00022341218446994402 0.00095000005178048864 -0.0013550663552623951 -5.3499333814463834e-05
leaf_weight=75 1050 920 87 40 42
leaf_count=75 1050 920 87 40 42
internal_value=3.34989e-07 -3.83129e-05 -0.000201486 0.000154962 0.000682027
internal_weight=2214 2097 1137 960 117
internal_count=2214 2097 1137 960 117
is_linear=0
shrinkage=0.04


Tree=77
num_leaves=5
num_cat=0
split_feature=67 61 47 101
split_gain=0.0339521 0.0410039 0.0536822 0.0514678
threshold=-0.99092579115081347 0.27170409836860893 0.58461529605312879 -0.32052521182649346
decision_type=2 2 2 2
left_child=-1 3 -3 -2
right_child=1 2 -4 -5
leaf_value=-0.00094635955764422726 -0.00042620074349690863 0.00059840267994249732 -0.00031034706665955688 6.9520951266463141e-05
leaf_weight=57 465 363 144 1185
leaf_count=57 465 363 144 1185
internal_value=3.41478e-07 2.62121e-05 0.000340091 -7.05293e-05
internal_weight=2214 2157 507 1650
internal_count=2214 2157 507 1650
is_linear=0
shrinkage=0.04


Tree=78
num_leaves=6
num_cat=0
split_feature=89 36 70 46 96
split_gain=0.0340767 0.0434763 0.0630706 0.0553975 0.0389446
threshold=1.7241020694703764 0.089855345726320909 1.6336193291837484 0.084309956797267535 0.66137737406787422
decision_type=2 2 2 2 2
left_child=1 2 -1 -3 -2
right_child=4 3 -4 -5 -6
leaf_value=0.00014357926599858307 -0.0014638954692219278 9.3897263599362741e-05 0.0017060186973837919 -0.00051266934265014783 0.00013086669691937401
leaf_weight=1090 51 575 41 412 45
leaf_count=1090 51 575 41 412 45
internal_value=2.91178e-07 3.40005e-05 0.000203131 -0.000159824 -0.000728936
internal_weight=2214 2118 1131 987 96
internal_count=2214 2118 1131 987 96
is_linear=0
shrinkage=0.04


Tree=79
num_leaves=6
num_cat=0
split_feature=71 70 35 37 2
split_gain=0.0336296 0.0435968 0.0442974 0.0400917 0.0166185
threshold=-0.90488324435565803 0.22520298979126765 0.56445245679938194 0.88022123439986066 0.21447988259362136
decision_type=2 2 2 2 2
left_child=4 3 -3 -2 -1
right_child=1 2 -4 -5 -6
leaf_value=0.0012534989168246588 -9.9319873307090586e-05 5.7590733307310873e-05 0.00082534584151486539 -0.0008244990790690816 0.00021603468737818978
leaf_weight=46 1192 643 146 134 53
leaf_count=46 1192 643 146 134 53
internal_value=2.8306e-07 -3.37376e-05 0.000201387 -0.000173735 0.000713365
internal_weight=2214 2115 789 1326 99
internal_count=2214 2115 789 1326 99
is_linear=0
shrinkage=0.04


Tree=80
num_leaves=7
num_cat=0
split_feature=28 66 65 28 36 44
split_gain=0.0322729 0.0420919 0.0656491 0.0577779 0.0340706 0.023834
threshold=-0.68734369162627529 0.8562987087739945 0.98034571863049902 1.12656846385743 0.35137885014043524 0.26469822189487163
decision_type=2 2 2 2 2 2
left_child=4 2 -2 -3 5 -1
right_child=1 3 -4 -5 -6 -7
leaf_value=0.0011379898458863927 -5.1935761983231547e-05 0.00014948534200923586 -0.00088489799493568684 0.0016955617064906454 -0.00026763155172923456 9.043235623870385e-05
leaf_weight=101 1456 324 167 42 71 53
leaf_count=101 1456 324 167 42 71 53
internal_value=3.23314e-07 -5.1197e-05 -0.000138628 0.000335155 0.000452201 0.000783248
internal_weight=2214 1989 1623 366 225 154
internal_count=2214 1989 1623 366 225 154
is_linear=0
shrinkage=0.04


Tree=81
num_leaves=6
num_cat=0
split_feature=73 106 97 47 20
split_gain=0.0329533 0.0336927 0.0380431 0.0248778 0.0107548
threshold=-0.6206804271550822 1.2115336143443776 0.48368041345212065 0.1986055163932052 0.15423829122907864
decision_type=2 2 2 2 2
left_child=4 2 -2 -3 -1
right_child=1 3 -4 -5 -6
leaf_value=-0.00027184788087782053 0.0001585648223267236 -0.001056907673498101 -0.00026847034617452951 0.00016802686964573305 -0.0011862893738662419
leaf_weight=40 1596 74 420 40 44
leaf_count=40 1596 74 420 40 44
internal_value=3.77853e-07 3.13435e-05 6.94213e-05 -0.000631619 -0.00076729
internal_weight=2214 2130 2016 114 84
internal_count=2214 2130 2016 114 84
is_linear=0
shrinkage=0.04


Tree=82
num_leaves=7
num_cat=0
split_feature=36 59 28 101 1 98
split_gain=0.0316663 0.036944 0.0645363 0.056514 0.0138219 0.00694939
threshold=-1.1724826026970192 0.063497104077990488 0.72496408765313647 0.19329333759602985 -0.20593608479171963 -0.1238312743608882
decision_type=2 2 2 2 2 2
left_child=4 2 -2 -3 5 -1
right_child=1 3 -4 -5 -6 -7
leaf_value=0.0005034490450773211 0.00023592027945021051 -0.00051707356250398052 -0.00065765780595505462 9.5337693465304127e-05 4.4460983828027202e-05 0.0012784496234556617
leaf_weight=40 979 493 147 469 45 41
leaf_count=40 979 493 147 469 45 41
internal_value=2.74044e-07 -3.71295e-05 0.000118304 -0.000218929 0.000610999 0.000917087
internal_weight=2214 2088 1126 962 126 81
internal_count=2214 2088 1126 962 126 81
is_linear=0
shrinkage=0.04


Tree=83
num_leaves=5
num_cat=0
split_feature=71 70 71 45
split_gain=0.0324074 0.0329335 0.0485677 0.0428448
threshold=3.3905781047181311 0.22520298979126765 -0.87718578051218388 -1.8987597378790337
decision_type=2 2 2 2
left_child=1 2 -1 -3
right_child=-2 3 -4 -5
leaf_value=0.00064528468402166817 0.0010750413732603192 0.0011082839560758782 -0.00020985062306059417 9.0588200832908715e-05
leaf_weight=114 42 71 1272 715
leaf_count=114 42 71 1272 715
internal_value=2.98564e-07 -2.14536e-05 -0.000138686 0.000185097
internal_weight=2214 2172 1386 786
internal_count=2214 2172 1386 786
is_linear=0
shrinkage=0.04


Tree=84
num_leaves=5
num_cat=0
split_feature=67 106 36 88
split_gain=0.0308379 0.0346484 0.0573848 0.0415813
threshold=-0.99092579115081347 0.40731241032693388 0.089855345726320909 -0.31557187947902116
decision_type=2 2 2 2
left_child=-1 2 -2 -3
right_child=1 3 -4 -5
leaf_value=-0.00090185619228701024 0.00039613635902311056 -0.0007371031254516621 -9.9344463328222065e-05 -2.2664200867182301e-05
leaf_weight=57 697 177 803 480
leaf_count=57 697 177 803 480
internal_value=3.84432e-07 2.504e-05 0.00013111 -0.000216792
internal_weight=2214 2157 1500 657
internal_count=2214 2157 1500 657
is_linear=0
shrinkage=0.04


Tree=85
num_leaves=6
num_cat=0
split_feature=103 59 32 47 65
split_gain=0.0302131 0.044029 0.0769055 0.0669242 0.0142171
threshold=-1.6682806059460968 0.091605442504533285 -1.1060579960910675 0.53312156378794651 -0.20170046476356715
decision_type=2 2 2 2 2
left_child=4 3 -3 -2 -1
right_child=1 2 -4 -5 -6
leaf_value=0.00091977480871719309 0.00032199730514725536 0.00082975883915940743 -0.00037389936018418594 -0.00033196705172950812 8.9635641700824955e-05
leaf_weight=78 821 93 807 358 57
leaf_count=78 821 93 807 358 57
internal_value=3.19783e-07 -3.75598e-05 -0.000247957 0.000123197 0.000575697
internal_weight=2214 2079 900 1179 135
internal_count=2214 2079 900 1179 135
is_linear=0
shrinkage=0.04


Tree=86
num_leaves=5
num_cat=0
split_feature=71 24 5 28
split_gain=0.029378 0.0352891 0.0664337 0.0325876
threshold=3.0135383627378833 1.1219980728024699 1.0379829182023679 0.39347153693427933
decision_type=2 2 2 2
left_child=1 2 -1 -2
right_child=3 -3 -4 -5
leaf_value=-1.5651158485442207e-05 0.0012002163436122691 0.0007858761572074231 -0.0011157808308938832 -0.00019726300956276449
leaf_weight=1937 64 79 90 44
leaf_count=1937 64 79 90 44
internal_value=3.59529e-07 -3.28954e-05 -6.55493e-05 0.000637638
internal_weight=2214 2106 2027 108
internal_count=2214 2106 2027 108
is_linear=0
shrinkage=0.04


Tree=87
num_leaves=5
num_cat=0
split_feature=67 101 53 12
split_gain=0.0286569 0.0331845 0.0485879 0.0421619
threshold=-0.99092579115081347 0.31016040824909846 0.70000000000000007 1.0165688279946763
decision_type=2 2 2 2
left_child=-1 2 -2 -3
right_child=1 3 -4 -5
leaf_value=-0.00086938020252322757 -0.00015948656444842458 0.00034500969635341001 0.00073939824683363366 -0.00055557817022169106
leaf_weight=57 1287 675 102 93
leaf_count=57 1287 675 102 93
internal_value=3.68882e-07 2.41366e-05 -9.25095e-05 0.000234794
internal_weight=2214 2157 1389 768
internal_count=2214 2157 1389 768
is_linear=0
shrinkage=0.04


Tree=88
num_leaves=6
num_cat=0
split_feature=73 89 77 42 20
split_gain=0.0286324 0.0296275 0.0390774 0.0380222 0.00983383
threshold=-0.6206804271550822 1.7241020694703764 0.93097002974768261 0.63602879095724696 0.15423829122907864
decision_type=2 2 2 2 2
left_child=4 2 -2 -3 -1
right_child=1 3 -4 -5 -6
leaf_value=-0.00024261403751249115 -5.6140144201467783e-06 -0.0013054048258747007 0.00051687148716141377 0.00028562125511511806 -0.0011156611326757981
leaf_weight=40 1773 56 261 40 44
leaf_count=40 1773 56 261 40 44
internal_value=3.36073e-07 2.92003e-05 6.18725e-05 -0.000650177 -0.000715235
internal_weight=2214 2130 2034 96 84
internal_count=2214 2130 2034 96 84
is_linear=0
shrinkage=0.04


Tree=89
num_leaves=6
num_cat=0
split_feature=84 103 61 109 6
split_gain=0.0280498 0.0397636 0.0423869 0.0420581 0.0358075
threshold=0.98059249785322089 -0.065774443677121749 -1.0964145119281392 -0.91559469027371876 -0.7379286845804246
decision_type=2 2 2 2 2
left_child=1 2 -1 -3 -2
right_child=4 3 -4 -5 -6
leaf_value=0.00022066406838949611 0.0014555541155711214 -0.00052580601586768886 -0.00041064764596210188 0.00019735024778235716 4.6125937649351239e-05
leaf_weight=231 45 144 633 1086 75
leaf_count=231 45 144 633 1086 75
internal_value=2.55237e-07 -3.40635e-05 -0.00024174 0.000111972 0.000589859
internal_weight=2214 2094 864 1230 120
internal_count=2214 2094 864 1230 120
is_linear=0
shrinkage=0.04


Tree=90
num_leaves=6
num_cat=0
split_feature=45 89 71 97 14
split_gain=0.0279457 0.056506 0.0537437 0.0614978 0.0384925
threshold=-1.4643861919458747 2.3457196976973518 0.82479573287369601 0.48368041345212065 1.2581105435365503
decision_type=2 2 2 2 2
left_child=2 4 3 -1 -2
right_child=1 -3 -4 -5 -6
leaf_value=0.0005590263639736558 -5.4332171971944756e-05 -0.0012362793733125491 0.0014476232945453377 -0.0010812621672620188 0.00070027159278928915
leaf_weight=116 1816 60 58 51 113
leaf_count=116 1816 60 58 51 113
internal_value=2.80522e-07 -4.76615e-05 0.000420774 5.1232e-05 -9.44829e-06
internal_weight=2214 1989 225 167 1929
internal_count=2214 1989 225 167 1929
is_linear=0
shrinkage=0.04


Tree=91
num_leaves=7
num_cat=0
split_feature=28 28 35 40 37 44
split_gain=0.0284081 0.0409891 0.0677501 0.0565523 0.031234 0.0160523
threshold=-0.68734369162627529 -0.50586747090656159 -0.17589907331032353 -0.31269401290925219 -0.46207686572890638 0.24568556624564758
decision_type=2 2 2 2 2 2
left_child=4 2 -2 -3 5 -1
right_child=1 3 -4 -5 -6 -7
leaf_value=0.0010525466173398074 0.00066282694205605929 0.00039673599375616167 -0.0010180083403208604 -0.00011864941583387589 -0.00025125065653895342 0.00019200141202115146
leaf_weight=97 50 455 148 1336 73 55
leaf_count=97 50 455 148 1336 73 55
internal_value=2.81398e-07 -4.80557e-05 -0.000591171 1.25797e-05 0.00042424 0.000747703
internal_weight=2214 1989 198 1791 225 152
internal_count=2214 1989 198 1791 225 152
is_linear=0
shrinkage=0.04


Tree=92
num_leaves=7
num_cat=0
split_feature=36 28 90 36 1 98
split_gain=0.027488 0.0311081 0.0362438 0.02938 0.0121497 0.00581487
threshold=-1.1724826026970192 -0.68734369162627529 0.60620530611454138 0.43905298615250571 -0.20593608479171963 -0.1238312743608882
decision_type=2 2 2 2 2 2
left_child=4 3 -3 -2 5 -1
right_child=1 2 -4 -5 -6 -7
leaf_value=0.0004765388392843306 0.00068108726170507941 9.3528490840324433e-06 -0.00040660957805812361 -0.00034212594650002314 3.8306642450055383e-05 0.0011873697550144307
leaf_weight=40 165 1427 436 60 45 41
leaf_count=40 165 1427 436 60 45 41
internal_value=3.03219e-07 -3.45455e-05 -8.8327e-05 0.00040762 0.000569312 0.000856284
internal_weight=2214 2088 1863 225 126 81
internal_count=2214 2088 1863 225 126 81
is_linear=0
shrinkage=0.04


Tree=93
num_leaves=5
num_cat=0
split_feature=71 45 71 89
split_gain=0.0271768 0.0288152 0.0503645 0.0489459
threshold=3.3905781047181311 -1.4643861919458747 0.82479573287369601 2.3457196976973518
decision_type=2 2 2 2
left_child=1 2 -1 -3
right_child=-2 3 -4 -5
leaf_value=4.9236781093341537e-05 0.00098454634849490089 -3.2857777128664629e-05 0.0014010102327447385 -0.0011751089942070745
leaf_weight=167 42 1887 58 60
leaf_count=167 42 1887 58 60
internal_value=3.50438e-07 -1.95692e-05 0.000406968 -6.92279e-05
internal_weight=2214 2172 225 1947
internal_count=2214 2172 225 1947
is_linear=0
shrinkage=0.04


Tree=94
num_leaves=7
num_cat=0
split_feature=83 107 40 73 26 46
split_gain=0.0263972 0.0534361 0.0332083 0.0259279 0.023414 0.020091
threshold=-0.76054545627078485 -0.52646972699436889 0.62705000168275526 -0.068802224760154504 0.30650479153336058 0.093851884185706627
decision_type=2 2 2 2 2 2
left_child=4 3 -3 -2 5 -1
right_child=1 2 -4 -5 -6 -7
leaf_value=-0.00033501278063089682 -0.0008873790666831206 0.00014219786968174973 -0.00024594246969172673 -5.5614474196253085e-05 0.0012980636105287908 0.0007190538779832423
leaf_weight=56 159 1328 478 96 41 56
leaf_count=56 159 1328 478 96 41 56
internal_value=3.80709e-07 -3.74442e-05 3.93091e-05 -0.000577114 0.000503814 0.000195389
internal_weight=2214 2061 1806 255 153 112
internal_count=2214 2061 1806 255 153 112
is_linear=0
shrinkage=0.04


Tree=95
num_leaves=7
num_cat=0
split_feature=36 97 45 36 100 42
split_gain=0.0261393 0.0312486 0.0450027 0.0224952 0.0113416 0.0193992
threshold=-1.1724826026970192 0.73655070884952212 -1.4643861919458747 -0.57341119605324298 -0.077533528667863644 -0.4301080866576793
decision_type=2 2 2 2 2 2
left_child=4 2 -2 -3 5 -1
right_child=1 3 -4 -5 -6 -7
leaf_value=0.00083763105546772159 0.00068031083240045938 4.7335176708637381e-05 -3.6072791181571209e-05 -0.00074027284426664427 0.0010777183559680865 -0.0003542180845917236
leaf_weight=44 151 91 1689 157 42 40
leaf_count=44 151 91 1689 157 42 40
internal_value=3.88418e-07 -3.35946e-05 2.33922e-05 -0.000453205 0.000555262 0.000275045
internal_weight=2214 2088 1840 248 126 84
internal_count=2214 2088 1840 248 126 84
is_linear=0
shrinkage=0.04


Tree=96
num_leaves=7
num_cat=0
split_feature=66 28 28 65 24 5
split_gain=0.0256318 0.050366 0.0448154 0.0535014 0.0454453 0.0240796
threshold=0.8562987087739945 1.12656846385743 1.0352809558084701 0.98034571863049902 1.0967331718368729 0.11719123822616606
decision_type=2 2 2 2 2 2
left_child=2 5 3 -1 -4 -2
right_child=1 -3 4 -5 -6 -7
leaf_value=8.0018503738345028e-05 0.00030368290020421011 0.0015663457526666621 -0.0010785506607219576 -0.00065614791556411437 0.00035715522039681674 -0.0004823220978723839
leaf_weight=1466 282 42 123 175 48 78
leaf_count=1466 282 42 123 175 48 78
internal_value=4.27482e-07 0.000288563 -6.37443e-05 8.08875e-07 -0.000676076 0.000131658
internal_weight=2214 402 1812 1641 171 360
internal_count=2214 402 1812 1641 171 360
is_linear=0
shrinkage=0.04


Tree=97
num_leaves=6
num_cat=0
split_feature=73 101 40 44 20
split_gain=0.0269503 0.0296299 0.0464729 0.0215533 0.00910098
threshold=-0.6206804271550822 -0.62191142895795604 -0.29295261749623042 0.35984268764562699 0.15423829122907864
decision_type=2 2 2 2 2
left_child=4 3 -3 -2 -1
right_child=1 2 -4 -5 -6
leaf_value=-0.00023879954935095851 -0.00014987287477059551 0.00041830580313358389 -3.4192098839254395e-05 -0.0009416603430544853 -0.001079106895334047
leaf_weight=40 249 500 1312 69 44
leaf_count=40 249 500 1312 69 44
internal_value=4.13638e-07 2.8417e-05 9.09929e-05 -0.000326487 -0.00069382
internal_weight=2214 2130 1812 318 84
internal_count=2214 2130 1812 318 84
is_linear=0
shrinkage=0.04


Tree=98
num_leaves=6
num_cat=0
split_feature=71 72 42 67 2
split_gain=0.0252636 0.0301362 0.0515095 0.0453302 0.014247
threshold=-0.90488324435565803 0.37315322138668855 0.43117612145421358 0.84094716170871853 0.21447988259362136
decision_type=2 2 2 2 2
left_child=4 3 -3 -2 -1
right_child=1 2 -4 -5 -6
leaf_value=0.0011181604846691091 -0.00022671297062046256 -1.4977456539321045e-06 0.00082688036417754684 0.00039214360951374613 0.00015971680645915595
leaf_weight=46 1227 511 155 222 53
leaf_count=46 1227 511 155 222 53
internal_value=3.23975e-07 -2.91631e-05 0.000193191 -0.000131489 0.000618378
internal_weight=2214 2115 666 1449 99
internal_count=2214 2115 666 1449 99
is_linear=0
shrinkage=0.04


Tree=99
num_leaves=5
num_cat=0
split_feature=71 95 40 40
split_gain=0.0248552 0.0271105 0.0684341 0.0564432
threshold=3.3905781047181311 -0.096357390916640001 -0.87285937536373015 0.41099708466279533
decision_type=2 2 2 2
left_child=1 2 -1 -3
right_child=-2 3 -4 -5
leaf_value=-0.0014401657407870517 0.00094161376674574892 0.000293720393130425 -8.6526038762688132e-05 -0.00029488336850726779
leaf_weight=62 42 824 907 379
leaf_count=62 42 824 907 379
internal_value=3.9292e-07 -1.8657e-05 -0.000175925 0.000108102
internal_weight=2214 2172 969 1203
internal_count=2214 2172 969 1203
is_linear=0
shrinkage=0.04


Tree=100
num_leaves=6
num_cat=0
split_feature=35 72 71 83 47
split_gain=0.024727 0.0363423 0.0345436 0.0363251 0.0271703
threshold=1.2074873425940409 0.079143149469441426 2.6081102476802855 -0.7521753557453591 -0.1085793693004701
decision_type=2 2 2 2 2
left_child=2 -2 3 -1 -4
right_child=1 -3 4 -5 -6
leaf_value=0.00060715877396121088 -0.0014742484374437482 7.1890421261611794e-05 0.0011258847891827204 -6.1184749857063204e-05 6.9753236311953519e-06
leaf_weight=138 42 54 77 1841 62
leaf_count=138 42 54 77 1841 62
internal_value=3.56041e-07 -0.000620827 2.90708e-05 -1.40138e-05 0.000633981
internal_weight=2214 96 2118 1979 139
internal_count=2214 96 2118 1979 139
is_linear=0
shrinkage=0.04


Tree=101
num_leaves=5
num_cat=0
split_feature=36 28 28 37
split_gain=0.0246738 0.0257262 0.0346189 0.0269506
threshold=-1.3773626130866556 -0.68734369162627529 -0.50586747090656159 -0.5095970627935329
decision_type=2 2 2 2
left_child=-1 3 -3 -2
right_child=1 2 -4 -5
leaf_value=0.00082930731408331279 0.00070672138016275251 -0.00056666834002826367 -1.0921216536017538e-05 -0.00019900389703647066
leaf_weight=54 144 198 1737 81
leaf_count=54 144 198 1737 81
internal_value=3.5178e-07 -2.11201e-05 -6.83147e-05 0.00038178
internal_weight=2214 2160 1935 225
internal_count=2214 2160 1935 225
is_linear=0
shrinkage=0.04


Tree=102
num_leaves=4
num_cat=0
split_feature=73 67 101
split_gain=0.0243232 0.0255195 0.0297191
threshold=-0.64909377782290034 -1.0275897583376066 -0.47630323568811278
decision_type=2 2 2
left_child=-1 -2 -3
right_child=1 2 -4
leaf_value=-0.00080092499829765608 -0.00087092651552520689 -0.00023372341135258172 0.00012457988318550359
leaf_weight=57 48 477 1632
leaf_count=57 48 477 1632
internal_value=3.65124e-07 2.2262e-05 4.33965e-05
internal_weight=2214 2157 2109
internal_count=2214 2157 2109
is_linear=0
shrinkage=0.04


Tree=103
num_leaves=6
num_cat=0
split_feature=103 59 32 47 65
split_gain=0.0233538 0.0340462 0.058349 0.0532771 0.0129137
threshold=-1.6682806059460968 0.063497104077990488 -1.1060579960910675 0.56372644991916798 -0.20170046476356715
decision_type=2 2 2 2 2
left_child=4 3 -3 -2 -1
right_child=1 2 -4 -5 -6
leaf_value=0.00083398799853603132 0.00028577932108872278 0.00070358167075542646 -0.00032476324883412984 -0.0003072891842173196 4.4465310875547386e-05
leaf_weight=78 819 97 821 342 57
leaf_count=78 819 97 821 342 57
internal_value=2.86222e-07 -3.30169e-05 -0.00021481 0.000110849 0.00050615
internal_weight=2214 2079 918 1161 135
internal_count=2214 2079 918 1161 135
is_linear=0
shrinkage=0.04


Tree=104
num_leaves=6
num_cat=0
split_feature=45 71 97 89 73
split_gain=0.0233675 0.0453105 0.0500981 0.0441118 0.0284895
threshold=-1.4643861919458747 0.82479573287369601 0.48368041345212065 2.3457196976973518 -0.51973826218541552
decision_type=2 2 2 2 2
left_child=1 2 -1 4 -2
right_child=3 -3 -4 -5 -6
leaf_value=0.00050386422599855247 -0.00056575213008760788 0.0013276771881307165 -0.00097660933586083505 -0.0010937217251592948 3.2667168821767632e-05
leaf_weight=116 135 58 51 60 1794
leaf_count=116 135 58 51 60 1794
internal_value=3.19387e-07 0.00038483 4.55366e-05 -4.35201e-05 -9.75547e-06
internal_weight=2214 225 167 1989 1929
internal_count=2214 225 167 1989 1929
is_linear=0
shrinkage=0.04


Tree=105
num_leaves=5
num_cat=0
split_feature=67 108 85 14
split_gain=0.0227387 0.0248539 0.045145 0.0358797
threshold=-1.0275897583376066 -0.11702561794906823 -0.18979415445459538 -0.44740765009284955
decision_type=2 2 2 2
left_child=-1 2 -2 -3
right_child=1 3 -4 -5
leaf_value=-0.00084306892599561253 -0.00010365329927657653 -0.00048271152368230871 0.00044489187988439575 2.330624144653333e-05
leaf_weight=48 477 295 480 914
leaf_count=48 477 295 480 914
internal_value=2.78747e-07 1.97284e-05 0.000171833 -0.000100757
internal_weight=2214 2166 957 1209
internal_count=2214 2166 957 1209
is_linear=0
shrinkage=0.04


Tree=106
num_leaves=7
num_cat=0
split_feature=51 70 59 47 83 38
split_gain=0.0223483 0.029023 0.0274047 0.0520965 0.0370558 0.0223518
threshold=-1.0388584099015545 0.56772545806735619 0.063497104077990488 0.53312156378794651 0.26933977733513786 0.87567981796258387
decision_type=2 2 2 2 2 2
left_child=1 5 3 -2 -4 -1
right_child=2 -3 4 -5 -6 -7
leaf_value=0.00038067494539036621 0.00027278346850385672 0.0011960543524462924 -0.0005271614538031389 -0.00032781300481367153 -5.6133858899510419e-07 -0.00065885036919181318
leaf_weight=132 764 51 349 329 547 42
leaf_count=132 764 51 349 329 547 42
internal_value=2.32895e-07 0.000376264 -4.26398e-05 9.17315e-05 -0.000206394 0.000125119
internal_weight=2214 225 1989 1093 896 174
internal_count=2214 225 1989 1093 896 174
is_linear=0
shrinkage=0.04


Tree=107
num_leaves=8
num_cat=0
split_feature=46 25 10 14 90 102 73
split_gain=0.0227164 0.0409146 0.100242 0.049451 0.040653 0.0427599 0.0309587
threshold=-0.58185363755760677 0.40784187115280757 -0.20731725361035383 -0.43035983579828702 -0.020987044547882274 0.2630265911643887 0.53978031644213453
decision_type=2 2 2 2 2 2 2
left_child=4 3 -3 -2 6 -6 -1
right_child=1 2 -4 -5 5 -7 -8
leaf_value=0.00040506405433877665 -0.00031054816029151255 -0.0011388948044245063 6.4787886817688716e-05 0.00022699329175635433 -0.00042779365644658577 0.00062590110165599211 0.001615807079998333
leaf_weight=186 405 175 295 835 189 89 40
leaf_count=186 405 175 295 835 189 89 40
internal_value=2.35676e-07 -6.93587e-05 -0.000386319 5.1208e-05 0.0002357 -8.83985e-05 0.000631649
internal_weight=2214 1710 470 1240 504 278 226
internal_count=2214 1710 470 1240 504 278 226
is_linear=0
shrinkage=0.04


Tree=108
num_leaves=7
num_cat=0
split_feature=36 40 85 37 1 98
split_gain=0.0225521 0.0255735 0.0831614 0.0489722 0.00942208 0.00460046
threshold=-1.1724826026970192 -0.29295261749623042 -0.15286764153082463 -0.7227378122908471 -0.20593608479171963 -0.1238312743608882
decision_type=2 2 2 2 2 2
left_child=4 2 -2 -3 5 -1
right_child=1 3 -4 -5 -6 -7
leaf_value=0.00043008353386539969 -0.00014772674899057872 0.00070473088618157255 0.00079302907274962447 -0.00019298283309157746 4.7399706276569602e-05 0.0010630965789476801
leaf_weight=40 440 103 226 1319 45 41
leaf_count=40 440 103 226 1319 45 41
internal_value=2.64564e-07 -3.13006e-05 0.000172927 -0.00012706 0.00051566 0.000768394
internal_weight=2214 2088 666 1422 126 81
internal_count=2214 2088 666 1422 126 81
is_linear=0
shrinkage=0.04


Tree=109
num_leaves=6
num_cat=0
split_feature=84 85 33 14 6
split_gain=0.0212452 0.0301693 0.041319 0.0351073 0.0292307
threshold=0.98059249785322089 0.3013590063364488 -0.61839083886231683 1.2581105435365503 -0.7379286845804246
decision_type=2 2 2 2 2
left_child=1 3 -3 -1 -2
right_child=4 2 -4 -5 -6
leaf_value=-1.0724609109246625e-05 0.0012956209748765416 0.00045437431790342094 -0.00061270620658787547 0.00070922524475839775 2.2729290498106122e-05
leaf_weight=1647 45 73 260 114 75
leaf_count=1647 45 73 260 114 75
internal_value=3.5137e-07 -2.95161e-05 -0.000377466 3.66337e-05 0.000513478
internal_weight=2214 2094 333 1761 120
internal_count=2214 2094 333 1761 120
is_linear=0
shrinkage=0.04


Tree=110
num_leaves=6
num_cat=0
split_feature=35 53 71 109 47
split_gain=0.0211688 0.0307316 0.0295684 0.0312151 0.0243599
threshold=1.2074873425940409 -0.89999999999999991 2.6081102476802855 -0.90652407259188084 -0.1085793693004701
decision_type=2 2 2 2 2
left_child=2 -2 3 -1 -4
right_child=1 -3 4 -5 -6
leaf_value=-0.00064666595577628509 0.00018664834654315353 -0.001227524593507625 0.0010523979202623161 2.6863747693497265e-05 -6.63699897359038e-06
leaf_weight=115 45 51 77 1864 62
leaf_count=115 45 51 77 1864 62
internal_value=4.0441e-07 -0.00057435 2.69729e-05 -1.28885e-05 0.000586629
internal_weight=2214 96 2118 1979 139
internal_count=2214 96 2118 1979 139
is_linear=0
shrinkage=0.04


Tree=111
num_leaves=7
num_cat=0
split_feature=83 107 5 44 26 46
split_gain=0.0210601 0.0410311 0.029124 0.0233117 0.017211 0.0152606
threshold=-0.7521753557453591 -0.52646972699436889 1.0379829182023679 0.80634726356059383 0.30650479153336058 0.093851884185706627
decision_type=2 2 2 2 2 2
left_child=4 3 -3 -2 5 -1
right_child=1 2 -4 -5 -6 -7
leaf_value=-0.00026423924219524188 -0.00069339904983096046 7.8881102337950267e-05 -0.00052581399674544223 0.00028355190064758065 0.001103735290053818 0.00062806306783058381
leaf_weight=60 205 1664 136 47 43 59
leaf_count=60 205 1664 136 47 43 59
internal_value=3.66032e-07 -3.44625e-05 3.26601e-05 -0.000510392 0.000436568 0.000181232
internal_weight=2214 2052 1800 252 162 119
internal_count=2214 2052 1800 252 162 119
is_linear=0
shrinkage=0.04


Tree=112
num_leaves=8
num_cat=0
split_feature=46 90 71 25 39 65 73
split_gain=0.0209838 0.0366766 0.0401452 0.0358369 0.0573128 0.0423726 0.0277914
threshold=-0.58185363755760677 -0.020987044547882274 0.82933153599557652 0.40784187115280757 0.16613629235830887 0.98034571863049902 0.53978031644213453
decision_type=2 2 2 2 2 2 2
left_child=1 6 -3 5 -5 -2 -1
right_child=3 2 -4 4 -6 -7 -8
leaf_value=0.00038802021752765522 0.00014690595871087047 -0.00033921978920762252 0.0008003138159983792 -0.00074284652884335628 0.00014730388425655315 -0.00049522158730990037 0.0015352894259350641
leaf_weight=186 1047 216 62 269 201 193 40
leaf_count=186 1047 216 62 269 201 193 40
internal_value=3.73442e-07 0.00022668 -8.1178e-05 -6.65144e-05 -0.000363154 4.63254e-05 0.000602763
internal_weight=2214 504 278 1710 470 1240 226
internal_count=2214 504 278 1710 470 1240 226
is_linear=0
shrinkage=0.04


Tree=113
num_leaves=7
num_cat=0
split_feature=36 97 45 36 100 42
split_gain=0.0201376 0.024186 0.0353001 0.0181931 0.00929694 0.0169179
threshold=-1.1724826026970192 0.73655070884952212 -1.4643861919458747 -0.57341119605324298 -0.077533528667863644 -0.4301080866576793
decision_type=2 2 2 2 2 2
left_child=4 2 -2 -3 5 -1
right_child=1 3 -4 -5 -6 -7
leaf_value=0.00075988401537356175 0.00060252654903379633 5.1383001921367978e-05 -3.1948413084080952e-05 -0.00065674519003991265 0.00096022931520234464 -0.00035269044805318116
leaf_weight=44 151 91 1689 157 42 40
leaf_count=44 151 91 1689 157 42 40
internal_value=4.10508e-07 -2.94173e-05 2.07176e-05 -0.000398575 0.000487436 0.000234205
internal_weight=2214 2088 1840 248 126 84
internal_count=2214 2088 1840 248 126 84
is_linear=0
shrinkage=0.04


Tree=114
num_leaves=6
num_cat=0
split_feature=71 66 59 46 42
split_gain=0.0197402 0.0240963 0.0326663 0.0202427 0.0142035
threshold=-0.90488324435565803 0.8562987087739945 0.091605442504533285 -0.24926935137946934 -0.11355079018890968
decision_type=2 2 2 2 2
left_child=4 2 -2 -3 -1
right_child=1 3 -4 -5 -6
leaf_value=0.0001334111844189465 6.2534073416572038e-05 0.00067784687005651876 -0.00028933847874245398 6.3420158978699209e-05 0.0010981227893945436
leaf_weight=58 966 122 747 280 41
leaf_count=58 966 122 747 280 41
internal_value=4.42198e-07 -2.56231e-05 -9.1068e-05 0.000252321 0.000546772
internal_weight=2214 2115 1713 402 99
internal_count=2214 2115 1713 402 99
is_linear=0
shrinkage=0.04


Tree=115
num_leaves=7
num_cat=0
split_feature=28 101 40 36 40 1
split_gain=0.0196406 0.0294263 0.0393388 0.0279326 0.0186836 0.0144386
threshold=-0.76464714157482971 -0.62191142895795604 -0.29901257168278061 0.35137885014043524 -0.14588559248902724 0.11874006200300237
decision_type=2 2 2 2 2 2
left_child=3 5 -3 4 -1 -2
right_child=1 2 -4 -5 -6 -7
leaf_value=0.00030561738918450743 -0.00016523110561926537 0.00034880834574286022 -8.1647004564726499e-05 -0.00028043297144968323 0.0014161732300442267 -0.00073132374335262108
leaf_weight=53 178 457 1305 55 45 121
leaf_count=53 178 457 1305 55 45 121
internal_value=4.87543e-07 -3.21396e-05 3.02667e-05 0.000434738 0.000833691 -0.000397656
internal_weight=2214 2061 1762 153 98 299
internal_count=2214 2061 1762 153 98 299
is_linear=0
shrinkage=0.04


Tree=116
num_leaves=5
num_cat=0
split_feature=67 101 45 37
split_gain=0.0194132 0.0210062 0.0359039 0.0343968
threshold=-1.0275897583376066 0.31016040824909846 2.0720418034924042 -0.80940300671346221
decision_type=2 2 2 2
left_child=-1 3 -3 -2
right_child=1 2 -4 -5
leaf_value=-0.00077874500493053348 0.00038693057346732333 9.9133813968487651e-05 0.0010491469935514034 -0.00016020077436114662
leaf_weight=48 216 709 68 1173
leaf_count=48 216 709 68 1173
internal_value=4.97354e-07 1.84684e-05 0.000184755 -7.46837e-05
internal_weight=2214 2166 777 1389
internal_count=2214 2166 777 1389
is_linear=0
shrinkage=0.04


Tree=117
num_leaves=8
num_cat=0
split_feature=51 28 28 34 101 25 72
split_gain=0.019685 0.0233154 0.0325099 0.0227626 0.0192489 0.0118952 0.00782312
threshold=-1.0388584099015545 -0.68734369162627529 -0.50586747090656159 0.43658905524950636 0.10328523685418523 -0.26997788653456595 -0.065651547844905969
decision_type=2 2 2 2 2 2 2
left_child=4 3 -3 -2 5 -1 -6
right_child=1 2 -4 -5 6 -7 -8
leaf_value=0.00051855599889050012 0.00056019649779790338 -0.00058426980019655106 -2.806767133952782e-05 -0.00048271253463878696 0.00040989664072791732 -0.00021622967378870172 0.0012184549677510593
leaf_weight=56 169 186 1594 40 40 88 41
leaf_count=56 169 186 1594 40 40 88 41
internal_value=4.98984e-07 -3.97383e-05 -8.67782e-05 0.000357913 0.000353413 7.27094e-05 0.000838665
internal_weight=2214 1989 1780 209 225 144 81
internal_count=2214 1989 1780 209 225 144 81
is_linear=0
shrinkage=0.04


Tree=118
num_leaves=7
num_cat=0
split_feature=103 59 32 47 106 3
split_gain=0.0192267 0.0260824 0.0488833 0.0333885 0.0120622 0.00438571
threshold=-1.6682806059460968 0.16100219681984998 -1.3321734343347302 0.53312156378794651 0.9801453234555022 0.22607070945166394
decision_type=2 2 2 2 2 2
left_child=4 3 -3 -2 5 -1
right_child=1 2 -4 -5 -6 -7
leaf_value=0.0010216763799848116 0.00021952706694768821 0.0010054262013174593 -0.00028642084255134419 -0.00022373781568973868 -2.6834197803664037e-05 0.0004138047311876324
leaf_weight=44 881 48 759 391 51 40
leaf_count=44 881 48 759 391 51 40
internal_value=5.29417e-07 -2.96884e-05 -0.000207287 8.31346e-05 0.000459523 0.000748569
internal_weight=2214 2079 807 1272 135 84
internal_count=2214 2079 807 1272 135 84
is_linear=0
shrinkage=0.04


Tree=119
num_leaves=8
num_cat=0
split_feature=46 40 95 79 71 109 35
split_gain=0.0187524 0.0315533 0.0854576 0.0419357 0.0297591 0.0592366 0.0185491
threshold=-0.58185363755760677 -0.89481867484459465 -0.086133756218938373 -0.68201332643276624 0.82933153599557652 0.34719361611627736 -0.42305880655791572
decision_type=2 2 2 2 2 2 2
left_child=4 2 -2 -3 5 -1 -6
right_child=1 3 -4 -5 6 -7 -8
leaf_value=0.00040601212678243479 -0.0018698729606918419 0.00054114762388982203 0.00049336954753132585 -9.4299058501720869e-05 0.0014130747750242976 -0.00060970397063082069 0.00030640746009620752
leaf_weight=269 50 186 45 1429 45 137 53
leaf_count=269 50 186 45 1429 45 137 53
internal_value=5.84898e-07 -6.26467e-05 -0.000763351 -2.05357e-05 0.00021452 6.19618e-05 0.000832669
internal_weight=2214 1710 95 1615 504 406 98
internal_count=2214 1710 95 1615 504 406 98
is_linear=0
shrinkage=0.04


end of trees

feature_importances:
Column_36=37
Column_71=35
Column_28=26
Column_72=25
Column_59=24
Column_78=24
Column_73=21
Column_77=21
Column_35=20
Column_101=19
Column_53=16
Column_47=14
Column_67=14
Column_106=14
Column_40=13
Column_90=13
Column_97=13
Column_109=13
Column_25=12
Column_42=11
Column_89=11
Column_103=11
Column_3=10
Column_14=10
Column_45=10
Column_65=10
Column_24=8
Column_26=8
Column_29=8
Column_46=8
Column_79=8
Column_1=7
Column_37=7
Column_61=7
Column_66=7
Column_84=7
Column_85=7
Column_108=7
Column_20=6
Column_44=6
Column_95=6
Column_102=6
Column_11=5
Column_38=5
Column_70=5
Column_96=5
Column_98=5
Column_5=4
Column_6=4
Column_83=4
Column_32=3
Column_33=3
Column_88=3
Column_107=3
Column_2=2
Column_10=2
Column_16=2
Column_17=2
Column_34=2
Column_39=2
Column_51=2
Column_100=2
Column_12=1
Column_21=1
Column_27=1
Column_30=1
Column_41=1
Column_43=1
Column_63=1
Column_64=1
Column_68=1
Column_91=1
Column_94=1

parameters:
[boosting: gbdt]
[objective: regression]
[metric: l2]
[tree_learner: serial]
[device_type: cpu]
[data_sample_strategy: bagging]
[data: ]
[valid: ]
[num_iterations: 120]
[learning_rate: 0.04]
[num_leaves: 15]
[num_threads: 2]
[seed: 42]
[deterministic: 1]
[force_col_wise: 1]
[force_row_wise: 0]
[histogram_pool_size: -1]
[max_depth: 3]
[min_data_in_leaf: 40]
[min_sum_hessian_in_leaf: 0.001]
[bagging_fraction: 0.85]
[pos_bagging_fraction: 1]
[neg_bagging_fraction: 1]
[bagging_freq: 0]
[bagging_seed: 400]
[bagging_by_query: 0]
[feature_fraction: 0.8]
[feature_fraction_bynode: 1]
[feature_fraction_seed: 30056]
[extra_trees: 0]
[extra_seed: 12879]
[early_stopping_round: 0]
[early_stopping_min_delta: 0]
[first_metric_only: 0]
[max_delta_step: 0]
[lambda_l1: 0]
[lambda_l2: 2]
[linear_lambda: 0]
[min_gain_to_split: 0]
[drop_rate: 0.1]
[max_drop: 50]
[skip_drop: 0.5]
[xgboost_dart_mode: 0]
[uniform_drop: 0]
[drop_seed: 17869]
[top_rate: 0.2]
[other_rate: 0.1]
[min_data_per_group: 100]
[max_cat_threshold: 32]
[cat_l2: 10]
[cat_smooth: 10]
[max_cat_to_onehot: 4]
[top_k: 20]
[monotone_constraints: ]
[monotone_constraints_method: basic]
[monotone_penalty: 0]
[feature_contri: ]
[forcedsplits_filename: ]
[refit_decay_rate: 0.9]
[cegb_tradeoff: 1]
[cegb_penalty_split: 0]
[cegb_penalty_feature_lazy: ]
[cegb_penalty_feature_coupled: ]
[path_smooth: 0]
[interaction_constraints: ]
[verbosity: -1]
[saved_feature_importance_type: 0]
[use_quantized_grad: 0]
[num_grad_quant_bins: 4]
[quant_train_renew_leaf: 0]
[stochastic_rounding: 1]
[linear_tree: 0]
[max_bin: 255]
[max_bin_by_feature: ]
[min_data_in_bin: 3]
[bin_construct_sample_cnt: 200000]
[data_random_seed: 175]
[is_enable_sparse: 1]
[enable_bundle: 1]
[use_missing: 1]
[zero_as_missing: 0]
[feature_pre_filter: 1]
[pre_partition: 0]
[two_round: 0]
[header: 0]
[label_column: ]
[weight_column: ]
[group_column: ]
[ignore_column: ]
[categorical_feature: ]
[forcedbins_filename: ]
[precise_float_parser: 0]
[parser_config_file: ]
[objective_seed: 16083]
[num_class: 1]
[is_unbalance: 0]
[scale_pos_weight: 1]
[sigmoid: 1]
[boost_from_average: 1]
[reg_sqrt: 0]
[alpha: 0.9]
[fair_c: 1]
[poisson_max_delta_step: 0.7]
[tweedie_variance_power: 1.5]
[lambdarank_truncation_level: 30]
[lambdarank_norm: 1]
[label_gain: ]
[lambdarank_position_bias_regularization: 0]
[eval_at: ]
[multi_error_top_k: 1]
[auc_mu_weights: ]
[num_machines: 1]
[local_listen_port: 12400]
[time_out: 120]
[machine_list_filename: ]
[machines: ]
[gpu_platform_id: -1]
[gpu_device_id: -1]
[gpu_device_id_list: ]
[gpu_use_dp: 0]
[num_gpu: 1]

end of parameters

pandas_categorical:null
