tree
version=v4
num_class=1
num_tree_per_iteration=1
label_index=0
max_feature_idx=118
objective=quantile
feature_names=Column_0 Column_1 Column_2 Column_3 Column_4 Column_5 Column_6 Column_7 Column_8 Column_9 Column_10 Column_11 Column_12 Column_13 Column_14 Column_15 Column_16 Column_17 Column_18 Column_19 Column_20 Column_21 Column_22 Column_23 Column_24 Column_25 Column_26 Column_27 Column_28 Column_29 Column_30 Column_31 Column_32 Column_33 Column_34 Column_35 Column_36 Column_37 Column_38 Column_39 Column_40 Column_41 Column_42 Column_43 Column_44 Column_45 Column_46 Column_47 Column_48 Column_49 Column_50 Column_51 Column_52 Column_53 Column_54 Column_55 Column_56 Column_57 Column_58 Column_59 Column_60 Column_61 Column_62 Column_63 Column_64 Column_65 Column_66 Column_67 Column_68 Column_69 Column_70 Column_71 Column_72 Column_73 Column_74 Column_75 Column_76 Column_77 Column_78 Column_79 Column_80 Column_81 Column_82 Column_83 Column_84 Column_85 Column_86 Column_87 Column_88 Column_89 Column_90 Column_91 Column_92 Column_93 Column_94 Column_95 Column_96 Column_97 Column_98 Column_99 Column_100 Column_101 Column_102 Column_103 Column_104 Column_105 Column_106 Column_107 Column_108 Column_109 Column_110 Column_111 Column_112 Column_113 Column_114 Column_115 Column_116 Column_117 Column_118
feature_infos=[-4.5246569796643614:5.8683304951716435] [-3.8483317312919141:4.0611245336775506] [-3.7165608892503164:3.6460980568993127] [-3.471179090487273:3.2470913221419679] [-3.2000898742835249:2.6093591629082535] [-2.2094508562453106:2.5260658110634444] [-3.4167495219691313:3.3103007499864665] [-1.2038586352580145:4.7438745066219639] [-1.6196211720935372:1.5915560085612732] [-3.1254559763453948:2.6736652371830401] [-1.2764595325682329:3.7940579431605443] [-2.375582201444459:2.5793874139849589] [-2.1133671055225531:2.5394927446067146] [-1.363892024810462:2.7452542808903315] [-2.4995040071767329:2.9316533359298353] [-1.6292724910842746:1.4832596839144898] [-1.6706861747807973:1.7810882072124219] [-1.0581345034894849:0.67442788629758321] [-1.1268897310678205:0.70317287560806341] [-1.0581345034894853:0.67442788629758355] [-2.3614500537697323:2.9197845122480479] [-3.2116238564251809:3.5026453439082985] [-2.8839355870667065:2.8561733815724315] [-1.9923875542401346:2.8525739000217816] [-2.2249982887715571:1.864183512388228] [-2.0855611497146658:1.878513144009726] [-3.3088787175464276:2.2457013496027951] [-1.8299960383121703:1.5777171044341509] [-0.95007380532454333:2.8124259000924141] [-3.5629386815198516:3.3445863489141225] [-3.279132089137855:2.9403353669842796] [-2.539750330496819:2.235049279960474] [-2.4931497127214359:2.3863223975962811] [-2.0211792757538567:2.4403659800507729] [-2.1743939418213825:2.2867904515577959] [-1.9611161526943559:2.0497958654422579] [-2.108076804544746:2.3017451579565664] [-1.2170748910810707:3.01182461586989] [-1.2704378374622722:3.6393831521767264] [-1.3877396087921847:2.6882426044158754] [-1.2718167055920624:1.8188043011831037] [-1.8652473891348877:1.6406502390605286] [-1.8308513715556798:1.7005338842116664] [-1.9984221700162703:12.005250762453134] [-584.26025222600413:93.19546959301428] [-501.72022293667891:104.42900508250204] [-667.90182920824236:49.12634747335035] [-1.1314939387644072:3.3924706273238989] [-1.8854563708690788:1.7384977121976941] [-1.1594253330845792:6.209575150288221] [-3.851173048546102:4.5644810841322103] [-9.9145616446653211:8.2215300476964543] [-1:1] [-0.83333333333333337:1] [0:1] [0:1] [-3.4715503978333344:4.1941342628947957] [-4.022138616913101:2.3102140494418046] [-2.2877560963606602:1.5318447975613174] [-0.98987343817054474:2.2321745333393417] [-2.2866728762593382:1.2432735075572485] [-1.6035825507136212:0.35316256307345917] [-3.1765942845691071:3.6298704472903989] [-2.7104668297525052:2.5009705495068344] [-2.1911029386559537:1.7663288322361037] [-3.0223577417344791:3.9551520678124485] [-3.4149498866153079:2.2677137154778295] [-2.3397597373140329:1.6127554831018598] [-0.95075334285663837:2.1562696053678985] [-2.1211140803485597:1.2908735021838265] [-1.3967218143103128:0.36699424482144022] [-4.5360179090540669:7.1240779943370907] [-4.0810519287532969:5.6758859817749876] [-2.4260530297268907:4.1793998134715222] [-1.3231520676798663:4.8272771626131865] [-1.193342813183524:7.8142635476191291] [-1.1005835492302987:2.3037014448182416] [-6.4412327197933017:6.6276857963514502] [-4.5369687106929879:3.5265223255674054] [-2.6884878031148296:3.6774164470140449] [-1.2121277645860722:3.522640958954486] [-1.7023912099759433:4.2894882072743155] [-0.7848562908005825:1.9997905542851755] [-11.175912636043204:10.960345117972413] [-6.1079852054384709:5.3382598349047674] [-3.8380760595729755:4.2594180335562637] [-0.99062914295098914:3.0354538882434343] [-2.2098376328450606:4.2840952943601041] [-1.2082253342092084:0.74552169860627582] [-3.9202121772003609:2.9418874692249117] [-3.411156229408864:2.9640817625433615] [-2.5169913834093207:1.7127557429580238] [-1.2546832809631983:3.0886735393285356] [-2.1028086511259794:1.9119322520528053] [-1.3999657591802337:0.47006187738622468] [-5.3384433480701112:3.1154183721777278] [-4.0665390430363928:3.452512321670846] [-1.8354241965025593:2.7405467020632663] [-1.4155605465935477:4.0738282782536821] [-1.6971639065786672:4.356198212643803] [-1.5224846043701004:1.2308959597987599] [-4.29946168131411:2.5703334447893242] [-3.7815553088359368:3.5014905519357442] [-1.9241366945774216:2.5966542254913163] [-1.4299433179609489:3.8868879609824898] [-1.5578825963456364:3.8160327202357491] [-1.4984199931073048:1.1549561034347979] [-3.3317428228201753:3.5904069879607796] [-2.2265419590332214:2.6479667126294446] [-1.9819735798884239:2.0081819947421939] [-1.4568773298266016:2.056614987280807] [-1.4597756483277293:1.9585136029686425] [-2.1908119086644704:0.58042596422369575] [-3.1091931623032423:3.3396906366953623] [-2.761371798988816:3.5433675804097335] [-1.6896260896227224:2.3785366100307046] [-0.83862440989215081:2.8352357815547671] [-1.4194361986704627:2.2819805083793669] [-1.3638318246701211:0.96370650156641158]
tree_sizes=747 768 851 777 681 776 860 861 865 773 775 779 687 687 605 780 604 783 602 866 784 687 778 778 778 782 782 788 780 777 687 777 781 688 776 785 776 690 873 774 696 598 782 786 687 779 606 694 609 780 787 688 775 783 788 697 866 787 787 780 698 605 515 783 692 789 603 777 788 606 782 609 779 863 607 781 694 521 786 690 791 781 522 522 786 609 781 784 870 784 789 784 785 701 791 794 788 609 700 880 691 777 699 876 778 698 697 695 879 871 697 784 700 788 785 786 789 870 612 794

Tree=0
num_leaves=7
num_cat=0
split_feature=69 11 40 47 60 64
split_gain=14.6338 3.95444 3.81806 4.14611 3.38979 2.18527
threshold=-1.1018568009824914 0.54117916121249399 0.97244980999785369 -0.28305523297330482 -1.3807345813215284 -0.7903039343883943
decision_type=2 2 2 2 2 2
left_child=1 4 5 -4 -1 -2
right_child=2 -3 3 -5 -6 -7
leaf_value=0.070618980136301635 0.069324506325723331 0.071836772954820632 0.068727797990972658 0.06981958710967312 0.068916799604674714 0.068326323314308587
leaf_weight=107 278 50 94 64 77 1511
leaf_count=107 278 50 94 64 77 1511
internal_value=0.0689004 0.0783077 0.0677613 0.073684 0.0754646 0.0672335
internal_weight=2181 234 1947 158 184 1789
internal_count=2181 234 1947 158 184 1789
is_linear=0
shrinkage=1


Tree=1
num_leaves=7
num_cat=0
split_feature=69 40 47 85 46 35
split_gain=13.6626 3.11265 3.21529 3.07083 2.56127 1.70658
threshold=-1.1190671234559912 0.97244980999785369 -0.28305523297330482 1.7271663631332055 4.781809520195476 -0.61707478609866728
decision_type=2 2 2 2 2 2
left_child=3 4 -3 5 -2 -1
right_child=1 2 -4 -5 -6 -7
leaf_value=0.00019587272707614255 -0.00046631533642563217 -0.00014991118818772964 0.00088209367671959749 0.0022250368193236225 0.0010536046712750729 0.0018836853104476953
leaf_weight=74 1729 94 66 78 67 73
leaf_count=74 1729 94 66 78 67 73
internal_value=-3.84801e-05 -0.00111542 0.00419753 0.0092511 -0.00159288 0.00571812
internal_weight=2181 1956 160 225 1796 147
internal_count=2181 1956 160 225 1796 147
is_linear=0
shrinkage=0.04


Tree=2
num_leaves=8
num_cat=0
split_feature=69 91 43 40 68 76 10
split_gain=13.0964 3.5775 3.65058 3.06509 2.99147 1.91786 1.83257
threshold=-1.1190671234559912 0.54604770733814623 0.33222679266128019 0.97244980999785369 0.9555638940990745 0.12342244780994267 0.54513158461195077
decision_type=2 2 2 2 2 2 2
left_child=1 6 -3 5 -5 -2 -1
right_child=3 2 -4 4 -6 -7 -8
leaf_value=0.0016175985222248415 -0.00050159637939679207 0.0022918060899235473 0.0019309881819250996 0.0007957760088765823 -0.00018068086567210039 0.00010994879454613693 -9.5363211549856505e-05
leaf_weight=54 1216 67 47 87 73 580 57
leaf_count=54 1216 67 47 87 73 580 57
internal_value=-2.01567e-05 0.00907489 0.014 -0.00107457 0.00419753 -0.00154839 0.00385841
internal_weight=2181 225 114 1956 160 1796 111
internal_count=2181 225 114 1956 160 1796 111
is_linear=0
shrinkage=0.04


Tree=3
num_leaves=7
num_cat=0
split_feature=69 11 25 117 44 35
split_gain=10.7296 3.74384 3.2122 7.34597 2.91257 2.48209
threshold=-1.1190671234559912 0.57968536663016212 -1.0417086926248731 -0.33425884671413214 0.79508932325027681 -0.35107434994913039
decision_type=2 2 2 2 2 2
left_child=1 4 3 -2 -1 -4
right_child=2 -3 5 -5 -6 -7
leaf_value=0.0015264265444748352 0.0014412226978073772 0.0026640824924045801 0.00012031894968852149 -0.00045863863434437822 -2.6709460772115027e-05 -0.00047653443457511767
leaf_weight=112 44 45 459 75 68 1378
leaf_count=112 44 45 459 75 68 1378
internal_value=-3.84801e-05 0.00819383 -0.000992851 0.00532231 0.0054945 -0.00140729
internal_weight=2181 225 1956 119 180 1837
internal_count=2181 225 1956 119 180 1837
is_linear=0
shrinkage=0.04


Tree=4
num_leaves=6
num_cat=0
split_feature=87 42 60 46 8
split_gain=9.7885 4.70563 3.69027 2.97784 2.9004
threshold=2.1242102196936568 -0.29275357366263521 -1.1398495803603605 2.0901490308978583 -0.44925212528666719
decision_type=2 2 2 2 2
left_child=2 -2 4 -4 -1
right_child=1 -3 3 -5 -6
leaf_value=0.0015540141316796488 0.0025062021906587574 0.00025454531805960975 -0.00040986818615693993 0.00072249914369921131 0.00020751102582919291
leaf_weight=40 67 74 1726 176 98
leaf_count=40 67 74 1726 176 98
internal_value=-7.51269e-05 0.010042 -0.000783546 -0.0012437 0.00548571
internal_weight=2181 141 2040 1902 138
internal_count=2181 141 2040 1902 138
is_linear=0
shrinkage=0.04


Tree=5
num_leaves=7
num_cat=0
split_feature=37 41 100 46 72 36
split_gain=9.58462 4.38971 3.75714 3.26079 4.60594 2.62481
threshold=0.9754443561342806 -1.0214696826900338 -0.077319666232917236 3.5409765673668225 0.19335385992130263 -0.40601917036392471
decision_type=2 2 2 2 2 2
left_child=3 -2 -3 5 -5 -1
right_child=1 2 -4 4 -6 -7
leaf_value=0.00016849782813365782 0.0028272338803403485 0.001172494146758488 4.6523811566825455e-06 -0.0005423408463062989 0.0013713634291995412 -0.00047611428967720104
leaf_weight=418 42 131 155 61 41 1333
leaf_count=418 42 131 155 61 41 1333
internal_value=-7.51269e-05 0.00620606 0.00436111 -0.00119245 0.00569231 -0.00159954
internal_weight=2181 328 286 1853 102 1751
internal_count=2181 328 286 1853 102 1751
is_linear=0
shrinkage=0.04


Tree=6
num_leaves=8
num_cat=0
split_feature=37 100 36 36 111 45 79
split_gain=8.14441 3.594 4.10235 2.29457 4.7871 2.00591 1.6148
threshold=1.0234025360177184 -0.077319666232917236 -0.51700551532402017 -0.40601917036392471 0.73550487913781393 2.4535416523588789 0.54152502074086595
decision_type=2 2 2 2 2 2 2
left_child=3 2 -2 4 -1 -5 -3
right_child=1 6 -4 5 -6 -7 -8
leaf_value=-4.7775634864260584e-05 0.00063434289484436211 -0.00044369060986956501 0.0019522151502690528 -0.00048388363196623445 0.0011254561148284648 0.00050029742043622839 0.00090043520805563662
leaf_weight=385 90 79 57 1292 60 140 78
leaf_count=385 90 79 57 1292 60 140 78
internal_value=-0.000221714 0.00583006 0.0102819 -0.00120703 0.00129754 -0.00198605 0.0015849
internal_weight=2181 304 147 1877 445 1432 157
internal_count=2181 304 147 1877 445 1432 157
is_linear=0
shrinkage=0.04


Tree=7
num_leaves=8
num_cat=0
split_feature=37 100 36 46 72 36 60
split_gain=7.35527 3.79838 3.70126 2.30205 3.22441 2.20505 1.57802
threshold=1.0234025360177184 -0.077319666232917236 -0.51700551532402017 3.5409765673668225 0.19335385992130263 -0.40601917036392471 -1.1398495803603605
decision_type=2 2 2 2 2 2 2
left_child=3 2 -2 5 -5 -1 -3
right_child=1 6 -4 4 -6 -7 -8
leaf_value=0.00015192227756044509 0.00060896917905058762 0.00082182468935231435 0.0018741265442582906 -0.00054065905295620418 0.0012714906712863324 -0.00044058756075769022 -0.00065532572389895326
leaf_weight=433 90 96 57 61 41 1342 61
leaf_count=433 90 96 57 61 41 1342 61
internal_value=-0.000313331 0.00543791 0.0100134 -0.0012496 0.00453846 -0.00158695 0.00108176
internal_weight=2181 304 147 1877 102 1775 157
internal_count=2181 304 147 1877 102 1775 157
is_linear=0
shrinkage=0.04


Tree=8
num_leaves=8
num_cat=0
split_feature=37 100 36 76 14 76 24
split_gain=7.54371 3.2654 3.16295 1.77312 3.04731 1.61577 1.31615
threshold=1.0234025360177184 -0.062897800430650228 -0.51700551532402017 0.12342244780994267 0.45737240412791386 1.3844218498281311 -0.93766705469039235
decision_type=2 2 2 2 2 2 2
left_child=3 2 -2 6 -5 -3 -1
right_child=1 5 -4 4 -6 -7 -8
leaf_value=0.00052528411703249903 0.00058461041188856433 -0.00034261567658997616 0.0017668747464246806 -0.00018483246934533374 0.0010372687975087954 0.00078919500146675686 -0.00039612407547499477
leaf_weight=40 90 82 58 498 142 74 1197
leaf_count=40 90 82 58 498 142 74 1197
internal_value=-0.000386625 0.00543791 0.00965333 -0.00133475 0.000373831 0.00136709 -0.00221792
internal_weight=2181 304 148 1877 640 156 1237
internal_count=2181 304 148 1877 640 156 1237
is_linear=0
shrinkage=0.04


Tree=9
num_leaves=7
num_cat=0
split_feature=60 14 8 46 27 36
split_gain=6.13694 2.46045 2.68213 2.4444 2.29865 2.12505
threshold=-1.1398495803603605 0.46586605653394919 -0.49087500509778781 2.4011380112903877 0.27417727709417533 0.18809357750706088
decision_type=2 2 2 2 2 2
left_child=1 2 -1 5 -5 -2
right_child=3 -3 -4 4 -6 -7
leaf_value=0.0013766357034391535 -3.0073047018069954e-05 0.0023721328484065545 0.00035320156348046117 0.00090451741427172595 -0.00051688591443849608 -0.00062626534159733373
leaf_weight=44 1103 48 124 80 76 706
leaf_count=44 1103 48 124 80 76 706
internal_value=-0.000423272 0.00594495 0.00357647 -0.00112862 0.00364557 -0.0015439
internal_weight=2181 216 168 1965 156 1809
internal_count=2181 216 168 1965 156 1809
is_linear=0
shrinkage=0.04


Tree=10
num_leaves=7
num_cat=0
split_feature=60 46 75 28 44 36
split_gain=5.78835 2.42368 2.42783 2.22738 2.24064 2.0404
threshold=-1.1398495803603605 2.4011380112903877 -0.23194792951828061 1.1377511461558554 1.1895262586001658 0.18809357750706088
decision_type=2 2 2 2 2 2
left_child=3 5 -3 4 -1 -2
right_child=1 2 -4 -5 -6 -7
leaf_value=0.0017347252065699067 -2.8870125137346936e-05 -0.00073971053864728864 0.00088424424166740469 -2.872144055397029e-05 0.00042457945919159839 -0.00060121472793344039
leaf_weight=103 1103 72 84 71 42 706
leaf_count=103 1103 72 84 71 42 706
internal_value=-0.000423272 -0.00110829 0.00364557 0.00576147 0.00857143 -0.00152181
internal_weight=2181 1965 156 216 145 1809
internal_count=2181 1965 156 216 145 1809
is_linear=0
shrinkage=0.04


Tree=11
num_leaves=7
num_cat=0
split_feature=69 11 105 25 109 45
split_gain=5.3837 3.0308 2.38245 2.09237 6.49129 2.18324
threshold=-1.1475351810773846 0.62117271734482549 0.56701530327033323 -0.47123279928328471 0.53080389622004487 4.1898188290600258
decision_type=2 2 2 2 2 2
left_child=1 2 -1 4 -2 -5
right_child=3 -3 -4 5 -6 -7
leaf_value=0.0012511433270847268 -0.00034096471053078717 0.0022472948911455453 -0.00020891822664092965 -0.00039853885118631868 0.00087349815839752654 0.00097520813151436665
leaf_weight=106 345 43 67 1400 135 85
leaf_count=106 345 43 67 1400 135 85
internal_value=-0.000386625 0.00557798 0.00313143 -0.00104728 0.00124481 -0.00178884
internal_weight=2181 216 173 1965 480 1485
internal_count=2181 216 173 1965 480 1485
is_linear=0
shrinkage=0.04


Tree=12
num_leaves=6
num_cat=0
split_feature=87 42 24 100 60
split_gain=5.19378 3.03673 2.18988 3.86871 2.06633
threshold=2.1242102196936568 -0.3044061796453495 -0.93766705469039235 -0.10842322332812716 -1.2210578877872353
decision_type=2 2 2 2 2
left_child=2 -2 3 -1 -4
right_child=1 -3 4 -5 -6
leaf_value=0.0011053580649022848 0.0019989881559916616 0.00029139607881741361 0.0011767869170360176 -0.00010631377800575544 -0.00029375654448971384
leaf_weight=53 63 78 66 120 1801
leaf_count=53 63 78 66 120 1801
internal_value=-0.000404948 0.00696503 -0.000920667 0.00336 -0.00132049
internal_weight=2181 141 2040 173 1867
internal_count=2181 141 2040 173 1867
is_linear=0
shrinkage=0.04


Tree=13
num_leaves=6
num_cat=0
split_feature=87 50 60 8 46
split_gain=4.75749 2.19664 2.01488 3.4285 1.83795
threshold=2.1242102196936568 -0.22251421464497498 -1.1398495803603605 -0.44925212528666719 2.2841417358071792
decision_type=2 2 2 2 2
left_child=2 -2 3 -1 -4
right_child=1 -3 4 -5 -6
leaf_value=0.0012492227434227979 0.0013540758030047924 0.00045712619276397674 -0.00029870597067623153 -8.1753452950278428e-05 0.00061633647390586105
leaf_weight=40 63 78 1739 98 163
leaf_count=40 63 78 1739 98 163
internal_value=-0.000368301 0.00668531 -0.000861901 0.00377143 -0.00120168
internal_weight=2181 141 2040 138 1902
internal_count=2181 141 2040 138 1902
is_linear=0
shrinkage=0.04


Tree=14
num_leaves=5
num_cat=0
split_feature=87 34 109 45
split_gain=4.36746 2.10547 3.63685 1.60414
threshold=2.5814156337897374 -0.52965772743434958 0.58130334484322377 4.1898188290600258
decision_type=2 2 2 2
left_child=1 2 -1 -3
right_child=-2 3 -4 -5
leaf_value=-1.6454695241727089e-05 0.001451098812524631 -0.00028060981428214065 0.00097512591852922975 0.00093793736149326795
leaf_weight=413 66 1503 114 85
leaf_count=413 66 1503 114 85
internal_value=-0.000331655 -0.000651867 0.00153497 -0.00137862
internal_weight=2181 2115 527 1588
internal_count=2181 2115 527 1588
is_linear=0
shrinkage=0.04


Tree=15
num_leaves=7
num_cat=0
split_feature=87 29 87 40 64 64
split_gain=4.67446 1.90325 1.65366 1.65048 2.9615 1.32953
threshold=1.5651567663441484 0.93938051954173962 2.6501706871557222 -0.3752397865077361 -1.1394076206778714 0.66138668616083407
decision_type=2 2 2 2 2 2
left_child=3 2 -2 5 -5 -1
right_child=1 -3 -4 4 -6 -7
leaf_value=-0.00069896349001791344 0.00055152374362674725 -9.9623110338790247e-05 0.0018939700992912656 0.00090704988039376467 -9.1529555991198066e-05 5.1122754701206988e-05
leaf_weight=545 130 45 47 65 1238 111
leaf_count=545 130 45 47 65 1238 111
internal_value=-0.000331655 0.00514286 0.00699441 -0.000956656 -0.000131802 -0.00258967
internal_weight=2181 222 177 1959 1303 656
internal_count=2181 222 177 1959 1303 656
is_linear=0
shrinkage=0.04


Tree=16
num_leaves=5
num_cat=0
split_feature=87 76 14 25
split_gain=4.35146 2.1507 2.84917 1.75145
threshold=2.5814156337897374 0.13661043510971652 0.45737240412791386 -1.0018899638464156
decision_type=2 2 2 2
left_child=1 3 -3 -1
right_child=-2 2 -4 -5
leaf_value=0.00094047064704159023 0.0013172960560519952 -3.710126352397707e-05 0.00087645880009953468 -0.00033461277525152202
leaf_weight=42 66 647 196 1230
leaf_count=42 66 647 196 1230
internal_value=-0.000313331 -0.000632972 0.000932543 -0.00167033
internal_weight=2181 2115 843 1272
internal_count=2181 2115 843 1272
is_linear=0
shrinkage=0.04


Tree=17
num_leaves=7
num_cat=0
split_feature=24 36 41 104 64 94
split_gain=3.66345 5.14498 2.2092 1.95998 3.30088 1.69512
threshold=-0.93766705469039235 -0.65751339051888613 -1.0448913884694544 0.38708036230312798 -0.64242120666572744 0.22779172003062878
decision_type=2 2 2 2 2 2
left_child=1 2 -1 5 -5 -2
right_child=3 -3 -4 4 -6 -7
leaf_value=0.00057019560780175859 -0.00042051708232249818 0.0015987317062914001 -0.00026087591826896888 0.00098956595997493286 2.5384055383950016e-06 0.00023538691092745846
leaf_weight=53 1303 53 128 53 331 260
leaf_count=53 1303 53 128 53 331 260
internal_value=-0.000368301 0.00433898 0.00107104 -0.000937918 0.00161658 -0.00156677
internal_weight=2181 234 181 1947 384 1563
internal_count=2181 234 181 1947 384 1563
is_linear=0
shrinkage=0.04


Tree=18
num_leaves=5
num_cat=0
split_feature=87 24 36 37
split_gain=3.95134 2.33971 3.71829 1.58192
threshold=2.6501706871557222 -0.93766705469039235 -0.65751339051888613 1.4840890713956327
decision_type=2 2 2 2
left_child=1 2 -1 -3
right_child=-2 3 -4 -5
leaf_value=5.9384638085224482e-05 0.0013505675395425187 -0.00021119978121038181 0.0012167370730272037 0.00069771607325084042
leaf_weight=161 60 1866 48 46
leaf_count=161 60 1866 48 46
internal_value=-0.000276684 -0.000567123 0.00343128 -0.00100732
internal_weight=2181 2121 209 1912
internal_count=2181 2121 209 1912
is_linear=0
shrinkage=0.04


Tree=19
num_leaves=8
num_cat=0
split_feature=60 13 41 35 64 9 13
split_gain=3.74378 2.328 3.79934 1.8458 2.60833 1.33877 0.870271
threshold=-1.1398495803603605 0.86402191537353579 -0.87949498231383305 0.42139118172154305 -0.77749891059122433 -0.10743273063545543 0.69572090603618653
decision_type=2 2 2 2 2 2 2
left_child=1 2 -1 4 -2 -3 -5
right_child=3 5 -4 6 -6 -7 -8
leaf_value=0.0022925261782361784 0.00054133513775287486 -0.00031866436117332928 9.8361963969831694e-05 -0.00077525792234440171 -0.00012817997376694766 0.00092600000785312956 5.5861104894983927e-05
leaf_weight=45 216 68 50 456 1199 53 94
leaf_count=45 216 68 50 456 1199 53 94
internal_value=-0.000313331 0.00466055 0.00927835 -0.000864261 -9.88012e-05 0.000943088 -0.00282609
internal_weight=2181 216 95 1965 1415 121 550
internal_count=2181 216 95 1965 1415 121 550
is_linear=0
shrinkage=0.04


Tree=20
num_leaves=7
num_cat=0
split_feature=60 6 11 35 64 13
split_gain=3.71628 2.27204 1.92267 1.88427 2.57194 0.870271
threshold=-1.1398495803603605 0.60286404595354937 0.51394187666290136 0.42139118172154305 -0.77749891059122433 0.69572090603618653
decision_type=2 2 2 2 2 2
left_child=1 2 -1 4 -2 -5
right_child=3 -3 -4 5 -6 -7
leaf_value=0.00064633351899974142 0.00051968173224276005 -0.00015214330618386083 0.0019833915200832765 -0.00074424760545062558 -0.00012305277481626972 5.3626660699184488e-05
leaf_weight=129 216 47 40 456 1199 94
leaf_count=129 216 47 40 456 1199 94
internal_value=-0.000295008 0.00466055 0.00680702 -0.000843926 -7.05726e-05 -0.00282609
internal_weight=2181 216 169 1965 1415 550
internal_count=2181 216 169 1965 1415 550
is_linear=0
shrinkage=0.04


Tree=21
num_leaves=6
num_cat=0
split_feature=93 84 46 27 35
split_gain=3.23099 2.27941 2.25391 2.23033 1.61921
threshold=1.1245480269010655 1.6157014098114422 2.4011380112903877 0.28255838507235526 0.2570287977489954
decision_type=2 2 2 2 2
left_child=2 -2 4 -4 -1
right_child=1 -3 3 -5 -6
leaf_value=-2.8052082498930473e-05 3.9873566510787509e-05 0.0014538253722237297 0.00089298199833491685 -0.00036782965834795614 -0.00046948027702698966
leaf_weight=1223 54 42 106 74 682
leaf_count=1223 54 42 106 74 682
internal_value=-0.000404948 0.00669388 -0.000737902 0.00351648 -0.00114316
internal_weight=2181 96 2085 180 1905
internal_count=2181 96 2085 180 1905
is_linear=0
shrinkage=0.04


Tree=22
num_leaves=7
num_cat=0
split_feature=60 28 43 35 46 13
split_gain=2.79583 2.00294 2.30216 1.94152 2.87724 0.538785
threshold=-1.3807345813215284 1.0555221907698267 0.33222679266128019 0.49148223190700963 2.4011380112903877 0.69572090603618653
decision_type=2 2 2 2 2 2
left_child=1 2 -1 4 -2 -5
right_child=3 -3 -4 5 -6 -7
leaf_value=0.0016147804526639043 -6.8199958204553249e-05 -2.3342788343757409e-05 0.00095321599708184969 -0.00081240824908680265 0.00086462081218373094 -4.9811014374281389e-05
leaf_weight=42 1439 53 40 386 122 99
leaf_count=42 1439 53 40 386 122 99
internal_value=-0.000423272 0.00510949 0.00895238 -0.00079297 -0.000104927 -0.00299795
internal_weight=2181 135 82 2046 1561 485
internal_count=2181 135 82 2046 1561 485
is_linear=0
shrinkage=0.04


Tree=23
num_leaves=7
num_cat=0
split_feature=60 109 25 45 104 43
split_gain=2.51523 1.6904 6.67195 1.75051 1.65577 1.52218
threshold=-1.2745415572323899 0.58130334484322377 -0.32966629670883146 4.1898188290600258 0.51370112763712095 0.33222679266128019
decision_type=2 2 2 2 2 2
left_child=4 3 -3 -2 -1 -6
right_child=1 2 -4 -5 5 -7
leaf_value=-0.00010429529901519447 -0.00032199369633550046 0.00083116003354135508 -0.00033102656409273422 0.00086451755803006723 0.001325073432278986 0.0010798903694287378
leaf_weight=51 1453 155 313 98 66 45
leaf_count=51 1453 155 313 98 66 45
internal_value=-0.000423272 -0.000809501 0.00129362 -0.00144495 0.00434146 0.00704425
internal_weight=2181 2019 468 1551 162 111
internal_count=2181 2019 468 1551 162 111
is_linear=0
shrinkage=0.04


Tree=24
num_leaves=7
num_cat=0
split_feature=24 36 11 104 63 26
split_gain=2.55726 3.944 1.87633 1.48406 3.28821 1.73872
threshold=-0.93766705469039235 -0.65751339051888613 0.51394187666290136 0.38708036230312798 -0.61504008744246808 1.3369807609099535
decision_type=2 2 2 2 2 2
left_child=1 2 -1 5 -5 -2
right_child=3 -3 -4 4 -6 -7
leaf_value=-0.00014978633708176564 -0.00030116763766690059 0.0012292305079027544 0.0015077662037881673 0.0008710901928341442 -3.1730016383204258e-05 0.00074633892136331131
leaf_weight=138 1516 53 43 55 329 47
leaf_count=138 1516 53 43 55 329 47
internal_value=-0.000441595 0.00349152 0.000633879 -0.000917394 0.0013057 -0.00146454
internal_weight=2181 234 181 1947 384 1563
internal_count=2181 234 181 1947 384 1563
is_linear=0
shrinkage=0.04


Tree=25
num_leaves=7
num_cat=0
split_feature=60 35 64 13 9 13
split_gain=2.28263 1.86794 1.98606 1.23001 1.44196 0.409457
threshold=-1.2745415572323899 0.49148223190700963 -0.77749891059122433 0.86402191537353579 -0.13196381962030909 0.69572090603618653
decision_type=2 2 2 2 2 2
left_child=3 2 -2 -1 -5 -3
right_child=1 5 -4 4 -6 -7
leaf_value=0.0014512085826228532 0.00044698647550620127 -0.00077288432438001498 -9.6260304788075329e-05 -0.00060394674272033777 0.00085862524131197215 -4.2683064586583021e-05
leaf_weight=68 245 384 1295 54 40 95
leaf_count=68 245 384 1295 54 40 95
internal_value=-0.000441595 -0.000809501 -0.000129703 0.00409756 0.00108333 -0.00298545
internal_weight=2181 2019 1540 162 94 479
internal_count=2181 2019 1540 162 94 479
is_linear=0
shrinkage=0.04


Tree=26
num_leaves=7
num_cat=0
split_feature=76 63 13 83 116 64
split_gain=2.05183 2.25823 2.46308 1.56313 1.28613 1.00584
threshold=0.13661043510971652 -0.64447985551234521 0.92299434779491996 -1.5811945383404444 -0.76532766037283173 1.2234284625646674
decision_type=2 2 2 2 2 2
left_child=4 2 -2 -3 -1 -6
right_child=1 3 -4 -5 5 -7
leaf_value=0.00059063137168326402 0.00088080047164883386 0.00047371238181784437 -0.00022013095601234266 -6.8889216492223044e-05 -0.00035537045382981897 0.00012330420516577475
leaf_weight=42 119 69 56 662 1156 77
leaf_count=42 119 69 56 662 1156 77
internal_value=-0.000423272 0.00103084 0.00508474 4.91123e-05 -0.00145654 -0.00169393
internal_weight=2181 906 175 731 1275 1233
internal_count=2181 906 175 731 1275 1233
is_linear=0
shrinkage=0.04


Tree=27
num_leaves=7
num_cat=0
split_feature=24 36 74 106 14 85
split_gain=1.89748 3.18882 1.46967 1.3283 1.72786 0.338863
threshold=-0.93766705469039235 -0.65751339051888613 -0.027527511722796476 -0.97593451780842166 0.70172089167770668 -0.97069286595351112
decision_type=2 2 2 2 2 2
left_child=1 2 -1 5 -5 -2
right_child=3 -3 -4 4 -6 -7
leaf_value=0.0012455965485539981 -0.00022766679782607215 0.001094814752073153 -0.00012554779481481831 -0.00013816178433789331 0.00034121206738755363 -0.00061854711825215774
leaf_weight=44 58 53 137 1379 276 234
leaf_count=44 58 53 137 1379 276 234
internal_value=-0.000404948 0.00298305 0.0004153 -0.000814778 -0.000374171 -0.00329252
internal_weight=2181 234 181 1947 1655 292
internal_count=2181 234 181 1947 1655 292
is_linear=0
shrinkage=0.04


Tree=28
num_leaves=7
num_cat=0
split_feature=60 35 46 44 50 29
split_gain=2.0265 1.79388 2.26338 1.33364 1.31224 0.44189
threshold=-1.2745415572323899 0.49148223190700963 2.4011380112903877 0.73214678987672255 -0.18277536723093649 -0.1395470135199203
decision_type=2 2 2 2 2 2
left_child=3 2 -2 4 -1 -3
right_child=1 5 -4 -5 -6 -7
leaf_value=0.0013361340907728143 -6.054537922939719e-05 -4.6064850315218544e-05 0.00073146294908402361 -5.4011670188854108e-05 0.00034291806747652697 -0.00069105972867236892
leaf_weight=41 1424 87 116 62 59 392
leaf_count=41 1424 87 116 62 59 392
internal_value=-0.000423272 -0.000769917 -0.000103762 0.00385366 0.00666667 -0.00290229
internal_weight=2181 2019 1540 162 100 479
internal_count=2181 2019 1540 162 100 479
is_linear=0
shrinkage=0.04


Tree=29
num_leaves=7
num_cat=0
split_feature=60 109 25 45 44 47
split_gain=1.97483 1.78728 3.72186 1.61269 1.33364 2.2645
threshold=-1.2745415572323899 0.27871939996169115 -0.33589061262381487 4.1898188290600258 0.73214678987672255 0.11770856322786649
decision_type=2 2 2 2 2 2
left_child=4 3 -3 -2 5 -1
right_child=1 2 -4 -5 -6 -7
leaf_value=0.001336738733655784 -0.00035313795431300563 0.00039752809542397956 -0.00016121463654045705 0.00078458150260718245 -5.1851203381299888e-05 2.3367223397419485e-05
leaf_weight=49 1218 208 512 81 62 51
leaf_count=49 1218 208 512 81 62 51
internal_value=-0.000368301 -0.00071054 0.000886426 -0.0015957 0.00385366 0.00666667
internal_weight=2181 2019 720 1299 162 100
internal_count=2181 2019 720 1299 162 100
is_linear=0
shrinkage=0.04


Tree=30
num_leaves=6
num_cat=0
split_feature=93 46 46 75 36
split_gain=1.761 2.19605 1.95713 2.36728 1.44033
threshold=1.069954809985137 0.7423636756788875 4.1678875494087233 -0.17353847251029839 0.19834925873713619
decision_type=2 2 2 2 2
left_child=2 -2 4 -4 -1
right_child=1 -3 3 -5 -6
leaf_value=-1.1405062718512025e-05 0.0010171401290066222 -0.00018159693944823222 -0.00064784857798309077 0.00082006687620503837 -0.00035628574630462755
leaf_weight=1192 57 51 42 66 773
leaf_count=1192 57 51 42 66 773
internal_value=-0.000496565 0.00443636 -0.000757591 0.00443636 -0.00104728
internal_weight=2181 108 2073 108 1965
internal_count=2181 108 2073 108 1965
is_linear=0
shrinkage=0.04


Tree=31
num_leaves=7
num_cat=0
split_feature=104 29 4 26 110 12
split_gain=1.75363 1.96223 2.95392 1.57172 1.27785 0.709793
threshold=0.38708036230312798 -0.11839437645483704 -0.45686231245702669 1.3369807609099535 1.1103605505222791 1.0783273846440606
decision_type=2 2 2 2 2 2
left_child=3 2 -2 4 -1 -3
right_child=1 5 -4 -5 -6 -7
leaf_value=-0.00027817420415759129 0.00025453062683856726 -0.00017419160160552007 0.00083166059290783417 0.0006069495937433497 0.00016173471370146137 0.00026036750252636748
leaf_weight=1449 171 210 88 47 176 40
leaf_count=1449 171 210 88 47 176 40
internal_value=-0.000478242 0.00157338 0.004 -0.00110394 -0.00131531 -0.000952382
internal_weight=2181 509 259 1672 1625 250
internal_count=2181 509 259 1672 1625 250
is_linear=0
shrinkage=0.04


Tree=32
num_leaves=7
num_cat=0
split_feature=76 14 40 102 64 116
split_gain=1.83105 2.2241 3.93857 2.11914 1.12812 1.16645
threshold=-0.034928912816554573 0.67881629455465464 0.39685142153575031 -0.30172596283760983 1.2625089579117894 -0.73582222469499703
decision_type=2 2 2 2 2 2
left_child=4 3 -3 -2 5 -1
right_child=1 2 -4 -5 -6 -7
leaf_value=0.00054286033595177263 0.00023605278034090831 0.0012672038874438373 -0.00057870452028082871 -0.0002124039752962195 0.00018706996475390813 -0.00040088210428285067
leaf_weight=42 372 89 95 590 64 929
leaf_count=42 372 89 95 590 64 929
internal_value=-0.000459918 0.000641114 0.00464516 -0.000132781 -0.00167792 -0.0020185
internal_weight=2181 1146 184 962 1035 971
internal_count=2181 1146 184 962 1035 971
is_linear=0
shrinkage=0.04


Tree=33
num_leaves=6
num_cat=0
split_feature=93 46 46 75 35
split_gain=1.75478 2.14448 1.71229 2.66299 1.20661
threshold=1.090202979272475 0.7423636756788875 4.1678875494087233 -0.13442723830721556 0.30026700294221714
decision_type=2 2 2 2 2
left_child=2 -2 4 -4 -1
right_child=1 -3 3 -5 -6
leaf_value=-2.5547899346963103e-05 0.000977189481287622 -0.00016010481376912804 -0.00055599480782064336 0.00081176136039544258 -0.00038435120283326858
leaf_weight=1303 53 49 47 61 668
leaf_count=1303 53 49 47 61 668
internal_value=-0.000533212 0.00453846 -0.000786161 0.00407273 -0.00105626
internal_weight=2181 102 2079 108 1971
internal_count=2181 102 2079 108 1971
is_linear=0
shrinkage=0.04


Tree=34
num_leaves=7
num_cat=0
split_feature=76 14 11 35 109 116
split_gain=1.92634 3.09236 1.44342 1.33828 1.78079 0.64647
threshold=1.312568693522411 0.54361159305453344 -0.061978908537280428 0.42139118172154305 0.7923950505034556 0.66167281828740931
decision_type=2 2 2 2 2 2
left_child=3 2 -2 4 -1 -5
right_child=1 -3 -4 5 -6 -7
leaf_value=-9.6573263429203146e-05 0.00051807186952090552 0.0015486657316459262 -0.0001657841481133759 -0.00057961371760011972 0.00027332852771248437 0.00012509122893746496
leaf_weight=1208 79 46 97 457 206 88
leaf_count=1208 79 46 97 457 206 88
internal_value=-0.000514889 0.003 0.000539325 -0.00091586 -0.000265538 -0.00259598
internal_weight=2181 222 176 1959 1414 545
internal_count=2181 222 176 1959 1414 545
is_linear=0
shrinkage=0.04


Tree=35
num_leaves=7
num_cat=0
split_feature=69 11 96 35 105 13
split_gain=1.70532 1.84337 1.49116 1.45519 1.68184 0.566907
threshold=-1.1190671234559912 0.57968536663016212 0.12439176896118598 0.42139118172154305 0.71311662824766442 0.69572090603618653
decision_type=2 2 2 2 2 2
left_child=1 2 -1 4 -2 -5
right_child=3 -3 -4 5 -6 -7
leaf_value=0.00048440078446734781 2.5683009960151578e-05 0.0015293037523150808 -0.00049406709392406389 -0.00056162854762531629 -0.00079144043567845905 1.3676978072910571e-05
leaf_weight=105 1186 45 75 450 222 98
leaf_count=105 1186 45 75 450 222 98
internal_value=-0.000551536 0.00273128 0.00087912 -0.000931564 -0.000249646 -0.00267636
internal_weight=2181 225 180 1956 1408 548
internal_count=2181 225 180 1956 1408 548
is_linear=0
shrinkage=0.04


Tree=36
num_leaves=7
num_cat=0
split_feature=104 63 35 3 26 110
split_gain=1.60554 2.12957 2.29101 1.55172 1.27614 1.37505
threshold=0.38708036230312798 -0.59377787443415542 -0.55711980643508807 -0.29148217155907957 1.3369807609099535 1.0611726980357938
decision_type=2 2 2 2 2 2
left_child=4 2 -2 -3 5 -1
right_child=1 3 -4 -5 -6 -7
leaf_value=-0.00024477769847776933 3.5466152981584664e-05 0.00050558251364836351 0.00090129875613137705 -0.00021499955598546113 0.00058370538175818052 0.00012337916788167323
leaf_weight=1440 44 176 42 247 47 185
leaf_count=1440 44 176 42 247 47 185
internal_value=-0.000624829 0.00133855 0.007 0.000159999 -0.00122342 -0.00141365
internal_weight=2181 509 86 423 1672 1625
internal_count=2181 509 86 423 1672 1625
is_linear=0
shrinkage=0.04


Tree=37
num_leaves=6
num_cat=0
split_feature=93 46 46 57 36
split_gain=1.80573 2.14448 1.61441 1.58685 1.27709
threshold=1.090202979272475 0.7423636756788875 1.8787901194484653 0.1382379228784644 0.18809357750706088
decision_type=2 2 2 2 2
left_child=2 -2 4 -4 -1
right_child=1 -3 3 -5 -6
leaf_value=-2.5472068320124761e-05 0.00086724452523197497 -0.00015535757031922645 0.00064811182139831269 -0.00038086765345194897 -0.00030925501807899677
leaf_weight=1136 53 49 123 96 724
leaf_count=1136 53 49 123 96 724
internal_value=-0.000606506 0.00453846 -0.000863048 0.00237104 -0.00124597
internal_weight=2181 102 2079 219 1860
internal_count=2181 102 2079 219 1860
is_linear=0
shrinkage=0.04


Tree=38
num_leaves=8
num_cat=0
split_feature=104 63 35 21 35 24 82
split_gain=1.57079 2.11222 2.01068 1.64394 1.09005 2.46505 0.367991
threshold=0.40232520492567986 -0.59377787443415542 -0.65749242159550969 -0.28972146380163027 0.49148223190700963 0.64935939975855395 1.4228983499574095
decision_type=2 2 2 2 2 2 2
left_child=4 2 -2 -3 5 -1 -6
right_child=1 3 -4 -5 6 -7 -8
leaf_value=-9.9516924931893785e-05 4.986575471778871e-05 0.0004815525426966598 0.00084470432754945842 -0.00026212561997728304 -0.00080574147000312096 0.00063109928423697335 -5.8859520990929346e-05
leaf_weight=1145 41 173 40 238 344 137 63
leaf_count=1145 41 173 40 238 344 137 63
internal_value=-0.000624829 0.00136032 0.00718072 0.000184018 -0.00120402 -0.000629284 -0.00300245
internal_weight=2181 492 81 411 1689 1282 407
internal_count=2181 492 81 411 1689 1282 407
is_linear=0
shrinkage=0.04


Tree=39
num_leaves=7
num_cat=0
split_feature=60 45 46 75 105 4
split_gain=1.44797 1.52406 1.40668 2.52473 1.31378 0.781385
threshold=-1.3807345813215284 0.375851474397489 3.5409765673668225 -0.13442723830721556 -0.99358092980159141 -1.115471772883128
decision_type=2 2 2 2 2 2
left_child=1 -1 4 -4 -2 -3
right_child=2 5 3 -5 -6 -7
leaf_value=0.0011094006975550267 0.00026378610408629835 -0.00021915030838930974 -0.00045869349205637685 0.00068236350352840936 -0.00013803913866628772 0.00042666006121750555
leaf_weight=53 131 42 62 66 1787 40
leaf_count=53 131 42 62 66 1787 40
internal_value=-0.000624829 0.00335766 -0.000890626 0.00313846 -0.0011625 -9.5239e-05
internal_weight=2181 135 2046 128 1918 82
internal_count=2181 135 2046 128 1918 82
is_linear=0
shrinkage=0.04


Tree=40
num_leaves=6
num_cat=0
split_feature=87 42 109 33 24
split_gain=1.49385 1.4991 1.12993 1.85876 1.20495
threshold=2.1242102196936568 -0.3044061796453495 0.26933022903153919 -0.14112657565577472 0.67035651298141985
decision_type=2 2 2 2 2
left_child=2 -2 4 -4 -1
right_child=1 -3 3 -5 -6
leaf_value=-0.0002900627814814664 0.00096540412342403673 -3.9768473752936596e-05 0.00032265827654334641 -0.00019985299907000976 0.00034290482849771308
leaf_weight=1130 63 78 276 459 175
leaf_count=1130 63 78 276 459 175
internal_value=-0.000624829 0.00332867 -0.000901078 0.000352781 -0.00160673
internal_weight=2181 141 2040 735 1305
internal_count=2181 141 2040 735 1305
is_linear=0
shrinkage=0.04


Tree=41
num_leaves=5
num_cat=0
split_feature=87 46 75 93
split_gain=1.32605 1.0196 1.84035 1.2194
threshold=2.6501706871557222 3.5409765673668225 -0.13442723830721556 1.1245480269010655
decision_type=2 2 2 2
left_child=1 3 -3 -1
right_child=-2 2 -4 -5
leaf_value=-0.00011484705349284395 0.00072446494498714124 -0.0004291040854923849 0.00058689478639663533 0.00043028497971752582
leaf_weight=1920 60 62 79 60
leaf_count=1920 60 62 79 60
internal_value=-0.000606506 -0.000774377 0.00248951 -0.00100908
internal_weight=2181 2121 141 1980
internal_count=2181 2121 141 1980
is_linear=0
shrinkage=0.04


Tree=42
num_leaves=7
num_cat=0
split_feature=13 118 51 45 64 88
split_gain=1.49346 3.12998 4.06324 1.54587 1.21553 1.11968
threshold=-0.021493128642685957 -0.68872667446156488 -0.24044479459510659 5.9088167615006713 1.2625089579117894 0.61517901122157093
decision_type=2 2 2 2 2 2
left_child=4 2 -2 -3 5 -1
right_child=1 3 -4 -5 -6 -7
leaf_value=-0.00038314795397896486 0.00078846402836524917 -7.4771708828674473e-05 2.5299872331968243e-05 0.00095790506182239345 0.0001991570725202398 4.9761601408482802e-05
leaf_weight=862 42 904 95 66 60 152
leaf_count=862 42 904 95 66 60 152
internal_value=-0.000514889 0.000515779 0.0061295 -0.000288067 -0.00157621 -0.00190551
internal_weight=2181 1107 137 970 1074 1014
internal_count=2181 1107 137 970 1074 1014
is_linear=0
shrinkage=0.04


Tree=43
num_leaves=7
num_cat=0
split_feature=35 24 94 109 40 114
split_gain=1.33658 1.78279 3.62836 1.79506 0.53396 0.282658
threshold=0.60429372667223469 0.6318127781261742 -0.029900431209401498 0.58130334484322377 1.0382515749976262 0.82334336604472058
decision_type=2 2 2 2 2 2
left_child=1 3 -3 -1 5 -2
right_child=4 2 -4 -5 -6 -7
leaf_value=-0.00015236235577739782 -0.00064998574346805758 -0.00079863017653493298 0.0006341303905497502 0.00018048086994139744 0.00018213457017748216 -0.0004126490523511685
leaf_weight=1270 301 74 121 332 43 40
leaf_count=1270 301 74 121 332 43 40
internal_value=-0.000496565 -3.77997e-05 0.0035533 -0.000478804 -0.00263213 -0.00316035
internal_weight=2181 1797 195 1602 384 341
internal_count=2181 1797 195 1602 384 341
is_linear=0
shrinkage=0.04


Tree=44
num_leaves=6
num_cat=0
split_feature=93 110 30 4 91
split_gain=1.31348 1.11417 2.04712 1.06103 0.820886
threshold=1.069954809985137 1.0611726980357938 0.12414546214716492 1.3059369985637936 1.1512985646942933
decision_type=2 2 2 2 2
left_child=1 3 -3 -1 -2
right_child=4 2 -4 -5 -6
leaf_value=-0.00014472008703621776 0.00063503267065124537 0.0004076302497485533 -9.4140132900382421e-05 0.00038152672388039387 -8.1823130123919187e-05
leaf_weight=1761 63 144 117 51 45
leaf_count=1761 63 144 117 51 45
internal_value=-0.000551536 -0.000776868 0.00165779 -0.001129 0.00370909
internal_weight=2181 2073 261 1812 108
internal_count=2181 2073 261 1812 108
is_linear=0
shrinkage=0.04


Tree=45
num_leaves=7
num_cat=0
split_feature=60 44 47 109 25 63
split_gain=1.35643 1.84029 2.55564 1.4143 2.53759 1.31901
threshold=-1.3807345813215284 0.73214678987672255 0.11770856322786649 0.26933022903153919 -0.32966629670883146 1.4233423296139822
decision_type=2 2 2 2 2 2
left_child=1 2 -1 5 -5 -2
right_child=3 -3 -4 4 -6 -7
leaf_value=0.0011125134760261598 -0.00024443658566637445 -0.00013699418413087069 -1.0835121821694914e-05 0.00036219146015518017 -0.00013620925882288067 0.00042426160694741702
leaf_weight=41 1263 53 41 224 517 42
leaf_count=41 1263 53 41 224 517 42
internal_value=-0.000496565 0.00335766 0.00704762 -0.000753907 0.000640645 -0.00154553
internal_weight=2181 135 82 2046 741 1305
internal_count=2181 135 82 2046 741 1305
is_linear=0
shrinkage=0.04


Tree=46
num_leaves=5
num_cat=0
split_feature=85 79 25 118
split_gain=1.30761 1.2684 1.67925 1.26274
threshold=2.533159181688343 0.61421244096052641 0.36396370104298731 -0.68872667446156488
decision_type=2 2 2 2
left_child=1 3 -3 -1
right_child=-2 2 -4 -5
leaf_value=0.00019453133667933438 0.00070085854956171076 -3.61634722557891e-05 0.00067232908270807785 -0.00017413891409713515
leaf_weight=240 54 252 102 1533
leaf_count=240 54 252 102 1533
internal_value=-0.000606506 -0.000764679 0.00141573 -0.00120113
internal_weight=2181 2127 354 1773
internal_count=2181 2127 354 1773
is_linear=0
shrinkage=0.04


Tree=47
num_leaves=6
num_cat=0
split_feature=93 46 35 24 13
split_gain=1.30224 1.70163 1.14222 1.58415 0.331681
threshold=1.069954809985137 0.7423636756788875 0.61995869806851911 0.6318127781261742 0.72222158818847426
decision_type=2 2 2 2 2
left_child=2 -2 3 -1 -4
right_child=1 -3 4 -5 -6
leaf_value=-5.7304053317452401e-05 0.00069155708763640744 -0.00020530895276985582 -0.00069906992603840045 0.00039067684195188279 -2.2092467022449292e-05
leaf_weight=1525 57 51 266 199 83
leaf_count=1525 57 51 266 199 83
internal_value=-0.000533212 0.00370909 -0.000757591 -0.000333721 -0.00283761
internal_weight=2181 108 2073 1724 349
internal_count=2181 108 2073 1724 349
is_linear=0
shrinkage=0.04


Tree=48
num_leaves=5
num_cat=0
split_feature=87 78 8 118
split_gain=1.30931 1.1951 2.28854 1.06374
threshold=2.6501706871557222 0.51648235929313302 -0.44925212528666719 -0.71516472120356489
decision_type=2 2 2 2
left_child=1 3 -3 -1
right_child=-2 2 -4 -5
leaf_value=0.00017769588163701276 0.00058508760800125381 0.00031989853177207331 -4.473588799973019e-05 -0.00018464519302483499
leaf_weight=198 60 136 404 1383
leaf_count=198 60 136 404 1383
internal_value=-0.000569859 -0.000736694 0.000885608 -0.00129122
internal_weight=2181 2121 540 1581
internal_count=2181 2121 540 1581
is_linear=0
shrinkage=0.04


Tree=49
num_leaves=7
num_cat=0
split_feature=75 14 7 105 35 33
split_gain=1.25899 3.18148 1.46012 1.1723 1.37833 0.28043
threshold=1.030443221249586 0.60081398982467127 0.98695344974272958 0.71311662824766442 0.30026700294221714 1.0092106241375662
decision_type=2 2 2 2 2 2
left_child=3 2 -2 4 -1 -5
right_child=1 -3 -4 5 -6 -7
leaf_value=2.1741399015365566e-05 -0.00021097530453936298 0.0016290969656458044 0.00030719689210190518 -0.00069047028246534874 -0.0002602085837151654 -0.00044186833889532309
leaf_weight=1041 170 41 77 256 555 41
leaf_count=1041 170 41 77 256 555 41
internal_value=-0.000496565 0.00195862 0.000208834 -0.000871769 -0.000440552 -0.00317057
internal_weight=2181 288 247 1893 1596 297
internal_count=2181 288 247 1893 1596 297
is_linear=0
shrinkage=0.04


Tree=50
num_leaves=7
num_cat=0
split_feature=13 118 51 80 64 60
split_gain=1.29159 2.3099 4.02846 1.30449 1.18282 0.978009
threshold=-0.021493128642685957 -0.68872667446156488 -0.24044479459510659 1.0119221195680197 1.2625089579117894 -0.47057459149659703
decision_type=2 2 2 2 2 2
left_child=4 2 -2 -3 5 -1
right_child=1 3 -4 -5 -6 -7
leaf_value=4.3817571774922138e-05 0.00071939441449850197 -9.7730572409510539e-05 1.8747618003173154e-05 0.00061631574823158876 0.00016610444266741589 -0.00029432537019413534
leaf_weight=146 42 820 95 150 60 868
leaf_count=146 42 820 95 150 60 868
internal_value=-0.000514889 0.000443642 0.00526619 -0.000246915 -0.00150186 -0.00182677
internal_weight=2181 1107 137 970 1074 1014
internal_count=2181 1107 137 970 1074 1014
is_linear=0
shrinkage=0.04


Tree=51
num_leaves=6
num_cat=0
split_feature=93 110 18 22 44
split_gain=1.23073 1.1257 2.28391 1.02687 0.990551
threshold=1.090202979272475 1.1103605505222791 0.31969219260551979 1.3669467304123339 0.65998857900490615
decision_type=2 2 2 2 2
left_child=1 3 -3 -1 -2
right_child=4 2 -4 -5 -6
leaf_value=-0.00012404472853203778 0.00060195624781708788 0.00035826774978322401 -0.00066506452517009625 0.00039635124012677976 -0.0001401820655837565
leaf_weight=1773 61 178 77 51 41
leaf_count=1773 61 178 77 51 41
internal_value=-0.000478242 -0.000690054 0.00178988 -0.00103834 0.00376923
internal_weight=2181 2079 255 1824 102
internal_count=2181 2079 255 1824 102
is_linear=0
shrinkage=0.04


Tree=52
num_leaves=7
num_cat=0
split_feature=60 44 47 40 59 47
split_gain=1.3181 1.41648 2.15267 1.26236 2.01101 1.30524
threshold=-1.3807345813215284 0.96652389535984418 0.11770856322786649 0.97244980999785369 1.1661195039011936 -0.82155409546821379
decision_type=2 2 2 2 2 2
left_child=1 2 -1 5 -5 -2
right_child=3 -3 -4 4 -6 -7
leaf_value=0.00097685566304225543 0.00020276148602788949 -0.00019691522395569108 -1.8732765795883688e-06 0.00032177725021489398 -0.00011581980780899772 -0.00013981231459414634
leaf_weight=46 72 40 49 95 74 1805
leaf_count=46 72 40 49 95 74 1805
internal_value=-0.000441595 0.00335766 0.00597938 -0.000695313 0.00259649 -0.000994147
internal_weight=2181 135 95 2046 169 1877
internal_count=2181 135 95 2046 169 1877
is_linear=0
shrinkage=0.04


Tree=53
num_leaves=7
num_cat=0
split_feature=60 117 20 64 40 115
split_gain=1.35643 1.46536 1.18469 1.14698 2.59398 0.932351
threshold=-1.3807345813215284 0.83358425386802837 -0.80546793554829499 -0.7703236237508625 -0.34155706726971707 0.46035570558900291
decision_type=2 2 2 2 2 2
left_child=1 -1 -3 4 -2 -5
right_child=3 2 -4 5 -6 -7
leaf_value=-9.8320722232687115e-05 -0.0007693492648048032 0.00090208598144763199 0.00059191060986807105 -3.6821597930990445e-05 0.00035328556878833821 -0.00063428116791785518
leaf_weight=54 99 41 40 1328 225 394
leaf_count=54 99 41 40 1328 225 394
internal_value=-0.000496565 0.00335766 0.00669879 -0.000753907 0.00142331 -0.00116473
internal_weight=2181 135 81 2046 324 1722
internal_count=2181 135 81 2046 324 1722
is_linear=0
shrinkage=0.04


Tree=54
num_leaves=7
num_cat=0
split_feature=76 14 46 64 118 47
split_gain=1.21148 1.61514 3.12594 1.53132 1.5012 1.20756
threshold=-0.24525252281202067 0.60081398982467127 0.26411930234513337 1.2995457812388498 -0.68872667446156488 -0.65668965988355399
decision_type=2 2 2 2 2 2
left_child=3 4 -3 5 -2 -1
right_child=1 2 -4 -5 -6 -7
leaf_value=0.00010080079530570811 0.00040098298145748877 -5.8829266354573612e-05 0.00079493458145002698 0.00018101547578337955 -5.2367166202050849e-05 -0.00054611502497929534
leaf_weight=64 103 173 112 56 1071 602
leaf_count=64 103 173 112 56 1071 602
internal_value=-0.000496565 0.000167008 0.00285714 -0.00183426 -0.000489797 -0.00237126
internal_weight=2181 1459 285 722 1174 666
internal_count=2181 1459 285 722 1174 666
is_linear=0
shrinkage=0.04


Tree=55
num_leaves=6
num_cat=0
split_feature=70 18 8 14 83
split_gain=1.15702 1.95228 1.22382 1.10666 0.532811
threshold=-1.2509397603273815 -0.056305255397365146 0.67825221219622212 0.60081398982467127 -0.88132348268738026
decision_type=2 2 2 2 2
left_child=1 -1 3 -2 -4
right_child=2 -3 4 -5 -6
leaf_value=0.00050462675623857793 -3.9761126986089817e-05 -6.7992753222459741e-05 0.00013681545496986594 0.00027205523513185441 -0.00050522122084364234
leaf_weight=46 1405 44 57 291 338
leaf_count=46 1405 44 57 291 338
internal_value=-0.000478242 0.00391304 -0.000670808 -0.000202592 -0.00267003
internal_weight=2181 90 2091 1696 395
internal_count=2181 90 2091 1696 395
is_linear=0
shrinkage=0.04


Tree=56
num_leaves=8
num_cat=0
split_feature=110 30 19 40 59 64 4
split_gain=1.09544 2.12042 2.23676 1.18387 1.80235 1.23313 0.263432
threshold=1.1103605505222791 0.18686071548292343 -0.49101734794307789 0.79453195650191366 1.1583535132917955 1.2625089579117894 0.41604804103262505
decision_type=2 2 2 2 2 2 2
left_child=3 2 -2 5 -5 -1 -3
right_child=1 6 -4 4 -6 -7 -8
leaf_value=-0.00017686835655527489 -6.4552114507949592e-05 -2.5698822987221829e-05 0.00049440192413415743 0.00047869905548819262 -1.7116086403770965e-05 0.0001498809458857995 -0.00036484033035088397
leaf_weight=1581 62 50 87 113 164 62 62
leaf_count=1581 62 50 87 113 164 62 62
internal_value=-0.000459918 0.00196198 0.0050596 -0.000790844 0.00162007 -0.00119879 -0.00217544
internal_weight=2181 261 149 1920 277 1643 112
internal_count=2181 261 149 1920 277 1643 112
is_linear=0
shrinkage=0.04


Tree=57
num_leaves=7
num_cat=0
split_feature=76 14 46 64 117 86
split_gain=1.17853 1.64815 3.12594 1.53132 1.44667 1.03783
threshold=-0.24525252281202067 0.60081398982467127 0.26411930234513337 1.2995457812388498 -0.81803330017317344 -0.7573107218367584
decision_type=2 2 2 2 2 2
left_child=3 4 -3 5 -2 -1
right_child=1 2 -4 -5 -6 -7
leaf_value=2.4600897675940375e-05 0.00036114614688991409 -4.9402090994861703e-05 0.00075872502891220881 0.00016313372039827815 -4.0281404645056296e-05 -0.00055145223890971809
leaf_weight=120 98 173 112 56 1076 546
leaf_count=120 98 173 112 56 1076 546
internal_value=-0.000514889 0.000139629 0.00285714 -0.00183426 -0.00052381 -0.00237126
internal_weight=2181 1459 285 722 1174 666
internal_count=2181 1459 285 722 1174 666
is_linear=0
shrinkage=0.04


Tree=58
num_leaves=7
num_cat=0
split_feature=35 24 94 106 40 82
split_gain=1.05874 1.37643 3.34289 1.77969 0.745559 0.185371
threshold=0.61995869806851911 0.6318127781261742 -0.029900431209401498 0.63775565825140423 1.0382515749976262 1.4228983499574095
decision_type=2 2 2 2 2 2
left_child=1 3 -3 -1 5 -2
right_child=4 2 -4 -5 -6 -7
leaf_value=1.6739398854626347e-06 -0.00060619326026968654 -0.00074643563728303162 0.0005613721494039008 -0.00070283941332798265 7.1890190995925243e-05 -0.00021964752656430668
leaf_weight=1389 273 78 121 225 43 52
leaf_count=1389 273 78 121 225 43 52
internal_value=-0.000514889 -0.000116805 0.00300497 -0.000504951 -0.00246487 -0.00311927
internal_weight=2181 1813 199 1614 368 325
internal_count=2181 1813 199 1614 368 325
is_linear=0
shrinkage=0.04


Tree=59
num_leaves=7
num_cat=0
split_feature=60 118 45 35 64 75
split_gain=1.37797 1.1011 1.04993 1.01537 1.31125 0.168066
threshold=-1.2745415572323899 0.40379876514048113 0.36745581759170237 0.73804225463694517 1.2234284625646674 0.16044439818034331
decision_type=2 2 2 2 2 2
left_child=1 -1 -3 4 -2 -5
right_child=3 2 -4 5 -6 -7
leaf_value=-0.00014043749059751621 -3.688516525844683e-05 0.00079178649300624168 0.00023431061704353516 -0.00070722634220103545 0.00013839503731396201 -0.00013019705760286519
leaf_weight=45 1728 49 68 156 71 64
leaf_count=45 1728 49 68 156 71 64
internal_value=-0.000404948 0.00312195 0.00514286 -0.000690748 -0.000375348 -0.00324324
internal_weight=2181 162 117 2019 1799 220
internal_count=2181 162 117 2019 1799 220
is_linear=0
shrinkage=0.04


Tree=60
num_leaves=6
num_cat=0
split_feature=69 100 108 2 116
split_gain=1.29285 1.27473 0.985263 2.40843 0.997563
threshold=-1.3674383195076165 0.45660043156801838 1.122241454778613 -0.44755544925883256 -0.66943707129312402
decision_type=2 2 2 2 2
left_child=1 -1 4 -4 -2
right_child=2 -3 3 -5 -6
leaf_value=0.00058492993572776956 4.4123067335903879e-05 -5.631333260984572e-05 0.00061456720452835725 -0.00014896140081439426 -9.5061623784925775e-05
leaf_weight=72 138 63 44 112 1752
leaf_count=72 138 63 44 112 1752
internal_value=-0.000404948 0.00335766 -0.000656251 0.00237975 -0.000909092
internal_weight=2181 135 2046 156 1890
internal_count=2181 135 2046 156 1890
is_linear=0
shrinkage=0.04


Tree=61
num_leaves=5
num_cat=0
split_feature=87 35 25 8
split_gain=1.21912 1.12394 1.19858 0.152081
threshold=2.6501706871557222 0.76776481547550468 1.2045150731932288 -0.43128734936431268
decision_type=2 2 2 2
left_child=1 2 -1 -3
right_child=-2 3 -4 -5
leaf_value=-1.9692952547224698e-05 0.00041344510432456474 -8.668762866082879e-05 0.00061182586950306208 -0.00076072412893855152
leaf_weight=1856 60 68 47 150
leaf_count=1856 60 68 47 150
internal_value=-0.000368301 -0.00052944 -0.000216274 -0.00323636
internal_weight=2181 2121 1903 218
internal_count=2181 2121 1903 218
is_linear=0
shrinkage=0.04


Tree=62
num_leaves=4
num_cat=0
split_feature=87 18 74
split_gain=1.21107 1.0963 1.06018
threshold=2.6501706871557222 -1.0287926366022508 0.42010229377772385
decision_type=2 2 2
left_child=1 -1 -3
right_child=-2 2 -4
leaf_value=0.00046543196544445359 0.0003969073001515823 -0.0001569928031715262 2.3406202266697853e-05
leaf_weight=45 60 1418 658
leaf_count=45 60 1418 658
internal_value=-0.000349978 -0.000510599 -0.000646777
internal_weight=2181 2121 2076
internal_count=2181 2121 2076
is_linear=0
shrinkage=0.04


Tree=63
num_leaves=7
num_cat=0
split_feature=76 64 47 118 33 42
split_gain=1.09482 1.82414 1.46324 1.20543 2.58016 1.30952
threshold=-0.25436333338958778 1.2995457812388498 -0.65668965988355399 -0.68872667446156488 -0.30379408870064911 -0.52473234963134752
decision_type=2 2 2 2 2 2
left_child=1 2 -1 4 -2 -5
right_child=3 -3 -4 5 -6 -7
leaf_value=9.601768925100413e-05 0.00089755733503193394 0.00015207206151058032 -0.00048570315840960833 0.00018645964500866829 -3.120772306392889e-06 -5.8760345601792471e-05
leaf_weight=63 41 55 586 349 82 1005
leaf_count=63 41 55 586 349 82 1005
internal_value=-0.000313331 -0.00160907 -0.00220584 0.000305611 0.004064 -4.12989e-05
internal_weight=2181 704 649 1477 123 1354
internal_count=2181 704 649 1477 123 1354
is_linear=0
shrinkage=0.04


Tree=64
num_leaves=6
num_cat=0
split_feature=112 32 79 109 23
split_gain=1.03856 1.749 1.10558 1.05848 0.569449
threshold=-1.5944317497997138 -0.70666559357204572 -1.9446777707103235 0.34631412061667027 0.50945639335717707
decision_type=2 2 2 2 2
left_child=1 -1 -2 -4 -3
right_child=2 4 3 -5 -6
leaf_value=0.001363541823312559 0.00027007999837540888 -0.00041881686465461936 -0.0001800953519444697 2.0869608073525404e-05 0.00010287055410823672
leaf_weight=43 45 58 1320 666 49
leaf_count=43 45 58 1320 666 49
internal_value=-0.000295008 0.00289474 -0.000533203 -0.000676057 0.000110091
internal_weight=2181 150 2031 1986 107
internal_count=2181 150 2031 1986 107
is_linear=0
shrinkage=0.04


Tree=65
num_leaves=7
num_cat=0
split_feature=0 118 87 79 82 42
split_gain=1.20872 1.38805 1.52992 0.944841 1.63845 0.772016
threshold=-0.53425293602467738 -0.75009249115019483 1.8354878602211164 0.60213370729349891 0.85441987864367208 -0.86735615020081946
decision_type=2 2 2 2 2 2
left_child=1 -1 -3 5 -5 -2
right_child=3 2 -4 4 -6 -7
leaf_value=0.00056949660335798658 2.0513435910190084e-05 -3.1296116619748282e-05 0.00046360229473832394 0.00024208041100416802 -0.00010113878194503861 -0.00013551719658799448
leaf_weight=46 107 426 59 103 188 1252
leaf_count=46 107 426 59 103 188 1252
internal_value=-0.000313331 0.00134334 0.000698151 -0.000847459 0.00121502 -0.00129023
internal_weight=2181 531 485 1650 291 1359
internal_count=2181 531 485 1650 291 1359
is_linear=0
shrinkage=0.04


Tree=66
num_leaves=5
num_cat=0
split_feature=93 46 79 116
split_gain=1.09685 1.63623 1.07148 1.12172
threshold=1.090202979272475 0.7423636756788875 -1.9446777707103235 -0.76532766037283173
decision_type=2 2 2 2
left_child=2 -2 -1 -4
right_child=1 -3 3 -5
leaf_value=0.00026469748630391255 0.00048261010842690836 -0.00020333693324937039 0.00054436365069435643 -6.2437601489707581e-05
leaf_weight=45 53 49 45 1989
leaf_count=45 53 49 45 1989
internal_value=-0.000240038 0.00376923 -0.000440174 -0.000577604
internal_weight=2181 102 2079 2034
internal_count=2181 102 2079 2034
is_linear=0
shrinkage=0.04


Tree=67
num_leaves=7
num_cat=0
split_feature=60 44 47 46 92 36
split_gain=1.06544 1.28841 1.86216 1.00735 2.23535 1.0565
threshold=-1.3807345813215284 0.96652389535984418 0.11770856322786649 3.5409765673668225 -0.24622314829203651 0.20605672938231254
decision_type=2 2 2 2 2 2
left_child=1 2 -1 5 -5 -2
right_child=3 -3 -4 4 -6 -7
leaf_value=0.00080948099593398969 -2.8368706558446289e-06 -0.00031551591205853492 -7.2793616462219805e-05 0.00051999364357707115 -0.00034237561539280894 -0.0002109652223442349
leaf_weight=46 1179 40 49 55 73 739
leaf_count=46 1179 40 49 55 73 739
internal_value=-0.000349978 0.00306569 0.00556701 -0.000578126 0.00283077 -0.000808334
internal_weight=2181 135 95 2046 128 1918
internal_count=2181 135 95 2046 128 1918
is_linear=0
shrinkage=0.04


Tree=68
num_leaves=7
num_cat=0
split_feature=50 69 78 14 115 118
split_gain=1.14735 1.39285 0.973497 1.76192 0.867939 0.820927
threshold=-1.0547232123899171 -0.75372903923200096 0.51648235929313302 1.0017541421287115 -0.38522311936983933 -0.68872667446156488
decision_type=2 2 2 2 2 2
left_child=1 -1 5 -4 -3 -2
right_child=2 4 3 -5 -6 -7
leaf_value=0.00062515061425766013 4.9757057331610974e-05 0.00038539704762204433 3.4010917139437752e-08 0.00090703928694910001 -0.00044457487580962045 -0.00013492786151493959
leaf_weight=72 196 53 420 64 91 1285
leaf_count=72 196 53 420 64 91 1285
internal_value=-0.000295008 0.00245871 -0.000599899 0.000954732 0.000164383 -0.00110856
internal_weight=2181 216 1965 484 144 1481
internal_count=2181 216 1965 484 144 1481
is_linear=0
shrinkage=0.04


Tree=69
num_leaves=5
num_cat=0
split_feature=87 35 64 82
split_gain=1.21107 1.0706 1.37034 0.156478
threshold=2.6501706871557222 0.77808447900874034 1.2234284625646674 0.70673569478226173
decision_type=2 2 2 2
left_child=1 2 -1 -3
right_child=-2 3 -4 -5
leaf_value=-1.5047375088397244e-05 0.00026839831832661478 -0.00061707393220870638 0.00015747148363427169 -0.00016274194831535221
leaf_weight=1837 60 144 74 66
leaf_count=1837 60 144 74 66
internal_value=-0.000349978 -0.000510599 -0.000211188 -0.00320755
internal_weight=2181 2121 1911 210
internal_count=2181 2121 1911 210
is_linear=0
shrinkage=0.04


Tree=70
num_leaves=7
num_cat=0
split_feature=76 64 14 46 8 47
split_gain=1.03099 1.79443 1.308 2.7066 1.71043 0.986581
threshold=-0.25436333338958778 1.2995457812388498 0.60081398982467127 0.26411930234513337 -1.1878094119258031 -0.71067133379470271
decision_type=2 2 2 2 2 2
left_child=1 5 4 -4 -2 -1
right_child=2 -3 3 -5 -6 -7
leaf_value=0.00014648230317533154 0.00023693142191119119 0.00015643067785464618 -3.1103514670014699e-05 0.00070042390165710156 -3.6536067720830317e-05 -0.00043460211196536653
leaf_weight=40 94 55 178 114 1091 609
leaf_count=40 94 55 178 114 1091 609
internal_value=-0.000295008 -0.00155241 0.000305611 0.00269388 -0.000286437 -0.00214439
internal_weight=2181 704 1477 292 1185 649
internal_count=2181 704 1477 292 1185 649
is_linear=0
shrinkage=0.04


Tree=71
num_leaves=5
num_cat=0
split_feature=18 90 39 87
split_gain=1.05129 0.84542 1.12289 0.796351
threshold=-1.0287926366022508 0.65218597173220372 -0.034682262812739888 2.2513669792289361
decision_type=2 2 2 2
left_child=-1 2 -2 -3
right_child=1 3 -4 -5
leaf_value=0.00045568210861969175 -0.00011401622748815783 -0.00030463436392425897 6.0206526115982173e-05 8.0978197832150506e-05
leaf_weight=45 903 300 893 40
leaf_count=45 903 300 893 40
internal_value=-0.000386625 -0.000516371 -0.000169078 -0.00233918
internal_weight=2181 2136 1796 340
internal_count=2181 2136 1796 340
is_linear=0
shrinkage=0.04


Tree=72
num_leaves=7
num_cat=0
split_feature=60 86 64 8 68 83
split_gain=0.986466 1.05783 1.70522 1.00723 1.19488 0.694373
threshold=-1.2745415572323899 0.55152488206795713 1.2995457812388498 -0.33233060127003861 1.2419713317920646 -1.5811945383404444
decision_type=2 2 2 2 2 2
left_child=3 2 -2 -1 -5 -3
right_child=1 5 -4 4 -6 -7
leaf_value=0.00050389241198709053 -1.0864414761457533e-05 0.00012725344962009164 0.00037526794171933319 0.0003541410640023055 -0.00056072419759247208 -0.00034606450296946728
leaf_weight=43 1540 54 44 68 51 381
leaf_count=43 1540 54 44 68 51 381
internal_value=-0.000349978 -0.000591787 -0.000110972 0.00263415 0.000694214 -0.0023341
internal_weight=2181 2019 1584 162 119 435
internal_count=2181 2019 1584 162 119 435
is_linear=0
shrinkage=0.04


Tree=73
num_leaves=8
num_cat=0
split_feature=110 40 39 40 118 14 1
split_gain=1.2353 1.91761 2.47205 1.29329 1.70107 1.25104 0.104228
threshold=1.1290001691289751 0.55630506147422432 0.10247159699474058 0.79453195650191366 -0.24262916369340959 0.60081398982467127 0.066647387404751846
decision_type=2 2 2 2 2 2 2
left_child=3 2 -2 5 -5 -1 -3
right_child=1 6 -4 4 -6 -7 -8
leaf_value=-0.00017420238077741113 -3.0452368217246579e-05 -0.00036466872260614946 0.00066845247859547222 0.00042428788067807693 4.6440603482363077e-06 0.0001341961859432468 -0.00066200243585571878
leaf_weight=1306 85 40 75 65 212 355 43
leaf_count=1306 85 40 75 65 212 355 43
internal_value=-0.000276684 0.0024 0.00493827 -0.000614434 0.00190681 -0.00103668 -0.00249412
internal_weight=2181 243 160 1938 277 1661 83
internal_count=2181 243 160 1938 277 1661 83
is_linear=0
shrinkage=0.04


Tree=74
num_leaves=5
num_cat=0
split_feature=116 82 110 14
split_gain=1.03191 1.1066 1.80705 1.42984
threshold=-0.76532766037283173 -0.2302792612582383 1.3625202795202365 0.60081398982467127
decision_type=2 2 2 2
left_child=-1 2 -2 -3
right_child=1 3 -4 -5
leaf_value=0.00053224163918415832 -0.00038535425682503191 -1.4035985597214318e-05 0.0003369977782474519 0.00030125016736332934
leaf_weight=45 642 1182 57 255
leaf_count=45 642 1182 57 255
internal_value=-0.000331655 -0.000460244 -0.0017632 0.000175121
internal_weight=2181 2136 699 1437
internal_count=2181 2136 699 1437
is_linear=0
shrinkage=0.04


Tree=75
num_leaves=7
num_cat=0
split_feature=8 81 64 5 87 43
split_gain=1.02446 1.06345 2.27606 2.01156 0.736749 0.264865
threshold=0.78686065851219256 0.18656272176427574 1.097968735230727 -0.92756017024481341 1.6375700091458449 1.1313900895501636
decision_type=2 2 2 2 2 2
left_child=1 2 -1 -3 5 -2
right_child=4 3 -4 -5 -6 -7
leaf_value=-4.8118844048419769e-05 -0.00050763878215136801 0.00054843290879038015 0.00042810302132599283 8.5655534100578125e-06 8.9117883139395415e-05 -0.00011281769996294556
leaf_weight=1079 254 108 46 612 42 40
leaf_count=1079 254 108 46 612 42 40
internal_value=-0.000295008 7.57976e-05 -0.000692104 0.00127424 -0.00231953 -0.00302703
internal_weight=2181 1845 1125 720 336 294
internal_count=2181 1845 1125 720 336 294
is_linear=0
shrinkage=0.04


Tree=76
num_leaves=6
num_cat=0
split_feature=64 34 75 106 67
split_gain=0.935744 2.19312 1.1817 1.32364 0.805542
threshold=1.2234284625646674 0.51562924728789183 -0.35014426784001335 0.55267349145603684 1.0170738869381493
decision_type=2 2 2 2 2
left_child=2 -2 4 -4 -1
right_child=1 -3 3 -5 -6
leaf_value=-0.00036393521878189198 0.00034330119368724865 -0.00025055806178518478 4.5593790306814087e-05 -0.00034312455669994221 0.00032622776426377261
leaf_weight=482 46 42 1234 321 56
leaf_count=482 46 42 1234 321 56
internal_value=-0.000349978 0.00364444 -0.000521242 3.85347e-05 -0.00213333
internal_weight=2181 88 2093 1555 538
internal_count=2181 88 2093 1555 538
is_linear=0
shrinkage=0.04


Tree=77
num_leaves=4
num_cat=0
split_feature=80 87 81
split_gain=1.00635 0.958421 0.990406
threshold=3.3015068514883317 2.6501706871557222 -0.78715049214663024
decision_type=2 2 2
left_child=1 2 -1
right_child=-2 -3 -4
leaf_value=-0.00035237108569583647 0.00020319245108246637 0.00021173752619053489 -5.6334993676144388e-06
leaf_weight=300 45 60 1776
leaf_count=300 45 60 1776
internal_value=-0.000258361 -0.000385408 -0.000531281
internal_weight=2181 2136 2076
internal_count=2181 2136 2076
is_linear=0
shrinkage=0.04


Tree=78
num_leaves=7
num_cat=0
split_feature=8 99 109 85 87 62
split_gain=1.06187 0.947904 1.23581 0.958526 0.736749 0.173499
threshold=0.78686065851219256 0.73314085019108444 1.3135242084935062 -0.38405655892611762 1.6375700091458449 -0.60115900918446685
decision_type=2 2 2 2 2 2
left_child=1 2 -1 -3 5 -2
right_child=4 3 -4 -5 -6 -7
leaf_value=6.7319842371588419e-06 -0.00027142122264521963 0.00013864963053527142 0.00044968305184418577 -0.00060806919775271626 8.3954756176251284e-05 -0.00038596999435321023
leaf_weight=1491 52 50 47 257 42 242
leaf_count=1491 52 50 47 257 42 242
internal_value=-0.000258361 0.000119111 0.000524674 -0.00190291 -0.00231953 -0.00302703
internal_weight=2181 1845 1538 307 336 294
internal_count=2181 1845 1538 307 336 294
is_linear=0
shrinkage=0.04


Tree=79
num_leaves=6
num_cat=0
split_feature=60 28 44 63 45
split_gain=1.14825 1.18598 1.62051 1.02212 0.996529
threshold=-1.229304062222941 1.0809006322334045 0.75085747326071728 1.4727640525184613 4.1898188290600258
decision_type=2 2 2 2 2
left_child=1 2 -1 4 -2
right_child=3 -3 -4 -5 -6
leaf_value=0.00060283422561107519 -5.0342919907891913e-05 -7.8632657924576136e-05 -0.00016949376385972292 0.00030897702215188839 0.00048846448152026873
leaf_weight=69 1840 71 40 40 121
leaf_count=69 1840 71 40 40 121
internal_value=-0.000185067 0.00285714 0.00544144 -0.000461309 -0.000592971
internal_weight=2181 180 109 2001 1961
internal_count=2181 180 109 2001 1961
is_linear=0
shrinkage=0.04


Tree=80
num_leaves=7
num_cat=0
split_feature=8 98 63 87 102 40
split_gain=0.908194 0.917947 1.02283 0.701794 0.261711 0.0563704
threshold=0.78686065851219256 -1.1341539388867337 -0.63499385831611244 1.6375700091458449 0.63640067474479101 -0.27617526334173065
decision_type=2 2 2 2 2 2
left_child=1 5 -3 4 -2 -1
right_child=3 2 -4 -5 -6 -7
leaf_value=-0.00027471397215127902 -0.00050469448693225296 0.00016090826315388675 -7.1673179717895889e-06 7.0812994425275386e-05 -8.6395556770174197e-05 -0.00059391772772539374
leaf_weight=81 238 354 1370 42 56 40
leaf_count=81 238 354 1370 42 56 40
internal_value=-0.000295008 5.41409e-05 0.000292004 -0.00220118 -0.00289189 -0.00328455
internal_weight=2181 1845 1724 336 294 121
internal_count=2181 1845 1724 336 294 121
is_linear=0
shrinkage=0.04


Tree=81
num_leaves=7
num_cat=0
split_feature=60 117 43 106 35 24
split_gain=1.0203 1.16519 1.12092 0.855886 1.02416 0.937181
threshold=-1.3807345813215284 0.73832766232243974 0.26194832329930362 0.63775565825140423 0.30842531818310887 0.73903376212660932
decision_type=2 2 2 2 2 2
left_child=1 -1 -3 4 -2 -5
right_child=3 2 -4 5 -6 -7
leaf_value=-0.00011913026994355558 2.3657135222078229e-05 0.00058142704138344455 2.751691821434002e-05 -0.0008066463547178914 -0.00017683206570832569 0.00046644054542960441
leaf_weight=45 1148 40 50 213 634 51
leaf_count=45 1148 40 50 213 634 51
internal_value=-0.000276684 0.00306569 0.00565217 -0.000500001 -0.000183857 -0.00261654
internal_weight=2181 135 90 2046 1782 264
internal_count=2181 135 90 2046 1782 264
is_linear=0
shrinkage=0.04


Tree=82
num_leaves=4
num_cat=0
split_feature=18 92 50
split_gain=1.29496 0.880903 0.949487
threshold=-1.0287926366022508 -0.88977867642581276 -1.2668127577353216
decision_type=2 2 2
left_child=-1 -2 -3
right_child=1 2 -4
leaf_value=0.00043696916808468619 0.00032561647838265595 7.5461515680133687e-05 -3.9441813974840022e-05
leaf_weight=45 42 135 1959
leaf_count=45 42 135 1959
internal_value=-0.000185067 -0.000329281 -0.000446566
internal_weight=2181 2136 2094
internal_count=2181 2136 2094
is_linear=0
shrinkage=0.04


Tree=83
num_leaves=4
num_cat=0
split_feature=116 63 76
split_gain=0.968582 0.959711 1.34635
threshold=-0.76532766037283173 1.4727640525184613 -0.25436333338958778
decision_type=2 2 2
left_child=-1 2 -2
right_child=1 -3 -4
leaf_value=0.00050377723797388361 -0.0002494553051285099 0.00029753602113479443 1.2146924443055404e-05
leaf_weight=45 650 40 1446
leaf_count=45 650 40 1446
internal_value=-0.000148421 -0.000273153 -0.000392756
internal_weight=2181 2136 2096
internal_count=2181 2136 2096
is_linear=0
shrinkage=0.04


Tree=84
num_leaves=7
num_cat=0
split_feature=8 93 110 87 43 3
split_gain=0.961316 0.898089 1.11863 0.701794 0.241744 0.000813221
threshold=0.78686065851219256 -1.336408196354824 1.0611726980357938 1.6375700091458449 1.1313900895501636 0.10468215257739437
decision_type=2 2 2 2 2 2
left_child=1 5 -3 4 -2 -1
right_child=3 2 -4 -5 -6 -7
leaf_value=-0.00058132571422283251 -0.00043030748233664702 -4.4153523172156485e-07 0.00014825052095788189 6.766636700923767e-05 -5.9567636898873743e-05 -0.00025472367067337734
leaf_weight=60 254 1558 187 42 40 40
leaf_count=60 254 1558 187 42 40 40
internal_value=-0.000240038 0.000119111 0.000331997 -0.00220118 -0.00289189 -0.00352941
internal_weight=2181 1845 1745 336 294 100
internal_count=2181 1845 1745 336 294 100
is_linear=0
shrinkage=0.04


Tree=85
num_leaves=5
num_cat=0
split_feature=41 8 0 87
split_gain=0.987379 0.799507 0.839963 0.484737
threshold=-1.3297746540314079 0.78686065851219256 0.62079747449074218 1.6375700091458449
decision_type=2 2 2 2
left_child=-1 2 -2 -3
right_child=1 3 -4 -5
leaf_value=0.00042530062832529694 1.8042456654787238e-05 -0.0003389763358360532 -0.00024323607061653381 5.3683030796338476e-05
leaf_weight=45 1431 286 379 40
leaf_count=45 1431 286 379 40
internal_value=-0.000203391 -0.000329281 -9.52622e-10 -0.00214634
internal_weight=2181 2136 1810 326
internal_count=2181 2136 1810 326
is_linear=0
shrinkage=0.04


Tree=86
num_leaves=7
num_cat=0
split_feature=60 62 86 64 83 103
split_gain=0.892092 1.11619 0.921381 1.6491 0.821842 0.52307
threshold=-1.2745415572323899 0.19712330343594237 0.55152488206795713 1.2995457812388498 -0.87047912755722912 0.41442152735130638
decision_type=2 2 2 2 2 2
left_child=1 -1 3 -2 -4 -3
right_child=2 5 4 -5 -6 -7
leaf_value=0.00054825270928755148 -9.9868576596208615e-06 -0.0001338911612532718 9.7731729681307964e-06 0.00031575282614595122 -0.00037880759315300441 0.00011736712238456271
leaf_weight=79 1540 40 116 44 319 43
leaf_count=79 1540 40 116 44 319 43
internal_value=-0.000203391 0.00263415 -0.00043345 1.51315e-05 -0.0020595 -0.000611766
internal_weight=2181 162 2019 1584 435 83
internal_count=2181 162 2019 1584 435 83
is_linear=0
shrinkage=0.04


Tree=87
num_leaves=7
num_cat=0
split_feature=8 88 46 90 87 90
split_gain=0.824329 1.16905 1.67997 1.35519 0.634402 0.295606
threshold=0.78686065851219256 0.74397557781988222 -0.14544878887259036 0.65218597173220372 1.6375700091458449 0.54040967586148569
decision_type=2 2 2 2 2 2
left_child=1 3 -3 -1 5 -2
right_child=4 2 -4 -5 -6 -7
leaf_value=1.1375824938322551e-05 -0.00044093502928675877 0.00065001177026028669 -2.8828031948518012e-05 -0.00025950304238747413 6.3132824508258832e-05 -4.1976441301166541e-05
leaf_weight=1496 231 40 66 243 42 63
leaf_count=1496 231 40 66 243 42 63
internal_value=-0.000148421 0.000184081 0.00422222 -6.66293e-05 -0.0019645 -0.00262162
internal_weight=2181 1845 106 1739 336 294
internal_count=2181 1845 106 1739 336 294
is_linear=0
shrinkage=0.04


Tree=88
num_leaves=8
num_cat=0
split_feature=8 0 81 46 65 14 89
split_gain=0.824329 0.881059 1.08402 0.557293 0.518596 0.770605 0.223614
threshold=0.78686065851219256 0.56559086465065667 0.19758888312965603 1.8787901194484653 -0.46221285835054737 0.40574578218226809 0.42066890644478921
decision_type=2 2 2 2 2 2 2
left_child=1 2 -1 -3 5 -2 -6
right_child=4 3 -4 -5 6 -7 -8
leaf_value=-6.1172039394118855e-06 -0.00052193364002472542 -0.0002241654069589167 0.00010926367162529382 0.00015091030095703022 -0.00035070958540978179 0.00027261567687431856 -0.00020667455146071645
leaf_weight=877 43 372 548 48 190 41 62
leaf_count=877 43 372 548 48 190 41 62
internal_value=-0.000148421 0.000184081 0.000658724 -0.0014218 -0.0019645 0.000744185 -0.00286614
internal_weight=2181 1845 1425 420 336 84 252
internal_count=2181 1845 1425 420 336 84 252
is_linear=0
shrinkage=0.04


Tree=89
num_leaves=7
num_cat=0
split_feature=60 24 62 91 64 44
split_gain=0.805303 1.25036 1.33088 0.962322 1.15926 0.594024
threshold=-1.229304062222941 -1.2810907470532784 0.19712330343594237 0.35485720526887099 0.79482714802078747 -0.97716975717434351
decision_type=2 2 2 2 2 2
left_child=1 -1 -3 4 -2 -5
right_child=3 2 -4 5 -6 -7
leaf_value=-6.8101053722872238e-05 -1.1738020170414399e-05 0.00072635807291159958 9.8425341525798843e-06 1.6223883319400186e-05 0.00010786585585833503 -0.00027190717224137269
leaf_weight=56 1283 57 67 81 148 489
leaf_count=56 1283 57 67 81 148 489
internal_value=-0.000130097 0.00241758 0.00463492 -0.000361459 0.000192602 -0.00174825
internal_weight=2181 180 124 2001 1431 570
internal_count=2181 180 124 2001 1431 570
is_linear=0
shrinkage=0.04


Tree=90
num_leaves=7
num_cat=0
split_feature=75 14 75 40 64 111
split_gain=0.838947 1.04498 2.8813 1.10616 0.562936 0.168053
threshold=-0.61515599906667184 0.60081398982467127 0.84477587093494932 0.79453195650191366 0.80164439208416438 -0.069710202727432599
decision_type=2 2 2 2 2 2
left_child=4 3 -3 -2 5 -1
right_child=1 2 -4 -5 -6 -7
leaf_value=-0.00014056727937377709 -3.7361180356596123e-05 4.5060046807739487e-05 0.00073249434261924708 8.2324444199883886e-05 2.154498132735554e-05 -0.00096169304020092777
leaf_weight=63 1327 313 50 231 51 146
leaf_count=63 1327 313 50 231 51 146
internal_value=-0.000166744 0.000122724 0.00204931 -0.000328206 -0.00229008 -0.00320379
internal_weight=2181 1921 363 1558 260 209
internal_count=2181 1921 363 1558 260 209
is_linear=0
shrinkage=0.04


Tree=91
num_leaves=7
num_cat=0
split_feature=50 69 116 35 8 115
split_gain=0.90239 1.17877 0.940818 1.75311 0.87173 0.867939
threshold=-1.0547232123899171 -0.75372903923200096 -0.6310456534474701 0.31618352442310155 -1.0580357551644595 -0.38522311936983933
decision_type=2 2 2 2 2 2
left_child=1 -1 3 -2 -4 -3
right_child=2 5 4 -5 -6 -7
leaf_value=0.000549491022059576 0.00048561626538120412 0.00041168610783346295 5.8933520991024193e-05 -0.00098660738711346956 -5.326617681311832e-05 -0.00035657496289822157
leaf_weight=72 117 53 156 59 1633 91
leaf_count=72 117 53 156 59 1633 91
internal_value=-0.000166744 0.00227523 -0.000437215 0.00233708 -0.000712452 0.000164383
internal_weight=2181 216 1965 176 1789 144
internal_count=2181 216 1965 176 1789 144
is_linear=0
shrinkage=0.04


Tree=92
num_leaves=7
num_cat=0
split_feature=8 110 30 77 118 5
split_gain=0.826353 0.895965 1.59369 0.975206 0.440839 0.328198
threshold=0.67825221219622212 1.1103605505222791 0.18686071548292343 0.27643016785706637 -0.6647029148876048 -1.0495368997257712
decision_type=2 2 2 2 2 2
left_child=1 3 -3 -1 -2 -6
right_child=4 2 -4 -5 5 -7
leaf_value=-4.0340944138849882e-05 1.2324877754758533e-05 0.00022774473690536485 -3.4230611336307378e-05 5.470760880975088e-05 0.00010239841377723968 -0.00033303048192974074
leaf_weight=995 50 122 86 570 40 318
leaf_count=995 50 122 86 570 40 318
internal_value=-0.000313331 6.08441e-05 0.00251428 -0.000268029 -0.00193171 -0.00242222
internal_weight=2181 1773 208 1565 408 358
internal_count=2181 1773 208 1565 408 358
is_linear=0
shrinkage=0.04


Tree=93
num_leaves=6
num_cat=0
split_feature=106 48 26 25 18
split_gain=0.814847 1.19756 0.907376 0.853943 0.156965
threshold=0.66651724395975342 -1.2613026549480566 -0.6153041358391319 0.92083752062962998 -0.85857990160064868
decision_type=2 2 2 2 2
left_child=1 -1 -3 4 -2
right_child=3 2 -4 -5 -6
leaf_value=0.0009499527215364931 -1.7206178619089955e-05 -0.0002008385866647872 9.4730456446724041e-06 0.00029081001440390506 -0.00097505729631086645
leaf_weight=40 40 344 1512 49 196
leaf_count=40 40 344 1512 49 196
internal_value=-0.000313331 -1.26458e-05 -0.000163618 -0.00229965 -0.00329412
internal_weight=2181 1896 1856 285 236
internal_count=2181 1896 1856 285 236
is_linear=0
shrinkage=0.04


Tree=94
num_leaves=7
num_cat=0
split_feature=75 14 63 85 63 111
split_gain=0.754336 1.03115 3.41699 1.00291 0.528169 0.175868
threshold=-0.61515599906667184 0.82100002849595877 0.37031090211279749 -0.08663857990585766 0.85317325130668498 -0.069710202727432599
decision_type=2 2 2 2 2 2
left_child=4 3 -3 -2 5 -1
right_child=1 2 -4 -5 -6 -7
leaf_value=-0.00011763922912111106 3.7350854834032268e-05 -7.8541831642481709e-06 0.0010528594853711848 -5.0782372662258761e-05 2.0669054318505273e-06 -0.00091505943350595549
leaf_weight=61 698 188 46 989 53 146
leaf_count=61 698 188 46 989 53 146
internal_value=-0.000276684 -2.08104e-06 0.00247458 -0.000348136 -0.00229008 -0.00319617
internal_weight=2181 1921 234 1687 260 207
internal_count=2181 1921 234 1687 260 207
is_linear=0
shrinkage=0.04


Tree=95
num_leaves=7
num_cat=0
split_feature=81 109 25 50 80 83
split_gain=0.783949 1.17783 2.61056 1.01276 0.949562 0.301172
threshold=-0.78715049214663024 0.58130334484322377 -0.32966629670883146 0.37258091508464913 0.96449855693265663 -0.88132348268738026
decision_type=2 2 2 2 2 2
left_child=4 3 -3 -2 5 -1
right_child=1 2 -4 -5 -6 -7
leaf_value=-8.3793930710313738e-06 3.9245766293338507e-06 0.00047865789791792383 -3.4319280358928823e-05 -0.00023911198685467724 0.00035226046735757464 -0.00061123297471019522
leaf_weight=51 1041 143 208 459 42 237
leaf_count=51 1041 143 208 459 42 237
internal_value=-0.000258361 6.26002e-05 0.00214164 -0.000426099 -0.00204819 -0.00286897
internal_weight=2181 1851 351 1500 330 288
internal_count=2181 1851 351 1500 330 288
is_linear=0
shrinkage=0.04


Tree=96
num_leaves=7
num_cat=0
split_feature=8 82 36 35 1 83
split_gain=0.864192 0.901536 2.38791 1.47322 0.635836 0.357516
threshold=0.67825221219622212 -0.099997905826261835 -0.48271220871986503 -0.60466331410763052 -1.1110546774577916 -0.90952876096513025
decision_type=2 2 2 2 2 2
left_child=1 2 -1 -3 -2 -6
right_child=4 3 -4 -5 5 -7
leaf_value=0.00027384459775237465 0.00013963558620381567 -0.00011070759228099924 -0.00024205562325501956 9.2815425302154048e-05 6.4241897968966217e-05 -0.00035197816220617831
leaf_weight=98 41 316 690 669 52 315
leaf_count=98 41 316 690 669 52 315
internal_value=-0.000276684 0.000105915 -0.000901267 0.000911853 -0.00193171 -0.00246071
internal_weight=2181 1773 788 985 408 367
internal_count=2181 1773 788 985 408 367
is_linear=0
shrinkage=0.04


Tree=97
num_leaves=5
num_cat=0
split_feature=63 76 47 118
split_gain=0.937151 0.886741 2.35966 1.29788
threshold=1.4727640525184613 -0.25436333338958778 -0.6796787440337414 -0.6647029148876048
decision_type=2 2 2 2
left_child=1 2 -1 -3
right_child=-2 3 -4 -5
leaf_value=0.00011263671835838903 0.00024031196820292237 0.00021232742586522983 -0.00027383164553350684 -1.012463707712625e-05
leaf_weight=52 40 135 625 1329
leaf_count=52 40 135 625 1329
internal_value=-0.000203391 -0.00031918 -0.00151399 0.000234651
internal_weight=2181 2141 677 1464
internal_count=2181 2141 677 1464
is_linear=0
shrinkage=0.04


Tree=98
num_leaves=6
num_cat=0
split_feature=8 18 87 1 83
split_gain=0.83201 0.853969 0.951376 0.467916 0.377265
threshold=0.78686065851219256 -1.0287926366022508 -0.44020862218556117 -1.0433362903023722 -0.22910992513411713
decision_type=2 2 2 2 2
left_child=1 -1 -3 -2 -5
right_child=3 2 -4 4 -6
leaf_value=0.00047294602370815189 3.9753007160008518e-05 6.7380051872231928e-05 -1.9628955594287594e-05 -7.1815995024249413e-06 -0.00041005365211774518
leaf_weight=40 40 447 1358 91 205
leaf_count=40 40 447 1358 91 205
internal_value=-0.000258361 7.57976e-05 -5.53413e-05 -0.00208284 -0.00263087
internal_weight=2181 1845 1805 336 296
internal_count=2181 1845 1805 336 296
is_linear=0
shrinkage=0.04


Tree=99
num_leaves=8
num_cat=0
split_feature=99 90 90 66 60 7 101
split_gain=0.778268 0.847947 1.85085 0.880177 0.774609 0.614683 0.284293
threshold=0.75678744403414244 -0.15196507942591572 -0.0039443954692193143 0.69471175110250594 -0.97405053978702394 0.31380260313505121 0.47266440256984915
decision_type=2 2 2 2 2 2 2
left_child=1 3 -3 -1 5 -2 -6
right_child=4 2 -4 -5 6 -7 -8
leaf_value=-0.0001346542330176295 0.00011775719461449911 0.00036516276660119733 3.9578488269189608e-06 3.3594907067892603e-05 -0.00074023144976709048 -0.00033934393131329171 -0.00015715498322371881
leaf_weight=606 40 159 855 201 183 53 84
leaf_count=606 40 159 855 201 183 53 84
internal_value=-0.000295008 4.16886e-05 0.000811023 -0.000924599 -0.00198895 0.00113684 -0.00307807
internal_weight=2181 1821 1014 807 360 93 267
internal_count=2181 1821 1014 807 360 93 267
is_linear=0
shrinkage=0.04


Tree=100
num_leaves=6
num_cat=0
split_feature=93 46 91 93 14
split_gain=0.813512 1.27243 0.799115 1.14132 1.09516
threshold=1.1388725756987745 0.7423636756788875 0.17176851188756587 -0.244287065635163 0.86381733388222115
decision_type=2 2 2 2 2
left_child=2 -2 3 -1 -4
right_child=1 -3 4 -5 -6
leaf_value=-2.4224681730978985e-05 0.00050834863930855232 -0.00018020912088511271 -0.00014990382120218099 5.5782831966328887e-05 0.00011827545947442236
leaf_weight=789 45 45 751 465 86
leaf_count=789 45 45 751 465 86
internal_value=-0.000203391 0.00347826 -0.000365027 0.000273884 -0.00132062
internal_weight=2181 90 2091 1254 837
internal_count=2181 90 2091 1254 837
is_linear=0
shrinkage=0.04


Tree=101
num_leaves=7
num_cat=0
split_feature=8 105 44 7 88 29
split_gain=0.960308 2.04004 0.831042 1.1798 1.14795 0.480195
threshold=-1.1995591939652277 -0.2215177748455163 -1.0862770013232386 0.61222452260613791 -0.79870956520263292 0.05365934069094843
decision_type=2 2 2 2 2 2
left_child=1 -1 3 -2 -4 -3
right_child=2 5 4 -5 -6 -7
leaf_value=0.0003165502365102037 6.4355796612248337e-05 3.8128533709438716e-05 0.00015182660912329467 -0.00017805393624963997 -6.0082855935211087e-05 -0.0003332457605841494
leaf_weight=40 241 40 94 84 1636 46
leaf_count=40 241 40 94 84 1636 46
internal_value=-0.000111774 0.00325 -0.000320857 0.00152905 -0.000669747 -0.000272728
internal_weight=2181 126 2055 325 1730 86
internal_count=2181 126 2055 325 1730 86
is_linear=0
shrinkage=0.04


Tree=102
num_leaves=6
num_cat=0
split_feature=41 88 7 13 45
split_gain=0.98418 1.99564 0.807089 1.55667 0.798714
threshold=-1.1111275055353682 0.52780581782575131 -0.046317226138436814 -0.049332517445724582 5.9088167615006713
decision_type=2 2 2 2 2
left_child=1 -1 3 -2 -4
right_child=2 -3 4 -5 -6
leaf_value=-2.521778803986621e-05 -1.5726339166466059e-05 0.00063762590977425784 -0.00014275807485022535 0.00015576702612432234 0.00073444703023528763
leaf_weight=77 706 40 1032 268 58
leaf_count=77 706 40 1032 268 58
internal_value=-7.51269e-05 0.00346218 -0.000278801 0.000557376 -0.00102564
internal_weight=2181 117 2064 974 1090
internal_count=2181 117 2064 974 1090
is_linear=0
shrinkage=0.04


Tree=103
num_leaves=8
num_cat=0
split_feature=82 36 53 14 65 36 116
split_gain=0.917775 1.72032 2.49756 1.37592 2.29651 1.74186 0.565443
threshold=-0.2302792612582383 -0.52857776091006548 0.75000000000000011 0.60081398982467127 -0.20035077001363716 -0.61590071316315931 -0.21478268909653761
decision_type=2 2 2 2 2 2 2
left_child=1 2 -1 5 -5 -2 -3
right_child=3 6 -4 4 -6 -7 -8
leaf_value=0.00040008821184167045 -0.00023650453588599859 -1.8803565092924442e-05 -0.0012250106317875662 0.00090608135260517584 2.8212375641883396e-05 2.0020978428947212e-05 -0.00046063009789087028
leaf_weight=42 321 266 41 86 172 870 383
leaf_count=42 321 266 41 86 172 870 383
internal_value=-0.000111774 -0.00126431 0.00409412 0.000471398 0.00310769 -0.000103941 -0.00196006
internal_weight=2181 732 83 1449 258 1191 649
internal_count=2181 732 83 1449 258 1191 649
is_linear=0
shrinkage=0.04


Tree=104
num_leaves=7
num_cat=0
split_feature=8 105 64 80 87 30
split_gain=0.981328 2.04004 0.886285 1.65443 0.878963 0.480195
threshold=-1.1995591939652277 -0.2215177748455163 1.1854402241645416 -0.18502390174218794 2.6501706871557222 -0.035671390915083902
decision_type=2 2 2 2 2 2
left_child=1 -1 4 -4 -2 -3
right_child=2 5 3 -5 -6 -7
leaf_value=0.00030703671291837674 -3.7649211313972883e-05 3.2688547907976147e-05 0.00015156864527802436 -0.00019394515433808498 0.00012315900157274415 -0.00032008771573128266
leaf_weight=40 1908 40 41 49 57 46
leaf_count=40 1908 40 41 49 57 46
internal_value=-0.000148421 0.00325 -0.000359748 0.00347826 -0.000538893 -0.000272728
internal_weight=2181 126 2055 90 1965 86
internal_count=2181 126 2055 90 1965 86
is_linear=0
shrinkage=0.04


Tree=105
num_leaves=6
num_cat=0
split_feature=8 48 93 117 97
split_gain=0.97079 1.85553 0.784175 1.60994 1.13071
threshold=-1.1995591939652277 0.064596872834280464 -0.90137508494246454 -0.76294570259601413 0.37475922849622401
decision_type=2 2 2 2 2
left_child=1 -1 4 -4 -2
right_child=2 -3 3 -5 -6
leaf_value=0.00027395144323146675 -0.00036556051160985872 -0.00044044049681963502 0.00011250153637051636 -1.9529218889552458e-05 4.1372246569550574e-05
leaf_weight=73 243 53 151 1621 40
leaf_count=73 243 53 151 1621 40
internal_value=-0.000130097 0.00325 -0.000340302 -2.70584e-05 -0.00228772
internal_weight=2181 126 2055 1772 283
internal_count=2181 126 2055 1772 283
is_linear=0
shrinkage=0.04


Tree=106
num_leaves=6
num_cat=0
split_feature=106 48 80 64 14
split_gain=0.988547 1.1159 0.810302 0.805153 0.287749
threshold=0.66651724395975342 -1.2613026549480566 -0.84933315566474676 -0.89495474044765355 1.1899658789453753
decision_type=2 2 2 2 2
left_child=1 -1 -3 -2 -5
right_child=3 2 -4 4 -6
leaf_value=0.00090609128759763357 0.00016482638023539189 5.268124834961965e-05 -8.1133082822222717e-06 -0.0006749612854308676 -0.00050207278498651307
leaf_weight=40 40 114 1742 204 41
leaf_count=40 40 114 1742 204 41
internal_value=-0.000111774 0.000219177 7.3196e-05 -0.00229965 -0.0031579
internal_weight=2181 1896 1856 285 245
internal_count=2181 1896 1856 285 245
is_linear=0
shrinkage=0.04


Tree=107
num_leaves=6
num_cat=0
split_feature=17 64 112 63 64
split_gain=0.827142 1.0213 1.76828 1.12418 0.150015
threshold=0.62267863544465041 1.1854402241645416 0.011846155356369042 -0.63499385831611244 0.48166725628911838
decision_type=2 2 2 2 2
left_child=1 3 -3 -1 -2
right_child=4 2 -4 -5 -6
leaf_value=5.7435475511014937e-05 -0.00044151001211835964 0.00026728503742397307 -0.00017204033917626692 -2.9082443612010309e-05 -0.00023687135164310015
leaf_weight=423 96 41 44 1537 40
leaf_count=423 96 41 44 1537 40
internal_value=-7.51269e-05 0.000127014 0.00436782 -6.1163e-05 -0.00307246
internal_weight=2181 2045 85 1960 136
internal_count=2181 2045 85 1960 136
is_linear=0
shrinkage=0.04


Tree=108
num_leaves=8
num_cat=0
split_feature=0 41 36 110 94 110 109
split_gain=1.12617 1.16273 2.9079 1.26837 0.499339 0.565998 0.441607
threshold=0.62079747449074218 0.67137635978706733 -0.13703543266491344 1.1103605505222791 0.21231817516138948 0.49489602693924162 0.88744772508223568
decision_type=2 2 2 2 2 2 2
left_child=1 3 -3 -1 6 -6 -2
right_child=4 2 -4 -5 5 -7 -8
leaf_value=-4.3900416457091079e-05 -0.00045502974084758849 0.00029271479587737086 2.2039348167621707e-05 0.00011957498614662136 -0.00025300010422312879 5.0539574293153341e-05 9.3219255436325537e-05
leaf_weight=1269 233 40 255 175 103 65 41
leaf_count=1269 233 40 255 175 103 65 41
internal_value=-0.000111774 0.000346926 0.00262626 -0.000121716 -0.00190991 -0.000188236 -0.00295652
internal_weight=2181 1739 295 1444 442 168 274
internal_count=2181 1739 295 1444 442 168 274
is_linear=0
shrinkage=0.04


Tree=109
num_leaves=8
num_cat=0
split_feature=63 94 13 74 88 84 84
split_gain=0.81192 2.40978 1.83298 1.70368 1.42189 1.46109 1.03586
threshold=-0.64447985551234521 0.18516984689681812 0.35594733501509457 0.0081930567471384125 -0.82784619239848056 -0.3458448989607838 -1.9964822360813332
decision_type=2 2 2 2 2 2 2
left_child=1 3 -3 -1 5 -2 -6
right_child=4 2 -4 -5 6 -7 -8
leaf_value=-0.00063045235781971297 -0.00014834660116863074 0.00058516141916034592 2.1231623998377167e-05 0.00026457941593685432 0.00019449733945764306 0.00028353682351158946 -6.6554718535117731e-05
leaf_weight=158 40 77 67 139 55 43 1602
leaf_count=158 40 77 67 139 55 43 1602
internal_value=-9.34503e-05 0.00143566 0.00564383 -0.000628763 -0.000482205 0.0045647 -0.000740206
internal_weight=2181 441 144 297 1740 83 1657
internal_count=2181 441 144 297 1740 83 1657
is_linear=0
shrinkage=0.04


Tree=110
num_leaves=6
num_cat=0
split_feature=60 3 91 64 86
split_gain=0.83964 0.958224 0.841157 1.15321 1.09451
threshold=-1.3807345813215284 -0.4256837445777602 0.07612106741099943 0.79482714802078747 -0.77287238638213862
decision_type=2 2 2 2 2
left_child=1 -1 3 -2 -4
right_child=2 -3 4 -5 -6
leaf_value=0.0001535369195785521 -2.4920923688226698e-06 -2.8353218204410278e-05 2.3400347446320985e-05 0.00017924560559386623 -0.00013780855644864704
leaf_weight=78 1026 57 78 120 822
leaf_count=78 1026 57 78 120 822
internal_value=-0.000258361 0.00277372 -0.000460938 0.000257839 -0.00137472
internal_weight=2181 135 2046 1146 900
internal_count=2181 135 2046 1146 900
is_linear=0
shrinkage=0.04


Tree=111
num_leaves=7
num_cat=0
split_feature=60 117 44 7 40 47
split_gain=0.83964 1.03944 1.22153 0.773854 1.25307 0.963895
threshold=-1.3807345813215284 0.73832766232243974 0.41184688604047964 -0.046317226138436814 -0.66923731818267995 0.65077227641098612
decision_type=2 2 2 2 2 2
left_child=1 -1 -3 4 -2 -5
right_child=3 2 -4 5 -6 -7
leaf_value=-0.00010605024607163268 -0.0002061546589790395 0.00037467536800214182 1.0487452338119076e-05 -0.00014075800533497326 3.323698746990644e-05 0.0001096053708665436
leaf_weight=45 265 41 49 864 742 175
leaf_count=45 265 41 49 864 742 175
internal_value=-0.000258361 0.00277372 0.00521739 -0.000460938 0.000329038 -0.00122575
internal_weight=2181 135 90 2046 1007 1039
internal_count=2181 135 90 2046 1007 1039
is_linear=0
shrinkage=0.04


Tree=112
num_leaves=6
num_cat=0
split_feature=81 41 100 84 89
split_gain=0.845897 0.86817 1.88579 0.939956 0.287571
threshold=-1.0081859960224955 -1.0448913884694544 0.02991266434370218 -1.454984738126234 0.30743327716481994
decision_type=2 2 2 2 2
left_child=4 2 -2 -3 -1
right_child=1 3 -4 -5 -6
leaf_value=-0.00052532057621271948 0.00039373746714337651 6.8510455733673055e-05 -8.3187645994274364e-05 -1.4824417584352568e-05 -1.1707367249177517e-05
leaf_weight=120 61 107 73 1763 57
leaf_count=120 61 107 73 1763 57
internal_value=-0.000203391 3.19033e-05 0.00311765 -0.000192309 -0.00283799
internal_weight=2181 2004 134 1870 177
internal_count=2181 2004 134 1870 177
is_linear=0
shrinkage=0.04


Tree=113
num_leaves=7
num_cat=0
split_feature=44 117 109 61 62 88
split_gain=0.833943 1.51902 1.24127 0.864485 1.47862 0.992417
threshold=-1.0862770013232386 -0.64323080486031436 0.36304732638758708 -1.1998081918808829 0.41736938571431176 -0.77864431225488662
decision_type=2 2 2 2 2 2
left_child=1 -1 -3 4 -2 -5
right_child=3 2 -4 5 -6 -7
leaf_value=8.335021894828304e-05 0.00043883807711390466 -7.3351823426611682e-05 0.00023547829530305405 0.00013121082066992504 -0.00022754673837594442 -7.452004833402874e-05
leaf_weight=69 79 200 73 110 55 1595
leaf_count=69 79 200 73 110 55 1595
internal_value=-0.000203391 0.00160465 0.000247272 -0.000541011 0.00252941 -0.000785004
internal_weight=2181 342 273 1839 134 1705
internal_count=2181 342 273 1839 134 1705
is_linear=0
shrinkage=0.04


Tree=114
num_leaves=7
num_cat=0
split_feature=8 0 60 109 51 56
split_gain=0.824329 1.06076 1.00215 0.593352 0.418352 0.347548
threshold=0.78686065851219256 0.62079747449074218 -0.98306624747252191 0.87917086285892976 0.64864588455238614 0.82710503702470917
decision_type=2 2 2 2 2 2
left_child=1 2 -1 -3 5 -2
right_child=4 3 -4 -5 -6 -7
leaf_value=0.0003100192455089455 -0.00026869712273769878 -0.00026416158911251751 5.8197313010458909e-06 0.00010594911192610581 1.7087324915088935e-05 -9.431512045249141e-06
leaf_weight=155 228 332 1308 50 65 43
leaf_count=155 228 332 1308 50 65 43
internal_value=-0.000148421 0.000184081 0.000674402 -0.0016875 -0.0019645 -0.00265202
internal_weight=2181 1845 1463 382 336 271
internal_count=2181 1845 1463 382 336 271
is_linear=0
shrinkage=0.04


Tree=115
num_leaves=7
num_cat=0
split_feature=106 35 64 13 12 30
split_gain=0.876826 1.10395 1.67823 1.04045 0.738903 0.334673
threshold=0.63775565825140423 0.42139118172154305 0.96800385944966871 1.024222789962058 0.66744785072412516 -0.76646116494101346
decision_type=2 2 2 2 2 2
left_child=1 2 -1 -3 5 -2
right_child=4 3 -4 -5 -6 -7
leaf_value=9.8631152784321285e-06 -7.7055337344859343e-06 -0.00022766830174814737 0.00016417785701352771 8.1692700144029074e-05 0.00028308256197054777 -0.00095355308617298823
leaf_weight=1281 74 461 54 82 51 178
leaf_count=1281 74 461 54 82 51 178
internal_value=-0.000148421 0.000174467 0.000792819 -0.00134312 -0.00213771 -0.00302362
internal_weight=2181 1878 1335 543 303 252
internal_count=2181 1878 1335 543 303 252
is_linear=0
shrinkage=0.04


Tree=116
num_leaves=7
num_cat=0
split_feature=8 86 73 18 1 77
split_gain=0.847697 0.951209 1.52103 0.768586 0.557373 0.470721
threshold=0.50964933140237123 0.55403524694002537 -0.070416188666636612 -0.86932281979797332 -0.89003765520772438 -0.068048245865039145
decision_type=2 2 2 2 2 2
left_child=1 2 -1 -3 -2 -6
right_child=4 3 -4 -5 5 -7
leaf_value=7.4890366173894425e-05 0.00028071385273061147 0.00019405505964348324 -5.9875206704142691e-06 -0.0002290174637172012 -0.00029589822405723159 -7.4094889963139613e-05
leaf_weight=471 68 50 781 329 233 249
leaf_count=471 68 50 781 329 233 249
internal_value=-0.000166744 0.000291487 0.000822966 -0.00145932 -0.00152174 -0.002
internal_weight=2181 1631 1252 379 550 482
internal_count=2181 1631 1252 379 550 482
is_linear=0
shrinkage=0.04


Tree=117
num_leaves=8
num_cat=0
split_feature=44 7 60 64 80 60 49
split_gain=0.874168 1.36353 1.50524 0.937093 2.07552 1.02336 0.10957
threshold=-1.0862770013232386 0.61222452260613791 -0.022910138280176479 0.79482714802078747 -0.5519256054250824 -1.2210578877872353 0.56517542694288336
decision_type=2 2 2 2 2 2 2
left_child=1 2 -1 5 -5 -2 -3
right_child=3 6 -4 4 -6 -7 -8
leaf_value=8.5098419542193986e-05 8.846104670249115e-05 -0.0004304997709372242 1.2949562179636681e-06 0.00062409649030375851 -1.8242813640816484e-05 -7.1346961021594935e-05 -5.6972422728464263e-05
leaf_weight=117 159 47 138 42 136 1502 40
leaf_count=117 159 47 138 42 136 1502 40
internal_value=-0.000130097 0.00172093 0.00319066 -0.000475829 0.00226667 -0.0007721 -0.0025618
internal_weight=2181 342 255 1839 178 1661 87
internal_count=2181 342 255 1839 178 1661 87
is_linear=0
shrinkage=0.04


Tree=118
num_leaves=5
num_cat=0
split_feature=93 84 106 7
split_gain=0.761856 0.918153 0.796297 0.0550722
threshold=-1.336408196354824 -1.9964822360813332 0.66651724395975342 -0.040816039742740368
decision_type=2 2 2 2
left_child=3 -2 -3 -1
right_child=1 2 -4 -5
leaf_value=-0.00016046011160888849 0.00022779814124480267 3.4324039230513106e-06 -0.0004787823400915243 -0.00051749123855082994
leaf_weight=40 57 1731 276 77
leaf_count=40 57 1731 276 77
internal_value=-0.000148421 3.09768e-05 -0.00011349 -0.00326051
internal_weight=2181 2064 2007 117
internal_count=2181 2064 2007 117
is_linear=0
shrinkage=0.04


Tree=119
num_leaves=7
num_cat=0
split_feature=8 86 91 47 100 62
split_gain=0.857912 0.932173 0.950439 0.311372 0.51924 0.0617803
threshold=0.78686065851219256 -0.86758072912176687 0.07612106741099943 -0.10209105196568609 -0.52619273576536918 -0.48146420156820752
decision_type=2 2 2 2 2 2
left_child=1 -1 -3 5 -5 -2
right_child=3 2 -4 4 -6 -7
leaf_value=0.00010195277489872234 -2.8971047247298688e-05 2.2010897841009267e-05 -4.9775277174309279e-05 -0.00049481476840037035 1.0690559898971463e-05 -0.00053199996569014277
leaf_weight=55 40 968 822 62 133 101
leaf_count=55 40 968 822 62 133 101
internal_value=-0.000111774 0.000227395 6.69633e-05 -0.0019645 -0.000913707 -0.00338462
internal_weight=2181 1845 1790 336 195 141
internal_count=2181 1845 1790 336 195 141
is_linear=0
shrinkage=0.04


end of trees

feature_importances:
Column_60=32
Column_64=32
Column_46=27
Column_8=25
Column_35=25
Column_87=25
Column_14=20
Column_36=19
Column_40=15
Column_13=14
Column_44=14
Column_93=14
Column_109=14
Column_24=13
Column_47=13
Column_63=13
Column_76=13
Column_118=12
Column_75=11
Column_110=11
Column_25=10
Column_45=10
Column_69=9
Column_116=9
Column_18=8
Column_100=8
Column_106=8
Column_7=7
Column_11=7
Column_41=7
Column_82=7
Column_83=7
Column_117=7
Column_43=6
Column_50=6
Column_80=6
Column_86=6
Column_88=6
Column_91=6
Column_104=6
Column_105=6
Column_0=5
Column_30=5
Column_37=5
Column_42=5
Column_62=5
Column_79=5
Column_81=5
Column_84=5
Column_85=5
Column_90=5
Column_94=5
Column_1=4
Column_4=4
Column_26=4
Column_29=4
Column_3=3
Column_28=3
Column_33=3
Column_48=3
Column_51=3
Column_74=3
Column_111=3
Column_115=3
Column_5=2
Column_9=2
Column_12=2
Column_27=2
Column_34=2
Column_39=2
Column_59=2
Column_65=2
Column_68=2
Column_72=2
Column_77=2
Column_78=2
Column_89=2
Column_92=2
Column_99=2
Column_102=2
Column_112=2
Column_2=1
Column_6=1
Column_10=1
Column_17=1
Column_19=1
Column_20=1
Column_21=1
Column_22=1
Column_23=1
Column_32=1
Column_49=1
Column_53=1
Column_56=1
Column_57=1
Column_61=1
Column_66=1
Column_67=1
Column_70=1
Column_73=1
Column_96=1
Column_97=1
Column_98=1
Column_101=1
Column_103=1
Column_108=1
Column_114=1

parameters:
[boosting: gbdt]
[objective: quantile]
[metric: quantile]
[tree_learner: serial]
[device_type: cpu]
[data_sample_strategy: bagging]
[data: ]
[valid: ]
[num_iterations: 120]
[learning_rate: 0.04]
[num_leaves: 15]
[num_threads: 2]
[seed: 42]
[deterministic: 0]
[force_col_wise: 0]
[force_row_wise: 0]
[histogram_pool_size: -1]
[max_depth: 3]
[min_data_in_leaf: 40]
[min_sum_hessian_in_leaf: 0.001]
[bagging_fraction: 0.85]
[pos_bagging_fraction: 1]
[neg_bagging_fraction: 1]
[bagging_freq: 0]
[bagging_seed: 400]
[bagging_by_query: 0]
[feature_fraction: 0.8]
[feature_fraction_bynode: 1]
[feature_fraction_seed: 30056]
[extra_trees: 0]
[extra_seed: 12879]
[early_stopping_round: 0]
[early_stopping_min_delta: 0]
[first_metric_only: 0]
[max_delta_step: 0]
[lambda_l1: 0]
[lambda_l2: 2]
[linear_lambda: 0]
[min_gain_to_split: 0]
[drop_rate: 0.1]
[max_drop: 50]
[skip_drop: 0.5]
[xgboost_dart_mode: 0]
[uniform_drop: 0]
[drop_seed: 17869]
[top_rate: 0.2]
[other_rate: 0.1]
[min_data_per_group: 100]
[max_cat_threshold: 32]
[cat_l2: 10]
[cat_smooth: 10]
[max_cat_to_onehot: 4]
[top_k: 20]
[monotone_constraints: ]
[monotone_constraints_method: basic]
[monotone_penalty: 0]
[feature_contri: ]
[forcedsplits_filename: ]
[refit_decay_rate: 0.9]
[cegb_tradeoff: 1]
[cegb_penalty_split: 0]
[cegb_penalty_feature_lazy: ]
[cegb_penalty_feature_coupled: ]
[path_smooth: 0]
[interaction_constraints: ]
[verbosity: -1]
[saved_feature_importance_type: 0]
[use_quantized_grad: 0]
[num_grad_quant_bins: 4]
[quant_train_renew_leaf: 0]
[stochastic_rounding: 1]
[linear_tree: 0]
[max_bin: 255]
[max_bin_by_feature: ]
[min_data_in_bin: 3]
[bin_construct_sample_cnt: 200000]
[data_random_seed: 175]
[is_enable_sparse: 1]
[enable_bundle: 1]
[use_missing: 1]
[zero_as_missing: 0]
[feature_pre_filter: 1]
[pre_partition: 0]
[two_round: 0]
[header: 0]
[label_column: ]
[weight_column: ]
[group_column: ]
[ignore_column: ]
[categorical_feature: ]
[forcedbins_filename: ]
[precise_float_parser: 0]
[parser_config_file: ]
[objective_seed: 16083]
[num_class: 1]
[is_unbalance: 0]
[scale_pos_weight: 1]
[sigmoid: 1]
[boost_from_average: 1]
[reg_sqrt: 0]
[alpha: 0.9]
[fair_c: 1]
[poisson_max_delta_step: 0.7]
[tweedie_variance_power: 1.5]
[lambdarank_truncation_level: 30]
[lambdarank_norm: 1]
[label_gain: ]
[lambdarank_position_bias_regularization: 0]
[eval_at: ]
[multi_error_top_k: 1]
[auc_mu_weights: ]
[num_machines: 1]
[local_listen_port: 12400]
[time_out: 120]
[machine_list_filename: ]
[machines: ]
[gpu_platform_id: -1]
[gpu_device_id: -1]
[gpu_device_id_list: ]
[gpu_use_dp: 0]
[num_gpu: 1]

end of parameters

pandas_categorical:null
