tree
version=v4
num_class=1
num_tree_per_iteration=1
label_index=0
max_feature_idx=55
objective=binary sigmoid:1
feature_names=Column_0 Column_1 Column_2 Column_3 Column_4 Column_5 Column_6 Column_7 Column_8 Column_9 Column_10 Column_11 Column_12 Column_13 Column_14 Column_15 Column_16 Column_17 Column_18 Column_19 Column_20 Column_21 Column_22 Column_23 Column_24 Column_25 Column_26 Column_27 Column_28 Column_29 Column_30 Column_31 Column_32 Column_33 Column_34 Column_35 Column_36 Column_37 Column_38 Column_39 Column_40 Column_41 Column_42 Column_43 Column_44 Column_45 Column_46 Column_47 Column_48 Column_49 Column_50 Column_51 Column_52 Column_53 Column_54 Column_55
feature_infos=[-6.1345243336734345:6.5891595427342891] [-5.6683842376077003:5.4842453114048357] [-4.9217074550136495:4.1777490349893478] [-4.3834075706117082:3.8303901891370167] [-3.6928377985595402:2.1595842005035273] [-2.6429839602143903:2.382055881756965] [-4.2635255301398001:3.9686905648157995] [-1.3528221801484426:6.5918383951596073] [-1.684257380619687:1.6380072776429317] [-3.6385384652484531:2.1931744619394742] [-1.4887777767622539:5.264620752337497] [-2.4772073732754909:2.1476097335438284] [-2.6098308619235464:2.4682594076517028] [-1.4356127277030515:3.9095209510408022] [-2.846659814316912:2.6032107306292822] [-1.615880069476167:1.6243082347934008] [-1.8327330481714692:1.8031774210551454] [-0.99854382375016593:0.75916351109453295] [-1.0424574897194145:0.77187181580746556] [-0.99854382375016559:0.75916351109453295] [-2.2928805988341145:1.6626050077639423] [-4.0512562775497871:4.1200967057753806] [-3.3397359824307271:2.2995766075267738] [-2.3797304871563782:2.6141671584995678] [-2.2545590475341157:1.615329225142742] [-2.2287987036267616:1.5856761775053339] [-3.3625953711656247:2.0131964013051244] [-1.8254332073132487:1.4123923680300721] [-1.1571948408016619:3.6198183935771193] [-3.8071648298018368:4.3655450566645335] [-3.7989141341870138:4.5797905611185303] [-3.1270348518795097:3.3019523476956945] [-3.299100171824195:3.5192619773680951] [-2.0456872246081161:2.1137059508610423] [-2.2846920644586235:2.2701721601268305] [-1.7483212312348768:1.7650962410212283] [-1.8136822257277838:1.8542728824525709] [-1.4972669840171824:3.7181657587718733] [-1.4924192913629342:5.0975292080749313] [-1.4330675622244615:3.7958458074506582] [-1.122176753918031:2.9390600410126728] [-1.7357902712560842:1.4425714857271108] [-2.012239330194967:1.6832100494516753] [-1.7272610532069195:13.810261574784453] [-174.69055477045242:155.9670343670154] [-387.86930704686404:128.11990838682581] [-307.73195507563162:72.227340959435708] [-1.36458561764273:2.8844037139043124] [-2.0030549420766715:2.0269726889060466] [-1.1783317773358042:9.0596367643554014] [-4.8934205086380258:4.4497953780575505] [-8.9892914113562128:6.6587761596358073] [-1:1] [-0.83333333333333337:1] [0:1] [0:1]
tree_sizes=985 991 995 994 994 993 988 993 990 993 990 991 990 995 994 991 995 993 991 998 893 885 894 998 886 999 886 996 995 888 998 885 996 787 889 891 992 996 889 1002 996 1002 887 894 999 888 889 684 881 996 786 998 997 993 682 879 895 886 887 1000 1003 1003 892 885 893 895 888 786 680 999 897 883 999 889 990 682 880 997 882 996

Tree=0
num_leaves=8
num_cat=0
split_feature=46 36 53 53 53 53 10
split_gain=61.2299 50.5969 54.8487 37.0153 35.2439 16.1462 4.56658
threshold=-0.5332834447331144 -1.1599912899216991 -0.74999999999999989 0.58333333333333337 0.25000000000000006 -1.0000000180025095e-35 -0.69399153360334764
decision_type=2 2 2 2 2 2 2
left_child=3 5 -3 4 -1 -2 -5
right_child=1 2 -4 6 -6 -7 -8
leaf_value=-0.14512227094271324 -0.09500438212115625 -0.13577507330870214 -0.19010762648305074 -0.13176242134521426 -0.1994951654859306 -0.15958929039635855 -0.088346842723869792
leaf_weight=77.41746461391449 12.90291076898575 32.753542721271515 321.82837052643299 5.2107908874750164 25.309555739164352 11.910379171371458 15.136106863617895
leaf_count=312 52 132 1297 21 102 48 61
internal_value=-0.173272 -0.181225 -0.185089 -0.148756 -0.158518 -0.126005 -0.0994655
internal_weight=502.469 379.395 354.582 123.074 102.727 24.8133 20.3469
internal_count=2025 1529 1429 496 414 100 82
is_linear=0
shrinkage=1


Tree=1
num_leaves=8
num_cat=0
split_feature=46 36 53 53 53 53 10
split_gain=56.3621 46.7757 49.1245 33.8498 32.4402 7.77793 4.15725
threshold=-0.5332834447331144 -1.2696440372523525 -0.74999999999999989 0.58333333333333337 0.25000000000000006 -1.0000000180025095e-35 -0.69399153360334764
decision_type=2 2 2 2 2 2 2
left_child=3 5 -3 4 -1 -2 -5
right_child=1 2 -4 6 -6 -7 -8
leaf_value=0.026961827030779446 0.079874719398659755 0.03589061067844318 -0.015412576267503792 0.03972049968867012 -0.025237172279587439 0.026538318035967463 0.081066609563182387
leaf_weight=77.590757489204407 9.7280327081680316 32.848377406597137 328.5551920235157 5.2272788733243969 25.247959524393082 7.9492778778076163 15.220281198620794
leaf_count=312 39 132 1326 21 102 32 61
internal_value=-1.31593e-06 -0.00764203 -0.0107496 0.0234924 0.0141464 0.05589 0.0704968
internal_weight=502.367 379.081 361.404 123.286 102.839 17.6773 20.4476
internal_count=2025 1529 1458 496 414 71 82
is_linear=0
shrinkage=0.04


Tree=2
num_leaves=8
num_cat=0
split_feature=46 36 53 53 53 53 10
split_gain=51.9182 43.5505 46.6034 31.103 29.8726 13.8913 3.82637
threshold=-0.5332834447331144 -1.1599912899216991 -0.74999999999999989 0.58333333333333337 0.25000000000000006 -1.0000000180025095e-35 -0.69399153360334764
decision_type=2 2 2 2 2 2 2
left_child=3 5 -3 4 -1 -2 -5
right_child=1 2 -4 6 -6 -7 -8
leaf_value=0.025836538969181568 0.072384310226169785 0.034380703419162467 -0.015595279980719794 0.038045254762028323 -0.024293697343434326 0.012605979057046473 0.077669281448897162
leaf_weight=77.728377342224121 12.989556238055231 32.917826592922211 320.84998962283134 5.2388965040445354 25.180724412202835 11.934229373931883 15.249798208475111
leaf_count=312 52 132 1297 21 102 48 61
internal_value=-2.1297e-06 -0.00734456 -0.0109451 0.0225308 0.0135702 0.0437607 0.0675375
internal_weight=502.089 378.692 353.768 123.398 102.909 24.9238 20.4887
internal_count=2025 1529 1429 496 414 100 82
is_linear=0
shrinkage=0.04


Tree=3
num_leaves=8
num_cat=0
split_feature=46 36 53 53 53 53 10
split_gain=47.8557 40.1419 42.958 28.699 27.5189 12.8102 3.60011
threshold=-0.5332834447331144 -1.1599912899216991 -0.74999999999999989 0.58333333333333337 0.25000000000000006 -1.0000000180025095e-35 -0.65858542494207317
decision_type=2 2 2 2 2 2 2
left_child=3 5 -3 4 -1 -2 -5
right_child=1 2 -4 6 -6 -7 -8
leaf_value=0.024768682330707781 0.069481303172920172 0.032957569278650102 -0.014996811303544811 0.042203258248384896 -0.023390209193550095 0.012090806452791189 0.077281247844114026
leaf_weight=77.834024906158447 12.990838825702669 32.964626312255859 320.31875370442867 7.2436998635530498 25.108712196350098 11.944798946380613 13.233601391315458
leaf_count=312 52 132 1297 29 102 48 53
internal_value=-2.62762e-06 -0.00706015 -0.0105222 0.0216251 0.0130223 0.0419898 0.0648727
internal_weight=501.639 378.219 353.283 123.42 102.943 24.9356 20.4773
internal_count=2025 1529 1429 496 414 100 82
is_linear=0
shrinkage=0.04


Tree=4
num_leaves=8
num_cat=0
split_feature=46 36 53 53 53 53 10
split_gain=44.1354 37.4687 38.5198 26.5744 25.3593 5.97397 3.38699
threshold=-0.5332834447331144 -1.2696440372523525 -0.74999999999999989 0.58333333333333337 0.25000000000000006 -1.0000000180025095e-35 -0.69399153360334764
decision_type=2 2 2 2 2 2 2
left_child=3 5 -3 4 -1 -2 -5
right_child=1 2 -4 6 -6 -7 -8
leaf_value=0.023753901206326124 0.071119592676071278 0.031613135668554289 -0.013736597928923828 0.034758655770116151 -0.022524184888852369 0.024401413839302898 0.072034024878245825
leaf_weight=77.911075472831726 9.710953429341318 32.991262793540955 326.99919061362743 5.2498175650835064 25.032698035240173 7.9765644073486319 15.171702325344084
leaf_count=312 39 132 1326 21 102 32 61
internal_value=-2.82287e-06 -0.00678785 -0.00958053 0.0207693 0.0125005 0.050051 0.0624515
internal_weight=501.043 377.678 359.99 123.365 102.944 17.6875 20.4215
internal_count=2025 1529 1458 496 414 71 82
is_linear=0
shrinkage=0.04


Tree=5
num_leaves=8
num_cat=0
split_feature=46 36 53 53 53 53 10
split_gain=40.724 34.7344 36.5791 24.6902 23.3763 11.324 3.23517
threshold=-0.5332834447331144 -1.1599912899216991 -0.74999999999999989 0.58333333333333337 0.25000000000000006 -1.0000000180025095e-35 -0.65858542494207317
decision_type=2 2 2 2 2 2 2
left_child=3 5 -3 4 -1 -2 -5
right_child=1 2 -4 6 -6 -7 -8
leaf_value=0.022788341102259642 0.065152129334021813 0.030340362868395535 -0.013896084455297292 0.038776994140517794 -0.021693363849640948 0.011124312405977556 0.072110241231873679
leaf_weight=77.962602138519287 12.904944002628328 32.99999213218689 319.24190272390842 7.2323607802391079 24.953382611274719 11.959131002426146 13.09138350188732
leaf_count=312 52 132 1297 29 102 48 53
internal_value=-2.74094e-06 -0.00652644 -0.00975177 0.0199594 0.0120031 0.0391658 0.0602483
internal_weight=500.346 377.106 352.242 123.24 102.916 24.8641 20.3237
internal_count=2025 1529 1429 496 414 100 82
is_linear=0
shrinkage=0.04


Tree=6
num_leaves=8
num_cat=0
split_feature=46 40 53 53 53 37 10
split_gain=37.593 32.6598 31.8934 23.0023 21.5541 5.10477 3.08103
threshold=-0.5332834447331144 2.1302770944468268 -0.74999999999999989 0.58333333333333337 0.25000000000000006 1.6458467969175781 -0.69399153360334764
decision_type=2 2 2 2 2 2 2
left_child=3 2 -2 4 -1 -3 -5
right_child=1 5 -4 6 -6 -7 -8
leaf_value=0.021868545537280834 0.029133120508495213 0.082723238969147211 -0.012103158582720368 0.031847142137710768 -0.020895695366309572 0.028991266788993324 0.067479732183295976
leaf_weight=77.991389751434326 32.992865860462189 6.6525916904211027 331.89510816335678 5.2449997812509563 24.871392130851746 4.9220692217350006 14.947129130363463
leaf_count=312 132 27 1350 21 102 20 61
internal_value=-2.50899e-06 -0.00627625 -0.00837461 0.0191908 0.0115285 0.059874 0.058224
internal_weight=499.518 376.463 364.888 123.055 102.863 11.5747 20.1921
internal_count=2025 1529 1482 496 414 47 82
is_linear=0
shrinkage=0.04


Tree=7
num_leaves=8
num_cat=0
split_feature=35 14 53 53 13 40 20
split_gain=34.7946 50.1967 34.3848 33.4905 28.4328 24.7929 1.89346
threshold=-0.75978478973105823 0.40345267135485269 0.58333333333333337 -0.74999999999999989 0.09165872073075422 2.1302770944468268 0.093140226924334837
decision_type=2 2 2 2 2 2 2
left_child=1 5 3 -2 -4 -1 -3
right_child=2 6 4 -5 -6 -7 -8
leaf_value=-0.0027341013015422183 0.02354699616384124 0.066546504286966929 0.0058886280436083217 -0.015045370209829408 0.063647539108514103 0.077505792613317248 0.090856108867173643
leaf_weight=58.727088466286659 40.972597420215607 12.672791436314585 57.886192083358765 295.15076932311058 17.838823139667511 6.8833850473165503 8.6091171950101835
leaf_count=238 164 51 236 1200 73 28 35
internal_value=-2.29836e-06 0.0229992 -0.00485519 -0.0103411 0.0194951 0.0056841 0.0763804
internal_weight=498.741 86.8924 411.848 336.123 75.725 65.6105 21.2819
internal_count=2025 352 1673 1364 309 266 86
is_linear=0
shrinkage=0.04


Tree=8
num_leaves=8
num_cat=0
split_feature=46 36 53 53 53 41 10
split_gain=34.6836 30.6575 28.8305 20.5573 19.3647 5.58991 2.93359
threshold=-0.5332834447331144 -1.2696440372523525 -0.74999999999999989 0.58333333333333337 0.25000000000000006 -0.77958074747684381 -0.65858542494207317
decision_type=2 2 2 2 2 2 2
left_child=3 5 -3 4 -1 -2 -5
right_child=1 2 -4 6 -6 -7 -8
leaf_value=0.021028653887933586 0.06445151043318792 0.027098049165555339 -0.012170603311676007 0.035181711313599956 -0.019596252044095614 0.018389072001378723 0.067138599735193122
leaf_weight=77.985973104834557 10.361012220382692 32.945375442504883 325.15934906899929 7.1836362481117275 24.725712925195694 7.1066068410873404 12.759935691952704
leaf_count=312 42 132 1326 29 102 29 53
internal_value=-2.6849e-06 -0.00603389 -0.00855792 0.018465 0.011249 0.0457113 0.0556278
internal_weight=498.228 375.572 358.105 122.655 102.712 17.4676 19.9436
internal_count=2025 1529 1458 496 414 71 82
is_linear=0
shrinkage=0.04


Tree=9
num_leaves=8
num_cat=0
split_feature=46 36 53 25 40 14 46
split_gain=32.5226 35.8544 42.5607 31.5516 26.8896 21.4556 1.51659
threshold=-0.20453215324534288 0.10262360553560523 -0.74999999999999989 1.0555039246712952 -0.78408027217795995 0.55695283185123101 -0.61893157827119816
decision_type=2 2 2 2 2 2 2
left_child=3 5 -3 4 -1 -2 -5
right_child=1 2 -4 6 -6 -7 -8
leaf_value=0.070212352949452272 -0.0023067828654360577 0.037539619541414049 -0.030404578618521878 0.06295389027638798 0.0048304384327449712 0.033052575096603941 0.091080961917373318
leaf_weight=10.778003692626951 145.02318449318409 16.700177952647209 126.39028787612915 7.1013103425502777 152.01826053857803 33.869242936372757 5.3991928547620756
leaf_count=44 591 67 517 29 617 138 22
internal_value=-2.23975e-06 -0.00755008 -0.0224748 0.0138615 0.00915908 0.00438771 0.0751025
internal_weight=497.28 321.983 143.09 175.297 162.796 178.892 12.5005
internal_count=2025 1313 584 712 661 729 51
is_linear=0
shrinkage=0.04


Tree=10
num_leaves=8
num_cat=0
split_feature=35 14 53 13 47 53 47
split_gain=31.0976 40.3523 27.7198 30.4946 30.1045 23.8952 5.16992
threshold=-0.62916707868526933 0.54835783417084549 0.58333333333333337 0.054340836238347463 1.7285180480025775 0.75000000000000011 0.2705257028312848
decision_type=2 2 2 2 2 2 2
left_child=1 5 4 -4 -2 -1 -3
right_child=2 6 3 -5 -6 -7 -8
leaf_value=0.0011600398961383984 -0.012330544324756797 0.081297992933266713 0.0019464677880717512 0.061823269739175402 0.068010425248908699 0.086379770261724664 0.039891843970019152
leaf_weight=80.996688336133957 308.68096821010113 14.57865545153618 53.691742643713951 18.22949805855751 7.6472391337156287 5.6303552836179724 7.2112804651260367
leaf_count=329 1259 59 220 75 31 23 29
internal_value=-2.82093e-06 0.0189379 -0.00529195 0.0171231 -0.0103883 0.00669893 0.0675948
internal_weight=496.666 108.417 388.249 71.9212 316.328 86.627 21.7899
internal_count=2025 440 1585 295 1290 352 88
is_linear=0
shrinkage=0.04


Tree=11
num_leaves=8
num_cat=0
split_feature=46 53 36 25 40 40 46
split_gain=29.9857 33.7692 43.1676 28.4253 25.0046 12.5707 1.26849
threshold=-0.20453215324534288 -0.74999999999999989 0.10262360553560523 1.0555039246712952 -0.78408027217795995 -0.78408027217795995 -0.61893157827119816
decision_type=2 2 2 2 2 2 2
left_child=3 5 -3 4 -1 -2 -5
right_child=1 2 -4 6 -6 -7 -8
leaf_value=0.067981352104211829 -0.01589805565818788 0.0020101325471770606 -0.029020810159537253 0.060299368342647375 0.0046929579693421528 0.048491155727102567 0.086031695349164203
leaf_weight=10.69124975800514 6.2102892249822643 167.23364236950874 125.59771473705769 7.0109990686178207 151.91463480889797 22.16806361079216 5.446082875132559
leaf_count=44 25 682 517 29 617 89 22
internal_value=-3.08899e-06 -0.0072618 -0.0112993 0.0133154 0.00885414 0.0344003 0.0715492
internal_weight=496.273 321.21 292.831 175.063 162.606 28.3784 12.4571
internal_count=2025 1313 1199 712 661 114 51
is_linear=0
shrinkage=0.04


Tree=12
num_leaves=8
num_cat=0
split_feature=35 14 53 47 42 40 7
split_gain=28.3744 42.3153 27.3121 26.6803 26.4754 23.139 1.52373
threshold=-0.75978478973105823 0.40345267135485269 0.58333333333333337 1.7285180480025775 1.0635010673829246 2.1302770944468268 0.13122388217349737
decision_type=2 2 2 2 2 2 2
left_child=1 5 3 -2 -4 -1 -3
right_child=2 6 4 -5 -6 -7 -8
leaf_value=-0.0032509288972000163 -0.011051099837166033 0.077804372755554546 0.024749675558201401 0.064562883484334657 -0.059119937635065012 0.074556443438587514 0.055460375012492666
leaf_weight=58.668738663196564 325.98627559840679 13.653504237532617 68.514338597655296 7.6413342356681815 6.6024983972311011 6.8269996345043173 7.6021181195974341
leaf_count=238 1333 55 282 31 27 28 31
internal_value=-3.23792e-06 0.0207742 -0.00441301 -0.00931925 0.0173778 0.00485938 0.069813
internal_weight=495.496 86.7514 408.744 333.628 75.1168 65.4957 21.2556
internal_count=2025 352 1673 1364 309 266 86
is_linear=0
shrinkage=0.04


Tree=13
num_leaves=8
num_cat=0
split_feature=46 36 53 53 53 18 10
split_gain=27.7705 26.4758 23.4588 16.5749 17.1166 5.48011 3.11354
threshold=-0.5332834447331144 -1.2696440372523525 -0.74999999999999989 0.58333333333333337 0.25000000000000006 -0.59582935664497716 -0.65858542494207317
decision_type=2 2 2 2 2 2 2
left_child=3 5 -3 4 -1 -2 -5
right_child=1 2 -4 6 -6 -7 -8
leaf_value=0.019383428849503496 0.057030076625208946 0.024473593333769483 -0.011032764164134434 0.029434908988309916 -0.018877707068167725 0.0068580381932685456 0.062833541912726276
leaf_weight=77.839809134602547 12.422779798507692 32.794046103954315 323.11950536072254 7.036848962306979 24.626464143395424 4.8404957950115195 12.224041014909742
leaf_count=312 51 132 1326 29 102 20 53
internal_value=-3.08087e-06 -0.00541471 -0.00776119 0.0165873 0.0101879 0.0429622 0.0506316
internal_weight=494.904 373.177 355.914 121.727 102.466 17.2633 19.2609
internal_count=2025 1529 1458 496 414 71 82
is_linear=0
shrinkage=0.04


Tree=14
num_leaves=8
num_cat=0
split_feature=46 53 36 14 40 40 7
split_gain=26.0061 29.6453 39.1243 26.6791 23.5868 11.9185 8.31374
threshold=-0.20453215324534288 -0.74999999999999989 0.36088714625427559 1.0055360313006851 -0.78408027217795995 -0.78408027217795995 1.8433144235719519
decision_type=2 2 2 2 2 2 2
left_child=3 5 -3 4 -1 -2 -5
right_child=1 2 -4 6 -6 -7 -8
leaf_value=0.06469471440076463 -0.016678360047561923 -0.0018985045233433002 -0.035341627504296966 0.069393604339897663 0.0024686243267869118 0.046112987863710223 0.0096034714568245423
leaf_weight=10.458035975694655 6.1952727437019375 215.74547415971756 75.575979501008987 15.689032062888147 143.23046319186687 22.054283514618874 4.877865105867385
leaf_count=44 25 885 314 65 583 89 20
internal_value=-2.39999e-06 -0.00678068 -0.0105745 0.0124285 0.00670292 0.0323425 0.0552131
internal_weight=493.826 319.571 291.321 174.255 153.688 28.2496 20.5669
internal_count=2025 1313 1199 712 627 114 85
is_linear=0
shrinkage=0.04


Tree=15
num_leaves=8
num_cat=0
split_feature=35 14 53 47 42 40 20
split_gain=25.5351 39.0444 24.1534 24.166 23.8481 21.4513 1.41524
threshold=-0.75978478973105823 0.40345267135485269 0.58333333333333337 1.7285180480025775 1.0635010673829246 2.1302770944468268 0.093140226924334837
decision_type=2 2 2 2 2 2 2
left_child=1 5 3 -2 -4 -1 -3
right_child=2 6 4 -5 -6 -7 -8
leaf_value=-0.0033309677423875878 -0.010469435030798625 0.058338665113391114 0.023383345467997595 0.061728910132883369 -0.056723205880560144 0.07199702394368046 0.079369998540351858
leaf_weight=58.540509179234505 324.42202307283878 12.398662284016611 68.009790778160095 7.5912954956293097 6.5158618390560141 6.7456921041011801 8.7196889817714673
leaf_count=238 1333 51 282 31 27 28 35
internal_value=-2.3141e-06 0.0197452 -0.00419939 -0.00881866 0.0163795 0.00445229 0.0670224
internal_weight=492.944 86.4046 406.539 332.013 74.5257 65.2862 21.1184
internal_count=2025 352 1673 1364 309 266 86
is_linear=0
shrinkage=0.04


Tree=16
num_leaves=8
num_cat=0
split_feature=46 36 37 47 13 13 41
split_gain=23.9567 23.6385 20.7136 15.0632 21.2881 15.1027 5.37136
threshold=-0.5332834447331144 -1.2696440372523525 -0.86280346737001612 -0.13747227371912105 1.8856463856570442 -0.15467890181028418 -0.77958074747684381
decision_type=2 2 2 2 2 2 2
left_child=3 6 -3 5 -5 -1 -2
right_child=1 2 -4 4 -6 -7 -8
leaf_value=0.070527517300032094 0.059519797179820449 0.024429946973391754 -0.010204857585235778 0.013427429493971157 -0.050792257067979789 0.016348995299279058 0.013851851361973594
leaf_weight=13.652420714497564 10.125292599201204 30.202814534306526 324.07949048280716 77.248964101076126 9.2475235909223539 20.735608696937561 6.9488437771797171
leaf_count=56 42 124 1334 319 37 84 29
internal_value=-2.01537e-06 -0.00503673 -0.00725222 0.0154646 0.00656157 0.0378585 0.0409338
internal_weight=492.241 371.356 354.282 120.885 86.4965 34.388 17.0741
internal_count=2025 1529 1458 496 356 140 71
is_linear=0
shrinkage=0.04


Tree=17
num_leaves=8
num_cat=0
split_feature=35 14 53 53 13 47 47
split_gain=23.5758 31.9794 22.2694 20.1278 26.9278 22.6258 4.56127
threshold=-0.62916707868526933 0.54835783417084549 0.75000000000000011 0.58333333333333337 0.054340836238347463 1.7285180480025775 0.2705257028312848
decision_type=2 2 2 2 2 2 2
left_child=1 2 -1 5 -5 -2 -3
right_child=3 6 -4 4 -6 -7 -8
leaf_value=0.00026022074498442178 -0.01068772033998302 0.073235469095275965 0.082162225811206038 0.00029360573581282224 0.057066264462498566 0.059350328633990056 0.034058508145595336
leaf_weight=80.491868227720261 305.56761965155602 14.338678434491159 5.6870830208063117 53.019147217273712 17.873541504144669 7.5626499056816092 7.1140673309564582
leaf_count=329 1259 59 23 220 75 31 29
internal_value=-1.68639e-06 0.0165435 0.00566506 -0.00463887 0.0146072 -0.00899618 0.0602438
internal_weight=491.655 107.632 86.179 384.023 70.8927 313.13 21.4527
internal_count=2025 440 352 1585 295 1290 88
is_linear=0
shrinkage=0.04


Tree=18
num_leaves=8
num_cat=0
split_feature=46 53 36 25 35 40 46
split_gain=22.5988 28.0798 34.0287 24.7137 23.0965 11.5205 1.06874
threshold=-0.20453215324534288 -0.74999999999999989 0.36088714625427559 1.0555039246712952 1.1063284775492865 -0.78408027217795995 -0.61893157827119816
decision_type=2 2 2 2 2 2 2
left_child=3 5 -3 4 -1 -2 -5
right_child=1 2 -4 6 -6 -7 -8
leaf_value=0.011148346266623759 -0.016476844545333363 -0.0019706331579342883 -0.033328311304755456 0.055995069482354012 -0.054911493748058274 0.045343962026993152 0.07987146705737265
leaf_weight=152.19843254983425 6.1779927909374264 214.93149538338184 74.584802970290184 6.7111168652772903 8.9671075940132123 21.990925118327141 5.4236805438995344
leaf_count=624 25 885 314 29 37 89 22
internal_value=-1.2719e-06 -0.00633953 -0.010049 0.0116177 0.00747284 0.0317855 0.0666667
internal_weight=490.986 317.685 289.516 173.3 161.166 28.1689 12.1348
internal_count=2025 1313 1199 712 661 114 51
is_linear=0
shrinkage=0.04


Tree=19
num_leaves=8
num_cat=0
split_feature=35 14 46 53 41 36 30
split_gain=21.7591 24.5623 23.1331 32.298 25.2297 15.4151 0.184073
threshold=-0.94449170284113759 0.4615873304574416 -0.20453215324534288 -0.74999999999999989 -0.29510860588387994 -1.4063283774653983 -0.05827852589387416
decision_type=2 2 2 2 2 2 2
left_child=1 5 4 -4 -2 -1 -3
right_child=2 6 3 -5 -6 -7 -8
leaf_value=0.049548290558448123 -0.015528823478266214 0.065073274682419746 0.030631729626124263 -0.01464633891572063 0.019506466419411853 -0.0061094422173258956 0.074419208841092196
leaf_weight=10.659528538584704 46.669859945774078 8.8836807012557966 28.064008966088295 247.59650658071041 111.355065792799 31.461001157760624 5.4344954192638388
leaf_count=44 190 38 114 1029 460 128 22
internal_value=-1.72219e-06 0.0233612 -0.00304211 -0.0100367 0.00915941 0.00797597 0.0686205
internal_weight=490.124 56.4387 433.685 275.661 158.025 42.1205 14.3182
internal_count=2025 232 1793 1143 650 172 60
is_linear=0
shrinkage=0.04


Tree=20
num_leaves=7
num_cat=0
split_feature=53 53 45 28 42 40
split_gain=21.6291 22.817 32.0084 31.5079 22.5616 27.3994
threshold=0.58333333333333337 0.25000000000000006 -0.19858379784180405 -0.73298279745762807 1.0635010673829246 -0.53992604466245531
decision_type=2 2 2 2 2 2
left_child=1 2 -1 -3 5 -2
right_child=4 3 -4 -5 -6 -7
leaf_value=0.017267727240751634 -0.0026979109271303694 0.035078387514781616 -0.009064627087684983 -0.031353439298600926 -0.054367818385181808 0.04406794940386155
leaf_weight=121.23259316384792 35.579504787921906 13.397824212908743 189.01256641745567 77.506358504295349 6.3963220715522757 45.909279987215996
leaf_count=495 148 56 786 322 27 191
internal_value=-1.33017e-06 -0.00393877 0.00122511 -0.0215624 0.017971 0.0236491
internal_weight=489.034 401.149 310.245 90.9042 87.8851 81.4888
internal_count=2025 1659 1281 378 366 339
is_linear=0
shrinkage=0.04


Tree=21
num_leaves=7
num_cat=0
split_feature=35 46 24 35 25 1
split_gain=20.9272 19.3112 26.7475 19.4186 18.8051 0.895871
threshold=1.156882102586948 -0.20453215324534288 0.9842052580414592 -1.1484627520873991 1.0905791124295698 1.0273834346950526
decision_type=2 2 2 2 2 2
left_child=1 2 -1 -3 5 -2
right_child=4 3 -4 -5 -6 -7
leaf_value=0.0080625214086793 -0.065745483549912012 0.029493854047036198 0.066064813860504834 -0.0071940554576545865 0.012352514832710992 -0.045274004976136435
leaf_weight=149.87031352519989 12.061229333281522 25.207657635211945 13.900601610541342 273.86151365935802 8.7489668875932676 4.7741879671812049
leaf_count=616 51 105 59 1137 37 20
internal_value=-2.20483e-06 0.00194445 0.0129857 -0.00410174 -0.0352186 -0.0599402
internal_weight=488.424 462.84 163.771 299.069 25.5844 16.8354
internal_count=2025 1917 675 1242 108 71
is_linear=0
shrinkage=0.04


Tree=22
num_leaves=7
num_cat=0
split_feature=53 53 28 45 42 40
split_gain=19.9481 21.1697 29.2561 28.8701 20.7928 25.0805
threshold=0.58333333333333337 0.25000000000000006 -0.73298279745762807 -0.19858379784180405 1.0635010673829246 -0.53992604466245531
decision_type=2 2 2 2 2 2
left_child=1 3 -3 -1 5 -2
right_child=4 2 -4 -5 -6 -7
leaf_value=0.016417607220269883 -0.0024995146332581451 0.033547563364422758 -0.030325536339621269 -0.0086076916998060731 -0.052664396233422908 0.042297641490140106
leaf_weight=121.18639445304871 35.521472811698914 13.482720047235487 76.997940912842751 188.46218183636665 6.308879703283309 45.752696081995964
leaf_count=495 148 56 322 786 27 191
internal_value=-2.32479e-06 -0.00378709 -0.0208077 0.0011864 0.0172886 0.0227187
internal_weight=487.712 400.129 90.4807 309.649 87.583 81.2742
internal_count=2025 1659 378 1281 366 339
is_linear=0
shrinkage=0.04


Tree=23
num_leaves=8
num_cat=0
split_feature=35 14 40 40 13 14 40
split_gain=19.4636 31.7587 19.6022 18.2632 22.6036 21.7161 1.22449
threshold=-0.75978478973105823 0.40345267135485269 2.1302770944468268 0.52087719032554869 0.44927294058108658 1.422368859636882 -0.0044954272217430872
decision_type=2 2 2 2 2 2 2
left_child=1 2 -1 5 -5 -2 -3
right_child=3 6 -4 4 -6 -7 -8
leaf_value=-0.0037618542466217042 -0.0014570667461321649 0.04249314137568945 0.069010131537236952 -0.046749777457748221 -0.004752586357696981 0.04843868122358156 0.065993653809216429
leaf_weight=58.288783922791481 297.25753478705883 4.5643633604049709 6.5921588838100424 31.708086654543877 58.034358024597168 14.643986389040945 15.923466622829435
leaf_count=238 1235 19 28 134 240 64 67
internal_value=-3.06819e-06 0.0173419 0.00363207 -0.00368971 -0.0195912 0.000885572 0.0607581
internal_weight=487.013 85.3688 64.8809 401.644 89.7424 311.902 20.4878
internal_count=2025 352 266 1673 374 1299 86
is_linear=0
shrinkage=0.04


Tree=24
num_leaves=7
num_cat=0
split_feature=35 44 35 25 47 1
split_gain=18.8606 17.5662 19.5578 17.234 15.8642 0.877836
threshold=1.156882102586948 -1.1901256975231085 -1.2967137973602023 1.0905791124295698 -0.12838455798364415 1.0273834346950526
decision_type=2 2 2 2 2 2
left_child=1 4 -3 5 -1 -2
right_child=3 2 -4 -5 -6 -7
leaf_value=0.045481965053040058 -0.063581853757179868 0.04676697047123253 -0.0029398434587860267 0.011752136510957162 0.0049240526296299453 -0.043143622747910004
leaf_weight=25.839004710316658 11.78211116790772 13.097361415624617 383.72642512619495 8.7316817194223386 38.307342141866684 4.7051290422677985
leaf_count=106 51 55 1597 37 159 20
internal_value=-2.55969e-06 0.00184017 -0.00129925 -0.0336854 0.0212613 -0.0577492
internal_weight=486.189 460.97 396.824 25.2189 64.1463 16.4872
internal_count=2025 1917 1652 108 265 71
is_linear=0
shrinkage=0.04


Tree=25
num_leaves=8
num_cat=0
split_feature=53 47 40 53 28 45 46
split_gain=18.2746 20.2553 24.3745 18.8372 27.0496 25.5423 16.4614
threshold=0.58333333333333337 -0.19745224357149657 -0.65822731912929389 0.25000000000000006 -0.73298279745762807 -0.19858379784180405 -0.5332834447331144
decision_type=2 2 2 2 2 2 2
left_child=3 2 -2 5 -5 -1 -3
right_child=1 6 -4 4 -6 -7 -8
leaf_value=0.015393332087033631 -0.019914401535197492 0.039965804192435436 0.063689072664405058 0.032345810308690152 -0.029000049059471584 -0.0081807410415810234 -0.0097294063085297828
leaf_weight=120.93724581599236 7.398426920175555 14.182206377387045 22.69682352244854 13.541374474763868 76.299262374639511 187.62851917743683 43.002805441617966
leaf_count=495 31 66 93 56 322 786 176
internal_value=-2.82661e-06 0.0165744 0.0431365 -0.00363445 -0.0197536 0.00105873 0.00259529
internal_weight=485.687 87.2803 30.0953 398.406 89.8406 308.566 57.185
internal_count=2025 366 124 1659 378 1281 242
is_linear=0
shrinkage=0.04


Tree=26
num_leaves=7
num_cat=0
split_feature=14 35 44 25 46 46
split_gain=17.3307 19.5033 16.7175 11.9314 7.92625 2.2661
threshold=1.422368859636882 1.156882102586948 -1.3643438382724702 1.0905791124295698 -0.014292310136730577 -0.71031993832416018
decision_type=2 2 2 2 2 2
left_child=1 2 -1 -3 5 -2
right_child=4 3 -4 -5 -6 -7
leaf_value=0.020737084351959464 0.036656129422466585 -0.056087422923409472 -0.0026295065627597075 0.0076866223411643691 0.0023905204719068306 0.071395844269182815
leaf_weight=56.089256882667542 5.2430215924978265 16.194772690534595 387.00537911057472 6.6094448268413535 6.6684532016515723 7.0361128449440011
leaf_count=231 26 71 1611 28 29 29
internal_value=-3.18683e-06 -0.00152828 0.00032836 -0.0376035 0.0374971 0.0565625
internal_weight=484.846 465.899 443.095 22.8042 18.9476 12.2791
internal_count=2025 1941 1842 99 84 55
is_linear=0
shrinkage=0.04


Tree=27
num_leaves=8
num_cat=0
split_feature=35 14 53 25 42 36 10
split_gain=17.1784 21.5267 18.2015 23.2255 18.4702 13.3559 0.550256
threshold=-0.94449170284113759 0.32809164371021299 0.58333333333333337 -0.31492179366641138 1.0635010673829246 -1.4063283774653983 0.29629774419583077
decision_type=2 2 2 2 2 2 2
left_child=1 5 3 -2 -4 -1 -3
right_child=2 6 4 -5 -6 -7 -8
leaf_value=0.045351832451698763 -0.024675498259066255 0.065767975174467905 0.02012388592698143 -0.00074677994109400788 -0.051600972407558413 -0.0081018339216377723 0.049842644868732196
leaf_weight=9.9759044647216744 86.185279667377472 10.563205257058142 73.544508755207062 262.78894193470478 6.2312113940715781 29.87918628752232 5.170693412423133
leaf_count=42 357 45 310 1099 27 122 23
internal_value=-3.41598e-06 0.0209176 -0.00271591 -0.00665639 0.0145215 0.00527785 0.0605344
internal_weight=484.339 55.589 428.75 348.974 79.7757 39.8551 15.7339
internal_count=2025 232 1793 1456 337 164 68
is_linear=0
shrinkage=0.04


Tree=28
num_leaves=8
num_cat=0
split_feature=35 14 46 40 38 37 31
split_gain=16.4822 26.3276 17.2977 16.2695 16.3614 8.36093 4.5907
threshold=-0.62916707868526933 -1.1772434994719141 -0.0056221429177350747 -0.87226482461274413 1.9700704318665472 -0.67800505921381571 -1.3112539700406858
decision_type=2 2 2 2 2 2 2
left_child=1 6 -3 5 -5 -2 -1
right_child=3 2 -4 4 -6 -7 -8
leaf_value=-0.069296359366485261 0.057175967863808318 0.040941505601404547 0.006130909818045001 -0.0074587603864299367 0.033368978485278485 -0.006656106597158924 -0.020605736162083516
leaf_weight=4.9564507603645316 10.2716648876667 40.853167921304703 51.797090873122215 346.16874819993973 16.451009705662727 4.8256490826606742 8.2636429071426374
leaf_count=20 44 170 216 1453 68 20 34
internal_value=-3.00453e-06 0.0139455 0.0214803 -0.00391262 -0.00560652 0.0367729 -0.0388607
internal_weight=483.587 105.87 92.6503 377.717 362.62 15.0973 13.2201
internal_count=2025 440 386 1585 1521 64 54
is_linear=0
shrinkage=0.04


Tree=29
num_leaves=7
num_cat=0
split_feature=35 25 46 24 53 1
split_gain=16.0337 14.9959 14.8347 24.5649 20.0225 0.90947
threshold=1.156882102586948 1.0905791124295698 -0.20453215324534288 0.9842052580414592 -0.74999999999999989 1.0273834346950526
decision_type=2 2 2 2 2 2
left_child=2 5 3 -1 -4 -2
right_child=1 -3 4 -5 -6 -7
leaf_value=0.006728143109362825 -0.060655903991227049 0.010701213773618408 0.029658807005080771 0.063101416333265214 -0.0068713684166780142 -0.039539623848251056
leaf_weight=148.30186866223812 11.315255463123323 8.7221026718616468 26.346510574221611 13.492911279201506 270.33297754824162 4.5860977470874777
leaf_count=616 51 37 107 59 1135 20
internal_value=-2.62048e-06 -0.0314469 0.00168617 0.0114294 -0.00362732 -0.0545658
internal_weight=483.098 24.6235 458.474 161.795 296.679 15.9014
internal_count=2025 108 1917 675 1242 71
is_linear=0
shrinkage=0.04


Tree=30
num_leaves=8
num_cat=0
split_feature=53 47 40 36 44 46 53
split_gain=15.6512 18.8929 22.516 17.2233 19.624 14.1518 7.0654
threshold=0.58333333333333337 -0.19745224357149657 -0.65822731912929389 -1.1599912899216991 -1.3643438382724702 -0.5332834447331144 -1.0000000180025095e-35
decision_type=2 2 2 2 2 2 2
left_child=3 2 -2 6 -5 -3 -1
right_child=1 5 -4 4 -6 -7 -8
leaf_value=0.043770414693868574 -0.01973965593009902 0.037321672358871488 0.060846325303003032 0.017678160826863881 -0.009319021830344788 -0.0094864722625536933 0.0027484709750532159
leaf_weight=16.425106883049015 7.3497474938631084 13.616379782557486 22.622058793902397 49.825518131256104 318.18013374507427 42.876829534769058 11.366632759571074
leaf_count=72 31 66 93 205 1336 176 46
internal_value=-2.70728e-06 0.0154146 0.0410849 -0.00337074 -0.00566378 0.00179555 0.0269927
internal_weight=482.262 86.465 29.9718 395.797 368.006 56.4932 27.7917
internal_count=2025 366 124 1659 1541 242 118
is_linear=0
shrinkage=0.04


Tree=31
num_leaves=7
num_cat=0
split_feature=14 35 28 25 46 46
split_gain=14.859 16.6255 15.4627 10.5462 7.40048 2.08516
threshold=1.422368859636882 1.156882102586948 -0.73298279745762807 1.0905791124295698 -0.014292310136730577 -0.71031993832416018
decision_type=2 2 2 2 2 2
left_child=1 2 -1 -3 5 -2
right_child=4 3 -4 -5 -6 -7
leaf_value=0.025417641450607823 0.034123016017404327 -0.053140317022002968 -0.0019415282406096586 0.0071090491337930592 0.0010397020392171729 0.067991540568816941
leaf_weight=35.992509871721268 4.992186278104783 15.588574886322023 404.5869033485651 6.6236076951026908 6.5801386535167685 6.9682374000549325
leaf_count=151 26 71 1691 28 29 29
internal_value=-2.06804e-06 -0.00140877 0.00029354 -0.0351741 0.0351106 0.0538551
internal_weight=481.332 462.792 440.579 22.2122 18.5406 11.9604
internal_count=2025 1941 1842 99 84 55
is_linear=0
shrinkage=0.04


Tree=32
num_leaves=8
num_cat=0
split_feature=35 14 40 40 53 28 40
split_gain=14.7555 27.4722 17.8222 15.3126 21.3357 16.5571 1.14288
threshold=-0.75978478973105823 0.40345267135485269 2.1302770944468268 0.52087719032554869 0.25000000000000006 0.9769714461783362 -0.0044954272217430872
decision_type=2 2 2 2 2 2 2
left_child=1 2 -1 5 -5 -2 -3
right_child=3 6 -4 4 -6 -7 -8
leaf_value=-0.0043924605869976518 -0.0011459331780228298 0.03872565483252436 0.06613378347521269 -0.0085994723680678491 -0.059421649498898818 0.041434893475118369 0.06179321067618896
leaf_weight=57.994901537895203 293.27194537222385 4.43731661140919 6.3618628978729239 72.089030757546425 16.183739468455315 15.376973301172255 15.236515462398527
leaf_count=238 1231 19 28 304 70 68 67
internal_value=-2.44095e-06 0.0152248 0.00257927 -0.00322612 -0.0179171 0.000975455 0.0565905
internal_weight=480.952 84.0306 64.3568 396.922 88.2728 308.649 19.6738
internal_count=2025 352 266 1673 374 1299 86
is_linear=0
shrinkage=0.04


Tree=33
num_leaves=6
num_cat=0
split_feature=36 53 24 53 41
split_gain=14.3344 15.9203 17.8584 16.8305 2.36316
threshold=-1.4063283774653983 0.58333333333333337 0.63266771968728597 0.25000000000000006 -0.88170446321630114
decision_type=2 2 2 2 2
left_child=4 3 -3 -2 -1
right_child=1 2 -4 -5 -6
leaf_value=0.062309401163027536 -2.5295409936208494e-05 0.025386308965569641 -0.016154252413202782 -0.020085425156987725 0.025145221696967895
leaf_weight=5.9153569340705872 296.9594774544239 63.309489995241165 22.422990754246712 86.385834991931915 5.09588874876499
leaf_count=25 1243 264 101 369 23
internal_value=-1.9178e-06 -0.00106089 0.0145215 -0.00454579 0.0451102
internal_weight=480.089 469.078 85.7325 383.345 11.0112
internal_count=2025 1977 365 1612 48
is_linear=0
shrinkage=0.04


Tree=34
num_leaves=7
num_cat=0
split_feature=37 36 14 7 45 41
split_gain=13.7877 14.3772 16.5909 11.7866 8.8838 2.22429
threshold=-0.9797486699500042 -1.4063283774653983 -0.19004668294824129 -0.93165676231534822 -0.17268808397058649 -0.88170446321630114
decision_type=2 2 2 2 2 2
left_child=3 5 -3 -1 -5 -2
right_child=1 2 -4 4 -6 -7
leaf_value=-0.02581559377519357 0.060527873507396641 -0.012254801651325259 0.0035624374433435445 0.013055534740853192 0.064951459795617283 0.024308794167567083
leaf_weight=5.2196726053953197 5.8472550511360168 176.77688300609589 265.39674024283886 9.7101343125104957 11.562300741672511 5.0610970258712751
leaf_count=22 25 745 1120 41 49 23
internal_value=-1.97032e-06 -0.00164199 -0.00276115 0.0280465 0.0412628 0.0437235
internal_weight=479.574 453.082 442.174 26.4921 21.2724 10.9084
internal_count=2025 1913 1865 112 90 48
is_linear=0
shrinkage=0.04


Tree=35
num_leaves=7
num_cat=0
split_feature=35 25 28 42 25 1
split_gain=13.7618 13.3959 14.6511 14.5834 12.9217 0.964665
threshold=1.156882102586948 0.88809688025511702 -0.71729962150514603 0.35168861915012467 1.0905791124295698 1.0273834346950526
decision_type=2 2 2 2 2 2
left_child=1 2 -1 -3 5 -2
right_child=4 3 -4 -5 -6 -7
leaf_value=0.022808474510411438 -0.058195679420669902 -0.011777536938289913 -0.0028006053023620155 0.043880507901704426 0.0093275933003536936 -0.036045333446351371
leaf_weight=39.437948361039162 10.811838477849962 11.205524355173109 381.61258642375469 22.977332726120949 8.7061325311660749 4.436761036515235
leaf_count=166 51 47 1603 101 37 20
internal_value=-1.80053e-06 0.00155317 -0.000401916 0.0256352 -0.0295524 -0.0517508
internal_weight=479.188 455.233 421.051 34.1829 23.9547 15.2486
internal_count=2025 1917 1769 148 108 71
is_linear=0
shrinkage=0.04


Tree=36
num_leaves=8
num_cat=0
split_feature=44 47 53 53 35 14 43
split_gain=13.6399 19.3317 16.5331 19.5635 18.152 11.6038 7.135
threshold=-1.3643438382724702 -0.12838455798364415 -0.74999999999999989 0.58333333333333337 0.361817868315157 -0.20854800474131122 0.26661850872497489
decision_type=2 2 2 2 2 2 2
left_child=1 6 4 -4 -2 -3 -1
right_child=2 5 3 -5 -6 -7 -8
leaf_value=0.070395173944898776 -0.0040777326530934931 -0.023451551682102424 -0.0095695481704798895 0.012701982716456051 0.052889266462962735 0.021652862687941549 0.025113879304234206
leaf_weight=10.967603683471681 18.517940625548363 17.446095570921898 304.51159493625164 79.601649805903435 17.319930493831635 19.136262476444244 11.308435097336767
leaf_count=46 75 73 1295 336 71 82 47
internal_value=-2.36105e-06 0.0180311 -0.00252985 -0.00495411 0.0234536 0.000142606 0.0474081
internal_weight=478.81 58.8584 419.951 384.113 35.8379 36.5824 22.276
internal_count=2025 248 1777 1631 146 155 93
is_linear=0
shrinkage=0.04


Tree=37
num_leaves=8
num_cat=0
split_feature=35 14 45 40 38 37 31
split_gain=13.3414 23.6733 15.7129 13.4634 14.3974 7.66322 4.18123
threshold=-0.62916707868526933 -1.1772434994719141 -0.61575082932418712 -0.87226482461274413 1.9700704318665472 -0.67800505921381571 -1.3112539700406858
decision_type=2 2 2 2 2 2 2
left_child=1 6 -3 5 -5 -2 -1
right_child=3 2 -4 4 -6 -7 -8
leaf_value=-0.066557497853053163 0.05389189847806948 0.054824544241215793 0.011983320841757458 -0.0068349598773933011 0.031527414086182509 -0.0074771053401242876 -0.020013455147217165
leaf_weight=4.9556784033775321 9.9673081487417203 16.776875227689743 74.636711224913597 342.26834116876125 16.403003066778183 4.8348022252321234 8.1945854872465116
leaf_count=20 44 72 314 1453 68 20 34
internal_value=-1.87978e-06 0.0126271 0.0198458 -0.00353771 -0.00508055 0.033847 -0.0375536
internal_weight=478.037 104.564 91.4136 373.473 358.671 14.8021 13.1503
internal_count=2025 440 386 1585 1521 64 54
is_linear=0
shrinkage=0.04


Tree=38
num_leaves=7
num_cat=0
split_feature=14 35 28 53 46 46
split_gain=12.7251 14.336 13.179 9.26085 7.08555 1.88412
threshold=1.422368859636882 1.156882102586948 -0.73298279745762807 -0.58333333333333315 -0.014292310136730577 -0.75238379770907649
decision_type=2 2 2 2 2 2
left_child=1 2 -1 -3 5 -2
right_child=4 3 -4 -5 -6 -7
leaf_value=0.023471517881870328 0.031795627668732201 -0.005071649252311545 -0.0018089213212477628 -0.057701505442634388 -0.00068617544712663153 0.064605571218289998
leaf_weight=35.944949686527252 4.6681112498044977 10.012737497687342 401.87874323129654 11.485862731933592 6.4802634865045539 6.9991940855979928
leaf_count=151 25 43 1691 56 29 30
internal_value=-1.36407e-06 -0.00129934 0.000266581 -0.0331897 0.032851 0.0514782
internal_weight=477.47 459.322 437.824 21.4986 18.1476 11.6673
internal_count=2025 1941 1842 99 84 55
is_linear=0
shrinkage=0.04


Tree=39
num_leaves=8
num_cat=0
split_feature=35 14 41 46 26 36 29
split_gain=12.744 18.3994 16.0095 19.3198 19.0553 11.347 0.0765555
threshold=-0.94449170284113759 0.4615873304574416 -0.37651094763363463 -0.20938065828635152 -0.28562238417846381 -1.4063283774653983 -0.12076335613682217
decision_type=2 2 2 2 2 2 2
left_child=1 5 4 -4 -2 -1 -3
right_child=2 6 3 -5 -6 -7 -8
leaf_value=0.042094218295678776 -0.0047062166950347858 0.056603254685583269 0.015732011887870784 -0.0051307766803913701 -0.040597374897243466 -0.0066750098236022619 0.062795939293080832
leaf_weight=10.102342888712878 82.145289942622185 5.8463200181722641 111.34964098036289 196.08099348843098 33.247360333800316 31.231172367930416 7.0404345691204053
leaf_count=44 344 29 476 833 140 128 31
internal_value=-1.73928e-06 0.0182554 -0.00234292 0.00242561 -0.0150473 0.0052447 0.0599865
internal_weight=477.044 54.2203 422.823 307.431 115.393 41.3335 12.8868
internal_count=2025 232 1793 1309 484 172 60
is_linear=0
shrinkage=0.04


Tree=40
num_leaves=8
num_cat=0
split_feature=44 47 53 53 25 14 43
split_gain=12.0609 17.3119 15.5928 18.1216 17.3691 10.3708 6.65918
threshold=-1.3643438382724702 -0.12838455798364415 -0.74999999999999989 0.58333333333333337 -0.30601856206847372 -0.20854800474131122 0.26661850872497489
decision_type=2 2 2 2 2 2 2
left_child=1 6 4 -4 -2 -3 -1
right_child=2 5 3 -5 -6 -7 -8
leaf_value=0.06751994133688824 -0.047150282745734275 -0.022244155041783609 -0.00920038028666126 0.012278639675859387 0.034011129490444166 0.020533935514720172 0.023483475859562862
leaf_weight=10.769721791148188 4.8881157487630835 17.369885787367821 302.78594681620598 79.309057369828224 30.815633162856102 18.970765888690948 11.216756463050841
leaf_count=46 20 73 1295 336 126 82 47
internal_value=-1.24884e-06 0.0170374 -0.00237995 -0.00474212 0.0228995 8.71215e-05 0.045054
internal_weight=476.126 58.3271 417.799 382.095 35.7037 36.3407 21.9865
internal_count=2025 248 1777 1631 146 155 93
is_linear=0
shrinkage=0.04


Tree=41
num_leaves=8
num_cat=0
split_feature=35 14 41 46 26 36 29
split_gain=12.0853 17.2498 14.628 17.6602 17.4787 10.5916 0.0625606
threshold=-0.94449170284113759 0.4615873304574416 -0.37651094763363463 -0.20938065828635152 -0.28562238417846381 -1.4063283774653983 -0.12076335613682217
decision_type=2 2 2 2 2 2 2
left_child=1 5 4 -4 -2 -1 -3
right_child=2 6 3 -5 -6 -7 -8
leaf_value=0.041110988614504088 -0.0045614615343539848 0.055737627171588672 0.015021895232861118 -0.0049517517452625564 -0.039060809854705621 -0.0061521023595025835 0.061404319126128051
leaf_weight=10.023183837532992 81.954674661159515 5.6898316293954849 111.04081583023071 195.57331542670727 32.941161006689072 31.205470472574238 6.8941412419080716
leaf_count=44 344 29 476 833 140 128 31
internal_value=-7.93178e-07 0.0178499 -0.00227973 0.00228174 -0.0144526 0.00533813 0.0588421
internal_weight=475.323 53.8126 421.51 306.614 114.896 41.2287 12.584
internal_count=2025 232 1793 1309 484 172 60
is_linear=0
shrinkage=0.04


Tree=42
num_leaves=7
num_cat=0
split_feature=35 25 25 12 46 1
split_gain=11.8021 11.7651 11.5758 14.8233 13.5228 0.937908
threshold=1.156882102586948 1.0905791124295698 0.88809688025511702 1.0270221150387475 1.0000000180025095e-35 1.0273834346950526
decision_type=2 2 2 2 2 2
left_child=2 5 3 -1 -4 -2
right_child=1 -3 4 -5 -6 -7
leaf_value=0.0011168046800374674 -0.056343019436398203 0.0091764556872155918 0.047057294987016704 -0.038081250791530151 -0.0038403082840574032 -0.03408640939973006
leaf_weight=401.43538309633732 10.257842421531679 8.6287878155708295 18.42101626098156 16.053318843245506 15.279840528964995 4.2990843653678885
leaf_count=1701 51 37 83 68 65 20
internal_value=-3.33331e-07 -0.0278325 0.00142991 -0.000390443 0.0239805 -0.04977
internal_weight=474.375 23.1857 451.19 417.489 33.7009 14.5569
internal_count=2025 108 1917 1769 148 71
is_linear=0
shrinkage=0.04


Tree=43
num_leaves=7
num_cat=0
split_feature=37 36 45 7 45 53
split_gain=11.6478 12.6084 13.6323 10.2442 8.47157 5.88751
threshold=-0.9797486699500042 -1.1599912899216991 -0.19858379784180405 -0.93165676231534822 -0.17268808397058649 -1.0000000180025095e-35
decision_type=2 2 2 2 2 2
left_child=3 5 -3 -1 -5 -2
right_child=1 2 -4 4 -6 -7
leaf_value=-0.024642997282842957 0.040946785943894677 0.005884763802110035 -0.0089181345386050558 0.010606596778640096 0.061651168153256712 0.0034017709129864869
leaf_weight=5.1391831338405636 15.574985340237619 161.75747032463551 258.78633171319962 9.5635875463485771 11.407183080911631 11.704618513584135
leaf_count=22 72 684 1109 41 49 48
internal_value=-7.73088e-07 -0.00151494 -0.00322437 0.0259693 0.0383726 0.0248377
internal_weight=473.933 447.823 420.544 26.11 20.9708 27.2796
internal_count=2025 1913 1793 112 90 120
is_linear=0
shrinkage=0.04


Tree=44
num_leaves=8
num_cat=0
split_feature=36 14 33 46 48 44 49
split_gain=11.0221 21.9003 15.1708 20.718 13.0502 12.6644 1.64343
threshold=-0.6438770082946218 0.54835783417084549 -0.33983366515652175 0.85025968850711198 -0.39365851506740995 -2.6869271924565314 0.36378494067579442
decision_type=2 2 2 2 2 2 2
left_child=1 5 3 -2 -4 -1 -3
right_child=2 6 4 -5 -6 -7 -8
leaf_value=0.067248458327961322 -0.029214101095112459 0.061259812104563618 0.021425410869602837 0.033069599449899602 -0.0026511032829903149 -0.00047245946446283521 0.034481366938560638
leaf_weight=4.6792495548725119 58.723652929067612 11.804440990090372 41.767410933971405 10.000354081392286 261.79645608365536 79.234455659985542 5.3192991465330115
leaf_count=20 250 55 176 42 1125 332 25
internal_value=-4.74812e-07 0.0117164 -0.00318038 -0.0201509 0.000661589 0.00330384 0.0529414
internal_weight=473.325 101.037 372.288 68.724 303.564 83.9137 17.1237
internal_count=2025 432 1593 292 1301 352 80
is_linear=0
shrinkage=0.04


Tree=45
num_leaves=7
num_cat=0
split_feature=37 40 53 46 7 45
split_gain=10.972 11.7628 19.6167 16.2161 9.41822 7.90812
threshold=-0.9797486699500042 -0.57325078052632061 0.58333333333333337 1.2105570611219423 -0.93165676231534822 -0.17268808397058649
decision_type=2 2 2 2 2 2
left_child=4 3 -3 -2 -1 -6
right_child=1 2 -4 -5 5 -7
leaf_value=-0.023471411923236082 -0.027089964491779833 -0.0024390432619572052 0.024481750520338734 0.03705644728305605 0.010282036493771612 0.059644918958801869
leaf_weight=5.1052279472351101 48.240498051047325 341.68547832965851 49.594162911176682 7.2536512762308112 9.5498821735382133 11.381067991256709
leaf_count=22 204 1464 215 30 41 49
internal_value=-1.78436e-07 -0.00147115 0.000973131 -0.0187054 0.0252413 0.0371228
internal_weight=472.81 446.774 391.28 55.4941 26.0362 20.931
internal_count=2025 1913 1679 234 112 90
is_linear=0
shrinkage=0.04


Tree=46
num_leaves=7
num_cat=0
split_feature=35 25 28 37 14 1
split_gain=10.8122 11.2494 10.995 18.9025 12.9769 0.922472
threshold=1.156882102586948 1.0905791124295698 -0.73298279745762807 -0.26712401260555935 -1.1453551235825234 1.0273834346950526
decision_type=2 2 2 2 2 2
left_child=2 5 3 -1 -4 -2
right_child=1 -3 4 -5 -6 -7
leaf_value=0.037249559335328912 -0.055377684739308056 0.0092004915742779723 -0.027429915507453568 -0.035094948782427762 0.0013846003509619066 -0.03309892880487262
leaf_weight=28.580457970499992 9.9672854393720645 8.6160742789506894 26.735016733407974 7.2431746125221244 386.97524571418762 4.2380461245775214
leaf_count=121 51 37 114 31 1651 20
internal_value=-1.91434e-07 -0.0268593 0.00136336 0.0226222 -0.000477467 -0.048731
internal_weight=472.355 22.8214 449.534 35.8236 413.71 14.2053
internal_count=2025 108 1917 152 1765 71
is_linear=0
shrinkage=0.04


Tree=47
num_leaves=5
num_cat=0
split_feature=36 12 46 29
split_gain=10.8539 11.7555 13.7547 2.30543
threshold=-1.4063283774653983 -1.3114392075696795 -0.5332834447331144 -1.5143523833494552
decision_type=2 2 2 2
left_child=3 -2 -3 -1
right_child=1 2 -4 -5
leaf_value=0.01821702238011819 -0.049774966804077038 0.012329993659881964 -0.0039900014200920809 0.056173634988841377
leaf_weight=4.4202809482812881 7.7468621730804434 108.64382429420948 345.07319590449333 6.0848075002431852
leaf_count=20 32 473 1472 28
internal_value=-1.13264e-06 -0.000916355 -8.21324e-05 0.0402024
internal_weight=471.969 461.464 453.717 10.5051
internal_count=2025 1977 1945 48
is_linear=0
shrinkage=0.04


Tree=48
num_leaves=7
num_cat=0
split_feature=14 13 36 10 46 46
split_gain=10.631 12.4287 13.1237 8.09213 6.6072 1.82362
threshold=1.422368859636882 2.267317573539998 0.42574387687767318 2.4243052344457205 -0.014292310136730577 -0.75238379770907649
decision_type=2 2 2 2 2 2
left_child=1 2 -1 -3 5 -2
right_child=4 3 -4 -5 -6 -7
leaf_value=0.0016230822127012486 0.028847046152718173 0.0055982642300502865 -0.014665530151344995 0.078932031572941402 -0.0023139109478974964 0.06192803842961625
leaf_weight=341.32555355131626 4.3733100742101678 4.6287492513656598 103.03228905797005 5.017076849937439 6.251250132918357 6.8304844200611123
leaf_count=1444 25 20 456 21 29 30
internal_value=-8.73744e-07 -0.00117863 -0.00215372 0.0437413 0.0306324 0.0490151
internal_weight=471.459 454.004 444.358 9.64583 17.455 11.2038
internal_count=2025 1941 1900 41 84 55
is_linear=0
shrinkage=0.04


Tree=49
num_leaves=8
num_cat=0
split_feature=44 53 53 44 53 47 41
split_gain=10.6283 13.0543 13.6191 12.8506 15.3172 15.309 12.3613
threshold=1.6228119429197314 -1.0000000180025095e-35 0.58333333333333337 -1.3643438382724702 -0.74999999999999989 -0.12838455798364415 0.50835034745977781
decision_type=2 2 2 2 2 2 2
left_child=3 6 -3 5 -5 -1 -2
right_child=1 2 -4 4 -6 -7 -8
leaf_value=0.042180753293626159 0.052252373353884878 -0.030779230736573227 0.035025318963847869 0.02365263838297325 -0.0071167531294767192 -0.00043009083491452808 -0.013056092245513106
leaf_weight=21.603418663144112 19.905149310827259 12.982025727629663 8.2175086438655836 28.029605090618134 338.437489554286 35.922831594944 6.0454210191965094
leaf_count=93 85 56 38 115 1458 155 25
internal_value=-8.44207e-07 0.0180149 -0.00527162 -0.00200429 -0.00476333 0.015572 0.0370382
internal_weight=471.143 47.1501 21.1995 423.993 366.467 57.5263 25.9506
internal_count=2025 204 94 1821 1573 248 110
is_linear=0
shrinkage=0.04


Tree=50
num_leaves=6
num_cat=0
split_feature=36 12 47 41 18
split_gain=10.2236 12.4227 13.3966 3.51231 3.60081
threshold=-1.2696440372523525 -1.3114392075696795 1.9271128596124576 -0.44804675634197705 -0.7060396441338489
decision_type=2 2 2 2 2
left_child=3 -2 -3 4 -1
right_child=1 2 -4 -5 -6
leaf_value=0.057720889863140813 -0.057024375593915808 -0.001133486514812283 0.063378557221317897 -0.00049902095810765883 0.015159719787017054
leaf_weight=7.7690327167510995 6.2819869816303244 441.18597719073296 5.2111479490995398 4.5425897538661948 5.3849833458662042
leaf_count=36 26 1897 22 20 24
internal_value=-4.80955e-07 -0.00116645 -0.000380386 0.0298251 0.0402972
internal_weight=470.376 452.679 446.397 17.6966 13.154
internal_count=2025 1945 1919 80 60
is_linear=0
shrinkage=0.04


Tree=51
num_leaves=8
num_cat=0
split_feature=36 14 33 46 37 44 49
split_gain=9.95148 20.1342 14.0453 19.0279 12.3482 11.5243 1.63526
threshold=-0.6438770082946218 0.54835783417084549 -0.33983366515652175 0.85025968850711198 -0.86280346737001612 -2.6869271924565314 0.36378494067579442
decision_type=2 2 2 2 2 2 2
left_child=1 5 3 -2 -4 -1 -3
right_child=2 6 4 -5 -6 -7 -8
leaf_value=0.064679460271828554 -0.028184677026148061 0.059835009558404123 0.023444772061800512 0.031527161785038824 -0.002196239558260009 -0.00041700008562824879 0.032761348326305895
leaf_weight=4.6058192253112784 58.18185655772686 11.439111888408663 33.844493418931961 10.007306694984434 268.07057705521584 78.747364953160286 5.1886654496192923
leaf_count=20 250 55 144 42 1157 332 25
internal_value=-2.00691e-07 0.0111972 -0.00302511 -0.0194215 0.000678102 0.00318001 0.0513867
internal_weight=470.085 99.981 370.104 68.1892 301.915 83.3532 16.6278
internal_count=2025 432 1593 292 1301 352 80
is_linear=0
shrinkage=0.04


Tree=52
num_leaves=8
num_cat=0
split_feature=53 24 40 35 53 28 45
split_gain=9.76688 16.7491 25.0354 23.6502 13.4371 20.8924 17.7731
threshold=0.58333333333333337 0.63266771968728597 -0.53992604466245531 0.4981587727359223 0.25000000000000006 -0.73298279745762807 -0.070858348293306478
decision_type=2 2 2 2 2 2 2
left_child=4 2 -2 -3 6 -6 -1
right_child=1 3 -4 -5 5 -7 -8
leaf_value=0.012025570271375685 -0.0041330248401345374 -0.054270279748862754 0.046623237086009413 0.029815968976599279 0.02897430646313192 -0.025046601567257146 -0.0075753574460614669
leaf_weight=135.58469177782536 29.222370371222496 12.356764778494837 33.229823395609856 9.4407557845115644 13.586371362209318 73.009385988116264 163.00013621151447
leaf_count=572 125 52 140 49 56 322 709
internal_value=2.19375e-07 0.012337 0.0228736 -0.0178516 -0.00269817 -0.016571 0.00132525
internal_weight=469.43 84.2497 62.4522 21.7975 385.181 86.5958 298.585
internal_count=2025 366 265 101 1659 378 1281
is_linear=0
shrinkage=0.04


Tree=53
num_leaves=8
num_cat=0
split_feature=44 45 47 35 53 53 41
split_gain=9.80197 12.2646 16.758 13.8858 11.8648 12.077 11.3632
threshold=1.6228119429197314 0.41901753121678081 1.7285180480025775 1.112287546107863 -1.0000000180025095e-35 0.58333333333333337 0.50835034745977781
decision_type=2 2 2 2 2 2 2
left_child=1 3 -3 -1 6 -6 -2
right_child=4 2 -4 -5 5 -7 -8
leaf_value=0.004036266523492392 0.050244323459258215 -0.017687671439844007 0.055199886079236253 -0.031497534804652817 -0.029158607723893847 0.033194154824703913 -0.012447052101295214
leaf_weight=300.02487222850323 19.737508833408359 97.713253974914551 5.3218972980976096 18.692022383213043 12.819417878985407 8.1171464025974256 6.0421442389488211
leaf_count=1283 85 424 23 91 56 38 25
internal_value=-4.00782e-07 -0.00192607 -0.0139229 0.00195229 0.0173845 -0.00498432 0.0355509
internal_weight=468.468 421.752 103.035 318.717 46.7162 20.9366 25.7797
internal_count=2025 1821 447 1374 204 94 110
is_linear=0
shrinkage=0.04


Tree=54
num_leaves=5
num_cat=0
split_feature=36 12 47 4
split_gain=9.67509 10.3279 12.0127 2.2435
threshold=-1.4063283774653983 -1.3114392075696795 1.9271128596124576 -1.3501665017028242
decision_type=2 2 2 2
left_child=3 -2 -3 -1
right_child=1 2 -4 -5
leaf_value=0.017093393918840825 -0.046999906654357389 -0.00078220947963501103 0.060629357443924982 0.054847285860822347
leaf_weight=4.4547978639602661 7.6330710649490348 444.89748904854059 5.1554107367992392 5.7936576008796674
leaf_count=21 32 1923 22 27
internal_value=-5.84294e-07 -0.000861262 -7.87325e-05 0.0384364
internal_weight=467.934 457.686 450.053 10.2485
internal_count=2025 1977 1945 48
is_linear=0
shrinkage=0.04


Tree=55
num_leaves=7
num_cat=0
split_feature=14 13 40 10 46 46
split_gain=9.571 11.1957 12.7278 7.31157 6.41727 1.79195
threshold=1.422368859636882 2.267317573539998 2.1302770944468268 2.4243052344457205 -0.014292310136730577 -0.75238379770907649
decision_type=2 2 2 2 2 2
left_child=1 2 -1 -3 5 -2
right_child=4 3 -4 -5 -6 -7
leaf_value=-0.002910432346747109 0.027294754109741685 0.0050995463412369371 0.051563787579940103 0.074841970331331581 -0.0033951202944967965 0.060451281138699527
leaf_weight=433.93231031298637 4.2522107139229783 4.6046736985445005 6.9729198813438407 5.035010427236557 6.1484570205211631 6.7447851747274408
leaf_count=1868 25 20 32 21 29 30
internal_value=-3.19496e-07 -0.00111658 -0.00204892 0.0415275 0.0293325 0.0476306
internal_weight=467.69 450.545 440.905 9.63968 17.1455 10.997
internal_count=2025 1941 1900 41 84 55
is_linear=0
shrinkage=0.04


Tree=56
num_leaves=7
num_cat=0
split_feature=37 40 40 45 7 45
split_gain=9.38663 10.4933 17.5162 14.5798 8.44993 7.52923
threshold=-0.9797486699500042 -0.57325078052632061 -0.28153635919045705 -0.68493051517392656 -0.93165676231534822 -0.17268808397058649
decision_type=2 2 2 2 2 2
left_child=4 3 -3 -2 -1 -6
right_child=1 2 -4 -5 5 -7
leaf_value=-0.022904404430222142 0.046315412080631752 0.019546604344955549 -0.0029446818982102889 -0.024385505580333745 0.0084357841876119451 0.056859463765950712
leaf_weight=5.0538235157728222 5.1506024450063697 67.015102684497833 319.73348476737738 49.684834137558937 9.4419376999139839 11.269470006227488
leaf_count=22 22 284 1395 212 41 49
internal_value=8.15655e-08 -0.00136924 0.000952568 -0.0177447 0.0234685 0.034784
internal_weight=467.349 441.584 386.749 54.8354 25.7652 20.7114
internal_count=2025 1913 1679 234 112 90
is_linear=0
shrinkage=0.04


Tree=57
num_leaves=7
num_cat=0
split_feature=36 40 53 28 39 40
split_gain=9.14655 11.2765 23.432 15.4257 3.41474 3.96551
threshold=-1.2696440372523525 0.52087719032554869 0.25000000000000006 0.9769714461783362 0.88809972526935677 1.2203275463777701
decision_type=2 2 2 2 2 2
left_child=4 3 -3 -2 -1 -6
right_child=1 2 -4 -5 5 -7
leaf_value=0.051571192367667454 0.00060957649476701275 -0.0042636328801888123 -0.054657579354898969 0.039721083820684948 -0.006470979351131315 0.042130482546096595
leaf_weight=6.4475921094417599 318.88336944580078 96.456687942147255 17.430774971842766 16.994372449815273 6.1222339421510679 4.7858386784791946
leaf_count=29 1368 419 79 79 26 25
internal_value=-8.20277e-08 -0.0010996 -0.0119766 0.0025885 0.0284935 0.0148526
internal_weight=467.121 449.765 113.887 335.878 17.3557 10.9081
internal_count=2025 1945 498 1447 80 51
is_linear=0
shrinkage=0.04


Tree=58
num_leaves=7
num_cat=0
split_feature=44 45 47 35 8 14
split_gain=9.11206 11.3259 15.0851 13.0177 11.2932 9.37363
threshold=1.6228119429197314 0.41901753121678081 1.7285180480025775 1.112287546107863 0.85379905048082538 -0.52703990575225468
decision_type=2 2 2 2 2 2
left_child=1 3 -3 -1 5 -2
right_child=4 2 -4 -5 -6 -7
leaf_value=0.0038826131575415853 -0.01130648461511637 -0.016996875832273679 0.052366987610239175 -0.030759431955275838 -0.037303728251544675 0.034410503976845558
leaf_weight=299.26308751106262 9.2825168520212156 97.218694448471069 5.2894586920738211 18.424378663301468 5.4414289891719809 31.618335202336311
leaf_count=1283 42 424 23 91 23 139
internal_value=-3.36637e-07 -0.00185681 -0.0134177 0.00187354 0.0168327 0.024035
internal_weight=466.538 420.196 102.508 317.687 46.3423 40.9009
internal_count=2025 1821 447 1374 204 181
is_linear=0
shrinkage=0.04


Tree=59
num_leaves=8
num_cat=0
split_feature=28 37 28 28 35 14 51
split_gain=8.77297 24.4795 16.008 14.5481 21.7495 10.2848 2.83976
threshold=-0.71729962150514603 -0.26712401260555935 -0.93627559218946455 -0.44043505675487493 -0.45673751696054471 -0.98860099196962181 0.0623743654666776
decision_type=2 2 2 2 2 2 2
left_child=1 2 -1 4 -2 -5 -3
right_child=3 6 -4 5 -6 -7 -8
leaf_value=-0.022335853430412618 0.043919255143778521 -0.060415561363091994 0.04934519836065597 -0.019836085098955448 -0.026898131937079555 0.0036769467877715888 -0.016534137262689593
leaf_weight=6.2382786422967902 7.8483021259307852 4.7502268999814969 24.808653593063358 32.764165565371513 59.883709222078323 325.09923002868891 4.6885989904403687
leaf_count=26 35 22 107 144 261 1409 21
internal_value=-5.73813e-07 0.0177925 0.0349423 -0.00169318 -0.0186923 0.00152421 -0.0386181
internal_weight=466.081 40.4858 31.0469 425.595 67.732 357.863 9.43883
internal_count=2025 176 133 1849 296 1553 43
is_linear=0
shrinkage=0.04


Tree=60
num_leaves=8
num_cat=0
split_feature=36 41 53 26 49 53 35
split_gain=8.73405 12.1508 15.2628 12.4579 5.40558 8.38909 1.74222
threshold=-1.1599912899216991 -0.37651094763363463 -0.74999999999999989 -0.29354760882289721 0.26500171026055674 -1.0000000180025095e-35 -1.2967137973602023
decision_type=2 2 2 2 2 2 2
left_child=4 3 -3 -2 6 -6 -1
right_child=1 2 -4 -5 5 -7 -8
leaf_value=0.064252760389000088 -0.0035068407315946939 0.029431019229933832 -4.9032281832545129e-05 -0.030787849215543207 0.031600739233721628 -0.026896825997220711 0.030455815357023505
leaf_weight=4.4846997708082199 88.186288356781006 31.215696841478348 281.47565222531557 38.463248074054718 9.8684727549552935 6.5100412070751181 5.3538692742586154
leaf_count=21 376 129 1233 167 48 27 24
internal_value=-1.25696e-06 -0.00133961 0.00289393 -0.011792 0.0224267 0.00834945 0.0458614
internal_weight=465.558 439.341 312.691 126.65 26.2171 16.3785 9.83857
internal_count=2025 1905 1362 543 120 75 45
is_linear=0
shrinkage=0.04


Tree=61
num_leaves=8
num_cat=0
split_feature=53 47 40 53 28 45 33
split_gain=8.69825 15.9743 19.1779 11.7541 18.9625 15.2575 9.93912
threshold=0.58333333333333337 -0.19745224357149657 -0.65822731912929389 0.25000000000000006 -0.73298279745762807 -0.070858348293306478 -0.91385922513847351
decision_type=2 2 2 2 2 2 2
left_child=3 2 -2 5 -5 -1 -3
right_child=1 6 -4 4 -6 -7 -8
leaf_value=0.011130726433990554 -0.021464819954165031 0.057267925967162965 0.054115556141619704 0.02772094307969851 -0.023837532597393601 -0.0070976023025807232 -0.0061166235085858538
leaf_weight=134.98578295111656 7.1106253564357784 4.2981828153133383 21.963387951254845 13.571585297584532 71.771764576435089 161.21590080112219 50.046062797307968
leaf_count=572 31 19 93 56 322 709 223
internal_value=-9.32135e-07 0.0116997 0.0356309 -0.00255907 -0.0156385 0.00120946 -0.00110343
internal_weight=464.963 83.4183 29.074 381.545 85.3433 296.202 54.3442
internal_count=2025 366 124 1659 378 1281 242
is_linear=0
shrinkage=0.04


Tree=62
num_leaves=7
num_cat=0
split_feature=44 26 53 25 36 14
split_gain=8.54242 14.2173 12.6402 16.0462 13.491 10.8395
threshold=-1.3643438382724702 1.1012869256471258 -0.74999999999999989 -0.30601856206847372 -1.1599912899216991 -0.19532468953217416
decision_type=2 2 2 2 2 2
left_child=1 5 3 -2 -4 -1
right_child=2 -3 4 -5 -6 -7
leaf_value=0.0017155302752325178 -0.047011038474322871 -0.052963384150431655 0.025510581986834341 0.031651343940232265 -0.0061402024493096997 0.038243716755110603
leaf_weight=25.265685766935349 4.805971458554267 4.5854759812355033 22.963567443192005 30.358298853039742 349.42199659347534 26.769444413483143
leaf_count=107 20 21 106 126 1525 120
internal_value=-1.11125e-06 0.0145573 -0.0020237 0.0209004 -0.00418842 0.0205074
internal_weight=464.17 56.6206 407.55 35.1643 372.386 52.0351
internal_count=2025 248 1777 146 1631 227
is_linear=0
shrinkage=0.04


Tree=63
num_leaves=7
num_cat=0
split_feature=14 13 40 10 46 46
split_gain=8.59489 10.5388 11.3377 6.84112 6.06661 1.67093
threshold=1.422368859636882 2.267317573539998 2.1302770944468268 2.4243052344457205 -0.014292310136730577 -0.75238379770907649
decision_type=2 2 2 2 2 2
left_child=1 2 -1 -3 5 -2
right_child=4 3 -4 -5 -6 -7
leaf_value=-0.0027747704799781308 0.026238220140398071 0.0050268934934798231 0.049548296453432665 0.072628157823032127 -0.0040204970039243769 0.058560200486768299
leaf_weight=430.20426046848297 4.1767050102353105 4.5778909325599653 6.7297328263521186 5.0234933793544769 6.0433040931820861 6.6074726879596719
leaf_count=1868 25 20 32 21 29 30
internal_value=-3.98177e-07 -0.00105795 -0.00196888 0.0403962 0.0280629 0.0460419
internal_weight=463.363 446.535 436.934 9.60138 16.8275 10.7842
internal_count=2025 1941 1900 41 84 55
is_linear=0
shrinkage=0.04


Tree=64
num_leaves=7
num_cat=0
split_feature=37 40 40 46 7 45
split_gain=8.45521 9.52761 16.5439 13.0377 7.86435 6.68515
threshold=-0.9797486699500042 -0.57325078052632061 -0.28153635919045705 1.2105570611219423 -0.93165676231534822 -0.17268808397058649
decision_type=2 2 2 2 2 2
left_child=4 3 -3 -2 -1 -6
right_child=1 2 -4 -5 5 -7
leaf_value=-0.022517213929318582 -0.024621473080314215 0.019013892628219283 -0.0029012208171312042 0.033420489444853145 0.0085309163396033085 0.05435709517870467
leaf_weight=5.0169223248958614 47.123556524515152 66.737365126609802 316.48635153472424 7.1288379728794089 9.4034425467252785 11.112323656678194
leaf_count=22 204 284 1395 30 41 49
internal_value=5.33085e-08 -0.00130581 0.000915236 -0.0169947 0.0223747 0.0333526
internal_weight=463.009 437.476 383.224 54.2524 25.5327 20.5158
internal_count=2025 1913 1679 234 112 90
is_linear=0
shrinkage=0.04


Tree=65
num_leaves=7
num_cat=0
split_feature=53 42 40 28 53 36
split_gain=8.38084 15.9588 18.5775 10.6326 18.7088 18.4988
threshold=0.58333333333333337 1.0635010673829246 -0.53992604466245531 -0.73946268880654087 0.25000000000000006 0.73021454362992022
decision_type=2 2 2 2 2 2
left_child=3 2 -2 5 -5 -1
right_child=1 -3 -4 4 -6 -7
leaf_value=0.035272092076476781 -0.0056600009242157899 -0.051125107092923269 0.03391670412045085 0.00025335125400991284 -0.022667565345671218 -0.053391599529412893
leaf_weight=23.641427218914036 34.002508088946342 6.0341689735651007 42.944842465221882 280.08505542576313 71.528239622712135 4.4782477021217337
leaf_count=99 148 27 191 1215 324 21
internal_value=-7.26208e-08 0.0115158 0.016428 -0.00251658 -0.00440942 0.0211518
internal_weight=462.714 82.9815 76.9474 379.733 351.613 28.1197
internal_count=2025 366 339 1659 1539 120
is_linear=0
shrinkage=0.04


Tree=66
num_leaves=7
num_cat=0
split_feature=44 8 45 47 35 53
split_gain=8.26765 10.3272 10.2549 13.7725 11.8878 8.54827
threshold=1.6228119429197314 0.85379905048082538 0.41901753121678081 1.7285180480025775 1.112287546107863 -1.0000000180025095e-35
decision_type=2 2 2 2 2 2
left_child=2 5 4 -4 -1 -2
right_child=1 -3 3 -5 -6 -7
leaf_value=0.0037022873309210005 0.039604150433647144 -0.035945923323857994 -0.016269200484456476 0.05057690807034676 -0.029768948388517368 0.0026431375340495297
leaf_weight=296.67751880735159 22.337008520960808 5.3806859254837027 96.176631182432175 5.1980352848768225 18.008190512657166 18.144288100302219
leaf_count=1283 97 23 424 23 91 84
internal_value=-7.21865e-07 0.0161175 -0.00177742 -0.0128416 0.00178686 0.0230377
internal_weight=461.922 45.862 416.06 101.375 314.686 40.4813
internal_count=2025 204 1821 447 1374 181
is_linear=0
shrinkage=0.04


Tree=67
num_leaves=6
num_cat=0
split_feature=40 40 53 35 46
split_gain=8.14746 14.76 16.1328 12.5978 4.82795
threshold=-0.88483253954436591 -0.65822731912929389 0.58333333333333337 0.64441748392778797 -0.099397935091655912
decision_type=2 2 2 2 2
left_child=4 3 -3 -2 -1
right_child=1 2 -4 -5 -6
leaf_value=0.057664030630160727 -0.03017978959828211 -0.0017230956483599198 0.021197900514689158 0.03982350264213045 0.0073402557843443303
leaf_weight=6.0398122370243073 39.423469230532646 348.03424940258265 57.20767779648304 4.592314511537551 6.1624535322189313
leaf_count=30 171 1524 253 21 26
internal_value=-8.87818e-07 -0.000876832 0.00151264 -0.0228761 0.0322492
internal_weight=461.46 449.258 405.242 44.0158 12.2023
internal_count=2025 1969 1777 192 56
is_linear=0
shrinkage=0.04


Tree=68
num_leaves=5
num_cat=0
split_feature=36 12 28 41
split_gain=8.10229 9.63482 11.1872 2.23193
threshold=-1.4063283774653983 -1.3114392075696795 2.1652093632209772 -0.88170446321630114
decision_type=2 2 2 2
left_child=3 -2 -3 -1
right_child=1 2 -4 -5
leaf_value=0.053474376872031985 -0.045735543140611228 -0.0007244068084393873 0.057391749447872752 0.015114252863130059
leaf_weight=5.3300192356109619 7.5015130341053 438.22287396341562 5.3645513802766791 4.4554816186428052
leaf_count=25 32 1921 24 23
internal_value=-6.41573e-07 -0.000781789 -2.15756e-05 0.0360085
internal_weight=460.874 451.089 443.587 9.7855
internal_count=2025 1977 1945 48
is_linear=0
shrinkage=0.04


Tree=69
num_leaves=8
num_cat=0
split_feature=44 47 53 25 36 26 43
split_gain=7.9292 13.6058 11.4123 14.7085 12.1946 8.83174 6.07137
threshold=-1.3643438382724702 -0.12838455798364415 -0.74999999999999989 -0.30601856206847372 -1.1599912899216991 1.0344783336636283 0.26661850872497489
decision_type=2 2 2 2 2 2 2
left_child=1 6 3 -2 -4 -3 -1
right_child=2 5 4 -5 -6 -7 -8
leaf_value=0.061769467789165963 -0.045121584192877782 0.0065478266682248536 0.024434071540355543 0.030290070104767426 -0.0058757478834500681 -0.053444561732816698 0.018740027162541639
leaf_weight=10.160600706934931 4.7982970625162116 30.657277122139931 22.623171672224998 30.080256938934326 346.94556428492069 4.5028921365737906 10.848171353340147
leaf_count=46 20 134 106 126 1525 21 47
internal_value=-3.66421e-07 0.0140824 -0.00195616 0.0199156 -0.00402033 -0.00113528 0.0395506
internal_weight=460.616 56.1689 404.447 34.8786 369.569 35.1602 21.0088
internal_count=2025 248 1777 146 1631 155 93
is_linear=0
shrinkage=0.04


Tree=70
num_leaves=7
num_cat=0
split_feature=37 53 25 28 35 40
split_gain=7.93433 16.6509 23.3032 14.0673 21.6037 11.4809
threshold=-0.86280346737001612 -1.0000000180025095e-35 -0.22803245796069405 -0.42128576482866914 -0.14974276344626106 0.4810739719479325
decision_type=2 2 2 2 2 2
left_child=1 -1 -3 4 -2 -5
right_child=3 2 -4 5 -6 -7
leaf_value=-0.05207513815669855 0.015694274591530055 -0.011554575465375359 0.051379657133318053 0.0078143273705990526 -0.028990290913944054 -0.007552214178297028
leaf_weight=5.0550857335329047 24.228282384574413 16.156089052557945 22.557312488555908 206.29056087136269 60.63878720998764 124.89128815382719
leaf_count=21 107 73 98 898 273 555
internal_value=4.16246e-07 0.0162004 0.0251156 -0.00170382 -0.0162335 0.00201948
internal_weight=459.817 43.7685 38.7134 416.049 84.8671 331.182
internal_count=2025 192 171 1833 380 1453
is_linear=0
shrinkage=0.04


Tree=71
num_leaves=7
num_cat=0
split_feature=14 13 40 10 46 25
split_gain=7.83993 9.75935 10.7338 6.26933 5.73009 1.69183
threshold=1.422368859636882 2.267317573539998 2.1302770944468268 2.4243052344457205 -0.014292310136730577 0.53811296377878937
decision_type=2 2 2 2 2 2
left_child=1 2 -1 -3 5 -2
right_child=4 3 -4 -5 -6 -7
leaf_value=-0.0026745386135707682 0.023043529242162245 0.0049820587590585471 0.048670396767378693 0.069817789032682653 -0.0042934055569767886 0.056624131354715446
leaf_weight=426.64374046772718 3.7018764317035693 4.5542157590389234 6.6154708713293067 5.012669712305069 5.9480707049369803 6.8282971233129501
leaf_count=1868 16 20 32 21 29 39
internal_value=-4.67398e-08 -0.00100815 -0.00189055 0.0389534 0.0270911 0.0448189
internal_weight=459.304 442.826 433.259 9.56689 16.4782 10.5302
internal_count=2025 1941 1900 41 84 55
is_linear=0
shrinkage=0.04


Tree=72
num_leaves=8
num_cat=0
split_feature=28 37 28 28 35 40 51
split_gain=7.74024 20.9988 14.8617 11.8317 19.1825 9.3834 2.51574
threshold=-0.71729962150514603 -0.26712401260555935 -0.93627559218946455 -0.44043505675487493 -0.098131262457344687 0.4810739719479325 0.0623743654666776
decision_type=2 2 2 2 2 2 2
left_child=1 2 -1 4 -2 -5 -3
right_child=3 6 -4 5 -6 -7 -8
leaf_value=-0.023022984572215913 0.012521978993241716 -0.057882992336072421 0.046536971257779058 0.0061285496200941597 -0.032821169527620105 -0.0075099481137387517 -0.015752523703170367
leaf_weight=6.1414776444435111 22.815122783184052 4.4931353032588941 24.595956787467006 228.22232776135206 43.182546570897102 124.8785115480423 4.5786353796720505
leaf_count=26 100 22 107 997 196 556 21
internal_value=5.54654e-07 0.016856 0.0326386 -0.00160051 -0.0171462 0.00130512 -0.0366192
internal_weight=458.908 39.8092 30.7374 419.099 65.9977 353.101 9.07177
internal_count=2025 176 133 1849 296 1553 43
is_linear=0
shrinkage=0.04


Tree=73
num_leaves=7
num_cat=0
split_feature=40 40 53 20 5 46
split_gain=7.46847 15.1602 14.3033 12.9423 6.52244 10.4517
threshold=-0.87226482461274413 -0.65822731912929389 0.58333333333333337 0.79098185882924066 -0.37093698810294268 -0.17780772823019605
decision_type=2 2 2 2 2 2
left_child=4 3 -3 -2 -1 -6
right_child=1 2 -4 -5 5 -7
leaf_value=0.070559873529620509 -0.031894967079904489 -0.0015768320867800779 0.020051875246640597 0.037535137690326688 0.057508568532074568 -0.026825105818217891
leaf_weight=4.2039552479982367 36.949705168604851 345.90457306802273 56.979517444968224 4.8608172684907904 4.2395762205123892 5.279024511575698
leaf_count=20 163 1524 253 21 21 23
internal_value=-2.47198e-07 -0.000897122 0.0014821 -0.0238231 0.029064 0.010737
internal_weight=458.417 444.695 402.884 41.8105 13.7226 9.5186
internal_count=2025 1961 1777 184 64 44
is_linear=0
shrinkage=0.04


Tree=74
num_leaves=8
num_cat=0
split_feature=36 14 25 37 53 44 49
split_gain=7.38526 17.8765 12.83 16.0838 12.0001 10.6664 1.61386
threshold=-0.6438770082946218 0.54835783417084549 -0.31492179366641138 -0.86280346737001612 0.58333333333333337 -2.6869271924565314 0.36378494067579442
decision_type=2 2 2 2 2 2 2
left_child=1 5 4 -4 -2 -1 -3
right_child=2 6 3 -5 -6 -7 -8
leaf_value=0.062735990257530475 -0.027117590359526576 0.057703335096601159 0.029416569175656153 -0.001991729993237198 0.0097386183994531781 -0.0011925285757026947 0.030045292475061991
leaf_weight=4.4153032004833213 54.424387291073799 10.69871289283037 29.017872646450996 258.2568351700902 19.09327544271946 77.016582861542702 4.931475266814231
leaf_count=20 238 55 126 1146 83 332 25
internal_value=-3.2256e-08 0.00979448 -0.002635 0.00118085 -0.0175457 0.00227373 0.048977
internal_weight=457.854 97.0621 360.792 287.275 73.5177 81.4319 15.6302
internal_count=2025 432 1593 1272 321 352 80
is_linear=0
shrinkage=0.04


Tree=75
num_leaves=5
num_cat=0
split_feature=36 12 28 41
split_gain=7.32176 8.86308 10.5557 2.14202
threshold=-1.4063283774653983 -1.3114392075696795 2.1652093632209772 -0.88170446321630114
decision_type=2 2 2 2
left_child=3 -2 -3 -1
right_child=1 2 -4 -5
leaf_value=0.051949413967168553 -0.044102448373292892 -0.00069240811411448732 0.056178358096314732 0.01397523885007278
leaf_weight=5.2033185660839081 7.4169026166200629 434.78309393674135 5.285362944006919 4.3749727308750135
leaf_count=25 32 1921 24 23
internal_value=4.87338e-07 -0.000740198 -9.37202e-06 0.0346044
internal_weight=457.064 447.485 440.068 9.57829
internal_count=2025 1977 1945 48
is_linear=0
shrinkage=0.04


Tree=76
num_leaves=7
num_cat=0
split_feature=35 25 25 12 42 1
split_gain=7.27595 10.5633 10.1529 13.2153 11.5112 0.859255
threshold=1.156882102586948 1.0905791124295698 0.88809688025511702 1.0270221150387475 0.35168861915012467 1.0273834346950526
decision_type=2 2 2 2 2 2
left_child=2 5 3 -1 -4 -2
right_child=1 -3 4 -5 -6 -7
leaf_value=0.0008319778988712304 -0.052804498399291709 0.01218889352946898 -0.01077549500586391 -0.036847132204908532 0.039872166376074797 -0.030206048870019049
leaf_weight=388.24972382932901 8.8302445411682147 8.26236744225025 10.843266680836676 15.487580195069311 21.25226055085659 3.8727307021617881
leaf_count=1701 51 37 47 68 101 20
internal_value=7.15781e-07 -0.0230164 0.00110793 -0.000613413 0.0227612 -0.045915
internal_weight=456.798 20.9653 435.833 403.737 32.0955 12.703
internal_count=2025 108 1917 1769 148 71
is_linear=0
shrinkage=0.04


Tree=77
num_leaves=8
num_cat=0
split_feature=44 47 53 25 53 26 43
split_gain=7.13411 12.4879 10.9422 13.4577 10.9336 8.00989 5.69704
threshold=-1.3643438382724702 -0.12838455798364415 -0.74999999999999989 -0.30601856206847372 -0.41666666666666657 1.0344783336636283 0.26661850872497489
decision_type=2 2 2 2 2 2 2
left_child=1 6 3 -2 -4 -3 -1
right_child=2 5 4 -5 -6 -7 -8
leaf_value=0.060023646564452041 -0.042686707867883103 0.0062107009644660508 -0.019118473992297193 0.029594040962736136 -0.00075593682987704883 -0.05110097500861864 0.017929901983095079
leaf_weight=9.889532148838045 4.780973568558692 30.397543899714947 62.57318003475666 29.874635383486748 303.66416953504086 4.4763273298740378 10.721616089344023
leaf_count=46 20 134 281 126 1350 21 47
internal_value=1.34074e-07 0.0134431 -0.00186042 0.0196224 -0.00389325 -0.00114569 0.0381271
internal_weight=456.378 55.485 400.893 34.6556 366.237 34.8739 20.6111
internal_count=2025 248 1777 146 1631 155 93
is_linear=0
shrinkage=0.04


Tree=78
num_leaves=7
num_cat=0
split_feature=14 13 40 10 46 46
split_gain=7.14143 9.16008 10.2531 5.67717 5.52567 1.64861
threshold=1.422368859636882 2.267317573539998 2.1302770944468268 2.4243052344457205 -0.014292310136730577 -0.75238379770907649
decision_type=2 2 2 2 2 2
left_child=1 2 -1 -3 5 -2
right_child=4 3 -4 -5 -6 -7
leaf_value=-0.0025842692798009209 0.023328256927242573 0.0053812375872867363 0.047891918141776069 0.067185230691501133 -0.004870794788117902 0.056385781210074946
leaf_weight=423.6211671307683 3.8870152682065973 4.5308505594730359 6.5381597578525534 5.004858210682869 5.8461819961667052 6.3685892298817643
leaf_count=1868 25 20 32 21 29 30
internal_value=6.74856e-07 -0.000957464 -0.00181706 0.0378193 0.0261648 0.0438565
internal_weight=455.797 439.695 430.159 9.53571 16.1018 10.2556
internal_count=2025 1941 1900 41 84 55
is_linear=0
shrinkage=0.04


Tree=79
num_leaves=8
num_cat=0
split_feature=44 45 47 41 53 41 40
split_gain=7.13697 9.73774 12.3176 10.619 9.63913 10.7011 10.3301
threshold=1.6228119429197314 0.41901753121678081 1.7285180480025775 -0.32431531516626538 -1.0000000180025095e-35 0.50835034745977781 -0.51794119553066142
decision_type=2 2 2 2 2 2 2
left_child=1 3 -3 -1 5 -2 -6
right_child=4 2 -4 -5 6 -7 -8
leaf_value=-0.0088689742921401887 0.04608757441799715 -0.015781521512595528 0.04832044416070426 0.0069466276764833133 0.049963010006796642 -0.015093828126146378 -0.020465556106618793
leaf_weight=100.39655356109142 19.221027940511707 94.696165189146996 5.0521512478590003 210.01801908016205 4.2211706191301372 6.0026539713144293 15.821735955774782
leaf_count=442 85 424 23 932 21 25 73
internal_value=1.15155e-06 -0.00166233 -0.0125348 0.00183143 0.015074 0.0315278 -0.00563283
internal_weight=455.429 410.163 99.7483 310.415 45.2666 25.2237 20.0429
internal_count=2025 1821 447 1374 204 110 94
is_linear=0
shrinkage=0.04


end of trees

feature_importances:
Column_53=90
Column_46=48
Column_40=43
Column_35=36
Column_36=35
Column_14=34
Column_25=23
Column_47=22
Column_28=21
Column_44=17
Column_45=17
Column_10=15
Column_37=15
Column_41=15
Column_13=11
Column_42=8
Column_1=7
Column_7=7
Column_12=7
Column_26=6
Column_24=4
Column_43=4
Column_49=4
Column_20=3
Column_29=3
Column_33=3
Column_8=2
Column_18=2
Column_31=2
Column_38=2
Column_51=2
Column_4=1
Column_5=1
Column_30=1
Column_39=1
Column_48=1

parameters:
[boosting: gbdt]
[objective: binary]
[metric: binary_logloss]
[tree_learner: serial]
[device_type: cpu]
[data_sample_strategy: bagging]
[data: ]
[valid: ]
[num_iterations: 80]
[learning_rate: 0.04]
[num_leaves: 15]
[num_threads: 2]
[seed: 42]
[deterministic: 0]
[force_col_wise: 0]
[force_row_wise: 0]
[histogram_pool_size: -1]
[max_depth: 3]
[min_data_in_leaf: 20]
[min_sum_hessian_in_leaf: 0.001]
[bagging_fraction: 1]
[pos_bagging_fraction: 1]
[neg_bagging_fraction: 1]
[bagging_freq: 0]
[bagging_seed: 400]
[bagging_by_query: 0]
[feature_fraction: 1]
[feature_fraction_bynode: 1]
[feature_fraction_seed: 30056]
[extra_trees: 0]
[extra_seed: 12879]
[early_stopping_round: 0]
[early_stopping_min_delta: 0]
[first_metric_only: 0]
[max_delta_step: 0]
[lambda_l1: 0]
[lambda_l2: 0]
[linear_lambda: 0]
[min_gain_to_split: 0]
[drop_rate: 0.1]
[max_drop: 50]
[skip_drop: 0.5]
[xgboost_dart_mode: 0]
[uniform_drop: 0]
[drop_seed: 17869]
[top_rate: 0.2]
[other_rate: 0.1]
[min_data_per_group: 100]
[max_cat_threshold: 32]
[cat_l2: 10]
[cat_smooth: 10]
[max_cat_to_onehot: 4]
[top_k: 20]
[monotone_constraints: ]
[monotone_constraints_method: basic]
[monotone_penalty: 0]
[feature_contri: ]
[forcedsplits_filename: ]
[refit_decay_rate: 0.9]
[cegb_tradeoff: 1]
[cegb_penalty_split: 0]
[cegb_penalty_feature_lazy: ]
[cegb_penalty_feature_coupled: ]
[path_smooth: 0]
[interaction_constraints: ]
[verbosity: -1]
[saved_feature_importance_type: 0]
[use_quantized_grad: 0]
[num_grad_quant_bins: 4]
[quant_train_renew_leaf: 0]
[stochastic_rounding: 1]
[linear_tree: 0]
[max_bin: 255]
[max_bin_by_feature: ]
[min_data_in_bin: 3]
[bin_construct_sample_cnt: 200000]
[data_random_seed: 175]
[is_enable_sparse: 1]
[enable_bundle: 1]
[use_missing: 1]
[zero_as_missing: 0]
[feature_pre_filter: 1]
[pre_partition: 0]
[two_round: 0]
[header: 0]
[label_column: ]
[weight_column: ]
[group_column: ]
[ignore_column: ]
[categorical_feature: ]
[forcedbins_filename: ]
[precise_float_parser: 0]
[parser_config_file: ]
[objective_seed: 16083]
[num_class: 1]
[is_unbalance: 0]
[scale_pos_weight: 1]
[sigmoid: 1]
[boost_from_average: 1]
[reg_sqrt: 0]
[alpha: 0.9]
[fair_c: 1]
[poisson_max_delta_step: 0.7]
[tweedie_variance_power: 1.5]
[lambdarank_truncation_level: 30]
[lambdarank_norm: 1]
[label_gain: ]
[lambdarank_position_bias_regularization: 0]
[eval_at: ]
[multi_error_top_k: 1]
[auc_mu_weights: ]
[num_machines: 1]
[local_listen_port: 12400]
[time_out: 120]
[machine_list_filename: ]
[machines: ]
[gpu_platform_id: -1]
[gpu_device_id: -1]
[gpu_device_id_list: ]
[gpu_use_dp: 0]
[num_gpu: 1]

end of parameters

pandas_categorical:null
