tree
version=v4
num_class=1
num_tree_per_iteration=1
label_index=0
max_feature_idx=55
objective=regression
feature_names=Column_0 Column_1 Column_2 Column_3 Column_4 Column_5 Column_6 Column_7 Column_8 Column_9 Column_10 Column_11 Column_12 Column_13 Column_14 Column_15 Column_16 Column_17 Column_18 Column_19 Column_20 Column_21 Column_22 Column_23 Column_24 Column_25 Column_26 Column_27 Column_28 Column_29 Column_30 Column_31 Column_32 Column_33 Column_34 Column_35 Column_36 Column_37 Column_38 Column_39 Column_40 Column_41 Column_42 Column_43 Column_44 Column_45 Column_46 Column_47 Column_48 Column_49 Column_50 Column_51 Column_52 Column_53 Column_54 Column_55
feature_infos=[-6.1345243336734345:6.5891595427342891] [-5.6683842376077003:5.4842453114048357] [-4.9217074550136495:4.1777490349893478] [-4.3834075706117082:3.8303901891370167] [-3.6928377985595402:2.1595842005035273] [-2.6429839602143903:2.382055881756965] [-4.2635255301398001:3.9686905648157995] [-1.3528221801484426:6.5918383951596073] [-1.684257380619687:1.6380072776429317] [-3.6385384652484531:2.1931744619394742] [-1.4887777767622539:5.264620752337497] [-2.4772073732754909:2.1476097335438284] [-2.6098308619235464:2.4682594076517028] [-1.4356127277030515:3.9095209510408022] [-2.846659814316912:2.6032107306292822] [-1.615880069476167:1.6243082347934008] [-1.8327330481714692:1.8031774210551454] [-0.99854382375016593:0.75916351109453295] [-1.0424574897194145:0.77187181580746556] [-0.99854382375016559:0.75916351109453295] [-2.2928805988341145:1.6626050077639423] [-4.0512562775497871:4.1200967057753806] [-3.3397359824307271:2.2995766075267738] [-2.3797304871563782:2.6141671584995678] [-2.2545590475341157:1.615329225142742] [-2.2287987036267616:1.5856761775053339] [-3.3625953711656247:2.0131964013051244] [-1.8254332073132487:1.4123923680300721] [-1.1571948408016619:3.6198183935771193] [-3.8071648298018368:4.3655450566645335] [-3.7989141341870138:4.5797905611185303] [-3.1270348518795097:3.3019523476956945] [-3.299100171824195:3.5192619773680951] [-2.0456872246081161:2.1137059508610423] [-2.2846920644586235:2.2701721601268305] [-1.7483212312348768:1.7650962410212283] [-1.8136822257277838:1.8542728824525709] [-1.4972669840171824:3.7181657587718733] [-1.4924192913629342:5.0975292080749313] [-1.4330675622244615:3.7958458074506582] [-1.122176753918031:2.9390600410126728] [-1.7357902712560842:1.4425714857271108] [-2.012239330194967:1.6832100494516753] [-1.7272610532069195:13.810261574784453] [-174.69055477045242:155.9670343670154] [-387.86930704686404:128.11990838682581] [-307.73195507563162:72.227340959435708] [-1.36458561764273:2.8844037139043124] [-2.0030549420766715:2.0269726889060466] [-1.1783317773358042:9.0596367643554014] [-4.8934205086380258:4.4497953780575505] [-8.9892914113562128:6.6587761596358073] [-1:1] [-0.83333333333333337:1] [0:1] [0:1]
tree_sizes=777 787 786 784 791 780 884 790 874 869 879 789 879 793 877 789 874 607 886 791 882 880 789 793 607 695 787 609 702 608 888 891 702 791 789 701 879 606 700 793 700 863 883 885 703 787 884 885 705 790 870 890 797 881 698 797 882 799 883 786 694 800 889 883 884 696 798 890 703 878 884 800 787 797 889 707 786 795 887 799

Tree=0
num_leaves=7
num_cat=0
split_feature=35 5 10 53 25 28
split_gain=0.0698029 0.0537655 0.0635175 0.0494387 0.0446562 0.0185191
threshold=1.156882102586948 1.0576493431022691 -0.3284319543046107 0.58333333333333337 1.0905791124295698 0.54489018984152049
decision_type=2 2 2 2 2 2
left_child=1 3 -3 -1 5 -2
right_child=4 2 -4 -5 -6 -7
leaf_value=-0.0051238798019060056 -0.0061245865462998105 -0.0079770957028021151 -0.0054824431355591421 -0.0045810984165114829 -0.0049958690947078848 -0.0074229355643264071
leaf_weight=1480 39 20 89 328 37 32
leaf_count=1480 39 20 89 328 37 32
internal_value=-0.00513317 -0.00507742 -0.00594018 -0.00502541 -0.00612259 -0.00670976
internal_weight=2025 1917 109 1808 108 71
internal_count=2025 1917 109 1808 108 71
is_linear=0
shrinkage=1


Tree=1
num_leaves=7
num_cat=0
split_feature=35 46 40 40 25 53
split_gain=0.0649151 0.0480969 0.0691707 0.0649666 0.0378706 0.0123743
threshold=1.2339894091565233 -0.5332834447331144 -0.77236936581323834 1.5493452025941277 1.0159273403335034 -1.0000000180025095e-35
decision_type=2 2 2 2 2 2
left_child=1 3 -3 -1 5 -2
right_child=4 2 -4 -5 -6 -7
leaf_value=0.00054198646685091963 -0.0012584531058867773 -0.0010919032090970753 8.6316454508588973e-06 -0.0010702179075980729 -9.2039042725585986e-05 -0.0025193720133975151
leaf_weight=439 33 98 1352 44 39 20
leaf_count=439 33 98 1352 44 39 20
internal_value=1.27125e-11 4.94081e-05 -6.57493e-05 0.000395119 -0.00103811 -0.00173427
internal_weight=2025 1933 1450 483 92 53
internal_count=2025 1933 1450 483 92 53
is_linear=0
shrinkage=0.04


Tree=2
num_leaves=7
num_cat=0
split_feature=35 5 10 53 25 53
split_gain=0.0598258 0.0457218 0.0602639 0.0468868 0.0349015 0.0114042
threshold=1.2339894091565233 1.0576493431022691 -0.3284319543046107 0.58333333333333337 1.0159273403335034 -1.0000000180025095e-35
decision_type=2 2 2 2 2 2
left_child=1 3 -3 -1 5 -2
right_child=4 2 -4 -5 -6 -7
leaf_value=1.3854790033967162e-06 -0.0012081149457530541 -0.0027182425698265432 -0.00030677947712001225 0.00052971508571140362 -8.8357479096605224e-05 -0.0024185972129926086
leaf_weight=1488 33 20 97 328 39 20
leaf_count=1488 33 20 97 328 39 20
internal_value=5.12964e-13 4.74318e-05 -0.000718995 9.68107e-05 -0.000996583 -0.0016649
internal_weight=2025 1933 117 1816 92 53
internal_count=2025 1933 117 1816 92 53
is_linear=0
shrinkage=0.04


Tree=3
num_leaves=7
num_cat=0
split_feature=35 46 5 40 25 53
split_gain=0.0551354 0.0446471 0.0637905 0.0596042 0.0321652 0.0105101
threshold=1.2339894091565233 -0.5332834447331144 1.0329008224020433 1.5493452025941277 1.0159273403335034 -1.0000000180025095e-35
decision_type=2 2 2 2 2 2
left_child=1 3 -3 -1 5 -2
right_child=4 2 -4 -5 -6 -7
leaf_value=0.00051929213006658248 -0.0011597903648560698 -7.0205917921934031e-06 -0.001270806210397034 -0.0010249432599679991 -8.4823181804938194e-05 -0.0023218532763421536
leaf_weight=439 33 1383 67 44 39 20
leaf_count=439 33 1383 67 44 39 20
internal_value=-2.24299e-12 4.55345e-05 -6.54162e-05 0.000378616 -0.00095672 -0.0015983
internal_weight=2025 1933 1450 483 92 53
internal_count=2025 1933 1450 483 92 53
is_linear=0
shrinkage=0.04


Tree=4
num_leaves=7
num_cat=0
split_feature=35 36 46 25 53 53
split_gain=0.0508128 0.0432299 0.0475317 0.0296435 0.0242679 0.00968612
threshold=1.2339894091565233 -1.2493755842629601 -0.5332834447331144 1.0159273403335034 -1.0000000180025095e-35 -1.0000000180025095e-35
decision_type=2 2 2 2 2 2
left_child=1 4 -3 5 -1 -2
right_child=3 2 -4 -5 -6 -7
leaf_value=0.0014243929947895758 -0.0011133987423399406 0.00034916682596871582 -0.00011646872732394427 -8.1430251429526082e-05 5.2313862234410463e-05 -0.0022289792653173209
leaf_weight=55 33 471 1374 39 33 20
leaf_count=55 33 471 1374 39 33 20
internal_value=-3.82913e-12 4.37131e-05 2.40084e-06 -0.000918451 0.000909863 -0.00153437
internal_weight=2025 1933 1845 92 88 53
internal_count=2025 1933 1845 92 88 53
is_linear=0
shrinkage=0.04


Tree=5
num_leaves=7
num_cat=0
split_feature=35 5 10 14 24 28
split_gain=0.047022 0.0433364 0.0788908 0.0483249 0.0341407 0.0183979
threshold=1.156882102586948 1.0168225451100372 -0.3284319543046107 1.2499937270011627 1.1190663132481429 0.54489018984152049
decision_type=2 2 2 2 2 2
left_child=1 3 -3 -1 5 -2
right_child=4 2 -4 -5 -6 -7
leaf_value=5.1500419862149163e-05 -0.00077335464384470311 -0.0027952519573433243 -0.00019216384273022414 0.0010821895756127657 0.00023712925475967282 -0.0020579691026359798
leaf_weight=1720 44 23 98 76 34 30
leaf_count=1720 44 23 98 76 34 30
internal_value=-2.19428e-12 4.57508e-05 -0.000686966 9.51153e-05 -0.000812077 -0.00129414
internal_weight=2025 1917 121 1796 108 74
internal_count=2025 1917 121 1796 108 74
is_linear=0
shrinkage=0.04


Tree=6
num_leaves=8
num_cat=0
split_feature=36 46 53 11 44 39 40
split_gain=0.0448334 0.0970669 0.0902682 0.0761958 0.0377013 0.0580668 0.0265776
threshold=0.097589049748318266 0.086352270655703292 -0.74999999999999989 -0.31957699705548176 -2.3056168213256703 0.93927425943438791 0.12492135842389653
decision_type=2 2 2 2 2 2 2
left_child=4 2 -2 -3 6 -6 -1
right_child=1 3 -4 -5 5 -7 -8
leaf_value=0.00019768835616890679 0.0017903668425666788 6.8582789549096067e-05 -2.6420143448202069e-05 -0.0011270131527772753 0.00024357446210575572 -0.00053548674585862438 0.0015276499533639202
leaf_weight=44 48 132 495 241 824 188 53
leaf_count=44 48 132 495 241 824 188 53
internal_value=-1.00785e-11 -0.000207093 0.00013418 -0.000703907 0.000171053 9.88477e-05 0.000924368
internal_weight=2025 916 543 373 1109 1012 97
internal_count=2025 916 543 373 1109 1012 97
is_linear=0
shrinkage=0.04


Tree=7
num_leaves=7
num_cat=0
split_feature=36 53 53 47 53 14
split_gain=0.0439332 0.0480141 0.0723095 0.0417008 0.0222209 0.00798883
threshold=-1.2493755842629601 0.58333333333333337 0.25000000000000006 1.3897936652491067 -1.0000000180025095e-35 -0.75239705525917155
decision_type=2 2 2 2 2 2
left_child=4 2 -2 -3 5 -1
right_child=1 3 -4 -5 -6 -7
leaf_value=0.00077603685918306423 1.404299163894778e-05 0.0004818628047003734 -0.00062725142111883783 -0.0013146084424277599 5.3527366835623981e-05 0.0017600813711231406
leaf_weight=22 1205 343 367 22 33 33
leaf_count=22 1205 343 367 22 33 33
internal_value=-5.47763e-12 -3.97119e-05 -0.000135674 0.000373582 0.000874112 0.00136646
internal_weight=2025 1937 1572 365 88 55
internal_count=2025 1937 1572 365 88 55
is_linear=0
shrinkage=0.04


Tree=8
num_leaves=8
num_cat=0
split_feature=35 36 46 53 53 26 41
split_gain=0.0416549 0.0370015 0.0419459 0.0280688 0.0204788 0.00823185 0.00709211
threshold=1.261641880054895 -1.2493755842629601 -0.5332834447331144 -0.58333333333333315 -1.0000000180025095e-35 0.2124358002625146 0.46543947361260934
decision_type=2 2 2 2 2 2 2
left_child=1 4 -3 5 -1 -2 -5
right_child=3 2 -4 6 -6 -7 -8
leaf_value=0.0013118050216951154 -0.0006741784840984189 0.00032428983103353502 -0.0001118956800077512 -0.0010818128378596156 5.1386295112245011e-05 0.0004354152879677713 -0.0021342956984326954
leaf_weight=55 23 474 1379 20 33 20 21
leaf_count=55 23 474 1379 20 33 20 21
internal_value=-2.31508e-12 3.77405e-05 -3.18814e-07 -0.000872075 0.000839148 -0.000158088 -0.00162089
internal_weight=2025 1941 1853 84 88 43 41
internal_count=2025 1941 1853 84 88 43 41
is_linear=0
shrinkage=0.04


Tree=9
num_leaves=8
num_cat=0
split_feature=35 14 5 26 53 26 41
split_gain=0.0383892 0.0343495 0.0554344 0.0403526 0.0258682 0.00758647 0.00653609
threshold=1.261641880054895 1.2499937270011627 1.0576493431022691 -0.30883229678545915 -0.58333333333333315 0.2124358002625146 0.46543947361260934
decision_type=2 2 2 2 2 2 2
left_child=1 2 -1 -3 5 -2 -6
right_child=4 3 -4 -5 6 -7 -8
leaf_value=3.9408122074996968e-05 -0.00064721133964865108 0.0017903391099409075 -0.0010572876979584819 0.00020198736974130755 -0.0010385403558539111 0.00041799867991358045 -0.0020489238238050825
leaf_weight=1744 23 37 77 83 20 20 21
leaf_count=1744 23 37 77 83 20 20 21
internal_value=8.04035e-12 3.62309e-05 -6.96507e-06 0.000691729 -0.000837192 -0.000151765 -0.00155605
internal_weight=2025 1941 1821 120 84 43 41
internal_count=2025 1941 1821 120 84 43 41
is_linear=0
shrinkage=0.04


Tree=10
num_leaves=8
num_cat=0
split_feature=36 46 53 11 44 39 37
split_gain=0.0369271 0.08604 0.0816068 0.06919 0.0343629 0.0569425 0.0244645
threshold=0.097589049748318266 0.086352270655703292 -0.74999999999999989 -0.31957699705548176 -2.3056168213256703 0.93927425943438791 1.3072886522517153
decision_type=2 2 2 2 2 2 2
left_child=4 2 -2 -3 6 -6 -1
right_child=1 3 -4 -5 5 -7 -8
leaf_value=0.00053037840351462359 0.0017080832477222429 8.0428174626307958e-05 -1.934424149592153e-05 -0.0010588779843787187 0.00022962405361574641 -0.00054185843734229182 0.0020473304069177668
leaf_weight=75 48 132 495 241 824 188 22
leaf_count=75 48 132 495 241 824 188 22
internal_value=2.14341e-12 -0.000187948 0.000133357 -0.000655692 0.000155239 8.63052e-05 0.000874429
internal_weight=2025 916 543 373 1109 1012 97
internal_count=2025 916 543 373 1109 1012 97
is_linear=0
shrinkage=0.04


Tree=11
num_leaves=7
num_cat=0
split_feature=36 53 53 47 53 14
split_gain=0.0372415 0.0433856 0.0670178 0.0365339 0.018625 0.00705121
threshold=-1.2493755842629601 0.58333333333333337 0.25000000000000006 1.3897936652491067 -1.0000000180025095e-35 -0.75239705525917155
decision_type=2 2 2 2 2 2
left_child=4 2 -2 -3 5 -1
right_child=1 3 -4 -5 -6 -7
leaf_value=0.00070085279558869927 1.6352391959490698e-05 0.00045765714184058635 -0.0006010309480668658 -0.0012238398854705422 5.3531655223306384e-05 0.0016253485920077022
leaf_weight=22 1205 343 367 22 33 33
leaf_count=22 1205 343 367 22 33 33
internal_value=3.0633e-12 -3.65626e-05 -0.000127782 0.000356307 0.000804793 0.00125555
internal_weight=2025 1937 1572 365 88 55
internal_count=2025 1937 1572 365 88 55
is_linear=0
shrinkage=0.04


Tree=12
num_leaves=8
num_cat=0
split_feature=45 53 35 36 35 40 25
split_gain=0.0350668 0.0409879 0.154347 0.0456907 0.0332666 0.0404923 0.0314013
threshold=-1.2360388923670851 -0.74999999999999989 0.53869786446478674 1.1220300181461493 -0.14974276344626106 1.4477877793139404 -0.5046304883433701
decision_type=2 2 2 2 2 2 2
left_child=4 2 -2 -3 6 -6 -1
right_child=1 3 -4 -5 5 -7 -8
leaf_value=0.00041940488414062813 -0.00055445275297500644 -6.191462402361741e-05 0.0020714365933386107 -0.00088250781895003771 0.00031832962000259647 -0.0016102176060376222 0.0018556455945278087
leaf_weight=60 83 1506 63 117 135 20 41
leaf_count=60 83 1506 63 117 135 20 41
internal_value=-1.33809e-12 -6.33216e-05 0.000578636 -0.00012107 0.000437562 6.94848e-05 0.00100243
internal_weight=2025 1769 146 1623 256 155 101
internal_count=2025 1769 146 1623 256 155 101
is_linear=0
shrinkage=0.04


Tree=13
num_leaves=7
num_cat=0
split_feature=36 53 53 47 53 14
split_gain=0.0342509 0.0401165 0.0608947 0.0336504 0.0170093 0.00656256
threshold=-1.2493755842629601 0.58333333333333337 0.25000000000000006 1.3897936652491067 -1.0000000180025095e-35 -0.75239705525917155
decision_type=2 2 2 2 2 2
left_child=4 2 -2 -3 5 -1
right_child=1 3 -4 -5 -6 -7
leaf_value=0.00066743318012661549 1.4613059694256586e-05 0.00043998241004379298 -0.00057389097355419708 -0.0011737923484972932 5.3866954492122841e-05 0.0015593201102632466
leaf_weight=22 1205 343 367 22 33 33
leaf_count=22 1205 343 367 22 33 33
internal_value=-6.06668e-12 -3.50639e-05 -0.000122779 0.000342714 0.000771803 0.00120257
internal_weight=2025 1937 1572 365 88 55
internal_count=2025 1937 1572 365 88 55
is_linear=0
shrinkage=0.04


Tree=14
num_leaves=8
num_cat=0
split_feature=45 53 35 36 47 10 8
split_gain=0.0321773 0.0376866 0.142246 0.041723 0.0313134 0.0271202 0.0162339
threshold=-1.2360388923670851 -0.74999999999999989 0.53869786446478674 1.1220300181461493 -0.16279558958167042 0.81220881872821871 -0.14060453577285789
decision_type=2 2 2 2 2 2 2
left_child=4 2 -2 -3 6 -6 -1
right_child=1 3 -4 -5 5 -7 -8
leaf_value=0.0018475703278492237 -0.00053285916021699646 -5.9502046916914141e-05 0.0019879946036500825 -0.00084365653743993286 0.00039097431551953643 -0.00079990852528657671 0.00063913255428854859
leaf_weight=29 83 1506 63 117 142 39 46
leaf_count=29 83 1506 63 117 142 39 46
internal_value=4.6998e-12 -6.06566e-05 0.000554907 -0.000116031 0.000419147 0.000134375 0.0011064
internal_weight=2025 1769 146 1623 256 181 75
internal_count=2025 1769 146 1623 256 181 75
is_linear=0
shrinkage=0.04


Tree=15
num_leaves=7
num_cat=0
split_feature=36 53 53 47 53 14
split_gain=0.0315812 0.0372304 0.0553851 0.03085 0.015576 0.00597923
threshold=-1.2493755842629601 0.58333333333333337 0.25000000000000006 1.3897936652491067 -1.0000000180025095e-35 -0.75239705525917155
decision_type=2 2 2 2 2 2
left_child=4 2 -2 -3 5 -1
right_child=1 3 -4 -5 -6 -7
leaf_value=0.00064253213138065551 1.2858703102773012e-05 0.00042339850676486283 -0.00054839123760816975 -0.0011217681818049062 5.409235177053647e-05 0.0014938573288082175
leaf_weight=22 1205 343 367 22 33 33
leaf_count=22 1205 343 367 22 33 33
internal_value=-6.31765e-12 -3.36696e-05 -0.000118171 0.000330265 0.000741114 0.00115333
internal_weight=2025 1937 1572 365 88 55
internal_count=2025 1937 1572 365 88 55
is_linear=0
shrinkage=0.04


Tree=16
num_leaves=8
num_cat=0
split_feature=46 13 40 46 53 28 40
split_gain=0.0309287 0.050967 0.0492151 0.155645 0.0752071 0.0414107 0.0331672
threshold=-0.55726359411970727 1.8856463856570442 -0.76004750546579969 1.2105570611219423 -0.74999999999999989 1.5612147910442198 1.5493452025941277
decision_type=2 2 2 2 2 2 2
left_child=1 5 3 -2 -4 -1 -3
right_child=2 6 4 -5 -6 -7 -8
leaf_value=0.00032903755720953677 -0.001730336211229198 4.67514094931108e-05 0.0010018248158015029 0.0017032853573411039 -0.00010543215067094899 0.0020737271917902907 -0.0019969239140239857
leaf_weight=406 86 27 106 28 1325 23 24
leaf_count=406 86 27 106 28 1325 23 24
internal_value=-2.74875e-12 0.000280461 -8.71334e-05 -0.000886991 -2.34131e-05 0.000422576 -0.000914978
internal_weight=2025 480 1545 114 1431 429 51
internal_count=2025 480 1545 114 1431 429 51
is_linear=0
shrinkage=0.04


Tree=17
num_leaves=5
num_cat=0
split_feature=47 35 28 53
split_gain=0.0297321 0.057688 0.0435933 0.0409686
threshold=1.8027001950074808 0.66089445875108044 2.1652093632209772 0.58333333333333337
decision_type=2 2 2 2
left_child=2 -2 3 -1
right_child=1 -3 -4 -5
leaf_value=-0.00013684774308385432 -0.00015244495544222092 0.0025628310441970824 0.0014167356152426113 0.00033700332245948809
leaf_weight=1582 31 21 33 358
leaf_count=1582 31 21 33 358
internal_value=-3.2127e-12 0.000944109 -2.48827e-05 -4.94051e-05
internal_weight=2025 52 1973 1940
internal_count=2025 52 1973 1940
is_linear=0
shrinkage=0.04


Tree=18
num_leaves=8
num_cat=0
split_feature=36 46 38 53 13 53 47
split_gain=0.0293506 0.0771594 0.0625471 0.0618285 0.0296053 0.0830422 0.0421388
threshold=0.097589049748318266 0.086352270655703292 -0.1006554155461948 -0.74999999999999989 0.98373218936056073 -1.0000000180025095e-35 -0.34098454121440969
decision_type=2 2 2 2 2 2 2
left_child=4 3 -3 -2 6 -6 -1
right_child=1 2 -4 -5 5 -7 -8
leaf_value=0.00064934658635955702 0.001507391536627741 -0.0012048887920035165 -0.00015911654082131311 3.795485829492335e-06 0.00031471405578706638 -0.001345053559052758 5.5917440532241017e-05
leaf_weight=276 48 161 212 495 132 76 625
leaf_count=276 48 161 212 495 132 76 625
internal_value=5.96629e-14 -0.000167561 -0.000610509 0.00013671 0.000138401 -0.000291739 0.0002377
internal_weight=2025 916 373 543 1109 208 901
internal_count=2025 916 373 543 1109 208 901
is_linear=0
shrinkage=0.04


Tree=19
num_leaves=7
num_cat=0
split_feature=36 40 53 47 41 14
split_gain=0.0290848 0.0339025 0.127553 0.0407171 0.0130693 0.00640556
threshold=-1.2493755842629601 0.63067066625664892 -1.0000000180025095e-35 1.8027001950074808 -0.44804675634197705 -0.56091760800029944
decision_type=2 2 2 2 2 2
left_child=4 3 -3 -2 5 -1
right_child=1 2 -4 -5 -6 -7
leaf_value=0.00045384803645150818 2.6310983269825648e-05 0.00034596683067345132 -0.0010010317703320955 0.0013700622828626955 -0.00013309723274274306 0.0012808608278892066
leaf_weight=23 1450 222 228 37 22 43
leaf_count=23 1450 222 228 37 22 43
internal_value=2.12259e-12 -3.23115e-05 -0.000336512 5.97466e-05 0.00071122 0.000992659
internal_weight=2025 1937 450 1487 88 66
internal_count=2025 1937 450 1487 88 66
is_linear=0
shrinkage=0.04


Tree=20
num_leaves=8
num_cat=0
split_feature=36 40 53 14 13 36 40
split_gain=0.0280321 0.0445668 0.0713187 0.0440433 0.0399696 0.0225487 0.00824674
threshold=-0.6438770082946218 0.48776001800412516 -1.0000000180025095e-35 0.4615873304574416 0.20202845963045438 -1.4063283774653983 0.38714590361729234
decision_type=2 2 2 2 2 2 2
left_child=3 4 -3 5 -2 -1 -5
right_child=1 2 -4 6 -6 -7 -8
leaf_value=0.0009271300982006571 -8.414962803223281e-05 0.00012803293809710765 -0.0010014736138553801 0.00072266301477050526 0.0004657518700589134 -4.2515232266547774e-05 0.0014989131925309577
leaf_weight=44 963 169 190 47 271 300 41
leaf_count=44 963 169 190 47 271 300 41
internal_value=1.04971e-12 -7.75014e-05 -0.000469756 0.000285786 3.66148e-05 8.15092e-05 0.00108433
internal_weight=2025 1593 359 432 1234 344 88
internal_count=2025 1593 359 432 1234 344 88
is_linear=0
shrinkage=0.04


Tree=21
num_leaves=8
num_cat=0
split_feature=45 14 25 26 35 40 53
split_gain=0.0274628 0.0301848 0.0498401 0.0343942 0.028323 0.0317365 0.0274843
threshold=-1.2360388923670851 1.2499937270011627 0.44909884821050666 -0.40555922588260523 -0.14974276344626106 1.4477877793139404 -0.74999999999999989
decision_type=2 2 2 2 2 2 2
left_child=4 2 -2 -3 6 -6 -1
right_child=1 3 -4 -5 5 -7 -8
leaf_value=-0.00041947469317528885 3.3198614386985084e-05 0.0017899564012934985 -0.00046264341771555328 0.00017814978205829047 0.00026790026274371752 -0.001439452021601028 0.0012363172896827262
leaf_weight=20 1211 28 443 87 135 20 81
leaf_count=20 1211 28 443 87 135 20 81
internal_value=-5.47583e-14 -5.60371e-05 -9.96055e-05 0.00057059 0.000387225 4.75967e-05 0.000908438
internal_weight=2025 1769 1654 115 256 155 101
internal_count=2025 1769 1654 115 256 155 101
is_linear=0
shrinkage=0.04


Tree=22
num_leaves=7
num_cat=0
split_feature=35 46 40 13 25 28
split_gain=0.026377 0.0258047 0.0522816 0.0471668 0.0229622 0.00593721
threshold=1.2339894091565233 -0.5332834447331144 -0.76004750546579969 1.8856463856570442 1.0159273403335034 0.42775388891383059
decision_type=2 2 2 2 2 2
left_child=1 3 -3 -1 5 -2
right_child=4 2 -4 -5 -6 -7
leaf_value=0.00042053329258730324 -0.00083312262749920293 -0.00088302933186891355 1.6636567503775599e-05 -0.00086571474230903039 7.4947634741711692e-05 -0.0016873324949942207
leaf_weight=432 30 112 1338 51 39 23
leaf_count=432 30 112 1338 51 39 23
internal_value=2.09174e-12 3.14948e-05 -5.28549e-05 0.000284718 -0.000661732 -0.00120382
internal_weight=2025 1933 1450 483 92 53
internal_count=2025 1933 1450 483 92 53
is_linear=0
shrinkage=0.04


Tree=23
num_leaves=7
num_cat=0
split_feature=53 53 11 46 5 42
split_gain=0.0255619 0.0450636 0.040571 0.0367081 0.0275099 0.0263567
threshold=0.58333333333333337 0.25000000000000006 -0.73992860358504919 0.089402168622979325 1.0329008224020433 1.0635010673829246
decision_type=2 2 2 2 2 2
left_child=1 3 -3 -1 5 -2
right_child=4 2 -4 -5 -6 -7
leaf_value=0.00025161416651499824 0.00052799888290511296 0.00028012509587785209 -0.0006855633571754956 -0.00017703031296612006 -0.00071627612568830185 -0.00077660117762948016
leaf_weight=668 301 92 286 613 38 27
leaf_count=668 301 92 286 613 38 27
internal_value=4.56032e-12 -6.67516e-05 -0.000450528 4.64939e-05 0.000302571 0.000420608
internal_weight=2025 1659 378 1281 366 328
internal_count=2025 1659 378 1281 366 328
is_linear=0
shrinkage=0.04


Tree=24
num_leaves=5
num_cat=0
split_feature=47 35 28 28
split_gain=0.0257399 0.053715 0.0358041 0.0337031
threshold=1.8027001950074808 0.66089445875108044 2.1652093632209772 0.65027993442018672
decision_type=2 2 2 2
left_child=2 -2 3 -1
right_child=1 -3 -4 -5
leaf_value=3.6909639474358234e-05 -0.00017967826897098173 0.0024404274938361987 0.0012833392529776602 -0.00038317943598591039
leaf_weight=1560 31 21 33 380
leaf_count=1560 31 21 33 380
internal_value=-8.46383e-13 0.000878441 -2.3152e-05 -4.53758e-05
internal_weight=2025 52 1973 1940
internal_count=2025 52 1973 1940
is_linear=0
shrinkage=0.04


Tree=25
num_leaves=6
num_cat=0
split_feature=14 5 53 36 25
split_gain=0.0252266 0.0434651 0.0618018 0.0460671 0.00205341
threshold=1.64968798742182 1.0576493431022691 -1.0000000180025095e-35 1.1542491909843682 0.74340956578777018
decision_type=2 2 2 2 2
left_child=1 3 -3 -1 -2
right_child=4 2 -4 -5 -6
leaf_value=6.6433584865562901e-05 0.00056423948323797613 0.00051631890849660671 -0.0014728371737595036 -0.00088678439071073259 0.0010765212513281094
leaf_weight=1777 21 38 73 85 31
leaf_count=1777 21 38 73 85 31
internal_value=-6.25732e-14 -2.292e-05 -0.000791865 2.29193e-05 0.000869638
internal_weight=2025 1973 111 1862 52
internal_count=2025 1973 111 1862 52
is_linear=0
shrinkage=0.04


Tree=26
num_leaves=7
num_cat=0
split_feature=44 8 14 5 26 53
split_gain=0.0248425 0.0287225 0.0277556 0.0468816 0.030299 0.0187878
threshold=1.6228119429197314 0.85379905048082538 1.2050891806222417 1.0576493431022691 -0.3530403468513908 -1.0000000180025095e-35
decision_type=2 2 2 2 2 2
left_child=2 5 3 -1 -4 -2
right_child=1 -3 4 -5 -6 -7
leaf_value=-4.5287954120533756e-05 0.00096701700662229139 -0.00091288484653215046 0.0016807607521436045 -0.0010748864289839607 0.00019683573523932477 0.00014984823707934648
leaf_weight=1616 97 23 28 74 103 84
leaf_count=1616 97 23 28 74 103 84
internal_value=1.1224e-12 0.000418586 -4.68927e-05 -9.0371e-05 0.000514011 0.000587778
internal_weight=2025 204 1821 1690 131 181
internal_count=2025 204 1821 1690 131 181
is_linear=0
shrinkage=0.04


Tree=27
num_leaves=5
num_cat=0
split_feature=47 35 28 53
split_gain=0.0245837 0.0488786 0.0315484 0.0331893
threshold=1.8027001950074808 0.66089445875108044 2.1652093632209772 0.58333333333333337
decision_type=2 2 2 2
left_child=2 -2 3 -1
right_child=1 -3 -4 -5
leaf_value=-0.00012219124401163854 -0.00015087538853197568 0.0023484942387966886 0.0012037644543769685 0.00030430468409185627
leaf_weight=1582 31 21 33 358
leaf_count=1582 31 21 33 358
internal_value=-1.06511e-12 0.000858485 -2.26261e-05 -4.34874e-05
internal_weight=2025 52 1973 1940
internal_count=2025 52 1973 1940
is_linear=0
shrinkage=0.04


Tree=28
num_leaves=6
num_cat=0
split_feature=36 46 13 40 5
split_gain=0.0239689 0.026387 0.0475789 0.0392145 0.00876863
threshold=-1.4063283774653983 -0.55726359411970727 1.8856463856570442 -0.76004750546579969 -0.89191716851731662
decision_type=2 2 2 2 2
left_child=4 2 -2 -3 -1
right_child=1 3 -4 -5 -6
leaf_value=0.00135998683464196 0.00037132756916644907 -0.00081697712299820416 -0.00095660868178432188 -4.5194851425583257e-05 0.00027016664500392621
leaf_weight=27 429 114 48 1386 21
leaf_count=27 429 114 48 1386 21
internal_value=-7.75545e-13 -2.14432e-05 0.000237699 -0.00010385 0.000883191
internal_weight=2025 1977 477 1500 48
internal_count=2025 1977 477 1500 48
is_linear=0
shrinkage=0.04


Tree=29
num_leaves=5
num_cat=0
split_feature=47 35 28 53
split_gain=0.0230898 0.0450644 0.0291653 0.0310089
threshold=1.8027001950074808 0.66089445875108044 2.1652093632209772 0.58333333333333337
decision_type=2 2 2 2
left_child=2 -2 3 -1
right_child=1 -3 -4 -5
leaf_value=-0.00011806053154542784 -0.00013718613618684392 0.0022626857672418867 0.0011572334754534743 0.00029418834681523828
leaf_weight=1582 31 21 33 358
leaf_count=1582 31 21 33 358
internal_value=1.40012e-12 0.000831993 -2.19278e-05 -4.19857e-05
internal_weight=2025 52 1973 1940
internal_count=2025 52 1973 1940
is_linear=0
shrinkage=0.04


Tree=30
num_leaves=8
num_cat=0
split_feature=45 47 40 53 28 10 8
split_gain=0.0224832 0.0285798 0.0277903 0.0668249 0.0424554 0.022333 0.0146825
threshold=-1.2360388923670851 -0.16279558958167042 0.63067066625664892 -1.0000000180025095e-35 -0.31643743494114607 0.81220881872821871 -0.14060453577285789
decision_type=2 2 2 2 2 2 2
left_child=1 6 4 -4 -2 -3 -1
right_child=2 5 3 -5 -6 -7 -8
leaf_value=0.0017118013496028968 -0.00024005532042889596 0.00031116054511329196 0.00018150157063991996 -0.00081156943940777844 0.00022158078747056513 -0.00076951835447779072 0.00056255581242072841
leaf_weight=29 526 142 211 223 809 39 46
leaf_count=29 526 142 211 223 809 39 46
internal_value=-3.44372e-12 0.000350365 -5.07029e-05 -0.000328763 3.96927e-05 7.83071e-05 0.00100693
internal_weight=2025 256 1769 434 1335 181 75
internal_count=2025 256 1769 434 1335 181 75
is_linear=0
shrinkage=0.04


Tree=31
num_leaves=8
num_cat=0
split_feature=36 14 40 53 10 14 28
split_gain=0.0223365 0.0350421 0.034216 0.0561217 0.0364617 0.0200238 0.00693752
threshold=-0.6438770082946218 0.4615873304574416 0.48776001800412516 -1.0000000180025095e-35 -0.22288877386368028 -0.36103906839751515 -0.42128576482866914
decision_type=2 2 2 2 2 2 2
left_child=1 5 4 -4 -2 -1 -3
right_child=2 6 3 -5 -6 -7 -8
leaf_value=0.00036932739210897124 -0.00018803625976530834 0.0015825367261740296 0.00011740823377946051 -0.00088455660098483546 0.00024683444581547381 -0.00024128818455079718 0.00076233588977519303
leaf_weight=177 613 22 169 190 621 167 66
leaf_count=177 613 22 169 190 621 167 66
internal_value=-3.84602e-13 0.000255106 -6.91813e-05 -0.00041288 3.08087e-05 7.28948e-05 0.000967386
internal_weight=2025 432 1593 359 1234 344 88
internal_count=2025 432 1593 359 1234 344 88
is_linear=0
shrinkage=0.04


Tree=32
num_leaves=6
num_cat=0
split_feature=36 46 13 40 12
split_gain=0.0217208 0.0229842 0.043416 0.0369578 0.00791529
threshold=-1.4063283774653983 -0.55726359411970727 1.8856463856570442 -0.77236936581323834 -1.160138226324299
decision_type=2 2 2 2 2
left_child=4 2 -2 -3 -1
right_child=1 3 -4 -5 -6
leaf_value=0.0014485194068402053 0.00034909278569764205 -0.0008402254309155978 -0.00091941928481295077 -4.4258765499554487e-05 0.0004066338040865958
leaf_weight=20 429 100 48 1400 28
leaf_count=20 429 100 48 1400 28
internal_value=-3.68613e-13 -2.04128e-05 0.000221444 -9.73232e-05 0.000840753
internal_weight=2025 1977 477 1500 48
internal_count=2025 1977 477 1500 48
is_linear=0
shrinkage=0.04


Tree=33
num_leaves=7
num_cat=0
split_feature=44 8 26 47 44 53
split_gain=0.0213014 0.0257257 0.0237752 0.0321378 0.0301115 0.0165766
threshold=1.6228119429197314 0.85379905048082538 1.1012869256471258 0.77427798470365261 -1.3643438382724702 -1.0000000180025095e-35
decision_type=2 2 2 2 2 2
left_child=2 5 4 -4 -1 -2
right_child=1 -3 3 -5 -6 -7
leaf_value=0.00041427269251299159 0.00090395305780981931 -0.0008724905182000088 -0.0013876044845415486 0.00053949155262671415 -7.9437051396219669e-05 0.00013637569992126721
leaf_weight=227 97 23 45 20 1529 84
leaf_count=227 97 23 45 20 1529 84
internal_value=1.15858e-12 0.000387606 -4.34221e-05 -0.000794652 -1.56147e-05 0.000547729
internal_weight=2025 204 1821 65 1756 181
internal_count=2025 204 1821 65 1756 181
is_linear=0
shrinkage=0.04


Tree=34
num_leaves=7
num_cat=0
split_feature=35 10 5 14 25 15
split_gain=0.0209038 0.0224821 0.0563156 0.0332561 0.0223172 0.0105433
threshold=1.156882102586948 -0.21159857674195584 1.0168225451100372 -0.15701159546789051 1.0905791124295698 0.82315612267254734
decision_type=2 2 2 2 2 2
left_child=1 2 -1 -3 5 -2
right_child=4 3 -4 -5 -6 -7
leaf_value=-6.2775135588946532e-05 -0.001293951835129216 -8.3945686966036597e-05 -0.0017054987281028714 0.00034568380316852892 0.00025506907595774614 -0.00025237176941869698
leaf_weight=726 48 549 35 607 37 23
leaf_count=726 48 549 35 607 37 23
internal_value=-2.54138e-13 3.05043e-05 -0.000138327 0.000141647 -0.000541451 -0.000956539
internal_weight=2025 1917 761 1156 108 71
internal_count=2025 1917 761 1156 108 71
is_linear=0
shrinkage=0.04


Tree=35
num_leaves=6
num_cat=0
split_feature=47 35 25 13 26
split_gain=0.0212101 0.0415965 0.0275972 0.0635169 0.034243
threshold=1.8027001950074808 0.66089445875108044 0.40839793525933782 0.44927294058108658 1.1012869256471258
decision_type=2 2 2 2 2
left_child=2 -2 4 -4 -1
right_child=1 -3 3 -5 -6
leaf_value=0.00011966487037631675 -0.00013373296570798923 0.0021719490909682853 -0.00055839027052034481 0.00030976518061742828 -0.00084217407079713964
leaf_weight=1322 31 21 380 209 62
leaf_count=1322 31 21 380 209 62
internal_value=-2.38382e-12 0.000797408 -2.10163e-05 -0.000250335 7.65767e-05
internal_weight=2025 52 1973 589 1384
internal_count=2025 52 1973 589 1384
is_linear=0
shrinkage=0.04


Tree=36
num_leaves=8
num_cat=0
split_feature=53 53 11 46 13 5 47
split_gain=0.0199017 0.0367178 0.0362846 0.0303655 0.0223572 0.0418005 0.0136765
threshold=0.58333333333333337 0.25000000000000006 -0.73992860358504919 0.089402168622979325 0.09165872073075422 1.0329008224020433 -0.31993518778616598
decision_type=2 2 2 2 2 2 2
left_child=1 3 -3 -1 5 -2 -6
right_child=4 2 -4 -5 6 -7 -8
leaf_value=0.00022988285156555751 0.00023129344024108397 0.00028565829326196213 -0.00062759280519928773 -0.00015997515058583243 0.0016369505353213754 -0.0016247879847304874 0.000517270604946134
leaf_weight=668 257 92 286 613 24 21 64
leaf_count=668 257 92 286 613 24 21 64
internal_value=-1.84856e-12 -5.88993e-05 -0.00040532 4.33232e-05 0.000266978 9.10859e-05 0.000822638
internal_weight=2025 1659 378 1281 366 278 88
internal_count=2025 1659 378 1281 366 278 88
is_linear=0
shrinkage=0.04


Tree=37
num_leaves=5
num_cat=0
split_feature=47 35 28 28
split_gain=0.0199401 0.0381696 0.0250685 0.028124
threshold=1.8027001950074808 0.66089445875108044 2.1652093632209772 0.65027993442018672
decision_type=2 2 2 2
left_child=2 -2 3 -1
right_child=1 -3 -4 -5
leaf_value=3.619368518132386e-05 -0.00011879455515994661 0.0020898713036495748 0.001072835869748484 -0.00034755368515892006
leaf_weight=1560 31 21 33 380
leaf_count=1560 31 21 33 380
internal_value=-7.94638e-13 0.000773167 -2.03774e-05 -3.89733e-05
internal_weight=2025 52 1973 1940
internal_count=2025 52 1973 1940
is_linear=0
shrinkage=0.04


Tree=38
num_leaves=6
num_cat=0
split_feature=36 53 53 13 12
split_gain=0.0197682 0.0212404 0.0364268 0.0210843 0.00739274
threshold=-1.4063283774653983 0.58333333333333337 0.25000000000000006 0.09165872073075422 -1.160138226324299
decision_type=2 2 2 2 2
left_child=4 2 -2 -3 -1
right_child=1 3 -4 -5 -6
leaf_value=0.0013894348405301571 2.1739459513348592e-05 8.4705710818630474e-05 -0.00043084959325388197 0.00079543625040307887 0.00038252802865047542
leaf_weight=20 1243 277 369 88 28
leaf_count=20 1243 277 369 88 28
internal_value=8.93559e-13 -1.94737e-05 -8.18619e-05 0.00025606 0.000802073
internal_weight=2025 1977 1612 365 48
internal_count=2025 1977 1612 365 48
is_linear=0
shrinkage=0.04


Tree=39
num_leaves=7
num_cat=0
split_feature=44 8 14 5 26 53
split_gain=0.0193183 0.0229552 0.0221159 0.0368105 0.0260444 0.0149656
threshold=1.6228119429197314 0.85379905048082538 1.2050891806222417 1.0576493431022691 -0.59598394259232979 -1.0000000180025095e-35
decision_type=2 2 2 2 2 2
left_child=2 5 3 -1 -4 -2
right_child=1 -3 4 -5 -6 -7
leaf_value=-4.0213895573729267e-05 0.00085885036782632808 -0.00082118879679752427 0.0017501607812231495 -0.00095254548332131652 0.00021290344726929275 0.00012952523400253129
leaf_weight=1616 97 23 21 74 110 84
leaf_count=1616 97 23 21 74 110 84
internal_value=-1.18449e-12 0.000369124 -4.13516e-05 -8.01621e-05 0.000459334 0.000520379
internal_weight=2025 204 1821 1690 131 181
internal_count=2025 204 1821 1690 131 181
is_linear=0
shrinkage=0.04


Tree=40
num_leaves=6
num_cat=0
split_feature=47 35 25 13 42
split_gain=0.0185379 0.0353012 0.0239651 0.0566389 0.0337849
threshold=1.8027001950074808 0.66089445875108044 0.40839793525933782 0.44927294058108658 0.96768802233911355
decision_type=2 2 2 2 2
left_child=2 -2 4 -4 -1
right_child=1 -3 3 -5 -6
leaf_value=4.3419547128411877e-05 -0.00011230528459794099 0.0020117515804512162 -0.00052424241513807297 0.00029556184472782432 0.0014723721488068501
leaf_weight=1357 31 21 380 209 27
leaf_count=1357 31 21 380 209 27
internal_value=3.12902e-13 0.000745487 -1.96479e-05 -0.000233344 7.12965e-05
internal_weight=2025 52 1973 589 1384
internal_count=2025 52 1973 589 1384
is_linear=0
shrinkage=0.04


Tree=41
num_leaves=8
num_cat=0
split_feature=36 47 5 41 39 40 2
split_gain=0.0181947 0.034583 0.0250379 0.0346091 0.028846 0.0186943 0.0118097
threshold=1.1220300181461493 1.024555667618126 1.0576493431022691 0.84385756040066695 2.4456346950482817 0.45690273247437302 0.97757131889999516
decision_type=2 2 2 2 2 2 2
left_child=2 6 4 -4 -1 -3 -2
right_child=1 5 3 -5 -6 -7 -8
leaf_value=4.1900733886036972e-05 -0.0012627308893064825 0.0011741726911471536 -0.0012006708138555258 0.00034715805791692172 0.001155822424487652 -0.00036013376105714726 -0.00017684469761496238
leaf_weight=1758 59 24 59 38 38 27 22
leaf_count=1758 59 24 59 38 38 27 22
internal_value=-1.13189e-12 -0.000454054 3.16615e-05 -0.000594305 6.54692e-05 0.000361893 -0.000967799
internal_weight=2025 132 1893 97 1796 51 81
internal_count=2025 132 1893 97 1796 51 81
is_linear=0
shrinkage=0.04


Tree=42
num_leaves=8
num_cat=0
split_feature=28 10 47 40 37 53 40
split_gain=0.0180909 0.0274829 0.0382236 0.0317548 0.0255178 0.0146471 0.0126513
threshold=-0.73946268880654087 -0.21159857674195584 1.8027001950074808 -0.26484334500421669 -0.38628426520333808 0.25000000000000006 -0.12754724050259755
decision_type=2 2 2 2 2 2 2
left_child=4 2 -2 -3 6 -6 -1
right_child=1 3 -4 -5 5 -7 -8
leaf_value=0.00037118890896792816 -0.00030295677895519137 0.00051666477008530738 0.0012335844220662559 -1.6611767358927415e-05 0.00039777880075317546 -0.0010173762664198876 0.0012541849270185574
leaf_weight=58 638 218 27 990 22 25 47
leaf_count=58 638 218 27 990 22 25 47
internal_value=-6.82862e-14 -3.40589e-05 -0.000240571 7.96252e-05 0.000419687 -0.000354963 0.000766435
internal_weight=2025 1873 665 1208 152 47 105
internal_count=2025 1873 665 1208 152 47 105
is_linear=0
shrinkage=0.04


Tree=43
num_leaves=8
num_cat=0
split_feature=53 53 28 46 46 40 45
split_gain=0.0177076 0.0300319 0.0318746 0.0283941 0.0203973 0.0407664 0.00883741
threshold=0.58333333333333337 0.25000000000000006 -0.73298279745762807 0.089402168622979325 -0.63059690263395651 -0.65822731912929389 1.2473708375098944
decision_type=2 2 2 2 2 2 2
left_child=1 3 -3 -1 6 -6 -2
right_child=4 2 -4 -5 5 -7 -8
leaf_value=0.00021729281393136315 0.0005737086010509908 0.00051192992815880909 -0.00052203551104714548 -0.00015969765213334121 -0.00067913575985032739 0.00038892438435615749 0.0015446137120015918
leaf_weight=668 60 56 322 613 79 207 20
leaf_count=668 60 56 322 613 79 207 20
internal_value=-3.35567e-12 -5.55578e-05 -0.000368855 3.68907e-05 0.000251832 9.39008e-05 0.000816435
internal_weight=2025 1659 378 1281 366 286 80
internal_count=2025 1659 378 1281 366 286 80
is_linear=0
shrinkage=0.04


Tree=44
num_leaves=6
num_cat=0
split_feature=36 41 53 48 12
split_gain=0.0179069 0.0214798 0.0513195 0.0393093 0.00670731
threshold=-1.4063283774653983 -0.30724000248707845 -0.74999999999999989 0.077923912389840352 -1.160138226324299
decision_type=2 2 2 2 2
left_child=4 3 -3 -2 -1
right_child=1 2 -4 -5 -6
leaf_value=0.001322849176824093 -8.6093475420341784e-05 0.00084929578722597312 -5.6984857160223134e-06 -0.0010076799409135299 0.0003637563774827868
leaf_weight=20 575 124 1193 85 28
leaf_count=20 575 124 1193 85 28
internal_value=1.44121e-12 -1.85342e-05 7.48021e-05 -0.000204783 0.000763378
internal_weight=2025 1977 1317 660 48
internal_count=2025 1977 1317 660 48
is_linear=0
shrinkage=0.04


Tree=45
num_leaves=7
num_cat=0
split_feature=44 8 40 15 13 36
split_gain=0.017137 0.020631 0.0206231 0.0708536 0.036319 0.0133723
threshold=1.6228119429197314 0.85379905048082538 0.63067066625664892 0.58820034192727877 0.054340836238347463 0.67277645111039508
decision_type=2 2 2 2 2 2
left_child=2 5 4 -4 -1 -2
right_child=1 -3 3 -5 -6 -7
leaf_value=-0.0001104313954633176 0.0006318667661098222 -0.00078078580736790017 -6.5189056272360133e-05 -0.0014850458697500556 0.00032298451481867544 -0.00034841202985262497
leaf_weight=905 155 23 380 66 470 26
leaf_count=905 155 23 380 66 470 26
internal_value=1.32586e-12 0.00034766 -3.8947e-05 -0.000275302 3.7718e-05 0.000491053
internal_weight=2025 204 1821 446 1375 181
internal_count=2025 204 1821 446 1375 181
is_linear=0
shrinkage=0.04


Tree=46
num_leaves=8
num_cat=0
split_feature=45 47 40 53 28 10 8
split_gain=0.01698 0.025697 0.0223186 0.04724 0.0337267 0.0197959 0.0135054
threshold=-1.2360388923670851 -0.16279558958167042 0.63067066625664892 -1.0000000180025095e-35 -0.31643743494114607 0.81220881872821871 -0.14060453577285789
decision_type=2 2 2 2 2 2 2
left_child=1 6 4 -4 -2 -3 -1
right_child=2 5 3 -5 -6 -7 -8
leaf_value=0.0016030794940888882 -0.00021239129350404586 0.00026573732235423016 0.00013577378051652313 -0.00069918684973699905 0.00019906177055143776 -0.00075170566877111409 0.00050086442138189862
leaf_weight=29 526 142 211 223 809 39 46
leaf_count=29 526 142 211 223 809 39 46
internal_value=-2.00003e-13 0.000304481 -4.40629e-05 -0.00029325 3.69462e-05 4.65093e-05 0.000927054
internal_weight=2025 256 1769 434 1335 181 75
internal_count=2025 256 1769 434 1335 181 75
is_linear=0
shrinkage=0.04


Tree=47
num_leaves=8
num_cat=0
split_feature=28 28 35 40 36 44 4
split_gain=0.0174428 0.0353129 0.0624332 0.0356619 0.0283934 0.0177535 0.0103618
threshold=-0.67659074975213696 -0.39789866285920594 -0.098131262457344687 -0.84519321802475211 0.45515229017421693 0.19377060167538204 -0.13796723992967677
decision_type=2 2 2 2 2 2 2
left_child=4 2 -2 -3 5 -1 -6
right_child=1 3 -4 -5 6 -7 -8
leaf_value=0.000934628831536168 0.0003180291022790857 0.0012665009356380716 -0.00085703086795877999 9.0357140110776126e-06 0.00025402638881297956 5.6565227414780412e-05 -0.00085379303466262557
leaf_weight=101 114 37 198 1460 22 58 35
leaf_count=101 114 37 198 1460 22 58 35
internal_value=1.18255e-12 -4.05661e-05 -0.000427682 4.01153e-05 0.000339741 0.000614329 -0.000426214
internal_weight=2025 1809 312 1497 216 159 57
internal_count=2025 1809 312 1497 216 159 57
is_linear=0
shrinkage=0.04


Tree=48
num_leaves=6
num_cat=0
split_feature=36 41 53 10 12
split_gain=0.0163646 0.0201569 0.0456114 0.0369926 0.00605101
threshold=-1.4063283774653983 -0.30724000248707845 -0.74999999999999989 0.85822410898956025 -1.160138226324299
decision_type=2 2 2 2 2
left_child=4 3 -3 -2 -1
right_child=1 2 -4 -5 -6
leaf_value=0.0012611585967242716 -6.8623866342192792e-05 0.00080285010418734714 -3.1932144464744599e-06 -0.00089055489384918477 0.0003501963642026697
leaf_weight=20 556 124 1193 104 28
leaf_count=20 556 124 1193 104 28
internal_value=-2.1226e-13 -1.77181e-05 7.26985e-05 -0.00019814 0.000729764
internal_weight=2025 1977 1317 660 48
internal_count=2025 1977 1317 660 48
is_linear=0
shrinkage=0.04


Tree=49
num_leaves=7
num_cat=0
split_feature=36 40 25 14 40 28
split_gain=0.0166534 0.0319208 0.0305445 0.0275923 0.0196655 0.00586206
threshold=-0.6438770082946218 1.693856396276548 -0.31492179366641138 0.4615873304574416 1.4671992958650224 -0.42128576482866914
decision_type=2 2 2 2 2 2
left_child=3 2 -2 4 -1 -5
right_child=1 -3 -4 5 -6 -7
leaf_value=-6.4671392640359385e-05 -0.00039011877521225903 -0.0012722098465789767 5.4558824172377855e-05 0.0014177857881242579 0.00080065958453722462 0.00066383457806130702
leaf_weight=295 308 34 1251 22 49 66
leaf_count=295 308 34 1251 22 49 66
internal_value=-1.01342e-13 -5.97355e-05 -3.32928e-05 0.000220275 5.8588e-05 0.000852322
internal_weight=2025 1593 1559 432 344 88
internal_count=2025 1593 1559 432 344 88
is_linear=0
shrinkage=0.04


Tree=50
num_leaves=8
num_cat=0
split_feature=36 47 5 41 39 41 53
split_gain=0.0165701 0.0298388 0.0216146 0.0310568 0.0270046 0.0160345 0.0101845
threshold=1.1220300181461493 1.024555667618126 1.0576493431022691 0.84385756040066695 2.4456346950482817 0.54528641567502778 -1.0000000180025095e-35
decision_type=2 2 2 2 2 2 2
left_child=2 6 4 -4 -1 -3 -2
right_child=1 5 3 -5 -6 -7 -8
leaf_value=3.882270185807125e-05 -0.00049921125776811756 0.0011389185293492945 -0.0011257915237871141 0.00034045310568456592 0.0011166043660456413 -0.00029314728429167663 -0.0013996333927167831
leaf_weight=1758 44 22 59 38 38 29 37
leaf_count=1758 44 22 59 38 38 29 37
internal_value=-2.87553e-13 -0.000433309 3.02149e-05 -0.000551386 6.16265e-05 0.000324607 -0.000910515
internal_weight=2025 132 1893 97 1796 51 81
internal_count=2025 132 1893 97 1796 51 81
is_linear=0
shrinkage=0.04


Tree=51
num_leaves=8
num_cat=0
split_feature=45 47 40 53 40 36 13
split_gain=0.0159796 0.0232335 0.0205972 0.042133 0.0316105 0.0192233 0.00607276
threshold=-1.2360388923670851 -0.32695780497968818 0.63067066625664892 -1.0000000180025095e-35 -0.64318849699052894 -0.35591969664884898 0.47071003149921586
decision_type=2 2 2 2 2 2 2
left_child=1 6 4 -4 -2 -3 -1
right_child=2 5 3 -5 -6 -7 -8
leaf_value=0.00070612311363220219 -0.00038932629279864569 0.00064311716527513723 0.00012304072627001574 -0.00066549693456393634 0.00012434426519588305 -0.0001836652268175932 0.0015798697313293814
leaf_weight=35 232 68 211 223 1103 133 20
leaf_count=35 232 68 211 223 1103 133 20
internal_value=-1.43572e-12 0.000295376 -4.27452e-05 -0.00028213 3.50772e-05 9.60422e-05 0.00102385
internal_weight=2025 256 1769 434 1335 201 55
internal_count=2025 256 1769 434 1335 201 55
is_linear=0
shrinkage=0.04


Tree=52
num_leaves=7
num_cat=0
split_feature=53 13 42 40 33 40
split_gain=0.0161152 0.0253934 0.0660852 0.04958 0.0197942 0.0164384
threshold=0.58333333333333337 -0.55938692670119006 0.21130031316814293 -0.26484334500421669 1.1982596883807826 0.086088897760988867
decision_type=2 2 2 2 2 2
left_child=1 2 -1 -3 5 -2
right_child=4 3 -4 -5 -6 -7
leaf_value=-0.00094410457381745804 0.00016478697039407376 0.00048149946835453764 0.00044672311895505289 -0.00010768668765934804 -0.00082351290119382051 0.00081493552456178315
leaf_weight=150 258 286 86 1137 26 82
leaf_count=150 258 286 86 1137 26 82
internal_value=1.07799e-12 -5.30009e-05 -0.000437278 1.07302e-05 0.000240242 0.000321588
internal_weight=2025 1659 236 1423 366 340
internal_count=2025 1659 236 1423 366 340
is_linear=0
shrinkage=0.04


Tree=53
num_leaves=8
num_cat=0
split_feature=28 28 25 40 36 44 46
split_gain=0.0163275 0.032648 0.0556093 0.036992 0.0260681 0.0156682 0.00993183
threshold=-0.67659074975213696 -0.41805529384462969 0.59961169319230334 -0.84519321802475211 0.45515229017421693 0.19377060167538204 -0.49586065439145482
decision_type=2 2 2 2 2 2 2
left_child=4 2 -2 -3 5 -1 -6
right_child=1 3 -4 -5 6 -7 -8
leaf_value=0.0008927054427873048 -0.00024736017305314399 0.0012350155481253751 -0.0021234961778723769 2.2766513851775045e-06 0.00028609906572715511 6.7819154797250345e-05 -0.00080849021556787196
leaf_weight=101 260 40 28 1481 21 58 36
leaf_count=101 260 40 28 1481 21 58 36
internal_value=-1.00158e-12 -3.92478e-05 -0.000429762 3.46958e-05 0.0003287 0.000591804 -0.00040522
internal_weight=2025 1809 288 1521 216 159 57
internal_count=2025 1809 288 1521 216 159 57
is_linear=0
shrinkage=0.04


Tree=54
num_leaves=6
num_cat=0
split_feature=14 5 53 39 45
split_gain=0.0156149 0.0252777 0.0418665 0.0285946 0.00193252
threshold=1.64968798742182 1.0576493431022691 -1.0000000180025095e-35 2.4456346950482817 -0.37156293417134284
decision_type=2 2 2 2 2
left_child=1 3 -3 -1 -2
right_child=4 2 -4 -5 -6
leaf_value=-4.4530867138999295e-06 0.00087697310449129872 0.00047228490725453745 -0.0011649147110468108 0.0011662969945224605 0.00037574754119850697
leaf_weight=1828 32 38 73 34 20
leaf_count=1828 32 38 73 34 20
internal_value=-9.69036e-13 -1.80325e-05 -0.000604432 1.69247e-05 0.000684194
internal_weight=2025 1973 111 1862 52
internal_count=2025 1973 111 1862 52
is_linear=0
shrinkage=0.04


Tree=55
num_leaves=7
num_cat=0
split_feature=36 41 53 24 41 14
split_gain=0.0151397 0.0217011 0.0530855 0.0482533 0.0100277 0.00498141
threshold=-1.2063356615517582 -0.28042988953080933 -0.74999999999999989 0.50271115268162447 -0.44804675634197705 -0.56091760800029944
decision_type=2 2 2 2 2 2
left_child=4 3 -3 -2 5 -1
right_child=1 2 -4 -5 -6 -7
leaf_value=0.00024778730568609066 -0.00015277794144884056 0.00087083366514707457 -1.3031483238878179e-05 -0.0021487722573801877 -0.00026703436089598614 0.00090735875052522935
leaf_weight=28 624 120 1157 20 23 53
leaf_count=28 624 120 1157 20 23 53
internal_value=5.60507e-13 -2.54483e-05 7.00255e-05 -0.000214765 0.00047006 0.000679359
internal_weight=2025 1921 1277 644 104 81
internal_count=2025 1921 1277 644 104 81
is_linear=0
shrinkage=0.04


Tree=56
num_leaves=8
num_cat=0
split_feature=28 28 25 40 36 53 10
split_gain=0.0153165 0.0327675 0.0533708 0.0335504 0.0242467 0.013771 0.0097164
threshold=-0.65673811565306195 -0.41805529384462969 0.59961169319230334 -0.84519321802475211 0.59865558532727603 -0.24999999999999997 -0.52220701206337139
decision_type=2 2 2 2 2 2 2
left_child=4 2 -2 -3 5 -1 -6
right_child=1 3 -4 -5 6 -7 -8
leaf_value=0.0014420593465151992 -0.00025792913507594138 0.0011758603082271293 -0.0021317650129397711 1.8665235527720887e-06 -0.0010188477867748588 0.0003936224538632908 6.6081732012597584e-05
leaf_weight=23 245 40 27 1481 25 156 28
leaf_count=23 245 40 27 1481 25 156 28
internal_value=9.22106e-13 -3.95714e-05 -0.000443935 3.27408e-05 0.000305826 0.000528338 -0.000445677
internal_weight=2025 1793 272 1521 232 179 53
internal_count=2025 1793 272 1521 232 179 53
is_linear=0
shrinkage=0.04


Tree=57
num_leaves=7
num_cat=0
split_feature=53 53 11 46 42 40
split_gain=0.014873 0.0241501 0.0288046 0.0251523 0.0180558 0.0213165
threshold=0.58333333333333337 0.25000000000000006 -0.73992860358504919 0.089402168622979325 1.0635010673829246 -0.53992604466245531
decision_type=2 2 2 2 2 2
left_child=1 3 -3 -1 5 -2
right_child=4 2 -4 -5 -6 -7
leaf_value=0.00020177699319814737 -5.0248002631584265e-05 0.0002837854609116102 -0.00052990585921732771 -0.00015304037175081642 -0.00076471458672097443 0.00058929594738454027
leaf_weight=668 148 92 286 613 27 191
leaf_count=668 148 92 286 613 27 191
internal_value=-1.00724e-12 -5.09171e-05 -0.000331865 3.19854e-05 0.000230797 0.000310085
internal_weight=2025 1659 378 1281 366 339
internal_count=2025 1659 378 1281 366 339
is_linear=0
shrinkage=0.04


Tree=58
num_leaves=8
num_cat=0
split_feature=28 10 47 40 37 53 25
split_gain=0.0145697 0.0228275 0.0326921 0.0266065 0.0209273 0.0127923 0.0104442
threshold=-0.73946268880654087 -0.21159857674195584 1.8027001950074808 -0.26484334500421669 -0.38628426520333808 0.25000000000000006 -0.27775855855586756
decision_type=2 2 2 2 2 2 2
left_child=4 2 -2 -3 6 -6 -1
right_child=1 3 -4 -5 5 -7 -8
leaf_value=2.9089718924037051e-05 -0.00027647087768957912 0.00047308979022487425 0.0011445494485950029 -1.5046946171148164e-05 0.00037858164858665662 -0.00094393780082464211 0.00093121592811529544
leaf_weight=28 638 218 27 990 22 25 77
leaf_count=28 638 218 27 990 22 25 77
internal_value=1.25864e-12 -3.05651e-05 -0.000218775 7.3044e-05 0.000376635 -0.000324886 0.000690649
internal_weight=2025 1873 665 1208 152 47 105
internal_count=2025 1873 665 1208 152 47 105
is_linear=0
shrinkage=0.04


Tree=59
num_leaves=7
num_cat=0
split_feature=44 26 41 44 8 36
split_gain=0.0142731 0.0180013 0.024719 0.0241458 0.0174496 0.011638
threshold=1.6228119429197314 1.1012869256471258 0.44321076972366857 -0.82399813949801326 0.85379905048082538 0.67277645111039508
decision_type=2 2 2 2 2 2
left_child=1 3 -3 -1 5 -2
right_child=4 2 -4 -5 -6 -7
leaf_value=0.00028754103252748417 0.0005805223929064889 -0.0018183266545557194 -0.00015032693870704284 -8.49560675454559e-05 -0.0007205148757961781 -0.00033398163200427705
leaf_weight=347 155 21 44 1409 23 26
leaf_count=347 155 21 44 1409 23 26
internal_value=1.93478e-13 -3.5544e-05 -0.000689219 -1.13476e-05 0.000317282 0.000449157
internal_weight=2025 1821 65 1756 204 181
internal_count=2025 1821 65 1756 204 181
is_linear=0
shrinkage=0.04


Tree=60
num_leaves=6
num_cat=0
split_feature=14 5 42 36 45
split_gain=0.0141808 0.0231041 0.0387207 0.0270492 0.00170309
threshold=1.64968798742182 1.0576493431022691 0.5460767018010132 1.1542491909843682 -0.37156293417134284
decision_type=2 2 2 2 2
left_child=1 3 -3 -1 -2
right_child=4 2 -4 -5 -6
leaf_value=4.9579741484722723e-05 0.00083299201884074142 -0.0017779524209383393 -0.00011274922324810177 -0.00068084290834582041 0.00036245811608387159
leaf_weight=1777 32 31 80 85 20
leaf_count=1777 32 31 80 85 20
internal_value=-1.2718e-12 -1.71844e-05 -0.000577806 1.62361e-05 0.000652017
internal_weight=2025 1973 111 1862 52
internal_count=2025 1973 111 1862 52
is_linear=0
shrinkage=0.04


Tree=61
num_leaves=7
num_cat=0
split_feature=53 13 42 40 33 40
split_gain=0.0138423 0.0229252 0.0567055 0.0434929 0.0175772 0.0143833
threshold=0.58333333333333337 -0.55938692670119006 0.21130031316814293 -0.26484334500421669 1.1982596883807826 0.086088897760988867
decision_type=2 2 2 2 2 2
left_child=1 2 -1 -3 5 -2
right_child=4 3 -4 -5 -6 -7
leaf_value=-0.00088372847966772196 0.00015263933772780724 0.00045235732351095979 0.00040462140784447279 -9.9476276172472242e-05 -0.00077975759712549365 0.00076079159395814669
leaf_weight=150 258 286 86 1137 26 82
leaf_count=150 258 286 86 1137 26 82
internal_value=-2.29238e-14 -4.91213e-05 -0.000414245 1.14334e-05 0.000222656 0.000299311
internal_weight=2025 1659 236 1423 366 340
internal_count=2025 1659 236 1423 366 340
is_linear=0
shrinkage=0.04


Tree=62
num_leaves=8
num_cat=0
split_feature=28 28 36 40 36 44 10
split_gain=0.0140063 0.0293238 0.0515478 0.0263112 0.0222439 0.012542 0.00898487
threshold=-0.65673811565306195 -0.39789866285920594 0.097589049748318266 -0.84519321802475211 0.59865558532727603 0.29922846222637495 -0.52220701206337139
decision_type=2 2 2 2 2 2 2
left_child=4 2 -2 -3 5 -1 -6
right_child=1 3 -4 -5 6 -7 -8
leaf_value=0.00074035185084600627 0.00011564018369312337 0.0010874929298989701 -0.00094029734973346104 7.3939673953421719e-06 -0.00097851565376622595 2.8068082115092019e-05 6.4773883579099289e-05
leaf_weight=120 151 37 145 1460 25 59 28
leaf_count=120 151 37 145 1460 25 59 28
internal_value=-4.08819e-13 -3.78411e-05 -0.000401627 3.40898e-05 0.000292453 0.000505577 -0.000427344
internal_weight=2025 1793 296 1497 232 179 53
internal_count=2025 1793 296 1497 232 179 53
is_linear=0
shrinkage=0.04


Tree=63
num_leaves=8
num_cat=0
split_feature=36 41 10 53 13 41 45
split_gain=0.0139117 0.0199556 0.0386521 0.0364933 0.00929277 0.00955524 0.00450324
threshold=-1.2063356615517582 -0.30724000248707845 0.85822410898956025 -0.74999999999999989 1.2497807135821002 -0.79769414325637344 0.41901753121678081
decision_type=2 2 2 2 2 2 2
left_child=4 2 -2 -3 6 -6 -1
right_child=1 3 -4 -5 5 -7 -8
leaf_value=0.0011411588825285435 -8.4407949619459964e-05 0.0007168945979191771 -0.00099874669362433506 -4.4099380112589573e-06 0.00055627565911930542 -0.00063918724469840525 0.00045147258139243633
leaf_weight=28 529 124 86 1182 23 20 33
leaf_count=28 529 124 86 1182 23 20 33
internal_value=7.77683e-13 -2.43944e-05 -0.000212267 6.40753e-05 0.000450593 2.46402e-07 0.00076805
internal_weight=2025 1921 615 1306 104 43 61
internal_count=2025 1921 615 1306 104 43 61
is_linear=0
shrinkage=0.04


Tree=64
num_leaves=8
num_cat=0
split_feature=45 47 40 35 40 36 13
split_gain=0.0135268 0.0207274 0.0186271 0.0928595 0.0440747 0.0172787 0.00579538
threshold=-1.2360388923670851 -0.32695780497968818 -0.64318849699052894 0.6330961367333402 -0.26484334500421669 -0.57370609279879237 0.47071003149921586
decision_type=2 2 2 2 2 2 2
left_child=1 6 3 -2 -4 -3 -1
right_child=2 5 4 -5 -6 -7 -8
leaf_value=0.00064944266421454293 -0.00065152475378107164 0.00070322670468638817 0.0004255537722021899 0.001929320153221488 -9.9602659094449319e-05 -0.00013844801831952724 0.0015030010703485459
leaf_weight=35 207 53 324 25 1213 148 20
leaf_count=35 207 53 324 25 1213 148 20
internal_value=-9.80907e-14 0.000271763 -3.9328e-05 -0.000373416 1.11005e-05 8.34861e-05 0.000959828
internal_weight=2025 256 1769 232 1537 201 55
internal_count=2025 256 1769 232 1537 201 55
is_linear=0
shrinkage=0.04


Tree=65
num_leaves=6
num_cat=0
split_feature=14 5 53 39 45
split_gain=0.0133344 0.0211328 0.0360605 0.0262327 0.00154785
threshold=1.64968798742182 1.0576493431022691 -1.0000000180025095e-35 2.4456346950482817 -0.37156293417134284
decision_type=2 2 2 2 2
left_child=1 3 -3 -1 -2
right_child=4 2 -4 -5 -6
leaf_value=-5.1767106103887543e-06 0.00080478886462515226 0.0004464378786322318 -0.001073003116570898 0.0011161800425136736 0.00035621239285683263
leaf_weight=1828 32 38 73 34 20
leaf_count=1828 32 38 73 34 20
internal_value=-1.06017e-12 -1.66637e-05 -0.000552834 1.52992e-05 0.000632259
internal_weight=2025 1973 111 1862 52
internal_count=2025 1973 111 1862 52
is_linear=0
shrinkage=0.04


Tree=66
num_leaves=7
num_cat=0
split_feature=53 13 42 40 42 40
split_gain=0.0132513 0.0209248 0.0502368 0.038184 0.0161973 0.0182297
threshold=0.58333333333333337 -0.55938692670119006 0.21130031316814293 -0.26484334500421669 1.0635010673829246 -0.53992604466245531
decision_type=2 2 2 2 2 2
left_child=1 2 -1 -3 5 -2
right_child=4 3 -4 -5 -6 -7
leaf_value=-0.000838785657317688 -4.0275780712191425e-05 0.00042292939439970203 0.0003738549489766186 -9.4129230435509669e-05 -0.00072503355780133489 0.00055115273524831835
leaf_weight=150 148 286 86 1137 27 191
leaf_count=150 148 286 86 1137 27 191
internal_value=-1.80808e-13 -4.80612e-05 -0.000396891 9.7912e-06 0.000217851 0.000292948
internal_weight=2025 1659 236 1423 366 339
internal_count=2025 1659 236 1423 366 339
is_linear=0
shrinkage=0.04


Tree=67
num_leaves=8
num_cat=0
split_feature=28 28 36 37 36 10 4
split_gain=0.0135925 0.0263865 0.0474841 0.0235047 0.0211902 0.0124357 0.00819949
threshold=-0.65673811565306195 -0.39789866285920594 0.097589049748318266 -0.75650665165079445 0.59865558532727603 -0.59651585623742387 -0.13796723992967677
decision_type=2 2 2 2 2 2 2
left_child=4 2 -2 -3 5 -1 -6
right_child=1 3 -4 -5 6 -7 -8
leaf_value=0.00088871902022510778 0.00011409681189392033 -0.00054321033193703463 -0.00089936559484942412 7.4709253044710408e-05 0.00022464054758893328 0.00021298703603231565 -0.0008017658164802318
leaf_weight=75 151 106 145 1391 20 104 33
leaf_count=75 151 106 145 1391 20 104 33
internal_value=2.04868e-13 -3.72778e-05 -0.000382363 3.09554e-05 0.0002881 0.000496115 -0.000414443
internal_weight=2025 1793 296 1497 232 179 53
internal_count=2025 1793 296 1497 232 179 53
is_linear=0
shrinkage=0.04


Tree=68
num_leaves=6
num_cat=0
split_feature=36 41 46 10 12
split_gain=0.0132487 0.0150589 0.0355786 0.0311329 0.00537652
threshold=-1.4063283774653983 -0.30724000248707845 -0.23255340122662202 0.85822410898956025 -1.160138226324299
decision_type=2 2 2 2 2
left_child=4 3 -3 -2 -1
right_child=1 2 -4 -5 -6
leaf_value=0.0011575279934040736 -5.3071491748472285e-05 0.0003507872604613011 -8.757333995259717e-05 -0.00080710017727911841 0.00029883668595825192
leaf_weight=20 556 450 867 104 28
leaf_count=20 556 450 867 104 28
internal_value=3.42922e-13 -1.59423e-05 6.22082e-05 -0.000171888 0.000656625
internal_weight=2025 1977 1317 660 48
internal_count=2025 1977 1317 660 48
is_linear=0
shrinkage=0.04


Tree=69
num_leaves=8
num_cat=0
split_feature=44 4 47 40 53 40 13
split_gain=0.0128232 0.0168299 0.0225668 0.0195668 0.0157543 0.0241689 0.0100107
threshold=1.6228119429197314 1.127431594473155 0.99803845465680607 -0.64318849699052894 -1.0000000180025095e-35 -0.51794119553066142 1.6211057826467579
decision_type=2 2 2 2 2 2 2
left_child=1 3 -3 -1 6 -6 -2
right_child=4 2 -4 -5 5 -7 -8
leaf_value=-0.00035518975123724191 0.00042409971359776074 -0.0011319491465466706 0.00027586528734336127 4.3762774511185017e-05 0.0011163296559382053 -0.00042353175956857941 0.0013480204716324806
leaf_weight=226 86 49 29 1517 21 73 24
leaf_count=226 86 49 29 1517 21 73 24
internal_value=6.52249e-13 -3.36904e-05 -0.000608531 -7.96601e-06 0.000300736 -7.95202e-05 0.000625682
internal_weight=2025 1821 78 1743 204 94 110
internal_count=2025 1821 78 1743 204 94 110
is_linear=0
shrinkage=0.04


Tree=70
num_leaves=8
num_cat=0
split_feature=28 28 36 40 36 44 4
split_gain=0.0125517 0.0241763 0.0449028 0.0233946 0.0197518 0.0116987 0.00973502
threshold=-0.65673811565306195 -0.39789866285920594 -0.56632676732553577 -0.84519321802475211 0.45515229017421693 0.29922846222637495 -0.13796723992967677
decision_type=2 2 2 2 2 2 2
left_child=4 2 -2 -3 5 -1 -6
right_child=1 3 -4 -5 6 -7 -8
leaf_value=0.00072205647742614538 0.00097921726762849304 0.0010227953199913877 -0.00054654971286752598 4.3180101368568716e-06 0.00028632088626181942 1.0289339762594965e-05 -0.00074807526021440694
leaf_weight=117 35 37 261 1460 24 54 37
leaf_count=117 35 37 261 1460 24 54 37
internal_value=-1.00516e-13 -3.58222e-05 -0.000366138 2.94908e-05 0.00027685 0.000497288 -0.0003411
internal_weight=2025 1793 296 1497 232 171 61
internal_count=2025 1793 296 1497 232 171 61
is_linear=0
shrinkage=0.04


Tree=71
num_leaves=7
num_cat=0
split_feature=53 53 11 46 33 45
split_gain=0.0122131 0.0201268 0.0244415 0.0214625 0.0155445 0.0123415
threshold=0.58333333333333337 0.25000000000000006 -0.73992860358504919 0.089402168622979325 1.1982596883807826 0.064862592992863857
decision_type=2 2 2 2 2 2
left_child=1 3 -3 -1 5 -2
right_child=4 2 -4 -5 -6 -7
leaf_value=0.00018638643756668113 6.0640134716507151e-05 0.00026449071109274646 -0.00048504626009836336 -0.00014137390809941766 -0.00073352876405876418 0.00054451271475315275
leaf_weight=668 185 92 286 613 26 155
leaf_count=668 185 92 286 613 26 155
internal_value=-1.23172e-12 -4.61399e-05 -0.000302619 2.95425e-05 0.000209142 0.000281229
internal_weight=2025 1659 378 1281 366 340
internal_count=2025 1659 378 1281 366 340
is_linear=0
shrinkage=0.04


Tree=72
num_leaves=7
num_cat=0
split_feature=14 25 41 42 26 39
split_gain=0.0119949 0.0250509 0.0384999 0.0285684 0.0189851 0.012893
threshold=1.2050891806222417 0.44909884821050666 -0.63995517996738338 0.96768802233911355 -0.59598394259232979 1.3061843727668092
decision_type=2 2 2 2 2 2
left_child=1 3 -3 -1 -2 -6
right_child=4 2 -4 -5 5 -7
leaf_value=3.3916743125055976e-05 0.0013562564729712903 -0.0019903182408306749 -0.00019868517262597849 0.0013026753957543907 0.00033436997688534719 -0.00078303057886660102
leaf_weight=1362 25 20 474 29 95 20
leaf_count=1362 25 20 474 29 95 20
internal_value=9.9898e-13 -2.6531e-05 -0.000271221 6.03682e-05 0.000357221 0.000140039
internal_weight=2025 1885 494 1391 140 115
internal_count=2025 1885 494 1391 140 115
is_linear=0
shrinkage=0.04


Tree=73
num_leaves=7
num_cat=0
split_feature=45 35 41 47 40 42
split_gain=0.0118038 0.0211371 0.0225246 0.0186733 0.0291467 0.0129543
threshold=-0.9528152047641717 0.46703831957798209 -0.30724000248707845 1.8027001950074808 -0.76004750546579969 0.24472442394395813
decision_type=2 2 2 2 2 2
left_child=1 2 -1 4 -2 -3
right_child=3 5 -4 -5 -6 -7
leaf_value=1.8312788017703076e-05 -0.00066816874469977691 -0.0012249609288049951 0.00076731199869798045 0.00084630006294999572 -1.5901101598706369e-05 -4.1095970291644332e-05
leaf_weight=130 118 21 127 37 1542 50
leaf_count=130 118 21 127 37 1542 50
internal_value=2.31253e-14 0.000219666 0.000388441 -4.24575e-05 -6.22671e-05 -0.000391253
internal_weight=2025 328 257 1697 1660 71
internal_count=2025 328 257 1697 1660 71
is_linear=0
shrinkage=0.04


Tree=74
num_leaves=8
num_cat=0
split_feature=28 28 36 40 36 10 10
split_gain=0.0118736 0.0218911 0.0520885 0.0332972 0.0180814 0.0109921 0.00747021
threshold=-0.65673811565306195 -0.48435525053030937 -0.17395550299938098 -0.84519321802475211 0.59865558532727603 -0.59651585623742387 -0.52220701206337139
decision_type=2 2 2 2 2 2 2
left_child=4 2 -2 -3 5 -1 -6
right_child=1 3 -4 -5 6 -7 -8
leaf_value=0.00083053215714171526 0.00071561089137362117 0.0010380656064763591 -0.00086180207156043027 -2.0817471001919332e-05 -0.00088226756667718288 0.00019523230079357745 6.9027942039870795e-05
leaf_weight=75 45 49 131 1568 25 104 28
leaf_count=75 45 49 131 1568 25 104 28
internal_value=1.58127e-12 -3.48411e-05 -0.000458486 1.12699e-05 0.000269268 0.000461419 -0.000379696
internal_weight=2025 1793 176 1617 232 179 53
internal_count=2025 1793 176 1617 232 179 53
is_linear=0
shrinkage=0.04


Tree=75
num_leaves=6
num_cat=0
split_feature=36 41 53 48 41
split_gain=0.0117966 0.0139732 0.0315768 0.0293918 0.00508612
threshold=-1.4063283774653983 -0.30724000248707845 -0.74999999999999989 0.077923912389840352 -0.90827578443753576
decision_type=2 2 2 2 2
left_child=4 3 -3 -2 -1
right_child=1 2 -4 -5 -6
leaf_value=0.0010488734774939392 -6.2632046482505514e-05 0.0006677576077110585 -2.907985794140933e-06 -0.00085952787962485355 0.00022465954869985581
leaf_weight=23 575 124 1193 85 25
leaf_count=23 575 124 1193 85 25
internal_value=-7.36758e-13 -1.50433e-05 6.02374e-05 -0.000165263 0.000619595
internal_weight=2025 1977 1317 660 48
internal_count=2025 1977 1317 660 48
is_linear=0
shrinkage=0.04


Tree=76
num_leaves=7
num_cat=0
split_feature=45 10 14 5 40 40
split_gain=0.0114901 0.0198926 0.0175668 0.0147894 0.0356755 0.0245655
threshold=3.7376023512460539 -0.10569988118717395 0.22642556301809599 1.0878748130263129 0.63067066625664892 1.4170576834407653
decision_type=2 2 2 2 2 2
left_child=3 -2 -3 5 -5 -1
right_child=1 2 -4 4 -6 -7
leaf_value=-3.4291880301734015e-05 0.0011868720267500196 0.00047441840128496635 -0.00091526840469503606 6.0414566677574021e-05 -0.0014258378390222786 0.00054472029023888778
leaf_weight=1686 35 43 22 73 40 126
leaf_count=1686 35 43 22 73 40 126
internal_value=1.71662e-12 0.000418046 4.06287e-06 -2.17167e-05 -0.000465692 5.97056e-06
internal_weight=2025 100 65 1925 113 1812
internal_count=2025 100 65 1925 113 1812
is_linear=0
shrinkage=0.04


Tree=77
num_leaves=7
num_cat=0
split_feature=53 53 40 46 47 42
split_gain=0.0113138 0.0183388 0.0223189 0.0190049 0.0148376 0.0165586
threshold=0.58333333333333337 0.25000000000000006 0.71567605326369554 0.089402168622979325 1.3897936652491067 1.0635010673829246
decision_type=2 2 2 2 2 2
left_child=1 3 -3 -1 5 -2
right_child=4 2 -4 -5 -6 -7
leaf_value=0.0001754248922151021 0.00034669544151910708 -0.00015046756537827653 -0.00097003997740102937 -0.00013299954927734937 -0.00080579535739327024 -0.00068521059463145563
leaf_weight=668 317 314 64 613 22 27
leaf_count=668 317 314 64 613 22 27
internal_value=6.19301e-13 -4.44088e-05 -0.000289231 2.78338e-05 0.000201296 0.000265703
internal_weight=2025 1659 378 1281 366 344
internal_count=2025 1659 378 1281 366 344
is_linear=0
shrinkage=0.04


Tree=78
num_leaves=8
num_cat=0
split_feature=28 10 46 14 36 53 10
split_gain=0.0112339 0.0207432 0.0294996 0.0210982 0.0169869 0.0106339 0.006975
threshold=-0.65673811565306195 -0.21159857674195584 0.35500140136536301 -0.15701159546789051 0.59865558532727603 -0.24999999999999997 -0.52220701206337139
decision_type=2 2 2 2 2 2 2
left_child=4 2 -2 -3 5 -1 -6
right_child=1 3 -4 -5 6 -7 -8
leaf_value=0.0012510905455312001 -7.2145998064249514e-05 -0.00011933629768050154 -0.00073562315435704898 0.0002193159865388452 -0.00085272931588115163 0.00032977860020764636 6.649405820228692e-05
leaf_weight=23 469 545 139 640 25 156 28
leaf_count=23 469 545 139 640 25 156 28
internal_value=1.24122e-12 -3.38896e-05 -0.000223829 6.35645e-05 0.000261914 0.000448159 -0.000367102
internal_weight=2025 1793 608 1185 232 179 53
internal_count=2025 1793 608 1185 232 179 53
is_linear=0
shrinkage=0.04


Tree=79
num_leaves=7
num_cat=0
split_feature=8 40 53 13 16 46
split_gain=0.0113645 0.0144977 0.0770929 0.0286616 0.0123465 0.0159535
threshold=-0.91588620250666408 0.63067066625664892 -1.0000000180025095e-35 0.44927294058108658 0.93672051036965531 -2.450728424646655
decision_type=2 2 2 2 2 2
left_child=4 3 -3 -2 5 -1
right_child=1 2 -4 -5 -6 -7
leaf_value=-0.00090347443241626027 -5.0670861536615623e-05 0.0002578900984818835 -0.00079053492412120769 0.00044594285685220324 0.0011883829826755184 0.00028392513956556448
leaf_weight=20 1119 241 210 223 21 191
leaf_count=20 1119 241 210 223 21 191
internal_value=-8.23638e-13 -3.4086e-05 -0.00023029 3.18514e-05 0.000263432 0.000171375
internal_weight=2025 1793 451 1342 232 211
internal_count=2025 1793 451 1342 232 211
is_linear=0
shrinkage=0.04


end of trees

feature_importances:
Column_53=74
Column_40=49
Column_36=45
Column_28=33
Column_47=27
Column_35=24
Column_14=23
Column_46=23
Column_10=21
Column_13=19
Column_5=18
Column_41=18
Column_25=17
Column_45=15
Column_44=14
Column_42=11
Column_26=10
Column_8=9
Column_39=7
Column_11=6
Column_12=5
Column_4=4
Column_37=4
Column_33=3
Column_15=2
Column_24=2
Column_48=2
Column_2=1
Column_16=1
Column_38=1

parameters:
[boosting: gbdt]
[objective: regression]
[metric: l2]
[tree_learner: serial]
[device_type: cpu]
[data_sample_strategy: bagging]
[data: ]
[valid: ]
[num_iterations: 80]
[learning_rate: 0.04]
[num_leaves: 15]
[num_threads: 2]
[seed: 42]
[deterministic: 0]
[force_col_wise: 0]
[force_row_wise: 0]
[histogram_pool_size: -1]
[max_depth: 3]
[min_data_in_leaf: 20]
[min_sum_hessian_in_leaf: 0.001]
[bagging_fraction: 1]
[pos_bagging_fraction: 1]
[neg_bagging_fraction: 1]
[bagging_freq: 0]
[bagging_seed: 400]
[bagging_by_query: 0]
[feature_fraction: 1]
[feature_fraction_bynode: 1]
[feature_fraction_seed: 30056]
[extra_trees: 0]
[extra_seed: 12879]
[early_stopping_round: 0]
[early_stopping_min_delta: 0]
[first_metric_only: 0]
[max_delta_step: 0]
[lambda_l1: 0]
[lambda_l2: 0]
[linear_lambda: 0]
[min_gain_to_split: 0]
[drop_rate: 0.1]
[max_drop: 50]
[skip_drop: 0.5]
[xgboost_dart_mode: 0]
[uniform_drop: 0]
[drop_seed: 17869]
[top_rate: 0.2]
[other_rate: 0.1]
[min_data_per_group: 100]
[max_cat_threshold: 32]
[cat_l2: 10]
[cat_smooth: 10]
[max_cat_to_onehot: 4]
[top_k: 20]
[monotone_constraints: ]
[monotone_constraints_method: basic]
[monotone_penalty: 0]
[feature_contri: ]
[forcedsplits_filename: ]
[refit_decay_rate: 0.9]
[cegb_tradeoff: 1]
[cegb_penalty_split: 0]
[cegb_penalty_feature_lazy: ]
[cegb_penalty_feature_coupled: ]
[path_smooth: 0]
[interaction_constraints: ]
[verbosity: -1]
[saved_feature_importance_type: 0]
[use_quantized_grad: 0]
[num_grad_quant_bins: 4]
[quant_train_renew_leaf: 0]
[stochastic_rounding: 1]
[linear_tree: 0]
[max_bin: 255]
[max_bin_by_feature: ]
[min_data_in_bin: 3]
[bin_construct_sample_cnt: 200000]
[data_random_seed: 175]
[is_enable_sparse: 1]
[enable_bundle: 1]
[use_missing: 1]
[zero_as_missing: 0]
[feature_pre_filter: 1]
[pre_partition: 0]
[two_round: 0]
[header: 0]
[label_column: ]
[weight_column: ]
[group_column: ]
[ignore_column: ]
[categorical_feature: ]
[forcedbins_filename: ]
[precise_float_parser: 0]
[parser_config_file: ]
[objective_seed: 16083]
[num_class: 1]
[is_unbalance: 0]
[scale_pos_weight: 1]
[sigmoid: 1]
[boost_from_average: 1]
[reg_sqrt: 0]
[alpha: 0.9]
[fair_c: 1]
[poisson_max_delta_step: 0.7]
[tweedie_variance_power: 1.5]
[lambdarank_truncation_level: 30]
[lambdarank_norm: 1]
[label_gain: ]
[lambdarank_position_bias_regularization: 0]
[eval_at: ]
[multi_error_top_k: 1]
[auc_mu_weights: ]
[num_machines: 1]
[local_listen_port: 12400]
[time_out: 120]
[machine_list_filename: ]
[machines: ]
[gpu_platform_id: -1]
[gpu_device_id: -1]
[gpu_device_id_list: ]
[gpu_use_dp: 0]
[num_gpu: 1]

end of parameters

pandas_categorical:null
