tree
version=v4
num_class=1
num_tree_per_iteration=1
label_index=0
max_feature_idx=55
objective=binary sigmoid:1
feature_names=Column_0 Column_1 Column_2 Column_3 Column_4 Column_5 Column_6 Column_7 Column_8 Column_9 Column_10 Column_11 Column_12 Column_13 Column_14 Column_15 Column_16 Column_17 Column_18 Column_19 Column_20 Column_21 Column_22 Column_23 Column_24 Column_25 Column_26 Column_27 Column_28 Column_29 Column_30 Column_31 Column_32 Column_33 Column_34 Column_35 Column_36 Column_37 Column_38 Column_39 Column_40 Column_41 Column_42 Column_43 Column_44 Column_45 Column_46 Column_47 Column_48 Column_49 Column_50 Column_51 Column_52 Column_53 Column_54 Column_55
feature_infos=[-6.1345243336734345:6.5891595427342891] [-5.6683842376077003:5.4842453114048357] [-4.9217074550136495:4.1777490349893478] [-4.3834075706117082:3.8303901891370167] [-3.6928377985595402:2.0334895705164673] [-2.6429839602143903:2.382055881756965] [-4.2635255301398001:3.9686905648157995] [-1.3528221801484426:6.5918383951596073] [-1.6535686817917614:1.6380072776429317] [-3.6385384652484531:2.0469660857217566] [-1.4887777767622539:5.264620752337497] [-2.4772073732754909:2.1476097335438284] [-2.6098308619235464:2.4682594076517028] [-1.4356127277030515:3.9095209510408022] [-2.846659814316912:2.6032107306292822] [-1.615880069476167:1.6243082347934008] [-1.8327330481714692:1.8031774210551454] [-0.99854382375016593:0.75850158926150213] [-1.0424574897194145:0.76532732800073988] [-0.99854382375016559:0.75850158926150202] [-2.2928805988341145:1.6626050077639423] [-4.0512562775497871:4.1200967057753806] [-3.3397359824307271:2.1574973220946143] [-2.3797304871563782:2.6141671584995678] [-2.2545590475341157:1.615329225142742] [-2.2287987036267616:1.5856761775053339] [-3.3625953711656247:2.0131964013051244] [-1.8254332073132487:1.4123923680300721] [-1.1571948408016619:3.6198183935771193] [-3.8071648298018368:4.3655450566645335] [-3.7989141341870138:4.5797905611185303] [-3.1270348518795097:3.3019523476956945] [-3.299100171824195:3.5192619773680951] [-2.0456872246081161:2.1137059508610423] [-2.2846920644586235:2.2701721601268305] [-1.7483212312348768:1.7160033089314783] [-1.8136822257277838:1.7312522222315034] [-1.3943422831140881:3.7181657587718733] [-1.4924192913629342:5.0975292080749313] [-1.4330675622244615:3.7958458074506582] [-1.122176753918031:2.9390600410126728] [-1.7357902712560842:1.4425714857271108] [-2.012239330194967:1.6351476850711066] [-1.7272610532069195:13.810261574784453] [-155.39581345843385:51.356308963955399] [-161.83331090641181:66.85039997075954] [-94.691161678136766:59.751203698920165] [-1.36458561764273:2.8844037139043124] [-2.0030549420766715:2.0269726889060466] [-1.1783317773358042:8.7345790585018861] [-3.4508904463910421:3.9828364141558268] [-8.9892914113562128:6.6587761596358073] [-1:1] [-0.83333333333333337:1] [0:1] [0:1]
tree_sizes=999 891 999 894 898 999 892 1002 893 996 894 990 1001 892 897 996 996 889 887 887 887 893 893 893 888 894 894 891 896 886 1001 888 890 996 894 890 995 892 576 993 893 688 890 675 688 1002 685 784 887 787 577 682 993 785 790 885 681 1000 882 683 788 996 887 577 891 887 789 877 891 992 996 890 997 684 787 895 686 890 888 996

Tree=0
num_leaves=8
num_cat=0
split_feature=40 53 28 53 36 28 26
split_gain=51.332 63.661 54.8967 40.5051 36.3834 41.1462 21.6344
threshold=0.099565007669389485 -1.0000000180025095e-35 1.1220388210299015 0.58333333333333337 -0.47697035125547704 -0.71105684357805377 -0.19436311057803302
decision_type=2 2 2 2 2 2 2
left_child=4 2 -2 -3 6 -6 -1
right_child=1 3 -4 -5 5 -7 -8
leaf_value=0.00028890851479485696 0.0086810569211888469 -0.081729444927105127 -0.077567459014165993 -0.0083369309767984956 -0.029014505175747513 -0.087446434265678746 -0.065527112274907817
leaf_weight=15.736172810196878 49.706323638558388 57.199739262461662 15.486392289400099 15.236611768603323 22.230466350913048 145.37226310372353 16.235733851790428
leaf_count=63 199 229 62 61 89 582 65
internal_value=-0.0592766 -0.0404832 -0.0118071 -0.0662917 -0.0722368 -0.0796961 -0.0331333
internal_weight=337.204 137.629 65.1927 72.4364 199.575 167.603 31.9719
internal_count=1350 551 261 290 799 671 128
is_linear=0
shrinkage=1


Tree=1
num_leaves=7
num_cat=0
split_feature=40 14 16 24 10 28
split_gain=48.1972 41.785 53.7564 46.6987 35.7616 7.32635
threshold=-0.6340574276538874 0.42148372336794576 0.22714169206945214 0.44447220689757416 -0.099499863070295791 -0.66280084444988951
decision_type=2 2 2 2 2 2
left_child=4 2 -2 -3 5 -1
right_child=1 3 -4 -5 -6 -7
leaf_value=-0.024634595472442355 0.0088000835439587498 0.066881419802839806 -0.036404669741659859 0.0052333815069540201 0.040187495877059755 -0.066329907300629931
leaf_weight=8.9925656318664533 154.07477240264416 32.975631564855576 57.910350158810616 48.687933996319771 7.4888636320829383 26.949971571564674
leaf_count=36 617 132 232 195 30 108
internal_value=-6.98255e-07 0.00581621 -0.00354901 0.0301268 -0.03933 -0.055898
internal_weight=337.08 293.649 211.985 81.6636 43.4314 35.9425
internal_count=1350 1176 849 327 174 144
is_linear=0
shrinkage=0.04


Tree=2
num_leaves=8
num_cat=0
split_feature=40 53 28 53 35 13 53
split_gain=45.3189 57.4422 50.6087 36.1004 34.0199 42.3852 38.0265
threshold=0.099565007669389485 -1.0000000180025095e-35 1.1220388210299015 0.58333333333333337 -0.051990084908253756 -0.71293245057923083 0.75000000000000011
decision_type=2 2 2 2 2 2 2
left_child=4 2 -2 -3 6 -6 -1
right_child=1 3 -4 -5 5 -7 -8
leaf_value=-0.0066069055499951117 0.064542970728843005 -0.021466156965260282 -0.018269812796361421 0.047814694765274307 0.026927109420877546 -0.037102825820371506 0.059822067567728995
leaf_weight=65.373231291770935 49.733641356229782 57.142715096473694 15.483157351613043 15.244221851229666 19.962845474481583 96.507161989808083 17.472841158509254
leaf_count=262 199 229 62 61 80 387 70
internal_value=-1.34775e-06 0.0176547 0.0448823 -0.00687606 -0.0121907 -0.0261282 0.00740345
internal_weight=336.92 137.604 65.2168 72.3869 199.316 116.47 82.8461
internal_count=1350 551 261 290 799 467 332
is_linear=0
shrinkage=0.04


Tree=3
num_leaves=7
num_cat=0
split_feature=40 14 16 24 10 28
split_gain=43.6587 36.8421 48.4215 42.2236 32.8708 6.69075
threshold=-0.6340574276538874 0.42148372336794576 0.22714169206945214 0.44447220689757416 -0.099499863070295791 -0.66280084444988951
decision_type=2 2 2 2 2 2
left_child=4 2 -2 -3 5 -1
right_child=1 3 -4 -5 -6 -7
leaf_value=-0.02357453903782605 0.0084472339068833637 0.063351940085688674 -0.034506894358011131 0.0046971245593082824 0.038678786145033887 -0.063461274055631525
leaf_weight=8.9835635572671872 153.96419325470924 32.926740303635597 57.736518874764442 48.650796443223953 7.4936738759279242 26.809287443757057
leaf_count=36 617 132 232 195 30 108
internal_value=-1.58475e-06 0.00553316 -0.00326752 0.0283717 -0.037501 -0.0534502
internal_weight=336.565 293.278 211.701 81.5775 43.2865 35.7929
internal_count=1350 1176 849 327 174 144
is_linear=0
shrinkage=0.04


Tree=4
num_leaves=7
num_cat=0
split_feature=40 42 53 10 53 28
split_gain=40.3907 35.3406 36.9748 30.4457 28.4233 6.26933
threshold=-0.6340574276538874 0.49989848012847871 0.41666666666666669 -0.099499863070295791 -1.0000000180025095e-35 -0.66280084444988951
decision_type=2 2 2 2 2 2
left_child=3 4 -3 5 -2 -1
right_child=1 2 -4 -5 -6 -7
leaf_value=-0.022656082211477163 0.027013089451947012 -0.036323254181044526 0.028805801548558017 0.037121657513746797 -0.0016725263391025274 -0.061311951228986507
leaf_weight=8.9740289151668531 114.93393942713737 52.722945600748062 18.963239580392838 7.4956280887126914 106.45844784379005 26.642412126064301
leaf_count=36 461 212 76 30 427 108
internal_value=-2.12939e-06 0.00531546 -0.0190946 -0.0361515 0.0132194 -0.0515721
internal_weight=336.191 293.079 71.6862 43.1121 221.392 35.6164
internal_count=1350 1176 288 174 888 144
is_linear=0
shrinkage=0.04


Tree=5
num_leaves=8
num_cat=0
split_feature=40 53 28 53 35 13 53
split_gain=39.0824 49.8272 46.3548 31.6111 30.5181 39.6146 34.0401
threshold=0.099565007669389485 -1.0000000180025095e-35 1.1220388210299015 0.58333333333333337 -0.051990084908253756 -0.71293245057923083 0.75000000000000011
decision_type=2 2 2 2 2 2 2
left_child=4 2 -2 -3 6 -6 -1
right_child=1 3 -4 -5 5 -7 -8
leaf_value=-0.00605712887514859 0.060709473802989397 -0.020114908295386851 -0.018613260841338991 0.044807037315244075 0.026727027003329327 -0.035232655204663059 0.056830105166587888
leaf_weight=65.183540552854538 49.515362575650215 57.017841905355453 15.470207020640371 15.198545902967451 19.938123047351837 96.035058870911598 17.460645422339439
leaf_count=262 199 229 62 61 80 387 70
internal_value=-3.05043e-06 0.0164152 0.0418262 -0.00645154 -0.0113445 -0.0245805 0.00722937
internal_weight=335.819 137.202 64.9856 72.2164 198.617 115.973 82.6442
internal_count=1350 551 261 290 799 467 332
is_linear=0
shrinkage=0.04


Tree=6
num_leaves=7
num_cat=0
split_feature=40 42 14 13 10 28
split_gain=36.7206 32.3049 33.3108 28.9952 28.104 5.80122
threshold=-0.6340574276538874 0.21787367125581789 0.36610064185360963 -0.71293245057923083 -0.099499863070295791 -0.66280084444988951
decision_type=2 2 2 2 2 2
left_child=4 2 -2 -3 5 -1
right_child=1 3 -4 -5 -6 -7
leaf_value=-0.02171017444407828 0.0068147995415708462 0.055374746820912972 0.049249162155744139 -0.016612174643807404 0.035806024420259742 -0.058967782555030754
leaf_weight=8.9584551155567151 133.71216325461864 9.7385984361171705 38.013041004538536 110.89243969321251 7.4849603772163382 26.367735683917999
leaf_count=36 537 39 153 447 30 108
internal_value=-2.65538e-06 0.00506382 0.0162081 -0.0108006 -0.0346015 -0.0495195
internal_weight=335.167 292.356 171.725 120.631 42.8112 35.3262
internal_count=1350 1176 690 486 174 144
is_linear=0
shrinkage=0.04


Tree=7
num_leaves=8
num_cat=0
split_feature=40 53 14 37 35 13 53
split_gain=35.3059 45.4996 44.0247 29.7108 28.1442 35.2593 31.2367
threshold=0.099565007669389485 -1.0000000180025095e-35 -1.7385347950380174 -0.49705422411186256 -0.051990084908253756 -0.71293245057923083 0.75000000000000011
decision_type=2 2 2 2 2 2 2
left_child=4 2 -2 -3 6 -6 -1
right_child=1 3 -4 -5 5 -7 -8
leaf_value=-0.0056901774189032726 -0.065784855759601635 0.073833600099790064 0.050279471899326786 -0.014470813471734057 0.024859149058615221 -0.033635509624640861 0.054625040627291108
leaf_weight=65.045500114560127 5.7380495220422736 6.7236911207437506 58.941435515880585 65.338196709752083 19.925074860453606 95.57369539141655 17.416870445013046
leaf_count=262 23 27 238 263 80 387 70
internal_value=-3.19021e-06 0.0156281 0.0399828 -0.00623162 -0.0108005 -0.0235444 0.00704899
internal_weight=334.703 136.741 64.6795 72.0619 197.961 115.499 82.4624
internal_count=1350 551 261 290 799 467 332
is_linear=0
shrinkage=0.04


Tree=8
num_leaves=7
num_cat=0
split_feature=40 14 16 24 10 28
split_gain=33.4504 29.8838 40.7533 36.1841 25.9958 5.40524
threshold=-0.6340574276538874 0.42148372336794576 0.22714169206945214 0.44447220689757416 -0.099499863070295791 -0.66280084444988951
decision_type=2 2 2 2 2 2
left_child=4 2 -2 -3 5 -1
right_child=1 3 -4 -5 -6 -7
leaf_value=-0.020811317029750826 0.0076336574738263005 0.058112856120974665 -0.031922307533945149 0.0035559118622947956 0.034575882091517345 -0.056862062707853038
leaf_weight=8.9393438696861249 153.43352442979813 32.5284513682127 57.212726190686226 48.38072544336319 7.4656266123056403 26.033228442072868
leaf_count=36 617 132 232 195 30 108
internal_value=-2.86359e-06 0.00482672 -0.00310997 0.0254898 -0.0331827 -0.0476471
internal_weight=333.994 291.555 210.646 80.9092 42.4382 34.9726
internal_count=1350 1176 849 327 174 144
is_linear=0
shrinkage=0.04


Tree=9
num_leaves=8
num_cat=0
split_feature=40 53 28 53 36 28 26
split_gain=31.2852 41.3682 42.3765 27.2598 26.1837 33.8282 18.2806
threshold=0.099565007669389485 -1.0000000180025095e-35 1.1220388210299015 0.58333333333333337 -0.47697035125547704 -0.71105684357805377 -0.19436311057803302
decision_type=2 2 2 2 2 2 2
left_child=4 2 -2 -3 6 -6 -1
right_child=1 3 -4 -5 5 -7 -8
leaf_value=0.053822889652026078 0.05631232926614553 -0.018786606365925381 -0.01972445853120797 0.041709314363548834 0.029417418959336125 -0.023708354212288438 -0.0068166438073727787
leaf_weight=15.665405765175821 48.846567153930664 56.839298754930496 15.432372331619261 15.079365104436873 22.144751608371735 143.11275531351566 16.159274443984032
leaf_count=63 199 229 62 61 89 582 65
internal_value=-3.36006e-06 0.0147389 0.0380571 -0.00610228 -0.0101913 -0.0165894 0.0230326
internal_weight=333.28 136.198 64.2789 71.9187 197.082 165.258 31.8247
internal_count=1350 551 261 290 799 671 128
is_linear=0
shrinkage=0.04


Tree=10
num_leaves=7
num_cat=0
split_feature=40 42 45 13 10 37
split_gain=30.1336 27.7719 29.3054 25.6583 24.1081 5.19023
threshold=-0.6340574276538874 0.21787367125581789 -0.74301656963388296 -0.71293245057923083 -0.099499863070295791 -0.88692008617898099
decision_type=2 2 2 2 2 2
left_child=4 2 -2 -3 5 -1
right_child=1 3 -4 -5 -6 -7
leaf_value=-0.022041034139465662 -0.022927760394092608 0.052150736638966855 0.022198324383032923 -0.015687084599015175 0.033569578538511211 -0.055889942733703186
leaf_weight=10.347791045904158 27.437992364168167 9.7077790796756727 143.18575736880302 110.04451633989811 7.4537964165210715 24.195198580622673
leaf_count=43 111 39 579 447 30 101
internal_value=-2.22975e-06 0.00457814 0.0149416 -0.0101878 -0.031672 -0.0457501
internal_weight=332.373 290.376 170.624 119.752 41.9968 34.543
internal_count=1350 1176 690 486 174 144
is_linear=0
shrinkage=0.04


Tree=11
num_leaves=8
num_cat=0
split_feature=14 16 36 44 40 53 28
split_gain=28.3768 33.6911 24.9275 22.1115 21.7272 17.5802 0.0699553
threshold=0.42148372336794576 0.22714169206945214 -0.57300312930487107 1.6859271634884354 -0.6340574276538874 -0.41666666666666657 -0.16820567039999862
decision_type=2 2 2 2 2 2 2
left_child=1 4 6 -3 -1 -4 -2
right_child=2 3 5 -5 -6 -7 -8
leaf_value=-0.039366243739580579 0.066047230768658038 -0.04054609882797567 0.049037373013314511 0.031187922332467477 0.006793935602114669 0.0012746459483493713 0.07182054632087162
leaf_weight=18.262104347348213 7.3892441093921661 57.272784262895584 15.121541321277617 7.8131670355796805 153.02440814673901 66.792647436261177 6.1554309725761396
leaf_count=76 31 235 62 32 617 272 25
internal_value=-3.01609e-06 -0.0074365 0.0184036 -0.0319349 0.00187246 0.0100918 0.0686709
internal_weight=331.831 236.372 95.4589 65.086 171.287 81.9142 13.5447
internal_count=1350 960 390 267 693 334 56
is_linear=0
shrinkage=0.04


Tree=12
num_leaves=8
num_cat=0
split_feature=40 53 28 37 35 39 53
split_gain=27.0634 36.8995 39.1648 26.8673 24.3138 32.7313 28.8116
threshold=0.099565007669389485 -1.0000000180025095e-35 1.1220388210299015 -0.49705422411186256 -0.051990084908253756 -0.37322921370285372 0.75000000000000011
decision_type=2 2 2 2 2 2 2
left_child=4 2 -2 -3 6 -6 -1
right_child=1 3 -4 -5 5 -7 -8
leaf_value=-0.0051453225941771995 0.053681476313925836 0.070417322714374522 -0.019630855771040411 -0.013777616854130106 0.0022971163904965024 -0.040762672685695403 0.053011372601475149
leaf_weight=64.483649060130119 48.191378012299538 6.688454031944274 15.379891380667685 64.970833122730255 51.2633947879076 62.902461498975754 17.28272944688797
leaf_count=262 199 27 62 263 211 256 70
internal_value=-3.07632e-06 0.013761 0.0359449 -0.00591912 -0.00950289 -0.0214277 0.00714709
internal_weight=331.163 135.231 63.5713 71.6593 195.932 114.166 81.7664
internal_count=1350 551 261 290 799 467 332
is_linear=0
shrinkage=0.04


Tree=13
num_leaves=7
num_cat=0
split_feature=40 14 42 24 10 28
split_gain=26.4428 25.2147 34.3999 31.1403 22.1573 5.37229
threshold=-0.6340574276538874 0.42148372336794576 0.55511362889392113 0.44447220689757416 -0.14016856332412711 -0.66280084444988951
decision_type=2 2 2 2 2 2
left_child=4 2 -2 -3 5 -1
right_child=1 3 -4 -5 -6 -7
leaf_value=-0.01763571636262282 0.004539099826243868 0.05411476348677266 -0.03787369893311518 0.0030688860853092916 0.029321195796449172 -0.053989262898624969
leaf_weight=8.8597603291273064 171.79448004066944 31.799750730395317 37.227665230631828 47.960587084293365 8.1318412721157056 24.462038189172748
leaf_count=36 696 132 153 195 33 105
internal_value=-1.92542e-06 0.00428649 -0.00301479 0.0234204 -0.0298768 -0.0443234
internal_weight=330.236 288.782 209.022 79.7603 41.4536 33.3218
internal_count=1350 1176 849 327 174 141
is_linear=0
shrinkage=0.04


Tree=14
num_leaves=7
num_cat=0
split_feature=40 42 45 13 10 37
split_gain=24.5866 23.3515 26.6898 23.6801 20.7061 4.90281
threshold=-0.6340574276538874 0.21787367125581789 -0.74301656963388296 -0.71293245057923083 -0.099499863070295791 -0.88692008617898099
decision_type=2 2 2 2 2 2
left_child=4 2 -2 -3 5 -1
right_child=1 3 -4 -5 -6 -7
leaf_value=-0.019099841327178249 -0.022604222809493649 0.050519768499524983 0.020592392758724896 -0.014804791921056909 0.031533918579238381 -0.052341475044520823
leaf_weight=10.175789803266523 27.270916968584061 9.6658426970243436 142.32561293244362 109.03110992908478 7.4187703728675833 23.478956252336502
leaf_count=43 111 39 579 447 30 101
internal_value=-2.47746e-06 0.00412261 0.0136464 -0.00948522 -0.0289563 -0.0422906
internal_weight=329.367 288.293 169.597 118.697 41.0735 33.6547
internal_count=1350 1176 690 486 174 144
is_linear=0
shrinkage=0.04


Tree=15
num_leaves=8
num_cat=0
split_feature=14 16 36 37 44 53 53
split_gain=24.4116 29.0251 21.7313 20.7435 20.4329 15.2131 0.0704161
threshold=0.42148372336794576 0.22714169206945214 -0.57300312930487107 -0.81970453688264044 1.6859271634884354 -0.41666666666666657 -0.41666666666666657
decision_type=2 2 2 2 2 2 2
left_child=1 3 6 -1 -3 -4 -2
right_child=2 4 5 -5 -6 -7 -8
leaf_value=0.046271655723708921 0.062023556045779284 -0.038215743646984247 0.046060037641805093 -0.0026475578559506854 0.030884081094447971 0.0012618653328077085 0.067882059286870883
leaf_weight=15.231753990054129 6.6195401698350906 56.421166002750397 14.846331551671026 155.00981944799423 7.7925942987203589 66.26109816133976 6.5117721110582334
leaf_count=62 29 235 62 631 32 272 27
internal_value=-3.26625e-06 -0.00691436 0.0171908 0.00172931 -0.0298302 0.00946196 0.0649288
internal_weight=328.694 234.455 94.2387 170.242 64.2138 81.1074 13.1313
internal_count=1350 960 390 693 267 334 56
is_linear=0
shrinkage=0.04


Tree=16
num_leaves=8
num_cat=0
split_feature=40 53 14 37 28 36 40
split_gain=23.3528 32.731 36.652 24.5709 23.1056 32.3047 11.1676
threshold=0.099565007669389485 -1.0000000180025095e-35 -1.7385347950380174 -0.49705422411186256 -0.71105684357805377 -0.69875125773176783 -0.64596581974490286
decision_type=2 2 2 2 2 2 2
left_child=4 2 -2 -3 6 -6 -1
right_child=1 3 -4 -5 5 -7 -8
leaf_value=-0.017979848718027394 -0.062726532602706248 0.067572635708393766 0.043660071501454893 -0.013204890046005913 0.046159791478361377 -0.019291767814483263 0.042433858925870593
leaf_weight=6.6204775273799923 5.700821414589881 6.6442221403121939 56.862274289131165 64.653635963797569 13.079183503985403 155.67653289437294 18.790899455547333
leaf_count=27 23 27 238 263 53 643 76
internal_value=-2.94579e-06 0.012851 0.033966 -0.00567726 -0.00886457 -0.014219 0.0266942
internal_weight=328.028 133.861 62.5631 71.2979 194.167 168.756 25.4114
internal_count=1350 551 261 290 799 696 103
is_linear=0
shrinkage=0.04


Tree=17
num_leaves=7
num_cat=0
split_feature=14 40 16 36 11 53
split_gain=22.4107 26.757 24.8528 19.6751 14.1054 0.0578369
threshold=0.42148372336794576 2.1514242493531115 0.24656011960052446 -0.57300312930487107 -0.35276896195555657 -0.41666666666666657
decision_type=2 2 2 2 2 2
left_child=1 2 -1 5 -5 -2
right_child=3 -3 -4 4 -6 -7
leaf_value=-0.00086384422609311526 0.059928878841650886 0.076051990009551068 -0.03075280628719471 -0.0422478425273329 0.014663228553905781 0.065306487416152109
leaf_weight=166.60039500892162 6.4102527797222137 6.0985101908445349 60.739853799343109 7.7025716900825492 73.069343850016594 6.3896860331296903
leaf_count=680 29 25 255 32 302 27
internal_value=-1.74687e-06 -0.00663143 -0.00884946 0.0165377 0.00923607 0.0626134
internal_weight=327.011 233.439 227.34 93.5719 80.7719 12.7999
internal_count=1350 960 935 390 334 56
is_linear=0
shrinkage=0.04


Tree=18
num_leaves=7
num_cat=0
split_feature=40 42 45 13 27 10
split_gain=21.6551 20.644 23.776 21.6591 19.374 7.90676
threshold=-0.6340574276538874 0.21787367125581789 -0.74301656963388296 -0.71293245057923083 0.6915809322804628 -0.099499863070295791
decision_type=2 2 2 2 2 2
left_child=4 2 -2 -3 5 -1
right_child=1 3 -4 -5 -6 -7
leaf_value=-0.045834702582674129 -0.021509394408128404 0.04858188777016402 0.019436138460422133 -0.014104072794431117 0.043819248846098058 0.0088138113270879118
leaf_weight=30.193679451942444 27.03302563726902 9.603249862790106 141.25631006062031 107.9923649430275 5.3086152970790854 4.9273467659950247
leaf_count=132 111 39 579 447 22 20
internal_value=-1.36389e-06 0.00387367 0.0128589 -0.00898493 -0.0274024 -0.0381677
internal_weight=326.315 285.885 168.289 117.596 40.4296 35.121
internal_count=1350 1176 690 486 174 152
is_linear=0
shrinkage=0.04


Tree=19
num_leaves=7
num_cat=0
split_feature=14 40 16 40 39 27
split_gain=21.185 24.786 22.7024 19.0521 21.4059 20.9021
threshold=0.42148372336794576 2.1514242493531115 0.24656011960052446 -0.37129390772260701 0.50916792113175791 0.71818323776371529
decision_type=2 2 2 2 2 2
left_child=1 2 -1 5 -5 -2
right_child=3 -3 -4 4 -6 -7
leaf_value=-0.00096848536320802371 -0.034068733397022467 0.073471287830051982 -0.029632168465632658 0.045005246638552883 -0.0011491570301056535 0.051009573114621509
leaf_weight=166.2627709209919 19.148815706372265 6.0462717711925498 60.224987640976906 41.606541827321053 26.203511491417885 6.089671939611434
leaf_count=680 81 25 255 176 108 25
internal_value=-2.26139e-06 -0.00645666 -0.0085904 0.0161277 0.02717 -0.0135406
internal_weight=325.583 232.534 226.488 93.0485 67.8101 25.2385
internal_count=1350 960 935 390 284 106
is_linear=0
shrinkage=0.04


Tree=20
num_leaves=7
num_cat=0
split_feature=14 40 16 36 53 53
split_gain=19.6075 23.0302 21.1015 18.1336 13.0318 0.0502109
threshold=0.42148372336794576 2.1514242493531115 0.22714169206945214 -0.57300312930487107 -0.41666666666666657 -0.41666666666666657
decision_type=2 2 2 2 2 2
left_child=1 2 -1 5 -5 -2
right_child=3 -3 -4 4 -6 -7
leaf_value=-0.0007667831021791596 0.057987391492108652 0.071197794575247206 -0.028184369336726359 0.042988163086412651 0.0010343425177335552 0.06307500930798185
leaf_weight=164.31204202771187 6.175537958741188 5.9908617138862601 61.807937175035477 14.450408682227133 65.735089346766472 6.2398734241723997
leaf_count=672 29 25 263 62 272 27
internal_value=-1.8501e-06 -0.00621028 -0.00826114 0.01556 0.00859493 0.0605444
internal_weight=324.712 232.111 226.12 92.6009 80.1855 12.4154
internal_count=1350 960 935 390 334 56
is_linear=0
shrinkage=0.04


Tree=21
num_leaves=7
num_cat=0
split_feature=40 13 40 10 20 28
split_gain=19.1454 20.5034 24.1796 18.0481 13.7775 5.08654
threshold=-0.6340574276538874 -0.54824662589996853 0.08681677426270222 -0.14016856332412711 0.19316100054907254 -0.66280084444988951
decision_type=2 2 2 2 2 2
left_child=3 4 -3 5 -2 -1
right_child=1 2 -4 -5 -6 -7
leaf_value=-0.01348833296103572 0.062245611794947427 -0.012818605265643584 0.011893050310666094 0.027440215187163698 0.008389313759862611 -0.049386132076801932
leaf_weight=8.6985368877649289 14.84467898309231 122.90894176065922 130.74404196441174 8.0697592645883542 15.572964325547217 23.052549391984943
leaf_count=36 61 505 546 33 64 105
internal_value=-8.71311e-07 0.00364025 -8.11177e-05 -0.0259756 0.0346727 -0.0395516
internal_weight=323.891 284.071 253.653 39.8208 30.4176 31.7511
internal_count=1350 1176 1051 174 125 141
is_linear=0
shrinkage=0.04


Tree=22
num_leaves=7
num_cat=0
split_feature=14 40 42 35 40 13
split_gain=18.3012 21.223 19.8247 17.1749 19.5854 9.24116
threshold=0.42148372336794576 2.1514242493531115 0.55511362889392113 0.069001200280380981 0.13604774329166078 -0.59918957883187363
decision_type=2 2 2 2 2 2
left_child=1 2 -1 5 -5 -2
right_child=3 -3 -4 4 -6 -7
leaf_value=-0.0026682232770851235 -0.01870203959254494 0.068811565432177396 -0.034533470405672236 -0.022297838231905981 0.026906861012160652 0.041849928598479434
leaf_weight=187.77093733847141 4.5547403842210761 5.9111044108867636 37.472883805632591 28.545229882001877 23.680472046136856 35.180725395679474
leaf_count=775 20 25 160 119 100 151
internal_value=-1.64956e-06 -0.00600606 -0.00796951 0.0150911 1.28338e-05 0.0349091
internal_weight=323.116 231.155 225.244 91.9612 52.2257 39.7355
internal_count=1350 960 935 390 219 171
is_linear=0
shrinkage=0.04


Tree=23
num_leaves=7
num_cat=0
split_feature=40 13 42 27 20 10
split_gain=17.6528 19.5074 23.1353 17.3999 12.7776 6.82729
threshold=-0.6340574276538874 -0.54824662589996853 0.2141710400191659 0.6915809322804628 0.19316100054907254 -0.099499863070295791
decision_type=2 2 2 2 2 2
left_child=3 4 -3 5 -2 -1
right_child=1 2 -4 -5 -6 -7
leaf_value=-0.042937459857064292 0.060504593954979154 0.0098411999361561666 -0.014811032423992992 0.042605995086098719 0.0085430234968043878 0.008054079106576479
leaf_weight=29.13016864657402 14.738641649484636 150.28767269849777 102.41705140471458 5.2570496946573249 15.571921721100805 4.9091959148645392
leaf_count=132 61 622 429 22 64 20
internal_value=-1.11375e-06 0.00348708 -0.000149943 -0.0251233 0.0338096 -0.0355834
internal_weight=322.312 283.015 252.705 39.2964 30.3106 34.0394
internal_count=1350 1176 1051 174 125 152
is_linear=0
shrinkage=0.04


Tree=24
num_leaves=7
num_cat=0
split_feature=14 40 16 36 11 53
split_gain=17.4949 19.891 18.508 16.1812 12.0812 0.0379316
threshold=0.42148372336794576 2.1514242493531115 0.24656011960052446 -0.57300312930487107 -0.35276896195555657 -0.41666666666666657
decision_type=2 2 2 2 2 2
left_child=1 2 -1 5 -5 -2
right_child=3 -3 -4 4 -6 -7
leaf_value=-0.00091580068889734057 0.056012219923342287 0.067083265111209489 -0.027017761071678727 -0.039983802103383773 0.013336691744969051 0.0605278186491984
leaf_weight=165.49298268556595 5.8814154714345932 5.8273877948522559 58.945557594299316 7.5091366022825232 71.88560763001442 6.0259132236242277
leaf_count=680 29 25 255 32 302 27
internal_value=-1.79278e-06 -0.00587675 -0.00777111 0.014815 0.00829365 0.0582974
internal_weight=321.568 230.266 224.439 91.3021 79.3947 11.9073
internal_count=1350 960 935 390 334 56
is_linear=0
shrinkage=0.04


Tree=25
num_leaves=7
num_cat=0
split_feature=25 14 28 13 40 53
split_gain=16.7141 19.0035 18.4573 17.5334 13.7209 11.2631
threshold=-0.89116781705254222 0.42148372336794576 -0.68248369803879028 2.113167721760755 -0.37129390772260701 -1.0000000180025095e-35
decision_type=2 2 2 2 2 2
left_child=3 2 -2 5 -3 -1
right_child=1 4 -4 -5 -6 -7
leaf_value=0.061664634277326089 0.018254040632299264 -0.012627168552617847 -0.014944485758357605 -0.036674734513165108 0.022556478709721547 0.0062639619717566406
leaf_weight=16.415118455886848 31.791537016630173 24.73818764090538 170.4836111664772 5.5351873189210883 62.642126739025116 9.1411730200052244
leaf_count=72 130 106 716 23 266 37
internal_value=-1.13063e-06 -0.00299271 -0.00972668 0.0278691 0.0125957 0.0418485
internal_weight=320.747 289.655 202.275 31.0915 87.3803 25.5563
internal_count=1350 1218 846 132 372 109
is_linear=0
shrinkage=0.04


Tree=26
num_leaves=7
num_cat=0
split_feature=40 13 42 27 41 10
split_gain=15.841 18.2111 21.3531 16.2695 12.0174 6.46456
threshold=-0.6340574276538874 -0.54824662589996853 0.21787367125581789 0.6915809322804628 -0.21211467903782186 -0.099499863070295791
decision_type=2 2 2 2 2 2
left_child=3 4 -3 5 -2 -1
right_child=1 2 -4 -5 -6 -7
leaf_value=-0.041553622517314065 0.069769242663864028 0.0093594069820671054 -0.014416357794523962 0.041466776575303975 0.015463643236032266 0.0081404919849454044
leaf_weight=28.551329389214516 9.554826423525812 149.99600441753864 101.22502893209457 5.2513042688369742 20.526669085025787 4.9084666967391959
leaf_count=132 40 624 427 22 85 20
internal_value=-2.23934e-07 0.00330117 -0.000220613 -0.0239905 0.0327128 -0.0342636
internal_weight=320.014 281.303 251.221 38.7111 30.0815 33.4598
internal_count=1350 1176 1051 174 125 152
is_linear=0
shrinkage=0.04


Tree=27
num_leaves=7
num_cat=0
split_feature=14 40 12 35 53 47
split_gain=15.5079 18.1946 17.604 15.2018 17.4674 8.99357
threshold=0.42148372336794576 1.7619395375848457 0.27484700809110663 0.069001200280380981 -0.41666666666666657 -0.15740504925817231
decision_type=2 2 2 2 2 2
left_child=1 2 -1 5 -5 -2
right_child=3 -3 -4 4 -6 -7
leaf_value=-0.0015621404141789304 0.05083920979724138 0.058506896551380728 -0.028797178132885126 0.039523740241035894 -0.013805622406748522 0.012199204068416458
leaf_weight=173.31214775145054 20.824148833751678 6.8827381432056418 48.627412632107735 13.198277965188025 38.469869077205658 17.941420689225197
leaf_count=717 93 30 213 58 161 78
internal_value=-8.87621e-07 -0.00554309 -0.00752939 0.0140224 -0.000182998 0.0329559
internal_weight=319.256 228.822 221.94 90.4337 51.6681 38.7656
internal_count=1350 960 930 390 219 171
is_linear=0
shrinkage=0.04


Tree=28
num_leaves=7
num_cat=0
split_feature=25 14 28 13 40 53
split_gain=14.8434 16.7671 17.7244 16.235 12.3184 11.8824
threshold=-0.89116781705254222 0.42148372336794576 0.84652540635478302 1.9656118554512283 -0.36172454839258922 -1.0000000180025095e-35
decision_type=2 2 2 2 2 2
left_child=3 2 -2 5 -3 -1
right_child=1 4 -4 -5 -6 -7
leaf_value=0.063404443050640025 -0.0056389983335623029 -0.011334993758299312 -0.049266720103152348 -0.029636792123880595 0.021702982318634937 0.0055329433693803911
leaf_weight=15.038766667246822 184.95417219400406 25.672754362225533 16.204721435904503 6.5042847394943228 60.870580822229385 9.1186977922916412
leaf_count=68 778 111 68 27 261 37
internal_value=-7.97415e-08 -0.00281971 -0.00915351 0.0264568 0.0119024 0.0415597
internal_weight=318.364 287.702 201.159 30.6617 86.5433 24.1575
internal_count=1350 1218 846 132 372 105
is_linear=0
shrinkage=0.04


Tree=29
num_leaves=7
num_cat=0
split_feature=40 13 42 27 5 35
split_gain=14.3616 17.414 19.4194 15.1565 11.4251 6.261
threshold=-0.6340574276538874 -0.54824662589996853 0.21787367125581789 0.6915809322804628 -0.16485443350913653 -0.045330445188255943
decision_type=2 2 2 2 2 2
left_child=3 4 -3 5 -2 -1
right_child=1 2 -4 -5 -6 -7
leaf_value=-0.016592948740106469 0.066936884548143227 0.0088437640675207915 -0.013908467821625787 0.040121243138138606 0.01449547701411843 -0.051544297862036556
leaf_weight=17.377313882112503 9.9749257266521472 149.14687766134739 100.44307360053062 5.2462479323148719 19.924176514148712 15.528253331780432
leaf_count=77 42 624 427 22 83 75
internal_value=8.29963e-07 0.00314328 -0.00031247 -0.0230198 0.031991 -0.0330866
internal_weight=317.641 279.489 249.59 38.1518 29.8991 32.9056
internal_count=1350 1176 1051 174 125 152
is_linear=0
shrinkage=0.04


Tree=30
num_leaves=8
num_cat=0
split_feature=40 53 28 39 35 40 37
split_gain=13.9678 24.8775 34.5275 21.9415 28.7298 26.225 21.2773
threshold=0.099565007669389485 -1.0000000180025095e-35 1.1220388210299015 -0.37322921370285372 0.050001865119853349 -0.6340574276538874 -0.49705422411186256
decision_type=2 2 2 2 2 2 2
left_child=3 2 -2 5 -5 -1 -3
right_child=1 6 -4 4 -6 -7 -8
leaf_value=-0.020331498517980575 0.046814114751714979 0.062964410319219968 -0.023968125824794996 0.0012449280029097095 -0.039644232651425283 0.027530533087086643 -0.013056372749143362
leaf_weight=29.571635380387306 44.418139383196831 6.4931092262268058 14.667561411857603 57.09507167339325 53.030419990420341 48.127958476543427 63.499734774231911
leaf_count=136 199 27 62 237 224 202 263
internal_value=2.59201e-07 0.0101303 0.029243 -0.00696136 -0.0184451 0.00931476 -0.00600406
internal_weight=316.904 129.079 59.0857 187.825 110.125 77.6996 69.9928
internal_count=1350 551 261 799 461 338 290
is_linear=0
shrinkage=0.04


Tree=31
num_leaves=7
num_cat=0
split_feature=14 40 12 36 37 53
split_gain=14.0326 16.4217 14.8315 14.1116 10.9032 0.0502507
threshold=0.42148372336794576 1.4123021306035233 -0.20451104237309789 -0.57300312930487107 0.61791696921756978 -0.41666666666666657
decision_type=2 2 2 2 2 2
left_child=1 2 -1 5 -5 -2
right_child=3 -3 -4 4 -6 -7
leaf_value=0.0033432969572005583 0.052940888306375639 0.051426906980258043 -0.017494871028708815 0.012093867606846305 -0.040856597612768296 0.05834147061560957
leaf_weight=106.70315161347389 5.273148775100708 7.8852055221796027 112.0247765481472 71.140856981277466 6.8184403628110877 5.7763451486825925
leaf_count=444 29 35 481 306 28 27
internal_value=1.10423e-06 -0.00528481 -0.00732928 0.0134588 0.00746274 0.0557642
internal_weight=315.622 226.613 218.728 89.0088 77.9593 11.0495
internal_count=1350 960 925 390 334 56
is_linear=0
shrinkage=0.04


Tree=32
num_leaves=7
num_cat=0
split_feature=14 40 42 24 40 16
split_gain=12.9766 15.4171 15.2824 13.5922 17.3258 15.657
threshold=0.42148372336794576 2.1514242493531115 0.55511362889392113 0.43472098354320604 -0.48621691984143872 0.53357442187798132
decision_type=2 2 2 2 2 2
left_child=1 2 -1 4 -2 -5
right_child=3 -3 -4 5 -6 -7
leaf_value=-0.0020736628574296694 -0.010987161072788671 0.061999377344846174 -0.030596836320546876 -0.028169390911746139 0.049583626846039452 0.016961235999227695
leaf_weight=184.97031818330288 10.708832025527952 5.3519291728734961 35.885871022939682 19.765279412269592 25.663389071822166 32.562207534909248
leaf_count=775 47 25 160 84 121 138
internal_value=1.90445e-06 -0.00508268 -0.00670826 0.012969 0.0317502 -8.5626e-05
internal_weight=314.908 226.208 220.856 88.6997 36.3722 52.3275
internal_count=1350 960 935 390 168 222
is_linear=0
shrinkage=0.04


Tree=33
num_leaves=8
num_cat=0
split_feature=53 40 28 53 37 53 47
split_gain=12.8541 27.0496 36.9258 22.2644 22.041 24.2327 12.9435
threshold=-1.0000000180025095e-35 0.18581773842194146 1.1220388210299015 -0.74999999999999989 -0.81970453688264044 0.75000000000000011 0.27722622321829832
decision_type=2 2 2 2 2 2 2
left_child=1 3 -3 -1 6 -6 -2
right_child=4 2 -4 -5 5 -7 -8
leaf_value=0.028081944634513821 0.04330104384172654 0.050501208152082054 -0.023876315900548555 -0.018188974960869703 -0.021636622382180969 0.018164738171614223 -0.015563839097494923
leaf_weight=23.067136779427528 19.53688977658749 40.512927010655403 14.503128871321676 59.702496439218521 117.13985233008862 30.939658746123314 8.6108433902263624
leaf_count=100 83 187 62 253 497 130 38
internal_value=3.06773e-06 0.00915562 0.0308941 -0.00529369 -0.00715298 -0.0133205 0.0252933
internal_weight=314.013 137.786 55.0161 82.7696 176.227 148.08 28.1477
internal_count=1350 602 249 353 748 627 121
is_linear=0
shrinkage=0.04


Tree=34
num_leaves=7
num_cat=0
split_feature=25 13 14 28 35 53
split_gain=12.57 15.9736 14.0442 15.6546 11.1015 7.98535
threshold=-0.91209866375857973 2.113167721760755 0.42148372336794576 0.84652540635478302 0.069001200280380981 -1.0000000180025095e-35
decision_type=2 2 2 2 2 2
left_child=1 5 3 -2 -4 -1
right_child=2 -3 4 -5 -6 -7
leaf_value=0.057271404347984729 -0.0049710317534227494 -0.037740446860525613 0.02862067840491582 -0.045834489359740882 -0.00082576943451109471 0.0079305936025576527
leaf_weight=14.850471869111065 183.37825883924961 5.2104616910219184 34.426035478711128 16.336249351501465 50.585379377007484 8.1163875460624695
leaf_count=71 781 22 154 70 219 33
internal_value=4.51204e-06 0.0254896 -0.00251757 -0.00831358 0.0110988 0.0398346
internal_weight=312.903 28.1773 284.726 199.715 85.0114 22.9669
internal_count=1350 126 1224 851 373 104
is_linear=0
shrinkage=0.04


Tree=35
num_leaves=7
num_cat=0
split_feature=40 39 40 53 10 28
split_gain=12.4834 15.1016 22.6466 16.18 14.2783 4.39156
threshold=-0.6340574276538874 -0.42564472580343737 0.08681677426270222 -0.74999999999999989 -0.099499863070295791 -0.66280084444988951
decision_type=2 2 2 2 2 2
left_child=4 3 -3 -2 5 -1
right_child=1 2 -4 -5 -6 -7
leaf_value=-0.0093840545104451906 0.096074259592579064 -0.014745115850681879 0.010452422157466744 0.01612984122177603 0.028667176348770189 -0.043350681935172261
leaf_weight=8.4706223309040087 4.4976759105920783 106.22087913751602 123.33460541069508 40.75368458032608 7.264178901910781 21.672191709280014
leaf_count=36 19 445 538 174 30 108
internal_value=5.18223e-06 0.00295614 -0.00120709 0.0240758 -0.0216737 -0.0338055
internal_weight=312.214 274.807 229.555 45.2514 37.407 30.1428
internal_count=1350 1176 983 193 174 144
is_linear=0
shrinkage=0.04


Tree=36
num_leaves=8
num_cat=0
split_feature=53 40 28 37 53 53 47
split_gain=11.6944 24.2571 34.3478 20.4395 21.9969 20.28 12.2158
threshold=-1.0000000180025095e-35 0.18581773842194146 0.93579499333798977 -0.81970453688264044 0.75000000000000011 -0.74999999999999989 -0.35460728648483258
decision_type=2 2 2 2 2 2 2
left_child=1 5 -3 6 -5 -1 -2
right_child=3 2 -4 4 -6 -7 -8
leaf_value=0.026941923368381814 0.062191232490056599 0.052211517470987089 -0.015567651298604589 -0.02073949798821852 0.01727685429503267 -0.017217598105402378 0.0059487196025346982
leaf_weight=23.115191072225571 9.2302322536706942 35.954175353050232 17.927365809679031 116.41635648906231 30.79383796453476 59.394690543413162 18.69123999774456
leaf_count=100 39 171 78 497 130 253 82
internal_value=3.53488e-06 0.00878551 0.0296602 -0.00683581 -0.0127871 -0.00484628 0.0245413
internal_weight=311.523 136.391 53.8815 175.132 147.21 82.5099 27.9215
internal_count=1350 602 249 748 627 353 121
is_linear=0
shrinkage=0.04


Tree=37
num_leaves=7
num_cat=0
split_feature=40 13 42 27 15 35
split_gain=11.6053 13.7457 17.1045 13.593 10.4304 5.87072
threshold=-0.6340574276538874 -0.54824662589996853 0.21787367125581789 0.6915809322804628 0.071696415583266074 -0.045330445188255943
decision_type=2 2 2 2 2 2
left_child=3 4 -3 5 -2 -1
right_child=1 2 -4 -5 -6 -7
leaf_value=-0.014857196231878247 0.057873831613585905 0.0084117911074512025 -0.013180663784076294 0.039044830566585344 0.0091377668605737514 -0.049368656006452349
leaf_weight=17.002224460244182 11.77098770439625 146.25028990209103 98.051801532506943 5.1762805432081214 17.430803969502449 14.709572389721869
leaf_count=77 52 624 427 22 73 75
internal_value=5.3469e-06 0.00284585 -0.000254443 -0.0210553 0.0287828 -0.0308654
internal_weight=310.392 273.504 244.302 36.8881 29.2018 31.7118
internal_count=1350 1176 1051 174 125 152
is_linear=0
shrinkage=0.04


Tree=38
num_leaves=4
num_cat=0
split_feature=10 40 53
split_gain=11.4642 15.605 14.1568
threshold=2.518077810987227 2.1514242493531115 -0.41666666666666657
decision_type=2 2 2
left_child=1 2 -1
right_child=-2 -3 -4
leaf_value=0.014373625993556211 -0.050793758546622866 0.059605807306421892 -0.0054852882285033886
leaf_weight=78.045611247420311 6.9487444907426825 7.1395576298236838 217.48209312558174
leaf_count=350 30 35 935
internal_value=4.69197e-06 0.00117094 -0.000240768
internal_weight=309.616 302.667 295.528
internal_count=1350 1320 1285
is_linear=0
shrinkage=0.04


Tree=39
num_leaves=8
num_cat=0
split_feature=14 16 44 37 36 37 53
split_gain=11.4455 14.0386 19.3623 14.8549 12.1443 9.75257 0.0582757
threshold=0.42148372336794576 0.22714169206945214 1.6859271634884354 -0.81970453688264044 -0.57300312930487107 0.61791696921756978 -0.41666666666666657
decision_type=2 2 2 2 2 2 2
left_child=1 3 -3 -1 6 -6 -2
right_child=4 2 -4 -5 5 -7 -8
leaf_value=0.040220722938722468 0.050268122210887584 -0.030329918707221584 0.038414158992612531 -0.0024960695603833184 0.011353653610234228 -0.038898495361374574 0.056378464193149611
leaf_weight=14.268390193581579 4.5633835196495056 51.338455677032471 7.5151481479406348 149.52047453820705 69.811116963624954 6.7792105674743643 5.5159816443920118
leaf_count=62 29 235 32 631 306 28 27
internal_value=5.02345e-06 -0.00479572 -0.0215518 0.00122518 0.0123375 0.0069057 0.053612
internal_weight=309.312 222.642 58.8536 163.789 86.6697 76.5903 10.0794
internal_count=1350 960 267 693 390 334 56
is_linear=0
shrinkage=0.04


Tree=40
num_leaves=7
num_cat=0
split_feature=25 13 14 14 24 53
split_gain=10.9832 14.7656 12.7281 14.7866 10.482 7.33223
threshold=-0.91209866375857973 2.113167721760755 0.37367214148444489 -0.20827588041156564 0.43472098354320604 -1.0000000180025095e-35
decision_type=2 2 2 2 2 2
left_child=1 5 3 -2 -4 -1
right_child=2 -3 4 -5 -6 -7
leaf_value=0.055605018376024884 0.0016639203227719473 -0.036955109993320502 0.026302185826294143 -0.020764718660764018 -0.0013900329198063821 0.0078861334243399955
leaf_weight=14.18393033742905 106.88981959223747 5.137494057416915 37.207158133387566 83.982387349009514 53.055937215685844 8.0907925963401794
leaf_count=71 461 22 173 361 229 33
internal_value=4.89942e-06 0.0241734 -0.00235166 -0.00820452 0.0100249 0.0382722
internal_weight=308.548 27.4122 281.135 190.872 90.2631 22.2747
internal_count=1350 126 1224 822 402 104
is_linear=0
shrinkage=0.04


Tree=41
num_leaves=5
num_cat=0
split_feature=11 53 40 37
split_gain=10.8784 11.7075 19.6441 17.0735
threshold=-1.8508386286435143 -1.0000000180025095e-35 0.18581773842194146 -0.81970453688264044
decision_type=2 2 2 2
left_child=-1 2 -2 -3
right_child=1 3 -4 -5
leaf_value=-0.063202730808282578 -0.0026389177916345376 0.022848937579802088 0.028963558722053293 -0.011481734412429946
leaf_weight=4.295703411102294 79.429936796426773 27.610717341303825 52.122336812317371 144.37784194946289
leaf_count=18 342 121 248 621
internal_value=5.54393e-06 0.000900066 0.0098823 -0.00597035
internal_weight=307.837 303.541 131.552 171.989
internal_count=1350 1332 590 742
is_linear=0
shrinkage=0.04


Tree=42
num_leaves=7
num_cat=0
split_feature=40 10 39 40 40 46
split_gain=10.8447 13.1015 13.0802 19.0969 10.1308 4.75224
threshold=-0.6340574276538874 -0.14016856332412711 -0.42564472580343737 0.08681677426270222 0.013808419357624278 0.2154080747917981
decision_type=2 2 2 2 2 2
left_child=1 5 4 -4 -2 -1
right_child=2 -3 3 -5 -6 -7
leaf_value=-0.045971587069738286 0.029735671321836025 0.025218594027282198 -0.013583318296162633 0.0097156257798889905 -0.028286799830382136 -0.012443317372758975
leaf_weight=17.57503999769688 39.037723794579506 7.869920775294303 105.37337711453438 120.83248065412045 5.4920810014009467 10.995643571019171
leaf_count=88 168 33 445 538 25 53
internal_value=5.84727e-06 -0.0204801 0.00276322 -0.00113771 0.0225795 -0.033068
internal_weight=307.176 36.4406 270.736 226.206 44.5298 28.5707
internal_count=1350 174 1176 983 193 141
is_linear=0
shrinkage=0.04


Tree=43
num_leaves=5
num_cat=0
split_feature=10 40 53 20
split_gain=10.9478 14.0407 12.5863 0.921793
threshold=2.518077810987227 1.7619395375848457 -0.41666666666666657 -0.48018159223849249
decision_type=2 2 2 2
left_child=1 2 -1 -3
right_child=-2 3 -4 -5
leaf_value=0.013579872479984918 -0.049887613393814451 0.039497539252292081 -0.0052632651608236838 0.066719306929111474
leaf_weight=77.1017901673913 6.87893322110176 3.859917551279068 214.51558744907379 4.1091143637895575
leaf_count=350 30 20 930 20
internal_value=4.63676e-06 0.00115023 -0.000281259 0.053534
internal_weight=306.465 299.586 291.617 7.96903
internal_count=1350 1320 1280 40
is_linear=0
shrinkage=0.04


Tree=44
num_leaves=5
num_cat=0
split_feature=10 40 53 13
split_gain=10.1441 13.2897 23.5424 17.1945
threshold=2.518077810987227 0.099565007669389485 -1.0000000180025095e-35 0.15233359922815812
decision_type=2 2 2 2
left_child=1 3 -3 -1
right_child=-2 2 -4 -5
leaf_value=-1.9283700138162786e-05 -0.048150198537836079 0.032760495773697787 -0.0036905144364565829 -0.032486349031015126
leaf_weight=151.56166234612465 6.8427877724170676 49.027965255081654 67.217840015888214 31.528056770563126
leaf_count=666 30 238 283 133
internal_value=4.82178e-06 0.00110564 0.0116831 -0.00561011
internal_weight=306.178 299.336 116.246 183.09
internal_count=1350 1320 521 799
is_linear=0
shrinkage=0.04


Tree=45
num_leaves=8
num_cat=0
split_feature=14 42 53 40 35 13 13
split_gain=10.1752 13.0774 20.6723 13.8549 11.4288 13.5052 8.44116
threshold=0.42148372336794576 0.55511362889392113 -0.74999999999999989 -0.64183321130313553 0.069001200280380981 -0.67626188675287724 -0.61822016520231915
decision_type=2 2 2 2 2 2 2
left_child=1 3 -3 -1 6 -6 -2
right_child=4 2 -4 -5 5 -7 -8
leaf_value=-0.031616797815674114 -0.027237389352854108 0.042462216802281835 -0.040395298332343239 0.0035441391439540578 0.065746609320766744 -0.0073279607516256754 0.035607356566200656
leaf_weight=20.1202572286129 3.8277461379766455 5.7581310570240012 29.500482141971588 164.78585413098335 4.4469352811574927 44.947183668613434 32.076472923159599
leaf_count=98 18 26 137 699 19 200 153
internal_value=5.26558e-06 -0.00453884 -0.0268637 -0.000281841 0.0117341 -0.000749083 0.0289075
internal_weight=305.463 220.165 35.2586 184.906 85.2983 49.3941 35.9042
internal_count=1350 960 163 797 390 219 171
is_linear=0
shrinkage=0.04


Tree=46
num_leaves=5
num_cat=0
split_feature=11 40 28 10
split_gain=9.99908 10.1463 14.3097 11.933
threshold=-1.8508386286435143 -0.6340574276538874 0.84652540635478302 -0.099499863070295791
decision_type=2 2 2 2
left_child=-1 3 -3 -2
right_child=1 2 -4 -5
leaf_value=-0.060994556921643767 -0.030831787404917491 0.0076794132695583656 -0.017429619049447623 0.026942559998975452
leaf_weight=4.2398216873407355 28.399986878037453 221.34230602532625 43.442997097969055 7.1626969873905173
leaf_count=18 143 969 190 30
internal_value=4.39001e-06 0.000865473 0.00355981 -0.0191954
internal_weight=304.588 300.348 264.785 35.5627
internal_count=1350 1332 1159 173
is_linear=0
shrinkage=0.04


Tree=47
num_leaves=6
num_cat=0
split_feature=14 28 46 25 41
split_gain=9.97878 12.5589 20.7747 19.0076 6.01782
threshold=1.613686331152006 0.84652540635478302 0.54961039970615078 -0.78895716333590282 0.71510816621632334
decision_type=2 2 2 2 2
left_child=1 3 -3 -1 -2
right_child=4 2 -4 -5 -6
leaf_value=0.038256633751756274 0.062491045215218914 -0.045029835806456642 0.017321704255626184 -0.001527013353652509 0.0045368467058607091
leaf_weight=20.932969652116299 6.3716101050376874 24.267949014902115 13.200607329607008 234.11451246589422 5.2115582376718521
leaf_count=102 28 106 59 1033 22
internal_value=3.34377e-06 -0.00143854 -0.0230627 0.00173822 0.036416
internal_weight=304.099 292.516 37.4686 255.047 11.5832
internal_count=1350 1300 165 1135 50
is_linear=0
shrinkage=0.04


Tree=48
num_leaves=7
num_cat=0
split_feature=14 40 45 24 16 40
split_gain=9.45768 13.4581 11.9529 11.0915 13.334 12.2024
threshold=0.37367214148444489 1.4123021306035233 3.2270938590468012 0.43472098354320604 0.53357442187798132 -0.48621691984143872
decision_type=2 2 2 2 2 2
left_child=1 2 -1 5 -5 -2
right_child=3 -3 -4 4 -6 -7
leaf_value=-0.0086557525534465014 -0.0061763159412535898 0.050859464299948323 0.035759192714922283 -0.027017899115652423 0.014545272693242463 0.042115990128787549
leaf_weight=195.41100247204304 12.200707316398619 6.7715559750795355 10.200838714838026 19.908219829201698 32.528809025883675 26.67458464205265
leaf_count=853 56 34 43 87 142 135
internal_value=3.54113e-06 -0.00462493 -0.00645223 0.0107689 -0.00123458 0.0269598
internal_weight=303.696 212.383 205.612 91.3123 52.437 38.8753
internal_count=1350 930 896 420 229 191
is_linear=0
shrinkage=0.04


Tree=49
num_leaves=6
num_cat=0
split_feature=37 53 40 26 47
split_gain=9.49302 11.9678 18.4025 16.3257 3.94911
threshold=-1.0214696165376405 -1.0000000180025095e-35 0.18581773842194146 0.7355224296360755 -0.12629159626844938
decision_type=2 2 2 2 2
left_child=4 2 -2 -3 -1
right_child=1 3 -4 -5 -6
leaf_value=0.058933933938344167 -0.0042099734846444961 -0.014386248746540452 0.026569916750277568 0.019782970278741631 0.01037683423095109
leaf_weight=5.884938657283783 81.029933258891106 133.8961281478405 50.415340147912502 26.861043572425842 4.9206005632877332
leaf_count=26 351 584 249 118 22
internal_value=4.64867e-06 -0.00135685 0.00759554 -0.00867689 0.0368221
internal_weight=303.008 292.202 131.445 160.757 10.8055
internal_count=1350 1302 600 702 48
is_linear=0
shrinkage=0.04


Tree=50
num_leaves=4
num_cat=0
split_feature=10 40 53
split_gain=9.34407 11.8441 11.9747
threshold=2.518077810987227 2.1514242493531115 -0.74999999999999989
decision_type=2 2 2
left_child=1 2 -1
right_child=-2 -3 -4
leaf_value=0.026348328642230544 -0.046700926764854274 0.055712098310840598 -0.0026115140821248808
leaf_weight=25.005782827734947 6.7014902532100669 6.2122556865215293 264.37078927457333
leaf_count=111 30 35 1174
internal_value=5.24178e-06 0.00106415 -0.000109019
internal_weight=302.29 295.589 289.377
internal_count=1350 1320 1285
is_linear=0
shrinkage=0.04


Tree=51
num_leaves=5
num_cat=0
split_feature=11 40 39 27
split_gain=9.08314 8.9403 14.0562 11.3436
threshold=-1.8508386286435143 -0.6340574276538874 -0.42564472580343737 0.6915809322804628
decision_type=2 2 2 2
left_child=-1 3 -3 -2
right_child=1 2 -4 -5
leaf_value=-0.058530785608137202 -0.027555102079338433 0.024298067992638533 -0.00072951519997455192 0.037145345601889035
leaf_weight=4.1826612204313269 29.9004787504673 42.905382394790649 220.04829969257116 5.0709864050149909
leaf_count=18 151 188 971 22
internal_value=5.38771e-06 0.000827195 0.00335416 -0.0181733
internal_weight=302.108 297.925 262.954 34.9715
internal_count=1350 1332 1159 173
is_linear=0
shrinkage=0.04


Tree=52
num_leaves=8
num_cat=0
split_feature=14 16 44 44 40 27 39
split_gain=8.90738 12.5636 17.9385 13.6615 10.4806 14.0514 13.3968
threshold=0.36610064185360963 0.22714169206945214 1.3874958987053418 -1.9965567292463895 -0.37129390772260701 0.71818323776371529 0.50916792113175791
decision_type=2 2 2 2 2 2 2
left_child=1 3 -3 -1 5 -2 -6
right_child=4 2 -4 -5 6 -7 -8
leaf_value=-0.046072389671481521 -0.026154488073227462 -0.030621408017324315 0.033592298213520728 0.0042384454812427795 0.033379406904397155 0.043385879459360017 -0.0041701309212986027
leaf_weight=9.1769371032714826 20.794605344533924 46.523450568318367 8.1853082329034788 146.41738863289356 40.126375496387482 5.987754449248313 24.475021481513977
leaf_count=38 98 218 35 634 193 26 108
internal_value=4.54364e-06 -0.00452619 -0.021014 0.00127112 0.0104312 -0.0106073 0.0191533
internal_weight=301.687 210.303 54.7088 155.594 91.3838 26.7824 64.6014
internal_count=1350 925 253 672 425 124 301
is_linear=0
shrinkage=0.04


Tree=53
num_leaves=6
num_cat=0
split_feature=14 28 46 25 41
split_gain=8.60562 11.7898 19.1042 17.2081 5.73996
threshold=1.613686331152006 0.84652540635478302 0.48419199280865743 -0.78895716333590282 0.71510816621632334
decision_type=2 2 2 2 2
left_child=1 3 -3 -1 -2
right_child=4 2 -4 -5 -6
leaf_value=0.036964655465902101 0.059860571218782549 -0.044678138956213455 0.014687676382328605 -0.0013453970180747187 0.0028138432767947181
leaf_weight=20.410777397453785 6.2494432479143125 23.134687229990959 13.874717354774473 231.92240902781487 5.145731046795845
leaf_count=102 28 102 63 1033 22
internal_value=3.97937e-06 -0.00133882 -0.0224221 0.00175343 0.0340999
internal_weight=300.738 289.343 37.0094 252.333 11.3952
internal_count=1350 1300 165 1135 50
is_linear=0
shrinkage=0.04


Tree=54
num_leaves=6
num_cat=0
split_feature=37 53 40 26 47
split_gain=8.58785 10.8866 17.3844 14.6045 3.77814
threshold=-1.0214696165376405 -1.0000000180025095e-35 0.18581773842194146 0.7355224296360755 -0.12629159626844938
decision_type=2 2 2 2 2
left_child=4 2 -2 -3 -1
right_child=1 3 -4 -5 -6
leaf_value=0.057293766673756207 -0.0041458799594929147 -0.013720149401807595 0.025974642271452138 0.018697843601379213 0.0094130830981084771
leaf_weight=5.7489091902971268 80.721664115786552 132.84695245325565 49.434546753764153 26.704405054450035 4.8708830177783948
leaf_count=26 351 584 249 118 22
internal_value=4.14142e-06 -0.0012909 0.00729418 -0.00829429 0.0353328
internal_weight=300.327 289.708 130.156 159.551 10.6198
internal_count=1350 1302 600 702 48
is_linear=0
shrinkage=0.04


Tree=55
num_leaves=7
num_cat=0
split_feature=13 25 36 18 35 28
split_gain=8.83379 15.7033 13.2946 8.855 7.42274 3.83229
threshold=1.5479713447153445 -0.91209866375857973 -1.0705061243277492 -0.71176407310380141 -1.3712226034471955 1.0712837352220852
decision_type=2 2 2 2 2 2
left_child=1 4 -3 -2 -1 -5
right_child=3 2 -4 5 -6 -7
leaf_value=-0.0083706676745041765 0.023139686133868808 -0.050517173982691482 0.00086700110660705907 -0.013522799481431043 0.050914126204135116 -0.057125973275923288
leaf_weight=4.4117505177855518 4.3652712851762798 8.32035945355892 253.84435447305441 4.94057373702526 14.435918837785719 9.2882266491651517
leaf_count=21 21 34 1135 23 75 41
internal_value=4.76231e-06 0.00177154 -0.000763786 -0.0266966 0.0370371 -0.0419859
internal_weight=299.606 281.012 262.165 18.5941 18.8477 14.2288
internal_count=1350 1265 1169 85 96 64
is_linear=0
shrinkage=0.04


Tree=56
num_leaves=5
num_cat=0
split_feature=11 13 25 18
split_gain=8.44547 8.0821 14.001 7.98541
threshold=-1.8508386286435143 1.5479713447153445 -0.91209866375857973 -0.71176407310380141
decision_type=2 2 2 2
left_child=-1 2 -2 -3
right_child=1 3 -4 -5
leaf_value=-0.056827090010013959 0.035991699371886676 0.022286877026277883 8.2582092050127262e-05 -0.039814609551474443
leaf_weight=4.1259921640157691 18.625720597803593 4.3513043671846416 258.25878082960844 13.882984206080435
leaf_count=18 96 21 1152 63
internal_value=4.88613e-06 0.000799442 0.00249815 -0.0249951
internal_weight=299.245 295.119 276.885 18.2343
internal_count=1350 1332 1248 84
is_linear=0
shrinkage=0.04


Tree=57
num_leaves=8
num_cat=0
split_feature=14 11 16 42 35 40 53
split_gain=8.21993 11.7812 15.789 13.0195 10.2703 13.3052 10.8214
threshold=0.36610064185360963 -0.017925730756820493 0.25165881055367584 -1.129672634726349 0.069001200280380981 0.13604774329166078 0.58333333333333337
decision_type=2 2 2 2 2 2 2
left_child=1 3 -3 -1 6 -6 -2
right_child=4 2 -4 -5 5 -7 -8
leaf_value=-0.040376999285659305 0.0080736596217462191 -0.0057187300217669606 -0.045667057292018497 0.0070435232952446693 -0.019752952875896873 0.021616624842348334 0.050646029919489459
leaf_weight=10.062435671687124 23.551075652241707 60.399058394134045 21.452185064554214 116.69868416339159 28.731536895036697 21.935300245881081 16.072853982448578
leaf_count=43 122 262 102 518 129 101 73
internal_value=4.74717e-06 -0.00435921 -0.0161887 0.00327923 0.0100875 -0.00184273 0.0253425
internal_weight=298.903 208.612 81.8512 126.761 90.2908 50.6668 39.6239
internal_count=1350 925 364 561 425 230 195
is_linear=0
shrinkage=0.04


Tree=58
num_leaves=7
num_cat=0
split_feature=28 40 42 36 40 3
split_gain=8.11349 11.8007 18.7204 17.6378 9.10756 6.8574
threshold=-0.71105684357805377 0.15802652456071256 -1.129672634726349 -0.69875125773176783 0.29456663343983269 0.41316606213939788
decision_type=2 2 2 2 2 2
left_child=4 3 -3 -2 5 -1
right_child=1 2 -4 -5 -6 -7
leaf_value=0.0376715564113035 0.033527793634791019 -0.049384572312718936 0.013135341831551038 -0.01319669258003911 -0.028646402022651531 -0.015548056668436804
leaf_weight=22.255975380539898 14.172604292631148 8.3252390772104246 96.332503512501717 146.99576556682587 5.3683244511485091 4.6901377290487281
leaf_count=99 63 36 450 657 25 20
internal_value=4.19849e-06 -0.00229646 0.00816205 -0.0090879 0.01893 0.0284084
internal_weight=298.141 265.826 104.658 161.168 32.3144 26.9461
internal_count=1350 1206 486 720 144 119
is_linear=0
shrinkage=0.04


Tree=59
num_leaves=5
num_cat=0
split_feature=10 53 40 35
split_gain=7.88563 10.4911 14.6203 13.2116
threshold=2.518077810987227 -0.74999999999999989 0.08681677426270222 0.44033691226835442
decision_type=2 2 2 2
left_child=1 3 -3 -1
right_child=-2 2 -4 -5
leaf_value=-0.00058117024759333938 -0.043630780531256505 -0.0092669853620232414 0.0097451684816034362 0.058118448156677001
leaf_weight=13.614520877599718 6.4821414947509757 155.23568905889988 110.9846403747797 11.166686818003653
leaf_count=61 30 695 514 50
internal_value=4.21678e-06 0.000976199 -0.00134101 0.0258695
internal_weight=297.484 291.002 266.22 24.7812
internal_count=1350 1320 1209 111
is_linear=0
shrinkage=0.04


Tree=60
num_leaves=6
num_cat=0
split_feature=37 53 42 53 47
split_gain=7.81593 10.1631 16.8739 14.2052 3.51611
threshold=-1.0214696165376405 -1.0000000180025095e-35 0.50800874518120887 0.75000000000000011 -0.12629159626844938
decision_type=2 2 2 2 2
left_child=4 2 -2 -3 -1
right_child=1 3 -4 -5 -6
leaf_value=0.055520399844226319 0.014348479418997506 -0.014265522655797896 -0.022034858068565703 0.014946746098327151 0.0090002357702394387
leaf_weight=5.6128902733325958 102.84321015328169 124.46369451284409 25.44046375900507 33.884958669543266 4.8421614468097669
leaf_count=26 480 552 120 150 22
internal_value=4.06413e-06 -0.00123504 0.00713315 -0.0080144 0.033975
internal_weight=297.087 286.632 128.284 158.349 10.4551
internal_count=1350 1302 600 702 48
is_linear=0
shrinkage=0.04


Tree=61
num_leaves=8
num_cat=0
split_feature=14 11 16 45 24 16 40
split_gain=7.65863 10.99 14.5852 11.7105 10.187 11.5012 10.8109
threshold=0.36610064185360963 -0.017925730756820493 0.25165881055367584 3.2270938590468012 0.43472098354320604 0.53357442187798132 -0.48621691984143872
decision_type=2 2 2 2 2 2 2
left_child=1 3 -3 -1 6 -6 -2
right_child=4 2 -4 -5 5 -7 -8
leaf_value=-6.6865233048250841e-05 -0.0053948269895956634 -0.005675836528514837 -0.044402925405328003 0.049064667792989729 -0.026128018728319709 0.012924638303868924 0.040272106571469894
leaf_weight=117.7473062351346 12.252312704920767 60.076687373220921 20.998174443840981 8.3098081797361356 19.380739375948906 31.969469100236893 25.675078451633453
leaf_count=526 58 262 102 35 87 143 137
internal_value=3.99055e-06 -0.00421722 -0.015706 0.00317193 0.00979757 -0.00181472 0.0255196
internal_weight=296.41 207.132 81.0749 126.057 89.2776 51.3502 37.9274
internal_count=1350 925 364 561 425 230 195
is_linear=0
shrinkage=0.04


Tree=62
num_leaves=7
num_cat=0
split_feature=28 40 42 35 40 3
split_gain=7.55228 10.4066 17.4506 16.493 8.4564 6.15835
threshold=-0.71105684357805377 0.15802652456071256 -1.129672634726349 -0.079152398848274144 0.29456663343983269 0.41316606213939788
decision_type=2 2 2 2 2 2
left_child=4 3 -3 -2 5 -1
right_child=1 2 -4 -5 -6 -7
leaf_value=0.036385512714960724 0.006130128291187067 -0.048100612964691855 0.012479469427513283 -0.01980844953043082 -0.027674274579624902 -0.014153322303546776
leaf_weight=22.016084223985676 68.955420985817909 8.2674046307802183 95.386810474097729 90.959446735680103 5.3255537226796141 4.6773258894681922
leaf_count=99 305 36 450 415 25 20
internal_value=3.84149e-06 -0.00222466 0.00764763 -0.00862371 0.0183481 0.0275299
internal_weight=295.588 263.569 103.654 159.915 32.019 26.6934
internal_count=1350 1206 486 720 144 119
is_linear=0
shrinkage=0.04


Tree=63
num_leaves=4
num_cat=0
split_feature=10 40 53
split_gain=7.33128 10.1166 10.641
threshold=2.518077810987227 2.1514242493531115 -0.74999999999999989
decision_type=2 2 2
left_child=1 2 -1
right_child=-2 -3 -4
leaf_value=0.025031690888512006 -0.042378329207444686 0.054045386568958652 -0.0025077866559609524
leaf_weight=24.585250958800316 6.3889760673046103 5.6279902756214133 258.32635298371315
leaf_count=111 30 35 1174
internal_value=3.37641e-06 0.000941812 -0.000114583
internal_weight=294.929 288.54 282.912
internal_count=1350 1320 1285
is_linear=0
shrinkage=0.04


Tree=64
num_leaves=7
num_cat=0
split_feature=14 40 11 24 16 38
split_gain=7.20428 10.532 11.0633 9.38725 10.7601 9.32652
threshold=0.37367214148444489 1.7619395375848457 -0.017925730756820493 0.43472098354320604 0.53357442187798132 -0.2836775553102609
decision_type=2 2 2 2 2 2
left_child=1 2 -1 5 -5 -2
right_child=3 -3 -4 4 -6 -7
leaf_value=0.0020246740735881332 0.001299424708396303 0.053694778795782931 -0.017148450981774407 -0.025043525870889614 0.012851218016253168 0.042246116423252981
leaf_weight=123.17587895691395 15.317626528441904 4.9312827661633483 79.058245189487934 19.269128501415253 31.731817707419395 21.243961073458195
leaf_count=544 79 29 357 87 142 112
internal_value=3.57363e-06 -0.00406222 -0.00547057 0.00962289 -0.00146614 0.0250913
internal_weight=294.728 207.165 202.234 87.5625 51.0009 36.5616
internal_count=1350 930 901 420 229 191
is_linear=0
shrinkage=0.04


Tree=65
num_leaves=7
num_cat=0
split_feature=13 25 36 18 35 28
split_gain=7.14288 13.5254 12.2539 7.85356 7.34247 2.65878
threshold=1.568186011812533 -0.91209866375857973 -1.0705061243277492 -0.71176407310380141 -1.3712226034471955 1.2953492691898727
decision_type=2 2 2 2 2 2
left_child=1 4 -3 -2 -1 -5
right_child=3 2 -4 5 -6 -7
leaf_value=-0.011166102835310833 0.02271366390818062 -0.048696956954686003 0.00077011990482416665 -0.017937424357047062 0.048611015652208343 -0.055343300736715707
leaf_weight=4.2863959372043636 4.1297646164894131 8.2770927697420102 250.52206218242645 4.9875154048204404 14.110749609768389 7.7875606119632721
leaf_count=21 21 34 1138 23 77 36
internal_value=4.37919e-06 0.00154381 -0.00081197 -0.0252384 0.0346834 -0.0407397
internal_weight=294.101 277.196 258.799 16.9048 18.3971 12.7751
internal_count=1350 1270 1172 80 98 59
is_linear=0
shrinkage=0.04


Tree=66
num_leaves=6
num_cat=0
split_feature=37 53 40 26 47
split_gain=7.07144 9.14457 15.4812 12.873 3.38287
threshold=-1.0214696165376405 -1.0000000180025095e-35 0.18581773842194146 0.7355224296360755 -0.12629159626844938
decision_type=2 2 2 2 2
left_child=4 2 -2 -3 -1
right_child=1 3 -4 -5 -6
leaf_value=0.054044291474705422 -0.0039089061203150107 -0.01276365498821851 0.025062545037099888 0.017956213997345493 0.0080860717483279762
leaf_weight=5.4844177067279816 79.682414367794991 130.65862559527159 46.869469225406647 26.202295407652855 4.8101155459880811
leaf_count=26 351 584 249 118 22
internal_value=4.44633e-06 -0.00117846 0.00682089 -0.00763216 0.0325703
internal_weight=293.707 283.413 126.552 156.861 10.2945
internal_count=1350 1302 600 702 48
is_linear=0
shrinkage=0.04


Tree=67
num_leaves=7
num_cat=0
split_feature=13 25 36 45 35 37
split_gain=7.07345 11.8888 11.2689 7.40718 6.7927 3.80688
threshold=1.5479713447153445 -0.91209866375857973 -1.0705061243277492 1.3515634950533479 -1.3712226034471955 1.4256969779537474
decision_type=2 2 2 2 2 2
left_child=1 4 -3 5 -1 -2
right_child=3 2 -4 -5 -6 -7
leaf_value=-0.010601945004440335 -0.0100443475658495 -0.04670395048182055 0.00092258837873642147 0.022962602928619746 0.047294111986462745 -0.054165277972327015
leaf_weight=4.275733262300494 4.8427903950214413 8.2105576097965223 249.35154793411493 4.0616813302040091 13.416136503219603 8.8415222316980344
leaf_count=21 23 34 1135 22 75 40
internal_value=5.04141e-06 0.00158311 -0.000595649 -0.024472 0.0333019 -0.0385512
internal_weight=293 275.254 257.562 17.746 17.6919 13.6843
internal_count=1350 1265 1169 85 96 63
is_linear=0
shrinkage=0.04


Tree=68
num_leaves=7
num_cat=0
split_feature=28 40 53 36 40 40
split_gain=7.01501 9.57204 16.4963 15.2955 7.79559 5.98314
threshold=-0.71105684357805377 0.15802652456071256 0.25000000000000006 -0.69875125773176783 0.29456663343983269 -0.64596581974490286
decision_type=2 2 2 2 2 2
left_child=4 3 -3 -2 5 -1
right_child=1 2 -4 -5 -6 -7
leaf_value=-0.0082708593543032363 0.03183969529465535 0.017217399337222418 -0.018989635815470508 -0.012129902311855156 -0.026587537917882407 0.036969811755104054
leaf_weight=6.0672580897808137 13.86862103641033 74.333161637187004 27.612675622105598 145.05721140652895 5.2885276377201071 20.415817201137543
leaf_count=27 63 365 121 657 25 92
internal_value=5.09319e-06 -0.00215619 0.00741049 -0.00829291 0.017751 0.0266052
internal_weight=292.643 260.872 101.946 158.926 31.7716 26.4831
internal_count=1350 1206 486 720 144 119
is_linear=0
shrinkage=0.04


Tree=69
num_leaves=8
num_cat=0
split_feature=28 46 11 25 53 35 36
split_gain=7.04869 14.146 12.1185 11.8177 12.1001 12.0901 10.7531
threshold=0.84652540635478302 0.54961039970615078 -0.42625945607670274 -0.78895716333590282 -0.74999999999999989 -1.3712226034471955 1.2040120783585422
decision_type=2 2 2 2 2 2 2
left_child=3 6 -3 5 -5 -1 -2
right_child=1 2 -4 4 -6 -7 -8
leaf_value=-0.033106067171354801 -0.042550136677178746 0.069608970057078751 -0.0082613639464346189 0.027122918671237672 -0.0030069577209842283 0.04874014008224134 0.020299964308783683
leaf_weight=3.5669330582022694 23.651494480669502 4.7753741443157187 9.6780764162540418 23.790085576474667 205.92016001790762 15.164915256202219 5.3386840820312491
leaf_count=17 106 24 46 108 940 85 24
internal_value=5.38515e-06 -0.0148594 0.0174667 0.0026047 0.000113462 0.0331549 -0.030976
internal_weight=291.886 43.4436 14.4535 248.442 229.71 18.7318 28.9902
internal_count=1350 200 70 1150 1048 102 130
is_linear=0
shrinkage=0.04


Tree=70
num_leaves=8
num_cat=0
split_feature=14 42 53 53 35 13 53
split_gain=7.14433 9.62406 16.7544 11.6378 9.06453 11.1602 10.2769
threshold=0.37367214148444489 0.55511362889392113 -0.74999999999999989 0.25000000000000006 0.069001200280380981 -0.69009242249506708 0.58333333333333337
decision_type=2 2 2 2 2 2 2
left_child=1 3 -3 -1 6 -6 -2
right_child=4 2 -4 -5 5 -7 -8
leaf_value=0.0065892260507975451 0.0066726653324885596 0.037560142457857298 -0.0377755344374835 -0.015888390189413303 0.056666249260898686 -0.007868427730256998 0.049212977229708244
leaf_weight=119.66082726418972 21.667513594031334 5.7602316439151791 26.238516457378864 53.256968125700951 4.745767429471015 44.402565136551857 15.648163944482802
leaf_count=535 118 26 130 239 21 208 73
internal_value=5.85199e-06 -0.0040627 -0.024214 -0.000333657 0.00964817 -0.00163695 0.0245118
internal_weight=291.381 204.917 31.9987 172.918 86.464 49.1483 37.3157
internal_count=1350 930 156 774 420 229 191
is_linear=0
shrinkage=0.04


Tree=71
num_leaves=7
num_cat=0
split_feature=28 40 42 35 40 3
split_gain=6.77214 9.41435 15.2482 14.391 7.16793 5.67443
threshold=-0.71105684357805377 0.15802652456071256 -1.129672634726349 -0.079152398848274144 0.29456663343983269 0.41316606213939788
decision_type=2 2 2 2 2 2
left_child=4 3 -3 -2 5 -1
right_child=1 2 -4 -5 -6 -7
leaf_value=0.034656897652641849 0.0056363308682263278 -0.045370917738887968 0.011976701118545454 -0.018737596575769438 -0.025067637774153374 -0.01402752074778117
leaf_weight=21.633548691868789 68.155263006687164 8.0609263330697996 93.061823971569538 89.856143467128277 5.2720518708229056 4.6547569483518592
leaf_count=99 305 36 450 415 25 20
internal_value=5.49914e-06 -0.00212516 0.00740528 -0.00822436 0.0174998 0.0260366
internal_weight=290.695 259.134 101.123 158.011 31.5604 26.2883
internal_count=1350 1206 486 720 144 119
is_linear=0
shrinkage=0.04


Tree=72
num_leaves=8
num_cat=0
split_feature=14 42 53 40 35 13 45
split_gain=6.67541 9.929 15.8448 10.1983 8.43849 11.5277 8.63255
threshold=0.42148372336794576 0.55511362889392113 -0.74999999999999989 -0.64183321130313553 0.069001200280380981 -0.67626188675287724 1.3515634950533479
decision_type=2 2 2 2 2 2 2
left_child=1 3 -3 -1 6 -6 -2
right_child=4 2 -4 -5 5 -7 -8
leaf_value=-0.027786522793796613 0.033879963402074123 0.03640423911497815 -0.036579618214347506 0.0033305303277618827 0.062190339354679242 -0.007214951248843136 -0.025149395194156925
leaf_weight=18.854715883731842 27.973255194723606 5.7647798508405677 27.29056254029274 158.65318428725004 4.2064543962478629 42.664356023073196 4.6183378323912612
leaf_count=98 146 26 137 699 19 200 25
internal_value=4.96629e-06 -0.00372298 -0.0238514 2.53073e-05 0.00988347 -0.000986124 0.0255153
internal_weight=290.026 210.563 33.0553 177.508 79.4624 46.8708 32.5916
internal_count=1350 960 163 797 390 219 171
is_linear=0
shrinkage=0.04


Tree=73
num_leaves=5
num_cat=0
split_feature=20 40 39 42
split_gain=6.62956 7.32474 14.866 13.0312
threshold=-1.3993557301151969 0.099565007669389485 -0.37322921370285372 0.66244241521448421
decision_type=2 2 2 2
left_child=-1 2 -2 -3
right_child=1 3 -4 -5
leaf_value=-0.043485639441891905 0.009814275361623645 0.013738663932513037 -0.014027589396470974 -0.029999934341117473
leaf_weight=5.5015890747308722 70.743212968111038 98.317634604871273 102.43072661012411 12.257468983530996
leaf_count=24 336 476 455 59
internal_value=4.24115e-06 0.000847463 -0.00428796 0.00889015
internal_weight=289.251 283.749 173.174 110.575
internal_count=1350 1326 791 535
is_linear=0
shrinkage=0.04


Tree=74
num_leaves=6
num_cat=0
split_feature=14 28 46 25 41
split_gain=6.46913 9.98456 14.6736 11.3726 5.49778
threshold=1.613686331152006 0.84652540635478302 0.48419199280865743 -0.78895716333590282 0.71510816621632334
decision_type=2 2 2 2 2
left_child=1 3 -3 -1 -2
right_child=4 2 -4 -5 -6
leaf_value=0.031990709597259796 0.055954642099940097 -0.041169692416464169 0.012347084706229862 -0.00078223383792764905 -0.00076126474483764002
leaf_weight=18.324374541640282 5.9891919270157796 21.921038180589676 13.093948662281035 224.46915385127068 5.0323604643344879
leaf_count=102 28 102 63 1033 22
internal_value=3.82302e-06 -0.00118855 -0.0211569 0.00169124 0.0300586
internal_weight=288.83 277.809 35.015 242.794 11.0216
internal_count=1350 1300 165 1135 50
is_linear=0
shrinkage=0.04


Tree=75
num_leaves=7
num_cat=0
split_feature=53 36 53 26 26 40
split_gain=6.37279 23.9552 16.8971 26.3449 17.5808 13.7473
threshold=0.75000000000000011 0.88977698084754497 0.25000000000000006 -0.050461847155001759 -0.1789841012628032 -0.39190431149971167
decision_type=2 2 2 2 2 2
left_child=2 5 4 -4 -1 -2
right_child=1 -3 3 -5 -6 -7
leaf_value=0.018965291514376221 -0.00010320154286001556 -0.06602425684102621 -0.040569262299490892 0.0084501438100857505 -0.0063233216199737865 0.052901961190114699
leaf_weight=75.507659718394279 14.509442254900934 4.9660820960998526 39.478230342268944 31.570139154791832 105.36110019683838 17.003690421581268
leaf_count=349 70 21 181 149 505 75
internal_value=3.85401e-06 0.0156294 -0.00225883 -0.0187876 0.00423397 0.028497
internal_weight=288.396 36.4792 251.917 71.0484 180.869 31.5131
internal_count=1350 166 1184 330 854 145
is_linear=0
shrinkage=0.04


Tree=76
num_leaves=5
num_cat=0
split_feature=11 53 26 37
split_gain=6.45858 6.75957 15.1357 12.6116
threshold=-1.685377135574474 -1.0000000180025095e-35 1.0084479822414207 -0.68702763627412666
decision_type=2 2 2 2
left_child=-1 2 -2 -3
right_child=1 3 -4 -5
leaf_value=-0.043210933930090893 0.011220211927609148 0.015653734273716097 -0.053985619304680758 -0.010719287440342744
leaf_weight=5.4291194751858702 114.87768601626158 37.922096684575081 5.9928671047091475 123.46897142380476
leaf_count=24 559 178 29 560
internal_value=3.29885e-06 0.000834497 0.00798725 -0.00452241
internal_weight=287.691 282.262 120.871 161.391
internal_count=1350 1326 588 738
is_linear=0
shrinkage=0.04


Tree=77
num_leaves=7
num_cat=0
split_feature=13 40 53 39 45 37
split_gain=6.31498 10.1287 19.27 14.5199 6.60369 3.49085
threshold=1.5479713447153445 0.099565007669389485 -1.0000000180025095e-35 -0.37322921370285372 1.3515634950533479 1.4256969779537474
decision_type=2 2 2 2 2 2
left_child=1 3 -3 -1 5 -2
right_child=4 2 -4 -5 -6 -7
leaf_value=0.0096592401894170198 -0.0093472587962056021 0.035905180569420762 -0.0014578694810730142 -0.013841510238794817 0.022162317779765118 -0.052445443679753706
leaf_weight=71.020791113376617 4.6577580422163036 34.39900916069746 61.702244326472282 103.17402930557728 3.8895674794912329 8.4844804853200895
leaf_count=338 23 197 269 461 22 40
internal_value=2.65735e-06 0.00149122 0.0119161 -0.00426004 -0.023621 -0.037171
internal_weight=287.328 270.296 96.1013 174.195 17.0318 13.1422
internal_count=1350 1265 466 799 85 63
is_linear=0
shrinkage=0.04


Tree=78
num_leaves=7
num_cat=0
split_feature=40 10 39 44 53 46
split_gain=6.38401 10.84 10.3532 16.0554 11.7267 4.37206
threshold=-0.6340574276538874 -0.14016856332412711 -0.42564472580343737 -1.5982010433804363 -0.74999999999999989 0.2154080747917981
decision_type=2 2 2 2 2 2
left_child=1 5 4 -4 -2 -1
right_child=2 -3 3 -5 -6 -7
leaf_value=-0.042068096516443949 0.081806081236495576 0.025608549981098815 -0.03790212565746167 0.0019079299870686684 0.013053616361398299 -0.0085076313966607215
leaf_weight=15.609154544770719 4.4397034198045722 7.6004162877798072 17.69172103703022 193.39898271486163 37.467544294893742 10.315229080617426
leaf_count=88 19 33 82 901 174 53
internal_value=3.31431e-06 -0.0163989 0.00217677 -0.00142859 0.0203373 -0.0287145
internal_weight=286.523 33.5248 252.998 211.091 41.9072 25.9244
internal_count=1350 174 1176 983 193 141
is_linear=0
shrinkage=0.04


Tree=79
num_leaves=8
num_cat=0
split_feature=14 11 16 45 40 27 28
split_gain=6.26133 9.33666 12.715 10.2395 7.8422 11.5593 10.7171
threshold=0.36610064185360963 -0.017925730756820493 0.25165881055367584 3.2270938590468012 -0.37129390772260701 0.71818323776371529 0.41178277915992056
decision_type=2 2 2 2 2 2 2
left_child=1 3 -3 -1 5 -2 -6
right_child=4 2 -4 -5 6 -7 -8
leaf_value=-6.4785438784189156e-05 -0.023963883025806321 -0.0052456981119978398 -0.042296325772414052 0.04616377281659273 0.031517546905916544 0.040705660775297331 -0.0026897991119790533
leaf_weight=114.15833262354136 19.794195666909221 58.36936841160059 19.863155111670494 8.2180771678686124 34.460662417113781 5.6945964694023123 25.496199913322926
leaf_count=526 98 262 102 35 182 26 119
internal_value=2.26354e-06 -0.00385997 -0.0146528 0.00303965 0.00907 -0.00951569 0.0169711
internal_weight=286.055 200.609 78.2325 122.376 85.4457 25.4888 59.9569
internal_count=1350 925 364 561 425 124 301
is_linear=0
shrinkage=0.04


end of trees

feature_importances:
Column_40=80
Column_53=64
Column_14=35
Column_28=35
Column_13=27
Column_10=22
Column_35=21
Column_42=21
Column_37=20
Column_16=18
Column_36=17
Column_11=12
Column_25=12
Column_39=10
Column_24=9
Column_27=9
Column_45=9
Column_26=8
Column_47=7
Column_44=6
Column_46=6
Column_20=4
Column_41=4
Column_3=3
Column_18=3
Column_12=2
Column_5=1
Column_15=1
Column_38=1

parameters:
[boosting: gbdt]
[objective: binary]
[metric: binary_logloss]
[tree_learner: serial]
[device_type: cpu]
[data_sample_strategy: bagging]
[data: ]
[valid: ]
[num_iterations: 80]
[learning_rate: 0.04]
[num_leaves: 15]
[num_threads: 2]
[seed: 42]
[deterministic: 0]
[force_col_wise: 0]
[force_row_wise: 0]
[histogram_pool_size: -1]
[max_depth: 3]
[min_data_in_leaf: 20]
[min_sum_hessian_in_leaf: 0.001]
[bagging_fraction: 1]
[pos_bagging_fraction: 1]
[neg_bagging_fraction: 1]
[bagging_freq: 0]
[bagging_seed: 400]
[bagging_by_query: 0]
[feature_fraction: 1]
[feature_fraction_bynode: 1]
[feature_fraction_seed: 30056]
[extra_trees: 0]
[extra_seed: 12879]
[early_stopping_round: 0]
[early_stopping_min_delta: 0]
[first_metric_only: 0]
[max_delta_step: 0]
[lambda_l1: 0]
[lambda_l2: 0]
[linear_lambda: 0]
[min_gain_to_split: 0]
[drop_rate: 0.1]
[max_drop: 50]
[skip_drop: 0.5]
[xgboost_dart_mode: 0]
[uniform_drop: 0]
[drop_seed: 17869]
[top_rate: 0.2]
[other_rate: 0.1]
[min_data_per_group: 100]
[max_cat_threshold: 32]
[cat_l2: 10]
[cat_smooth: 10]
[max_cat_to_onehot: 4]
[top_k: 20]
[monotone_constraints: ]
[monotone_constraints_method: basic]
[monotone_penalty: 0]
[feature_contri: ]
[forcedsplits_filename: ]
[refit_decay_rate: 0.9]
[cegb_tradeoff: 1]
[cegb_penalty_split: 0]
[cegb_penalty_feature_lazy: ]
[cegb_penalty_feature_coupled: ]
[path_smooth: 0]
[interaction_constraints: ]
[verbosity: -1]
[saved_feature_importance_type: 0]
[use_quantized_grad: 0]
[num_grad_quant_bins: 4]
[quant_train_renew_leaf: 0]
[stochastic_rounding: 1]
[linear_tree: 0]
[max_bin: 255]
[max_bin_by_feature: ]
[min_data_in_bin: 3]
[bin_construct_sample_cnt: 200000]
[data_random_seed: 175]
[is_enable_sparse: 1]
[enable_bundle: 1]
[use_missing: 1]
[zero_as_missing: 0]
[feature_pre_filter: 1]
[pre_partition: 0]
[two_round: 0]
[header: 0]
[label_column: ]
[weight_column: ]
[group_column: ]
[ignore_column: ]
[categorical_feature: ]
[forcedbins_filename: ]
[precise_float_parser: 0]
[parser_config_file: ]
[objective_seed: 16083]
[num_class: 1]
[is_unbalance: 0]
[scale_pos_weight: 1]
[sigmoid: 1]
[boost_from_average: 1]
[reg_sqrt: 0]
[alpha: 0.9]
[fair_c: 1]
[poisson_max_delta_step: 0.7]
[tweedie_variance_power: 1.5]
[lambdarank_truncation_level: 30]
[lambdarank_norm: 1]
[label_gain: ]
[lambdarank_position_bias_regularization: 0]
[eval_at: ]
[multi_error_top_k: 1]
[auc_mu_weights: ]
[num_machines: 1]
[local_listen_port: 12400]
[time_out: 120]
[machine_list_filename: ]
[machines: ]
[gpu_platform_id: -1]
[gpu_device_id: -1]
[gpu_device_id_list: ]
[gpu_use_dp: 0]
[num_gpu: 1]

end of parameters

pandas_categorical:null
