tree
version=v4
num_class=1
num_tree_per_iteration=1
label_index=0
max_feature_idx=55
objective=quantile
feature_names=Column_0 Column_1 Column_2 Column_3 Column_4 Column_5 Column_6 Column_7 Column_8 Column_9 Column_10 Column_11 Column_12 Column_13 Column_14 Column_15 Column_16 Column_17 Column_18 Column_19 Column_20 Column_21 Column_22 Column_23 Column_24 Column_25 Column_26 Column_27 Column_28 Column_29 Column_30 Column_31 Column_32 Column_33 Column_34 Column_35 Column_36 Column_37 Column_38 Column_39 Column_40 Column_41 Column_42 Column_43 Column_44 Column_45 Column_46 Column_47 Column_48 Column_49 Column_50 Column_51 Column_52 Column_53 Column_54 Column_55
feature_infos=[-6.1345243336734345:6.5891595427342891] [-5.6683842376077003:5.4842453114048357] [-4.9217074550136495:4.1777490349893478] [-4.3834075706117082:3.8303901891370167] [-3.6928377985595402:2.1595842005035273] [-2.6429839602143903:2.382055881756965] [-4.2635255301398001:3.9686905648157995] [-1.3528221801484426:6.5918383951596073] [-1.684257380619687:1.6380072776429317] [-3.6385384652484531:2.1931744619394742] [-1.4887777767622539:5.264620752337497] [-2.4772073732754909:2.1476097335438284] [-2.6098308619235464:2.4682594076517028] [-1.4356127277030515:3.9095209510408022] [-2.846659814316912:2.6032107306292822] [-1.615880069476167:1.6243082347934008] [-1.8327330481714692:1.8031774210551454] [-0.99854382375016593:0.75916351109453295] [-1.0424574897194145:0.77187181580746556] [-0.99854382375016559:0.75916351109453295] [-2.2928805988341145:1.6626050077639423] [-4.0512562775497871:4.1200967057753806] [-3.3397359824307271:2.2995766075267738] [-2.3797304871563782:2.6141671584995678] [-2.2545590475341157:1.615329225142742] [-2.2287987036267616:1.5856761775053339] [-3.3625953711656247:2.0131964013051244] [-1.8254332073132487:1.4123923680300721] [-1.1571948408016619:3.6198183935771193] [-3.8071648298018368:4.3655450566645335] [-3.7989141341870138:4.5797905611185303] [-3.1270348518795097:3.3019523476956945] [-3.299100171824195:3.5192619773680951] [-2.0456872246081161:2.1137059508610423] [-2.2846920644586235:2.2701721601268305] [-1.7483212312348768:1.7650962410212283] [-1.8136822257277838:1.8542728824525709] [-1.4972669840171824:3.7181657587718733] [-1.4924192913629342:5.0975292080749313] [-1.4330675622244615:3.7958458074506582] [-1.122176753918031:2.9390600410126728] [-1.7357902712560842:1.4425714857271108] [-2.012239330194967:1.6832100494516753] [-1.7272610532069195:13.810261574784453] [-174.69055477045242:155.9670343670154] [-387.86930704686404:128.11990838682581] [-307.73195507563162:72.227340959435708] [-1.36458561764273:2.8844037139043124] [-2.0030549420766715:2.0269726889060466] [-1.1783317773358042:9.0596367643554014] [-4.8934205086380258:4.4497953780575505] [-8.9892914113562128:6.6587761596358073] [-1:1] [-0.83333333333333337:1] [0:1] [0:1]
tree_sizes=848 774 855 857 863 862 779 862 857 857 866 867 852 780 867 780 862 863 784 868 855 781 863 861 691 774 769 768 777 783 780 771 866 864 599 604 864 604 782 681 870 681 866 596 862 679 788 683 775 785 687 598 787 694 785 695 778 598 683 607 788 605 787 697 774 769 769 867 780 862 784 783 693 601 608 870 600 598 783 692 861 862 867 779 693 777 871 602 779 604 692 684 778 776 767 777 767 767 867 769 870 780 869 873 768 768 859 780 879 870 872 778 871 876 780 777 868 774 688 690

Tree=0
num_leaves=8
num_cat=0
split_feature=25 53 4 45 41 14 47
split_gain=18.9406 15.1394 9.20926 6.90971 7.83779 5.98214 4.53405
threshold=0.074245498089635986 0.58333333333333337 0.82504186054964401 -0.20499895441105273 0.06773368703254061 -0.39236026639621918 0.92684542896486599
decision_type=2 2 2 2 2 2 2
left_child=1 2 -1 4 -2 -3 -5
right_child=3 5 -4 6 -6 -7 -8
leaf_value=0.0032169744372367859 0.0012806850671768187 0.0030599352344870567 0.0014134506881237029 0.0018190166726708412 0.0031833917275071143 0.005302728712558746 0.0028590545244514941
leaf_weight=836 106 41 65 470 257 143 107
leaf_count=836 106 41 65 470 257 143 107
internal_value=0.00280179 0.00639951 0.0042513 -0.0013497 0.00297604 0.0167902 -0.00406226
internal_weight=2025 1085 901 940 363 184 577
internal_count=2025 1085 901 940 363 184 577
is_linear=0
shrinkage=1


Tree=1
num_leaves=7
num_cat=0
split_feature=25 26 37 47 36 47
split_gain=18.2007 9.98681 8.16561 7.79265 6.87879 5.80375
threshold=0.074245498089635986 1.1012869256471258 -0.43235804499939351 1.024555667618126 0.25566996626726646 0.56970972051266822
decision_type=2 2 2 2 2 2
left_child=1 5 4 -4 -2 -1
right_child=2 -3 3 -5 -6 -7
leaf_value=0.0010020489245653153 0.0013156320795416831 -0.0017158239543437958 -0.0010715345397591591 0.00047838389389216903 -0.00053389319553971291 -0.00032461240887641905
leaf_weight=846 129 44 585 96 130 195
leaf_count=846 129 44 585 96 130 195
internal_value=-4.9334e-05 0.00347746 -0.0041189 -0.00641288 0.00191571 0.00427613
internal_weight=2025 1085 940 681 259 1041
internal_count=2025 1085 940 681 259 1041
is_linear=0
shrinkage=0.04


Tree=2
num_leaves=8
num_cat=0
split_feature=25 53 4 37 47 36 14
split_gain=17.449 14.431 9.03934 7.93782 7.62059 6.87879 5.60676
threshold=0.074245498089635986 0.58333333333333337 0.82504186054964401 -0.43235804499939351 1.024555667618126 0.25566996626726646 -0.39236026639621918
decision_type=2 2 2 2 2 2 2
left_child=1 2 -1 5 -5 -2 -3
right_child=3 6 -4 4 -6 -7 -8
leaf_value=0.00035582028925418855 0.0012630067963600158 0.00025133224129676821 -0.0012797242015600205 -0.0010286731581687926 0.0004592485381364822 -0.00051253746771812441 0.0023513475269079211
leaf_weight=836 129 41 65 585 96 130 143
leaf_count=836 129 41 65 585 96 130 143
internal_value=-4.9334e-05 0.00340386 0.00130676 -0.00403397 -0.00629575 0.00191571 0.0135484
internal_weight=2025 1085 901 940 681 259 184
internal_count=2025 1085 901 940 681 259 184
is_linear=0
shrinkage=0.04


Tree=3
num_leaves=8
num_cat=0
split_feature=53 53 26 34 12 37 42
split_gain=17.5577 12.6696 12.529 12.4707 10.0253 5.68814 2.26313
threshold=0.58333333333333337 0.41666666666666669 0.3097818709935955 0.15899632460471438 -0.24251986843190779 0.14730293975369427 0.54040020809345857
decision_type=2 2 2 2 2 2 2
left_child=1 3 4 -1 -2 -3 -4
right_child=2 5 6 -5 -6 -7 -8
leaf_value=0.00033910188949108118 0.001573310989303589 -0.0018112136125946043 0.002226413495502472 -0.00053470865918874737 -0.00099051138146400461 0.00047320868945121761 0.00050764217980921265
leaf_weight=873 104 146 128 597 92 43 42
leaf_count=873 104 146 128 597 92 43 42
internal_value=2.96004e-05 -0.00172185 0.00793478 -0.000461957 0.0010101 -0.0114136 0.015814
internal_weight=2025 1659 366 1470 196 189 170
internal_count=2025 1659 366 1470 196 189 170
is_linear=0
shrinkage=0.04


Tree=4
num_leaves=8
num_cat=0
split_feature=53 53 26 34 12 36 34
split_gain=16.8618 12.6066 12.4813 11.9495 8.75722 4.62143 2.37773
threshold=0.58333333333333337 0.41666666666666669 0.3097818709935955 0.15899632460471438 -0.17818862719404874 -0.39481744731032925 0.67631579612863613
decision_type=2 2 2 2 2 2 2
left_child=1 3 4 -1 -2 -3 -4
right_child=2 5 6 -5 -6 -7 -8
leaf_value=0.00032553781391143801 0.0013552142761880876 0.00045428034187316893 0.0023001353103652956 -0.00051332031282119749 -0.0009508909262054444 -0.0018689965932695391 0.00039056942766222958
leaf_weight=873 112 41 113 597 84 148 57
leaf_count=873 112 41 113 597 84 148 57
internal_value=-2.96004e-05 -0.00174594 0.00771739 -0.00048913 0.000808081 -0.0114136 0.0155814
internal_weight=2025 1659 366 1470 196 189 170
internal_count=2025 1659 366 1470 196 189 170
is_linear=0
shrinkage=0.04


Tree=5
num_leaves=8
num_cat=0
split_feature=53 25 53 46 34 31 37
split_gain=16.7761 12.6067 12.1279 11.9418 11.2275 5.59942 5.50864
threshold=0.58333333333333337 0.40839793525933782 0.41666666666666669 -0.18025505658713789 0.15899632460471438 0.014063728757705564 0.17652228900526404
decision_type=2 2 2 2 2 2 2
left_child=2 5 4 -3 -1 -2 -4
right_child=1 3 6 -5 -6 -7 -8
leaf_value=0.00031251630135498045 0.0013103346644863817 0.00055656582068861577 -0.0016667465052194901 -0.0013194373497318534 -0.00049278750030834961 0.0022120667544207918 0.00060808484337256813
leaf_weight=873 115 61 149 76 597 114 40
leaf_count=873 115 61 149 76 597 114 40
internal_value=-9.8668e-06 0.00771739 -0.00172185 -0.0018705 -0.00048913 0.0134199 -0.0112042
internal_weight=2025 366 1659 137 1470 229 189
internal_count=2025 366 1659 137 1470 229 189
is_linear=0
shrinkage=0.04


Tree=6
num_leaves=7
num_cat=0
split_feature=25 26 37 47 47 35
split_gain=14.5521 9.66983 7.34397 7.26441 6.7972 4.18287
threshold=0.074245498089635986 1.1012869256471258 -0.42578709703412726 0.74704067260856888 0.56970972051266822 -0.098131262457344687
decision_type=2 2 2 2 2 2
left_child=1 4 5 -4 -1 -2
right_child=2 -3 3 -5 -6 -7
leaf_value=0.00088201312250316111 0.0011819076552641067 -0.0016174397085727116 -0.0009676811362254945 0.00011908434672759068 -0.00035629918714168927 -8.0481708538223377e-05
leaf_weight=846 66 44 521 154 195 199
leaf_count=846 66 44 521 154 195 199
internal_value=2.96004e-05 0.00318307 -0.00360934 -0.00581979 0.00396932 0.00202247
internal_weight=2025 1085 940 675 1041 265
internal_count=2025 1085 940 675 1041 265
is_linear=0
shrinkage=0.04


Tree=7
num_leaves=8
num_cat=0
split_feature=53 53 25 46 34 31 37
split_gain=16.1391 12.3135 11.5788 12.017 10.6036 6.25743 5.50864
threshold=0.58333333333333337 0.41666666666666669 0.40839793525933782 -0.17780772823019605 0.15899632460471438 0.014063728757705564 0.17652228900526404
decision_type=2 2 2 2 2 2 2
left_child=1 4 5 -4 -1 -2 -3
right_child=2 6 3 -5 -6 -7 -8
leaf_value=0.00026473512440065481 0.0012226407530067998 -0.0015754298975147493 0.00053868680655946226 -0.0012645489113732142 -0.00044245278976673462 0.0021032717456178139 0.00061024105610500907
leaf_weight=873 115 149 62 75 597 114 40
leaf_count=873 115 149 62 75 597 114 40
internal_value=2.96004e-05 -0.00164961 0.0076087 -0.00158273 -0.000407609 0.0130736 -0.0112042
internal_weight=2025 1659 366 137 1470 229 189
internal_count=2025 1659 366 137 1470 229 189
is_linear=0
shrinkage=0.04


Tree=8
num_leaves=8
num_cat=0
split_feature=53 26 53 35 33 37 25
split_gain=15.6795 13.1815 12.3757 10.0953 8.80653 5.50864 2.36358
threshold=0.58333333333333337 0.3097818709935955 0.41666666666666669 0.10969464177286946 -0.14763761092734529 0.17652228900526404 0.41388513110652742
decision_type=2 2 2 2 2 2 2
left_child=2 4 3 -1 -2 -4 -3
right_child=1 6 5 -5 -6 -7 -8
leaf_value=0.00037906859846486982 0.0015088240166576995 0.001980050124049379 -0.0015124127016141592 -0.00036371842361415289 -0.00071044060406245837 0.00058583141386080878 0.00031507386220652636
leaf_weight=808 100 119 149 662 96 40 51
leaf_count=808 100 119 149 662 96 40 51
internal_value=2.96004e-05 0.0075 -0.00162553 -0.000380435 0.00040404 -0.0112042 0.0155814
internal_weight=2025 366 1659 1470 196 189 170
internal_count=2025 366 1659 1470 196 189 170
is_linear=0
shrinkage=0.04


Tree=9
num_leaves=8
num_cat=0
split_feature=53 26 53 39 27 37 25
split_gain=15.5968 13.1815 12.438 9.95409 7.51764 5.50864 2.36358
threshold=0.58333333333333337 0.3097818709935955 0.41666666666666669 -0.23470288869413253 0.23742886839387561 0.17652228900526404 0.41388513110652742
decision_type=2 2 2 2 2 2 2
left_child=2 4 3 -1 -2 -4 -3
right_child=1 6 5 -5 -6 -7 -8
leaf_value=0.0005888884469167422 0.00067521641368079532 0.0019008481190874039 -0.0014519161935495927 -0.00027652992337891128 -0.0014925855324840987 0.00056239815730637645 0.00030247090771826529
leaf_weight=403 155 119 149 1067 41 40 51
leaf_count=403 155 119 149 1067 41 40 51
internal_value=4.9334e-05 0.0075 -0.00160144 -0.000353261 0.00040404 -0.0112042 0.0155814
internal_weight=2025 366 1659 1470 196 189 170
internal_count=2025 366 1659 1470 196 189 170
is_linear=0
shrinkage=0.04


Tree=10
num_leaves=8
num_cat=0
split_feature=36 53 25 14 53 36 46
split_gain=13.7721 17.9662 10.9552 9.06233 7.35168 4.6173 2.87133
threshold=0.32640021428287463 -0.58333333333333315 0.54407451501505089 1.2499937270011627 -0.74999999999999989 -0.99822008106414895 -0.28363301519277123
decision_type=2 2 2 2 2 2 2
left_child=1 5 -3 4 -2 -1 -5
right_child=3 2 -4 6 -6 -7 -8
leaf_value=0.00021247583938473246 0.0014263195736278003 0.00076940922187343031 -0.00060367033126998014 0.00062793325694446929 -0.00076046923986693691 -0.0012380353207031348 -3.1432719697028942e-05
leaf_weight=42 63 1054 130 44 470 179 43
leaf_count=42 63 1054 130 44 470 179 43
internal_value=6.90676e-05 0.00226013 0.00421585 -0.00488746 -0.00684112 -0.00816143 0.00696629
internal_weight=2025 1405 1184 620 533 221 87
internal_count=2025 1405 1184 620 533 221 87
is_linear=0
shrinkage=0.04


Tree=11
num_leaves=8
num_cat=0
split_feature=53 26 53 35 33 37 33
split_gain=13.7123 12.3917 10.922 8.56603 7.37624 4.99646 3.40734
threshold=0.58333333333333337 0.37402502459001502 0.41666666666666669 0.15660448745717717 -0.14763761092734529 0.17652228900526404 0.67611766354800207
decision_type=2 2 2 2 2 2 2
left_child=2 4 3 -1 -2 -4 -3
right_child=1 6 5 -5 -6 -7 -8
leaf_value=0.00028424383369919729 0.0013602909450921691 0.0018158633378970912 -0.0014246159146825467 -0.00035038566751201375 -0.00062110592715616982 0.00050912586213918418 0.00034466615837762073
leaf_weight=842 106 108 149 628 101 40 51
leaf_count=842 106 108 149 628 101 40 51
internal_value=-2.96004e-05 0.00695652 -0.00157736 -0.000407609 0.000478469 -0.0105759 0.0152795
internal_weight=2025 366 1659 1470 207 189 159
internal_count=2025 366 1659 1470 207 189 159
is_linear=0
shrinkage=0.04


Tree=12
num_leaves=8
num_cat=0
split_feature=53 26 53 34 33 37 33
split_gain=13.1369 12.2903 11.0982 8.39101 6.49038 4.99646 3.34321
threshold=0.58333333333333337 0.3097818709935955 0.41666666666666669 0.15899632460471438 -0.086710744228405481 0.17652228900526404 0.6181402334089422
decision_type=2 2 2 2 2 2 2
left_child=2 4 3 -1 -2 -4 -3
right_child=1 6 5 -5 -6 -7 -8
leaf_value=0.00023747975458688242 0.0013362743927655357 0.001749241641275433 -0.0013676312780952445 -0.00037611397989357971 -0.00071232067090044968 0.00048876082765361673 0.00033087951204251593
leaf_weight=873 102 113 149 597 94 40 57
leaf_count=873 102 113 149 597 94 40 57
internal_value=9.8668e-06 0.00684783 -0.00150512 -0.000326087 0 -0.0105759 0.0146512
internal_weight=2025 366 1659 1470 196 189 170
internal_count=2025 366 1659 1470 196 189 170
is_linear=0
shrinkage=0.04


Tree=13
num_leaves=7
num_cat=0
split_feature=53 42 26 53 28 37
split_gain=11.9139 11.5792 10.234 9.77926 8.10346 4.50923
threshold=0.58333333333333337 0.81083569836036795 0.37402502459001502 0.41666666666666669 -0.66280084444988951 0.17652228900526404
decision_type=2 2 2 2 2 2
left_child=3 2 -2 4 -1 -5
right_child=1 -3 -4 5 -6 -7
leaf_value=0.0010448084541761205 0.00052677707433305368 -0.00065358044132411306 0.0014955765248142561 -0.0013129260269714349 -0.00017408911558674045 0.00046921039454747213
leaf_weight=150 183 40 143 149 1320 40
leaf_count=150 183 40 143 149 1320 40
internal_value=9.8668e-06 0.00652174 0.00902439 -0.00143287 -0.000326087 -0.00994764
internal_weight=2025 366 326 1659 1470 189
internal_count=2025 366 326 1659 1470 189
is_linear=0
shrinkage=0.04


Tree=14
num_leaves=8
num_cat=0
split_feature=25 53 28 45 14 41 40
split_gain=12.3553 12.3825 9.49926 7.33675 6.28923 5.65307 4.07731
threshold=0.12025648574512647 0.58333333333333337 -0.66280084444988951 -0.17813000527224848 -0.38581999663414973 -0.20629469652532181 0.48776001800412516
decision_type=2 2 2 2 2 2 2
left_child=1 2 -1 5 -3 -2 -5
right_child=3 4 -4 6 -6 -7 -8
leaf_value=0.0011943642948207824 -0.0016662265133709215 -0.00021000079076493664 -6.4514235075579173e-05 -0.00035459166488074553 0.0015746977473344824 0.00031572123676047714 -0.0013669347569000775
leaf_weight=108 75 43 843 389 147 275 145
leaf_count=108 75 43 843 389 147 275 145
internal_value=6.90676e-05 0.00281715 0.000944386 -0.0034763 0.0120833 0.00102273 -0.00641791
internal_weight=2025 1141 951 884 190 350 534
internal_count=2025 1141 951 884 190 350 534
is_linear=0
shrinkage=0.04


Tree=15
num_leaves=7
num_cat=0
split_feature=25 26 47 45 11 47
split_gain=11.8293 9.017 6.96313 6.90214 5.23439 5.10773
threshold=0.12025648574512647 1.1012869256471258 0.56970972051266822 -0.17813000527224848 0.15421892429151454 0.87654950355054184
decision_type=2 2 2 2 2 2
left_child=1 2 -1 4 -2 -5
right_child=3 -3 -4 5 -6 -7
leaf_value=0.00063542907099232949 -0.00045105961856387429 -0.0015488099712508119 -0.00034871054064805271 -0.00077640439106510658 0.00035494721213694163 5.2489294631401055e-05
leaf_weight=895 176 46 200 417 174 117
leaf_count=895 176 46 200 417 174 117
internal_value=0.000128268 0.00281715 0.00355515 -0.00334086 0.00102273 -0.00619403
internal_weight=2025 1141 1095 884 350 534
internal_count=2025 1141 1095 884 350 534
is_linear=0
shrinkage=0.04


Tree=16
num_leaves=8
num_cat=0
split_feature=53 26 53 36 18 37 24
split_gain=11.8437 11.5734 9.37471 7.81244 5.98788 4.19829 2.4924
threshold=0.58333333333333337 0.37402502459001502 0.41666666666666669 0.32640021428287463 1.0000000180025095e-35 0.17652228900526404 0.48673090701421068
decision_type=2 2 2 2 2 2 2
left_child=2 4 3 -1 -2 -4 -3
right_child=1 6 5 -5 -6 -7 -8
leaf_value=0.00016573472548421343 0.00058048388181479351 0.0015753485704067688 -0.0012832455793292475 -0.00042026491178462458 -0.000928093603657653 0.00048132639539896289 0.00025403300330013618
leaf_weight=995 137 97 149 475 70 40 62
leaf_count=995 137 97 149 475 70 40 62
internal_value=0.00024667 0.00673913 -0.00119205 -0.000108696 0.000478469 -0.0095288 0.0147826
internal_weight=2025 366 1659 1470 207 189 159
internal_count=2025 366 1659 1470 207 189 159
is_linear=0
shrinkage=0.04


Tree=17
num_leaves=8
num_cat=0
split_feature=53 26 28 53 36 27 34
split_gain=11.3095 10.8239 9.12464 12.203 11.7157 6.41474 2.92326
threshold=0.58333333333333337 0.3097818709935955 -0.69255466573825297 0.25000000000000006 0.42574387687767318 0.23742886839387561 0.54557306509496073
decision_type=2 2 2 2 2 2 2
left_child=2 5 4 -4 -1 -2 -3
right_child=1 6 3 -5 -6 -7 -8
leaf_value=0.0013431768282667058 0.00051553073870322429 0.0015497442907908762 -2.4628531309882492e-05 -0.0010260188580062035 -0.00054571441788857453 -0.0013276600812226727 0.00024387168316813071
leaf_weight=120 155 104 1191 308 40 41 66
leaf_count=120 155 104 1191 308 40 41 66
internal_value=0.000286137 0.00663043 -0.00111981 -0.00209194 0.00790123 0.00020202 0.0139535
internal_weight=2025 366 1659 1499 160 196 170
internal_count=2025 366 1659 1499 160 196 170
is_linear=0
shrinkage=0.04


Tree=18
num_leaves=7
num_cat=0
split_feature=53 42 53 26 13 36
split_gain=10.9253 10.4882 9.12209 8.49126 7.42655 4.57772
threshold=0.58333333333333337 0.81083569836036795 0.41666666666666669 0.37402502459001502 -0.23796788147699599 -0.33211550824407438
decision_type=2 2 2 2 2 2
left_child=2 3 4 -2 -1 -4
right_child=1 -3 5 -5 -6 -7
leaf_value=0.00051849221069004609 0.00040499406127261745 -0.00061993750796045667 0.00015023756489280393 0.0012730062124236541 -0.00024464255054561343 -0.0014179065265066888
leaf_weight=405 183 40 49 143 1065 140
leaf_count=405 183 40 49 143 1065 140
internal_value=0.000286137 0.00652174 -0.00109573 0.00890244 -2.71739e-05 -0.00931937
internal_weight=2025 366 1659 326 1470 189
internal_count=2025 366 1659 326 1470 189
is_linear=0
shrinkage=0.04


Tree=19
num_leaves=8
num_cat=0
split_feature=25 53 28 14 37 53 13
split_gain=10.4615 10.9305 9.13892 6.10999 5.98668 6.80714 5.56952
threshold=0.074245498089635986 0.58333333333333337 -0.66280084444988951 -0.38581999663414973 -0.42578709703412726 -1.0000000180025095e-35 0.79393529447192046
decision_type=2 2 2 2 2 2 2
left_child=1 2 -1 -3 5 -2 -6
right_child=4 3 -4 -5 6 -7 -8
leaf_value=0.0010506849840562133 -0.00055793732428795467 -0.00024769268478004244 -5.096052762558828e-05 0.001355119878953921 -0.00074906101613767852 0.00052044353454316818 0.00010359658766161108
leaf_weight=105 82 43 796 141 522 183 153
leaf_count=105 82 43 796 141 522 183 153
internal_value=0.000325604 0.00299908 0.00117386 0.011828 -0.00276008 0.0023221 -0.00475628
internal_weight=2025 1085 901 184 940 265 675
internal_count=2025 1085 901 184 940 265 675
is_linear=0
shrinkage=0.04


Tree=20
num_leaves=8
num_cat=0
split_feature=36 28 14 25 13 40 46
split_gain=9.58074 9.46353 8.02493 6.99313 3.88964 3.29973 2.51178
threshold=0.32640021428287463 -0.69255466573825297 1.2499937270011627 0.54407451501505089 1.6211057826467579 -0.56090938896344233 -0.28363301519277123
decision_type=2 2 2 2 2 2 2
left_child=1 5 4 -3 -2 -1 -4
right_child=2 3 6 -5 -6 -7 -8
leaf_value=0.00036591125598151817 -0.0006024419500119813 0.00028197017703410026 0.00056040514581949812 -0.00065572245180270936 0.00099648379563352114 0.0012893684997274358 5.552637988281931e-05
leaf_weight=40 492 1121 44 157 41 87 43
leaf_count=40 492 1121 44 157 41 87 43
internal_value=0.000404539 0.0022317 -0.0037299 0.0011875 -0.00557009 0.0125581 0.00741573
internal_weight=2025 1405 620 1278 533 127 87
internal_count=2025 1405 620 1278 533 127 87
is_linear=0
shrinkage=0.04


Tree=21
num_leaves=7
num_cat=0
split_feature=53 42 28 53 35 47
split_gain=10.4469 9.45084 8.7399 11.6101 10.6898 5.41137
threshold=0.58333333333333337 0.81083569836036795 -0.69255466573825297 0.25000000000000006 0.37517722070770593 -0.46630987854361167
decision_type=2 2 2 2 2 2
left_child=2 5 4 -4 -1 -2
right_child=1 -3 3 -5 -6 -7
leaf_value=0.0012377937597383383 0.0015549264178200521 -0.00055770252150115908 -1.8803569075309668e-05 -0.00092672355570720981 -0.00035415959573583479 0.00046332203998869173
leaf_weight=111 61 40 1191 308 49 265
leaf_count=111 61 40 1191 308 49 265
internal_value=0.000424272 0.00652174 -0.000927152 -0.00187875 0.00790123 0.00878049
internal_weight=2025 366 1659 1499 160 326
internal_count=2025 366 1659 1499 160 326
is_linear=0
shrinkage=0.04


Tree=22
num_leaves=8
num_cat=0
split_feature=53 26 28 53 35 34 34
split_gain=10.3795 10.1036 8.69238 11.2679 9.61117 5.63672 3.19368
threshold=0.58333333333333337 0.37402502459001502 -0.69255466573825297 0.25000000000000006 0.37517722070770593 0.4892407224731925 0.61635052911608457
decision_type=2 2 2 2 2 2 2
left_child=2 5 4 -4 -1 -2 -3
right_child=1 6 3 -5 -6 -7 -8
leaf_value=0.0011882820093488049 0.00045624891667562324 0.001315408123622848 -1.8051426312297276e-05 -0.00088965461347892156 -0.00033999321190640141 -0.00096134598932498376 0.00022910446399117214
leaf_weight=111 157 99 1191 308 49 50 60
leaf_count=111 157 99 1191 308 49 50 60
internal_value=0.000444006 0.00652174 -0.00090307 -0.0018521 0.00790123 0.000669856 0.0140373
internal_weight=2025 366 1659 1499 160 207 159
internal_count=2025 366 1659 1499 160 207 159
is_linear=0
shrinkage=0.04


Tree=23
num_leaves=8
num_cat=0
split_feature=53 26 28 53 35 24 34
split_gain=9.42356 9.4088 8.1655 10.5988 9.29209 5.77713 2.56631
threshold=0.58333333333333337 0.3097818709935955 -0.69255466573825297 0.25000000000000006 0.37517722070770593 -0.15972659238103259 0.61635052911608457
decision_type=2 2 2 2 2 2 2
left_child=2 5 4 -4 -1 -2 -3
right_child=1 6 3 -5 -6 -7 -8
leaf_value=0.0011407507289748525 0.0010254721736812362 0.0012547646704970409 -1.7329369259805397e-05 -0.0008540684289397646 -0.00032639348343014532 -0.00052194834037960617 0.00017364487282710777
leaf_weight=111 99 108 1191 308 49 97 62
leaf_count=111 99 108 1191 308 49 97 62
internal_value=0.000404539 0.00619565 -0.000878989 -0.0017988 0.00765432 0.00020202 0.0130233
internal_weight=2025 366 1659 1499 160 196 170
internal_count=2025 366 1659 1499 160 196 170
is_linear=0
shrinkage=0.04


Tree=24
num_leaves=6
num_cat=0
split_feature=53 42 35 53 47
split_gain=8.72937 8.89444 8.0085 9.55417 5.39437
threshold=0.58333333333333337 0.81083569836036795 -1.3579213220591606 0.41666666666666669 -0.46630987854361167
decision_type=2 2 2 2 2
left_child=2 4 -1 -4 -2
right_child=1 -3 3 -5 -6
leaf_value=0.0017777808414917446 0.0013899224493424546 -0.00054213541890339864 -2.7174621437030708e-05 -0.00099695163917322633 0.00042867918491641286
leaf_weight=47 61 40 1434 178 265
leaf_count=47 61 40 1434 178 265
internal_value=0.000404539 0.00597826 -0.000830825 -0.00131351 0.00817073
internal_weight=2025 366 1659 1612 326
internal_count=2025 366 1659 1612 326
is_linear=0
shrinkage=0.04


Tree=25
num_leaves=7
num_cat=0
split_feature=53 26 35 53 34 29
split_gain=8.72937 8.54151 8.0085 9.55417 5.93063 2.06019
threshold=0.58333333333333337 0.41009319305129005 -1.3579213220591606 0.41666666666666669 0.4892407224731925 0.64590740330502927
decision_type=2 2 2 2 2 2
left_child=2 4 -1 -4 -2 -3
right_child=1 5 3 -5 -6 -7
leaf_value=0.0017066696078320749 0.00043798474885488548 0.0011650534266014528 -2.6087636579549493e-05 -0.00095707357360629724 -0.0008666407767857475 0.00028906138266431122
leaf_weight=47 162 91 1434 178 53 60
leaf_count=47 162 91 1434 178 53 60
internal_value=0.000404539 0.00597826 -0.000830825 -0.00131351 0.000829493 0.0132026
internal_weight=2025 366 1659 1612 215 151
internal_count=2025 366 1659 1612 215 151
is_linear=0
shrinkage=0.04


Tree=26
num_leaves=7
num_cat=0
split_feature=25 53 26 37 47 5
split_gain=9.03284 10.5958 7.38297 6.16547 5.35472 0.099561
threshold=0.074245498089635986 0.75000000000000011 1.1012869256471258 -0.96224139404686815 0.74704067260856888 -0.11775778577368261
decision_type=2 2 2 2 2 2
left_child=1 2 -1 -2 -5 -3
right_child=3 5 -4 4 -6 -7
leaf_value=0.00021820373961316361 0.0017271104458745374 0.0016484427221294879 -0.0014876586392157088 -0.00055758674029608799 0.00013271202472925936 0.0014268908859739983
leaf_weight=960 43 40 44 654 243 41
leaf_count=960 43 40 44 654 243 41
internal_value=0.000404539 0.00288868 0.0017495 -0.00246285 -0.00318131 0.0166265
internal_weight=2025 1085 1004 940 897 81
internal_count=2025 1085 1004 940 897 81
is_linear=0
shrinkage=0.04


Tree=27
num_leaves=7
num_cat=0
split_feature=25 53 35 37 14 9
split_gain=8.38552 10.7673 6.93787 5.36255 4.72151 0.099561
threshold=0.074245498089635986 0.75000000000000011 -1.2967137973602023 -0.96224139404686815 1.2499937270011627 0.15373879712399793
decision_type=2 2 2 2 2 2
left_child=1 2 -1 -2 -5 -3
right_child=3 5 -4 4 -6 -7
leaf_value=0.0014893275675676731 0.0016580260280395559 0.0015607406752277987 7.4050576434490036e-05 -0.00041704166289440738 0.00028599642166907531 0.0013967136346292766
leaf_weight=62 43 40 942 791 106 41
leaf_count=62 43 40 942 791 106 41
internal_value=0.000384805 0.00277829 0.00163022 -0.00237792 -0.00304783 0.0166265
internal_weight=2025 1085 1004 940 897 81
internal_count=2025 1085 1004 940 897 81
is_linear=0
shrinkage=0.04


Tree=28
num_leaves=7
num_cat=0
split_feature=25 26 46 41 11 48
split_gain=7.87782 8.05823 5.41377 7.73078 5.40136 3.73907
threshold=0.074245498089635986 1.0767947913942 -0.20453215324534288 -0.24279641537841753 0.62280446999747086 -0.032623619671672537
decision_type=2 2 2 2 2 2
left_child=1 4 3 -2 -1 -4
right_child=2 -3 5 -5 -6 -7
leaf_value=0.00017810849424208602 -0.0014566105086677588 -0.0013686969819549483 -8.0483658758520005e-05 0.0002502950827549196 0.00099539845829532854 -0.00070168225138691369
leaf_weight=870 55 46 213 331 169 341
leaf_count=870 55 46 213 331 169 341
internal_value=0.000384805 0.00270469 -0.00229299 0.00134021 0.003439 -0.00482014
internal_weight=2025 1085 940 386 1039 554
internal_count=2025 1085 940 386 1039 554
is_linear=0
shrinkage=0.04


Tree=29
num_leaves=7
num_cat=0
split_feature=53 42 53 39 26 36
split_gain=7.85463 7.85494 6.69779 6.71194 6.10357 3.39282
threshold=0.58333333333333337 0.70557984858663358 0.41666666666666669 -0.23470288869413253 0.37402502459001502 -0.33211550824407438
decision_type=2 2 2 2 2 2
left_child=2 4 3 -1 -2 -4
right_child=1 -3 5 -5 -6 -7
leaf_value=0.00039840174073254144 0.0002831341005383534 -0.00030798345615662366 0.00030115203634537875 -0.00019446313321765579 0.00089442933916381614 -0.0011379120607898034
leaf_weight=403 176 55 49 1067 135 140
leaf_count=403 176 55 49 1067 135 140
internal_value=0.000365072 0.00565217 -0.000806743 0.000108696 0.00811502 -0.0078534
internal_weight=2025 366 1659 1470 311 189
internal_count=2025 366 1659 1470 311 189
is_linear=0
shrinkage=0.04


Tree=30
num_leaves=7
num_cat=0
split_feature=53 28 53 36 47 42
split_gain=7.73788 8.40998 9.32209 8.31758 7.36577 4.20603
threshold=0.58333333333333337 -0.69255466573825297 0.25000000000000006 0.42574387687767318 -0.38821305303144144 0.70557984858663358
decision_type=2 2 2 2 2 2
left_child=1 3 -3 -1 -2 -6
right_child=4 2 -4 -5 5 -7
leaf_value=0.0010479658664555398 0.0011817117543295509 -1.188470847845291e-05 -0.00074917643894064137 -0.00036518077894807948 0.00037551134084617439 -0.00041022894745298798
leaf_weight=120 81 1191 308 40 237 48
leaf_count=120 81 1191 308 40 237 48
internal_value=0.000404539 -0.000758579 -0.00169221 0.00790123 0.00565217 0.0025784
internal_weight=2025 1659 1499 160 366 285
internal_count=2025 1659 1499 160 366 285
is_linear=0
shrinkage=0.04


Tree=31
num_leaves=7
num_cat=0
split_feature=25 53 53 37 47 41
split_gain=7.51619 9.53475 6.64164 5.26252 5.1823 0.475924
threshold=0.074245498089635986 0.75000000000000011 -0.58333333333333315 -0.96224139404686815 1.024555667618126 0.087816026453416227
decision_type=2 2 2 2 2 2
left_child=1 2 -1 -2 -5 -3
right_child=3 5 -4 4 -6 -7
leaf_value=-0.00063891084707406163 0.0015370696289807911 0.0010210508527239645 0.0002678420389448858 -0.00047741871300224304 0.00020259682618741122 0.0015198564126088351
leaf_weight=166 43 40 838 738 159 41
leaf_count=166 43 40 838 738 159 41
internal_value=0.000365072 0.00263109 0.0015507 -0.00225053 -0.00291435 0.0156627
internal_weight=2025 1085 1004 940 897 81
internal_count=2025 1085 1004 940 897 81
is_linear=0
shrinkage=0.04


Tree=32
num_leaves=8
num_cat=0
split_feature=53 28 53 25 46 35 14
split_gain=7.33481 8.5036 8.78 7.92397 9.68562 7.31289 5.88144
threshold=0.58333333333333337 -0.69255466573825297 0.25000000000000006 0.40839793525933782 -0.17780772823019605 0.48405632551711403 -0.02848149046414445
decision_type=2 2 2 2 2 2 2
left_child=1 5 -3 6 -5 -1 -2
right_child=3 2 -4 4 -6 -7 -8
leaf_value=0.00096859671621779943 0.00016882415121669713 -2.2123001697110234e-05 -0.00070958136150673062 0.00035234993085895216 -0.00082117284708583258 -0.00034638201430900911 0.0010465127295032103
leaf_weight=120 95 1191 308 62 75 40 134
leaf_count=120 95 1191 308 62 75 40 134
internal_value=0.000325604 -0.000806743 -0.0017455 0.00543478 -0.00215827 0.00790123 0.00995671
internal_weight=2025 1659 1499 366 137 160 229
internal_count=2025 1659 1499 366 137 160 229
is_linear=0
shrinkage=0.04


Tree=33
num_leaves=8
num_cat=0
split_feature=53 28 53 35 25 14 35
split_gain=6.77826 7.52208 8.29262 7.0627 6.90131 5.10804 4.327
threshold=0.58333333333333337 -0.69255466573825297 0.41666666666666669 0.37517722070770593 0.40839793525933782 -0.02848149046414445 0.64441748392778797
decision_type=2 2 2 2 2 2 2
left_child=1 3 -3 -1 5 -2 -6
right_child=4 2 -4 -5 6 -7 -8
leaf_value=0.0009763140598989552 0.00016207118516802928 -6.2225249822363122e-05 -0.00087051730634127246 -0.00028032735884655032 -0.00056610615357917079 0.001004652220323082 0.00021638646880942769
leaf_weight=111 95 1338 161 49 82 134 55
leaf_count=111 95 1338 161 49 82 134 55
internal_value=0.000305871 -0.000782661 -0.00166556 0.00740741 0.00521739 0.00943723 -0.0018705
internal_weight=2025 1659 1499 160 366 229 137
internal_count=2025 1659 1499 160 366 229 137
is_linear=0
shrinkage=0.04


Tree=34
num_leaves=5
num_cat=0
split_feature=37 35 26 10
split_gain=6.40032 6.70011 11.1362 4.59477
threshold=-1.1046355118309794 -0.14974276344626106 1.0477569413357626 1.9249529126539275
decision_type=2 2 2 2
left_child=-1 2 -2 -3
right_child=1 3 -4 -5
leaf_value=0.00079432054085994044 0.00045538708366344073 -0.00024659032156289424 -0.0016037921865066349 0.0013319586181540144
leaf_weight=48 793 1092 41 51
leaf_count=48 793 1092 41 51
internal_value=0.000266404 -9.0955e-05 0.00263158 -0.0020786
internal_weight=2025 1977 834 1143
internal_count=2025 1977 834 1143
is_linear=0
shrinkage=0.04


Tree=35
num_leaves=5
num_cat=0
split_feature=37 25 14 19
split_gain=5.61229 5.64341 4.61277 4.14879
threshold=-1.1046355118309794 -0.89309555784200934 -1.2304736444473969 0.083003230595160085
decision_type=2 2 2 2
left_child=-1 3 -3 -2
right_child=1 2 -4 -5
leaf_value=0.00076254771922554287 0.001006959588957465 -0.00063323489430731569 -2.1067080051370562e-05 -0.00033286217698155291
leaf_weight=48 144 81 1705 47
leaf_count=48 144 81 1705 47
internal_value=0.000365072 3.03183e-05 -0.000671141 0.0065285
internal_weight=2025 1977 1786 191
internal_count=2025 1977 1786 191
is_linear=0
shrinkage=0.04


Tree=36
num_leaves=8
num_cat=0
split_feature=53 24 25 28 40 46 53
split_gain=6.46393 6.46694 6.25019 5.65795 3.8865 3.80607 2.55763
threshold=0.75000000000000011 -1.0749915828052046 0.60792689991388127 -0.66280084444988951 -0.29009514685619875 -0.17780772823019605 -1.0000000180025095e-35
decision_type=2 2 2 2 2 2 2
left_child=1 6 4 -3 -2 -4 -1
right_child=2 3 5 -5 -6 -7 -8
leaf_value=0.00034085666355793777 0.0012971152427701869 0.00037053515237831197 0.00025861377145389885 -0.000263568962124288 0.00017408248329943521 -0.00064904352534591399 0.002300024592049252
leaf_weight=110 101 198 43 1426 55 50 42
leaf_count=110 101 198 43 1426 55 50 42
internal_value=0.000286137 -0.00056243 0.00629482 -0.00130381 0.0111392 -0.00189474 0.00727273
internal_weight=2025 1776 249 1624 156 93 152
internal_count=2025 1776 249 1624 156 93 152
is_linear=0
shrinkage=0.04


Tree=37
num_leaves=5
num_cat=0
split_feature=35 53 53 42
split_gain=6.02432 5.93507 7.65774 5.79903
threshold=-1.4016955814247813 0.58333333333333337 0.41666666666666669 0.81083569836036795
decision_type=2 2 2 2
left_child=-1 2 -2 -3
right_child=1 3 -4 -5
leaf_value=0.0015777911004017137 -1.2496314097582076e-05 0.00048368077552259818 -0.00079708825958018368 -0.00037392037934304761
leaf_weight=40 1442 325 178 40
leaf_count=40 1442 325 178 40
internal_value=0.00024667 -7.0458e-05 -0.00110974 0.00452316
internal_weight=2025 1985 1620 365
internal_count=2025 1985 1620 365
is_linear=0
shrinkage=0.04


Tree=38
num_leaves=7
num_cat=0
split_feature=36 53 53 46 40 36
split_gain=5.59802 14.8255 7.26372 7.08848 6.76014 3.66525
threshold=0.32640021428287463 -0.58333333333333315 -0.74999999999999989 0.15071455838949716 0.41129510263104685 -0.99822008106414895
decision_type=2 2 2 2 2 2
left_child=1 5 -2 -4 -3 -1
right_child=2 4 3 -5 -6 -7
leaf_value=8.9950681290359215e-05 0.0016734487793666659 0.00051513333389061533 -5.551871897361331e-05 -0.00080776633269294949 -0.00013417735899696443 -0.0011839085430520343
leaf_weight=42 73 811 345 202 373 179
leaf_count=42 73 811 345 202 373 179
internal_value=0.000266404 0.00166311 -0.00289389 -0.00448087 0.00344013 -0.00780269
internal_weight=2025 1405 620 547 1184 221
internal_count=2025 1405 620 547 1184 221
is_linear=0
shrinkage=0.04


Tree=39
num_leaves=6
num_cat=0
split_feature=42 10 37 40 41
split_gain=5.47435 8.2798 5.98752 3.24121 2.605
threshold=-1.105815564931302 1.7572691506347471 -0.42578709703412726 1.3064299531271033 -0.87091855964076448
decision_type=2 2 2 2 2
left_child=4 2 -2 -3 -1
right_child=1 3 -4 -5 -6
leaf_value=0.00012588706248003418 0.0002004543160507359 0.0017895030903438787 -0.00019584085343577325 0.00062429648426152128 0.0017052805311641222
leaf_weight=40 542 72 1267 40 64
leaf_count=40 542 72 1267 40 64
internal_value=0.000207203 -0.000280811 -0.000938708 0.0101754 0.0090566
internal_weight=2025 1921 1809 112 104
internal_count=2025 1921 1809 112 104
is_linear=0
shrinkage=0.04


Tree=40
num_leaves=8
num_cat=0
split_feature=35 28 42 39 37 28 7
split_gain=5.60087 8.25167 9.79925 6.67161 5.21745 6.90603 1.51056
threshold=-0.19169564369939565 -0.22216967857676237 -0.75091693491095635 0.065244652485182256 -0.92454538624115157 -0.31643743494114607 -0.69961852765364696
decision_type=2 2 2 2 2 2 2
left_child=1 3 -3 -1 6 -6 -2
right_child=4 2 -4 -5 5 -7 -8
leaf_value=0.0009584139410364279 6.6462823782047624e-05 0.00090710205312583253 -0.00024715278638606591 -0.0007274424393475564 -0.00055671860004099952 -1.15900845487113e-05 0.00077642127635474888
leaf_weight=187 45 138 440 43 375 737 60
leaf_count=187 45 138 440 43 375 737 60
internal_value=0.000187469 0.00276543 0.000206897 0.00913793 -0.00152584 -0.00233393 0.00691589
internal_weight=2025 808 578 230 1217 1112 105
internal_count=2025 808 578 230 1217 1112 105
is_linear=0
shrinkage=0.04


Tree=41
num_leaves=6
num_cat=0
split_feature=35 42 10 26 37
split_gain=5.61008 7.32425 6.40757 6.39552 2.06334
threshold=-0.979026186902342 -1.1809183004468844 1.81927369396067 -1.02755887412128 0.78924866606188449
decision_type=2 2 2 2 2
left_child=3 -2 -3 -1 -5
right_child=1 2 -4 4 -6
leaf_value=-0.000825671993753209 0.0015428928858240321 -0.00011064158241553755 0.0012976074517033855 0.00092789187938513928 0.00013558191491725981
leaf_weight=40 55 1668 94 112 56
leaf_count=40 55 1668 94 112 56
internal_value=0.000286137 -0.000428807 -0.000884354 0.00647619 0.00988235
internal_weight=2025 1817 1762 208 168
internal_count=2025 1817 1762 208 168
is_linear=0
shrinkage=0.04


Tree=42
num_leaves=8
num_cat=0
split_feature=53 24 24 28 42 46 13
split_gain=5.63358 7.42909 6.08112 5.65795 4.65542 4.32238 3.94247
threshold=0.75000000000000011 0.63266771968728597 -1.0749915828052046 -0.66280084444988951 -0.32331885254760728 -0.17780772823019605 -0.43617593893039924
decision_type=2 2 2 2 2 2 2
left_child=2 6 4 -4 -1 -3 -2
right_child=1 5 3 -5 -6 -7 -8
leaf_value=0.0012120885677597501 0.001375008828236893 0.00019588280454213266 0.00030458456153457139 -0.00022912627132415668 -0.00052977474209433596 -0.00053883696231506856 0.00049442636694691021
leaf_weight=109 59 49 198 1426 43 52 89
leaf_count=109 59 49 198 1426 43 52 89
internal_value=0.000207203 0.00581673 -0.000584927 -0.00130381 0.00701299 -0.00252427 0.0114667
internal_weight=2025 249 1776 1624 152 101 148
internal_count=2025 249 1776 1624 152 101 148
is_linear=0
shrinkage=0.04


Tree=43
num_leaves=5
num_cat=0
split_feature=35 38 40 42
split_gain=6.05607 4.2935 7.28284 6.60587
threshold=-1.4016955814247813 1.84296596656219 0.34959005694357631 0.063417876327793291
decision_type=2 2 2 2
left_child=-1 2 -2 -3
right_child=1 3 -4 -5
leaf_value=0.0014595360097157 8.7376584175585182e-05 -0.00061301245204817734 -0.00048797608715849753 0.0019360945998764068
leaf_weight=40 1321 58 542 64
leaf_count=40 1321 58 542 64
internal_value=0.000207203 -0.00011072 -0.000589812 0.00709677
internal_weight=2025 1985 1863 122
internal_count=2025 1985 1863 122
is_linear=0
shrinkage=0.04


Tree=44
num_leaves=8
num_cat=0
split_feature=36 28 28 26 42 27 40
split_gain=5.08482 6.41203 6.38672 5.16293 5.04838 4.28008 3.67999
threshold=0.32640021428287463 -0.69255466573825297 -0.26947822272939143 1.1012869256471258 1.0084129605981629 -0.21129561773345415 -0.56090938896344233
decision_type=2 2 2 2 2 2 2
left_child=1 6 5 -3 -4 -2 -1
right_child=2 3 4 -5 -6 -7 -8
leaf_value=6.20325900399972e-05 0.00019069903364629632 0.0001245114287730481 9.5318282642778659e-05 -0.0013230843325146824 -0.00095527736365568882 -0.00081103007158814342 0.00089029736924452218
leaf_weight=40 43 1225 381 53 48 148 87
leaf_count=40 43 1225 381 53 48 148 87
internal_value=0.00024667 0.00157783 -0.00276527 0.00071875 -4.64037e-05 -0.00880829 0.0100775
internal_weight=2025 1405 620 1278 429 191 127
internal_count=2025 1405 620 1278 429 191 127
is_linear=0
shrinkage=0.04


Tree=45
num_leaves=6
num_cat=0
split_feature=10 42 42 37 47
split_gain=5.0935 8.0995 6.42945 5.80849 0.942703
threshold=1.81927369396067 -1.105815564931302 0.063417876327793291 -1.1046355118309794 0.45864582575588803
decision_type=2 2 2 2 2
left_child=1 4 -2 -3 -1
right_child=2 3 -4 -5 -6
leaf_value=0.0014961459572120129 -0.00056998224303632351 0.00057546493611930591 0.0018764832177373552 -8.8610560801796244e-05 0.00052832584840282158
leaf_weight=44 59 47 65 1770 40
leaf_count=44 59 47 65 1770 40
internal_value=0.000148002 -0.00036784 0.00793651 -0.000934579 0.0116279
internal_weight=2025 1901 124 1817 84
internal_count=2025 1901 124 1817 84
is_linear=0
shrinkage=0.04


Tree=46
num_leaves=7
num_cat=0
split_feature=53 36 36 46 40 40
split_gain=5.35284 10.7248 9.11434 7.49052 5.08585 3.19652
threshold=-0.58333333333333315 0.32640021428287463 0.75435744966667018 0.044484037061566138 0.41129510263104685 -0.053668868199347526
decision_type=2 2 2 2 2 2
left_child=2 4 5 -3 -2 -1
right_child=1 3 -4 -5 -6 -7
leaf_value=-0.00097773560044858536 0.00044034657000380359 1.6446222627573316e-05 0.00095345600504687946 -0.00071709288023808989 -7.9712616585888153e-05 -0.00042492789522013876
leaf_weight=167 811 277 75 201 373 121
leaf_count=167 811 277 75 201 373 121
internal_value=0.000167736 0.00112981 -0.00421918 -0.00391667 0.00317032 -0.00744828
internal_weight=2025 1662 363 478 1184 288
internal_count=2025 1662 363 478 1184 288
is_linear=0
shrinkage=0.04


Tree=47
num_leaves=6
num_cat=0
split_feature=10 42 42 53 35
split_gain=4.68674 7.45634 6.01237 5.3096 1.09044
threshold=1.81927369396067 -1.105815564931302 0.063417876327793291 0.75000000000000011 -0.53055941165662235
decision_type=2 2 2 2 2
left_child=1 4 -2 -3 -1
right_child=2 3 -4 -5 -6
leaf_value=0.0012597320920805619 -0.00053018583750606501 -0.00013356961889010393 0.0018046123936912967 0.00030191986368325794 0.00063795577779068304
leaf_weight=43 59 1577 65 240 41
leaf_count=43 59 1577 65 240 41
internal_value=0.000148002 -0.000346821 0.00761905 -0.000890599 0.0111628
internal_weight=2025 1901 124 1817 84
internal_count=2025 1901 124 1817 84
is_linear=0
shrinkage=0.04


Tree=48
num_leaves=7
num_cat=0
split_feature=36 26 46 27 47 47
split_gain=4.48153 5.28566 5.21635 6.70365 5.15338 4.76238
threshold=0.34141825593415248 1.1012869256471258 0.15071455838949716 -0.28751261754242613 0.63480573101329929 1.2693677882326428
decision_type=2 2 2 2 2 2
left_child=1 4 3 -2 -1 -4
right_child=2 -3 5 -5 -6 -7
leaf_value=0.00028542146933285557 0.00098542488926261682 -0.0012411868062468703 -0.00068493602398420788 -0.0001013399002943752 -0.00017158186172790713 0.00075507617818588101
leaf_weight=1131 57 54 189 316 236 42
leaf_count=1131 57 54 189 316 236 42
internal_value=0.000108535 0.00133521 -0.00277228 0.00016 0.00182615 -0.00746781
internal_weight=2025 1421 604 373 1367 231
internal_count=2025 1421 604 373 1367 231
is_linear=0
shrinkage=0.04


Tree=49
num_leaves=7
num_cat=0
split_feature=53 47 24 11 24 35
split_gain=4.5867 6.77447 6.00579 4.60381 4.70636 2.33666
threshold=-1.0000000180025095e-35 -0.91483063986702573 -1.0749915828052046 -0.61259318069243396 -0.57130716606659049 -0.3418961900911302
decision_type=2 2 2 2 2 2
left_child=3 -2 -3 5 -5 -1
right_child=1 2 -4 4 -6 -7
leaf_value=-0.00039581874529939944 0.0010284972934472079 0.0020236454266181962 2.2942920254836308e-05 0.00038289057488541937 -0.00029163680494936997 -0.00064327863347666018
leaf_weight=67 72 42 1008 189 562 85
leaf_count=67 72 42 1008 189 562 85
internal_value=0.000108535 0.00181495 0.000988593 -0.00201105 -0.000717131 -0.00831169
internal_weight=2025 1122 1050 903 751 152
internal_count=2025 1122 1050 903 751 152
is_linear=0
shrinkage=0.04


Tree=50
num_leaves=6
num_cat=0
split_feature=10 42 37 42 47
split_gain=4.84992 6.94788 4.79908 4.24732 0.988589
threshold=1.7572691506347471 -1.105815564931302 -0.42578709703412726 0.063417876327793291 0.45864582575588803
decision_type=2 2 2 2 2
left_child=1 4 -3 -2 -1
right_child=3 2 -4 -5 -6
leaf_value=0.0013847960538583986 -0.00045274159883876335 0.00019571529461891364 -0.00015928585788890727 0.0016293059514729581 0.00046534829806599135
leaf_weight=44 61 542 1267 71 40
leaf_count=44 61 542 1267 71 40
internal_value=0.000108535 -0.000411609 -0.000938708 0.00746269 0.0106977
internal_weight=2025 1893 1809 132 84
internal_count=2025 1893 1809 132 84
is_linear=0
shrinkage=0.04


Tree=51
num_leaves=5
num_cat=0
split_feature=35 53 13 10
split_gain=5.12876 4.84153 6.12692 5.87643
threshold=-1.3579213220591606 0.75000000000000011 -0.46246953793708173 1.81927369396067
decision_type=2 2 2 2
left_child=-1 3 -3 -2
right_child=1 2 -4 -5
leaf_value=0.0012328261377723764 -0.0001053118070178134 0.001188394970122448 6.273022605403838e-05 0.0011548159200072215
leaf_weight=48 1608 79 170 120
leaf_count=48 1608 79 170 120
internal_value=0.000148002 -0.000171804 0.00501992 -0.000924855
internal_weight=2025 1977 249 1728
internal_count=2025 1977 249 1728
is_linear=0
shrinkage=0.04


Tree=52
num_leaves=7
num_cat=0
split_feature=35 26 53 53 53 13
split_gain=4.43507 10.7108 9.10539 4.00739 6.77881 5.20779
threshold=-0.22409059501562342 1.0111527479332634 -0.58333333333333315 -1.0000000180025095e-35 -0.74999999999999989 0.44927294058108658
decision_type=2 2 2 2 2 2
left_child=1 2 -1 4 -2 -5
right_child=3 -3 -4 5 -6 -7
leaf_value=-0.00057407057278786747 0.00077083130739548844 -0.0014777423026383235 0.00067465727665799019 -5.6637031645719038e-05 -0.00047806543030391664 0.00030860956790413957
leaf_weight=139 119 40 597 579 373 178
leaf_count=139 119 40 597 579 373 178
internal_value=0.000148002 0.00251928 0.00363144 -0.00132694 -0.00412955 0.000500659
internal_weight=2025 776 736 1249 492 757
internal_count=2025 776 736 1249 492 757
is_linear=0
shrinkage=0.04


Tree=53
num_leaves=6
num_cat=0
split_feature=35 42 28 53 35
split_gain=4.80242 5.6107 5.3214 4.99323 3.97324
threshold=-0.96148210659214217 -1.2209409578890986 -0.18711176824327749 -1.0000000180025095e-35 -1.3579213220591606
decision_type=2 2 2 2 2
left_child=2 -2 -1 -3 -4
right_child=1 3 4 -5 -6
leaf_value=0.00091568054418702724 0.0011494521286417915 -0.00036041709583890769 0.0011559263053490189 7.2683079323992425e-05 -8.9687213316976751e-05
leaf_weight=49 47 751 47 1003 128
leaf_count=49 47 751 47 1003 128
internal_value=-9.8668e-06 -0.000698835 0.00548673 -0.00107062 0.00214689
internal_weight=2025 1801 224 1754 175
internal_count=2025 1801 224 1754 175
is_linear=0
shrinkage=0.04


Tree=54
num_leaves=7
num_cat=0
split_feature=36 53 53 46 47 11
split_gain=4.52302 11.0974 7.76435 4.93106 3.67306 2.36802
threshold=0.29284054987594138 -0.58333333333333315 -0.74999999999999989 0.15071455838949716 0.83102659098545195 0.43532614599972369
decision_type=2 2 2 2 2 2
left_child=1 5 -2 -4 -3 -1
right_child=2 4 3 -5 -6 -7
leaf_value=-0.00088127957468650325 0.0015692024893023539 0.00039055608611506914 -4.8151129599934009e-05 -0.00053098728725572422 -0.00017908982749898945 1.3373459776499837e-05
leaf_weight=172 76 1032 363 213 124 45
leaf_count=172 76 1032 363 213 124 45
internal_value=0.000108535 0.00141091 -0.00262997 -0.00422145 0.00297064 -0.00684932
internal_weight=2025 1373 652 576 1156 217
internal_count=2025 1373 652 576 1156 217
is_linear=0
shrinkage=0.04


Tree=55
num_leaves=6
num_cat=0
split_feature=35 42 53 28 35
split_gain=4.13957 5.53658 4.93189 4.92715 3.76343
threshold=-0.96148210659214217 -1.2209409578890986 -1.0000000180025095e-35 -0.18711176824327749 -1.4016955814247813
decision_type=2 2 2 2 2
left_child=3 -2 -3 -1 -5
right_child=1 2 -4 4 -6
leaf_value=0.00086343107897494356 0.0011106376365960791 -0.0003399413595029604 6.8839299693551493e-05 0.0012194475398779217 -4.0923769344598724e-05
leaf_weight=49 47 751 1003 40 135
leaf_count=49 47 751 1003 40 135
internal_value=2.96004e-05 -0.000610094 -0.000979499 0.00513274 0.0019209
internal_weight=2025 1801 1754 224 175
internal_count=2025 1801 1754 224 175
is_linear=0
shrinkage=0.04


Tree=56
num_leaves=7
num_cat=0
split_feature=36 53 53 40 47 51
split_gain=4.44165 10.2506 6.28901 4.73421 4.61488 1.83841
threshold=0.34141825593415248 -0.58333333333333315 -0.74999999999999989 0.41129510263104685 1.024555667618126 -0.76781963110904894
decision_type=2 2 2 2 2 2
left_child=1 5 -2 -3 -4 -1
right_child=2 3 4 -5 -6 -7
leaf_value=7.8419093398841296e-05 0.001637361146221007 0.00036771761639345894 -0.0004002626163039415 -0.00014231324137694838 0.00018548245530282129 -0.00070024013786763721
leaf_weight=47 72 824 431 375 101 175
leaf_count=47 72 824 431 375 101 175
internal_value=2.96004e-05 0.00125088 -0.00283828 0.0027144 -0.00434457 -0.00660714
internal_weight=2025 1421 604 1199 532 222
internal_count=2025 1421 604 1199 532 222
is_linear=0
shrinkage=0.04


Tree=57
num_leaves=5
num_cat=0
split_feature=35 10 40 46
split_gain=4.51566 4.43111 5.55584 4.77972
threshold=-1.3579213220591606 1.81927369396067 0.34959005694357631 0.73126825492442271
decision_type=2 2 2 2
left_child=-1 2 -2 -3
right_child=1 3 -4 -5
leaf_value=0.0010949117982779885 6.440402814667942e-05 0.00029473618060127957 -0.00040571349554893737 0.0016307341382160174
leaf_weight=48 1319 76 538 44
leaf_count=48 1319 76 538 44
internal_value=0.000128268 -0.000171804 -0.000656267 0.00721311
internal_weight=2025 1977 1857 120
internal_count=2025 1977 1857 120
is_linear=0
shrinkage=0.04


Tree=58
num_leaves=6
num_cat=0
split_feature=35 42 26 10 37
split_gain=4.50419 5.89993 5.73221 4.36366 2.94327
threshold=-0.979026186902342 -1.2209409578890986 -1.02755887412128 1.81927369396067 0.78924866606188449
decision_type=2 2 2 2 2
left_child=2 -2 -1 -3 -4
right_child=1 3 4 -5 -6
leaf_value=-0.00074130280581811373 0.0011642764250272689 -8.5015705707490205e-05 0.00074926045797293135 0.0010676326045086701 0.00012391116979699565
leaf_weight=40 49 1672 112 96 56
leaf_count=40 49 1672 112 96 56
internal_value=0.000167736 -0.000472787 0.00571429 -0.000858757 0.00894118
internal_weight=2025 1817 208 1768 168
internal_count=2025 1817 208 1768 168
is_linear=0
shrinkage=0.04


Tree=59
num_leaves=5
num_cat=0
split_feature=35 53 24 53
split_gain=4.51566 3.72557 6.98993 4.66741
threshold=-1.3579213220591606 0.75000000000000011 0.63266771968728597 0.41666666666666669
decision_type=2 2 2 2
left_child=-1 3 -3 -2
right_child=1 2 -4 -5
leaf_value=0.0010336518937914705 7.5095659968347357e-06 0.00067508244497554559 -0.00010660785174896848 -0.00054038592391549489
leaf_weight=48 1434 148 101 294
leaf_count=48 1434 148 101 294
internal_value=0.000128268 -0.000171804 0.00438247 -0.00083237
internal_weight=2025 1977 249 1728
internal_count=2025 1977 249 1728
is_linear=0
shrinkage=0.04


Tree=60
num_leaves=7
num_cat=0
split_feature=53 47 53 14 45 30
split_gain=3.81563 6.85735 6.1213 4.48548 4.67629 3.68032
threshold=-1.0000000180025095e-35 -0.91483063986702573 0.25000000000000006 -0.42865162042009392 -0.25724240617804189 -0.90002482828931307
decision_type=2 2 2 2 2 2
left_child=3 -2 -3 5 -5 -1
right_child=1 2 -4 4 -6 -7
leaf_value=1.6313446385609819e-05 0.00099352689832705619 0.00054155852569228108 -8.4688720665932176e-05 0.00045382238100789217 -0.00033689429401798185 -0.00062642523002119101
leaf_weight=64 72 352 698 261 429 149
leaf_count=64 72 352 698 261 429 149
internal_value=0.000187469 0.00174377 0.000912548 -0.00174586 -0.00017341 -0.0067907
internal_weight=2025 1122 1050 903 690 213
internal_count=2025 1122 1050 903 690 213
is_linear=0
shrinkage=0.04


Tree=61
num_leaves=5
num_cat=0
split_feature=35 53 39 39
split_gain=4.0372 4.22651 5.91474 3.90865
threshold=-1.4016955814247813 0.75000000000000011 -0.47950326491241141 -0.55720857269560964
decision_type=2 2 2 2
left_child=-1 3 -3 -2
right_child=1 2 -4 -5
leaf_value=0.0010599317894301444 -0.00046411941226426459 0.0011299365820281342 9.8153035466979482e-06 -7.7864219180408393e-07
leaf_weight=40 274 76 173 1462
leaf_count=40 274 76 173 1462
internal_value=0.000108535 -0.000150981 0.0047012 -0.000851554
internal_weight=2025 1985 249 1736
internal_count=2025 1985 249 1736
is_linear=0
shrinkage=0.04


Tree=62
num_leaves=7
num_cat=0
split_feature=53 36 36 46 40 40
split_gain=3.48735 8.01888 7.94748 5.50413 5.09972 2.09342
threshold=-0.58333333333333315 0.75435744966667018 0.29284054987594138 0.044484037061566138 0.41129510263104685 -0.042058129958068839
decision_type=2 2 2 2 2 2
left_child=1 5 4 -4 -2 -1
right_child=2 -3 3 -5 -6 -7
leaf_value=-0.00087711423917613031 0.00037247789848877792 0.00085729718723448532 1.8677469625255141e-05 -0.0005154281525718967 -0.00016426983545518781 -0.00035071238741397599
leaf_weight=170 788 75 292 214 368 118
leaf_count=170 788 75 292 214 368 118
internal_value=8.88012e-05 -0.00345205 0.000865385 -0.00330709 0.0026943 -0.00648276
internal_weight=2025 363 1662 506 1156 288
internal_count=2025 363 1662 506 1156 288
is_linear=0
shrinkage=0.04


Tree=63
num_leaves=6
num_cat=0
split_feature=35 26 42 53 28
split_gain=4.36575 4.92719 4.85862 4.08478 2.76384
threshold=-0.96148210659214217 -1.0528255255060726 -1.2209409578890986 -1.0000000180025095e-35 -0.18711176824327749
decision_type=2 2 2 2 2
left_child=1 -1 -2 -4 -3
right_child=2 4 3 -5 -6
leaf_value=-0.0006304114714243775 0.0010124912238809178 0.00079177356724680124 -0.00031922588652016763 5.7034995328859585e-05 0.00043059354914524837
leaf_weight=41 47 49 751 1003 134
leaf_count=41 47 49 751 1003 134
internal_value=6.90676e-05 0.00530973 -0.000587909 -0.000933941 0.00810811
internal_weight=2025 224 1801 1754 183
internal_count=2025 224 1801 1754 183
is_linear=0
shrinkage=0.04


Tree=64
num_leaves=7
num_cat=0
split_feature=24 28 26 42 47 41
split_gain=4.49029 4.49174 6.47454 4.13868 3.84426 3.03313
threshold=-1.0749915828052046 0.65929262536188993 0.24617386306707209 -0.41840001812325806 1.1339699655584694 -0.87091855964076448
decision_type=2 2 2 2 2 2
left_child=3 2 -2 5 -3 -1
right_child=1 4 -4 -5 -6 -7
leaf_value=7.8275263137897599e-05 -0.0001150664643672394 -0.00073819001273234155 0.00033551391179454981 -0.00036540126675734913 0.00013640866688652598 0.0015665008396494769
leaf_weight=55 1004 253 528 49 88 48
leaf_count=55 1004 253 528 49 88 48
internal_value=0.000187469 -0.000352 0.000573664 0.00675325 -0.0044898 0.0112381
internal_weight=2025 1873 1532 152 341 103
internal_count=2025 1873 1532 152 341 103
is_linear=0
shrinkage=0.04


Tree=65
num_leaves=7
num_cat=0
split_feature=24 42 14 40 53 47
split_gain=4.40973 4.13868 3.46232 7.37926 6.10039 2.90103
threshold=-1.0749915828052046 -0.41840001812325806 -0.20854800474131122 1.4671992958650224 0.75000000000000011 0.85546523629265714
decision_type=2 2 2 2 2 2
left_child=1 5 4 -4 -2 -1
right_child=2 -3 3 -5 -6 -7
leaf_value=0.0014757302631381755 -0.00026797434933001297 -0.0003507852160870552 0.00013553565529078208 -0.0014585088855610679 0.0012175145725465417 5.5463171436577615e-05
leaf_weight=56 675 49 1077 71 50 47
leaf_count=56 675 49 1077 71 50 47
internal_value=0.00024667 0.00675325 -0.000288 0.00107826 -0.00244842 0.0112381
internal_weight=2025 152 1873 1148 725 103
internal_count=2025 152 1873 1148 725 103
is_linear=0
shrinkage=0.04


Tree=66
num_leaves=7
num_cat=0
split_feature=25 11 38 37 47 46
split_gain=4.68198 5.45497 4.87041 4.39956 5.55585 4.08771
threshold=0.11673850129922823 0.62280446999747086 1.84296596656219 -0.92454538624115157 1.0453617678782903 0.73126825492442271
decision_type=2 2 2 2 2 2
left_child=1 2 -1 -2 -5 -3
right_child=3 5 -4 4 -6 -7
leaf_value=-2.1042670666769624e-06 0.001002721379250696 0.00047633112016289366 0.0017260518943240444 -0.00036079027993574586 0.00022950056394874558 0.0014440214012393813
leaf_weight=877 53 139 71 690 149 46
leaf_count=877 53 139 71 690 149 46
internal_value=0.000286137 0.00199119 0.000757895 -0.00187919 -0.00259215 0.00823529
internal_weight=2025 1133 948 892 839 185
internal_count=2025 1133 948 892 839 185
is_linear=0
shrinkage=0.04


Tree=67
num_leaves=8
num_cat=0
split_feature=33 10 40 40 40 28 36
split_gain=3.81942 5.2948 5.76744 5.67266 4.62276 4.71236 3.16198
threshold=0.56918941603309847 0.55372462220641983 0.70928605185122728 -0.81823275676949214 -0.64318849699052894 -0.65673811565306195 0.17331552321237073
decision_type=2 2 2 2 2 2 2
left_child=4 3 -3 -2 6 -6 -1
right_child=1 2 -4 -5 5 -7 -8
leaf_value=-0.00013960803750920245 0.0021703790126151967 0.00033743676306049493 -0.00061751421435107172 -0.00056546472610432912 0.00059673741934488202 7.7780221834387249e-05 -0.001112960998713873
leaf_weight=146 40 86 41 309 159 1201 43
leaf_count=146 40 86 41 309 159 1201 43
internal_value=0.000365072 -0.00276151 0.00418605 -0.00529915 0.00132818 0.00214391 -0.00450262
internal_weight=2025 476 127 349 1549 1360 189
internal_count=2025 476 127 349 1549 1360 189
is_linear=0
shrinkage=0.04


Tree=68
num_leaves=7
num_cat=0
split_feature=33 53 40 41 40 38
split_gain=4.06433 6.47509 8.47645 5.24631 5.17971 7.85111
threshold=0.53449702141173627 0.75000000000000011 -0.50372685565979247 -0.34727018461112796 0.77260428118474733 0.61006317062686544
decision_type=2 2 2 2 2 2
left_child=1 2 -1 -3 5 -2
right_child=4 3 -4 -5 -6 -7
leaf_value=-0.00059881329550848781 -0.00028646726192137705 -0.00013182934875058283 0.0001362535086443149 0.00091048949389512077 -0.0014290738602853654 0.00038473301536315021
leaf_weight=195 349 41 1186 95 73 86
leaf_count=195 349 41 1186 95 73 86
internal_value=0.000266404 0.00130349 0.000477223 0.00956522 -0.00282353 -0.00114416
internal_weight=2025 1517 1381 136 508 435
internal_count=2025 1517 1381 136 508 435
is_linear=0
shrinkage=0.04


Tree=69
num_leaves=8
num_cat=0
split_feature=25 47 40 26 37 10 8
split_gain=4.12578 5.41943 4.68235 4.30799 3.61674 5.79407 4.39462
threshold=0.11673850129922823 0.56970972051266822 0.11425846298887826 1.0767947913942 -0.42578709703412726 -0.25127674103007885 0.83348162588096752
decision_type=2 2 2 2 2 2 2
left_child=1 3 -3 -1 6 -6 -2
right_child=4 2 -4 -5 5 -7 -8
leaf_value=0.00032645822019364252 0.00032492920568654744 -0.00065767918567488203 0.00029883492620086974 -0.0010502340526495197 -0.00086615260988459608 -8.131247082148893e-05 -0.00047432328305139744
leaf_weight=886 206 127 80 40 148 493 45
leaf_count=886 206 127 80 40 148 493 45
internal_value=0.000108535 0.00170925 -0.00411483 0.00301724 -0.00192394 -0.00351477 0.00213439
internal_weight=2025 1133 207 926 892 641 251
internal_count=2025 1133 207 926 892 641 251
is_linear=0
shrinkage=0.04


Tree=70
num_leaves=7
num_cat=0
split_feature=35 26 10 53 53 47
split_gain=4.1326 7.82236 6.93409 3.73517 6.11994 4.77213
threshold=-0.354290052590154 0.96752638736833607 0.2176553291255037 -1.0000000180025095e-35 0.25000000000000006 -0.59595866112167928
decision_type=2 2 2 2 2 2
left_child=1 2 -1 5 -5 -2
right_child=3 -3 -4 4 -6 -7
leaf_value=0.00065687499340839743 -0.00064795285608908366 -0.0013729983167238074 -2.2901557625015441e-05 0.00048959441553833116 -0.00010561333148711771 -0.00015199882103950117
leaf_weight=289 125 42 325 272 557 415
leaf_count=289 125 42 325 272 557 415
internal_value=6.90676e-05 0.00267477 0.00383117 -0.00118162 0.000505415 -0.00376384
internal_weight=2025 656 614 1369 829 540
internal_count=2025 656 614 1369 829 540
is_linear=0
shrinkage=0.04


Tree=71
num_leaves=7
num_cat=0
split_feature=35 42 39 41 40 39
split_gain=3.5855 6.49424 7.12719 4.13587 3.48687 6.57974
threshold=-0.33273889926425609 -0.72747678579150454 -0.013721086988893893 -0.88170446321630114 1.5493452025941277 0.82893029141331376
decision_type=2 2 2 2 2 2
left_child=1 3 -3 -1 5 -2
right_child=4 2 -4 -5 -6 -7
leaf_value=3.5257146553607233e-05 -0.00010418287008903221 0.00059820447621313085 -0.00039731501315961817 0.0010454811977746092 -0.0020003580285999018 0.00054956467925877401
leaf_weight=54 1166 201 318 99 46 141
leaf_count=54 1166 201 318 99 46 141
internal_value=0.000108535 0.00249258 0.000345489 0.00967742 -0.00107749 -0.000687548
internal_weight=2025 672 519 153 1353 1307
internal_count=2025 672 519 153 1353 1307
is_linear=0
shrinkage=0.04


Tree=72
num_leaves=6
num_cat=0
split_feature=35 26 10 40 13
split_gain=3.54472 8.51246 6.04548 3.41866 8.31988
threshold=-0.23425157813572819 1.0111527479332634 0.23279092094090462 1.5493452025941277 0.82459571842689983
decision_type=2 2 2 2 2
left_child=1 2 -1 4 -2
right_child=3 -3 -4 -5 -6
leaf_value=0.00047870162810469022 -0.00011779611130037414 -0.0012380951616622325 -5.9369108382274632e-05 -0.0019656648976407753 0.00071826328971209298
leaf_weight=379 1078 40 349 40 139
leaf_count=379 1078 40 349 40 139
internal_value=0.000148002 0.00228571 0.00328767 -0.00115965 -0.000771124
internal_weight=2025 768 728 1257 1217
internal_count=2025 768 728 1257 1217
is_linear=0
shrinkage=0.04


Tree=73
num_leaves=5
num_cat=0
split_feature=35 41 42 46
split_gain=3.39909 3.40351 4.98591 2.23991
threshold=-1.4016955814247813 -1.021122776971142 -1.2209409578890986 -0.37036832245527934
decision_type=2 2 2 2
left_child=-1 3 -3 -2
right_child=1 2 -4 -5
leaf_value=0.00090085015537076098 -0.00047077876590632061 0.0012367413822360451 1.2285063011222009e-07 -0.00047313657984369924
leaf_weight=40 43 42 1835 65
leaf_count=40 43 42 1835 65
internal_value=0.000167736 -7.0458e-05 0.000329963 -0.00690909
internal_weight=2025 1985 1877 108
internal_count=2025 1985 1877 108
is_linear=0
shrinkage=0.04


Tree=74
num_leaves=5
num_cat=0
split_feature=35 53 33 14
split_gain=3.38719 3.52764 5.37658 4.28995
threshold=-1.4016955814247813 0.75000000000000011 0.54252014950130911 -0.19532468953217416
decision_type=2 2 2 2
left_child=-1 3 -3 -2
right_child=1 2 -4 -5
leaf_value=0.00086481614915593058 -0.00021020684572059092 0.00061034033183839597 -6.6911513198001575e-05 6.5920884098500944e-05
leaf_weight=40 739 137 112 997
leaf_count=40 739 137 112 997
internal_value=0.000187469 -5.03271e-05 0.00438247 -0.000690449
internal_weight=2025 1985 249 1736
internal_count=2025 1985 249 1736
is_linear=0
shrinkage=0.04


Tree=75
num_leaves=8
num_cat=0
split_feature=25 53 40 37 10 53 33
split_gain=3.42533 5.15756 6.49195 3.83065 6.29788 4.74779 2.07505
threshold=0.11673850129922823 0.75000000000000011 -0.45084904017454969 -0.42578709703412726 -0.26115958172057951 -1.0000000180025095e-35 -0.24790517724871849
decision_type=2 2 2 2 2 2 2
left_child=1 2 -1 5 -5 -2 -3
right_child=3 6 -4 4 -6 -7 -8
leaf_value=-0.00058160161200026086 -0.00032962240498516998 0.00052124012676202315 0.00016690301461668119 -0.00080426493068039588 -7.2421660333369991e-05 0.00035121924599620827 0.00082883193144955728
leaf_weight=135 76 42 914 145 496 175 42
leaf_count=135 76 42 914 145 496 175 42
internal_value=0.000286137 0.00174449 0.000970504 -0.001566 -0.00320373 0.0026087 0.0111628
internal_weight=2025 1133 1049 892 641 251 84
internal_count=2025 1133 1049 892 641 251 84
is_linear=0
shrinkage=0.04


Tree=76
num_leaves=5
num_cat=0
split_feature=35 41 42 46
split_gain=3.36345 3.46384 4.93816 2.23991
threshold=-1.4016955814247813 -1.021122776971142 -1.2209409578890986 -0.37036832245527934
decision_type=2 2 2 2
left_child=-1 3 -3 -2
right_child=1 2 -4 -5
leaf_value=0.00082354738260502632 -0.0004256093801023814 0.0011920438616444835 2.7250177095338585e-06 -0.0004635240725985585
leaf_weight=40 43 42 1835 65
leaf_count=40 43 42 1835 65
internal_value=0.000226936 -1.00654e-05 0.000393827 -0.00690909
internal_weight=2025 1985 1877 108
internal_count=2025 1985 1877 108
is_linear=0
shrinkage=0.04


Tree=77
num_leaves=5
num_cat=0
split_feature=35 14 42 26
split_gain=3.35161 2.9608 4.57647 2.51242
threshold=-1.4016955814247813 -1.4376565126645167 -1.2209409578890986 -0.48294896317993724
decision_type=2 2 2 2
left_child=-1 3 -3 -2
right_child=1 2 -4 -5
leaf_value=0.00079060548730082534 -0.00069249693883543162 0.00082244206804002018 3.9752406049226033e-07 3.5095654210721764e-05
leaf_weight=40 43 49 1853 40
leaf_count=40 43 49 1853 40
internal_value=0.00024667 1.00654e-05 0.000336134 -0.00729412
internal_weight=2025 1985 1902 83
internal_count=2025 1985 1902 83
is_linear=0
shrinkage=0.04


Tree=78
num_leaves=7
num_cat=0
split_feature=33 53 40 40 38 28
split_gain=3.10979 6.44702 5.21682 3.99895 7.30389 2.80211
threshold=0.56918941603309847 -0.58333333333333315 -0.64318849699052894 0.77260428118474733 0.61006317062686544 -0.49572637142002535
decision_type=2 2 2 2 2 2
left_child=1 5 -3 4 -2 -1
right_child=3 2 -4 -5 -6 -7
leaf_value=0.00099899986739124128 -0.00029884231480472863 -0.00025692980638502948 0.00022897872275983201 -0.0012541283645731819 0.00035961832017970618 -0.00057552487082658044
leaf_weight=40 324 183 1116 68 84 210
leaf_count=40 324 183 1116 68 84 210
internal_value=0.000226936 0.00109607 0.00222905 -0.00259414 -0.00107317 -0.0047619
internal_weight=2025 1549 1299 476 408 250
internal_count=2025 1549 1299 476 408 250
is_linear=0
shrinkage=0.04


Tree=79
num_leaves=6
num_cat=0
split_feature=35 26 10 40 10
split_gain=3.53086 6.97334 6.71355 3.25915 5.73304
threshold=-0.354290052590154 0.96752638736833607 0.23279092094090462 1.5493452025941277 0.70905207421918526
decision_type=2 2 2 2 2
left_child=1 2 -1 4 -2
right_child=3 -3 -4 -5 -6
leaf_value=0.00058201988011355747 -0.00011828268251767555 -0.0012074288321071221 -1.473846832424311e-05 -0.0018114879124606891 0.00021094404117979421
leaf_weight=294 1145 42 320 47 177
leaf_count=294 1145 42 320 47 177
internal_value=0.000266404 0.00267477 0.00376623 -0.000889861 -0.000513595
internal_weight=2025 656 614 1369 1322
internal_count=2025 656 614 1369 1322
is_linear=0
shrinkage=0.04


Tree=80
num_leaves=8
num_cat=0
split_feature=25 53 13 47 8 41 38
split_gain=2.93694 5.44362 5.81863 3.34631 4.15495 3.08023 1.95044
threshold=0.19011389994839781 0.75000000000000011 -0.62649579879389461 1.0453617678782903 0.37227935034683696 -0.10744773059680242 -0.55596429590382457
decision_type=2 2 2 2 2 2 2
left_child=1 2 -1 4 -2 -3 -5
right_child=3 5 -4 6 -6 -7 -8
leaf_value=-0.00058774223956082044 -6.9791498786855483e-05 0.00025231525930100837 0.00012904523412209852 -0.00018631136677755151 -0.00054258895537825653 0.00081398375612925285 0.0002848067262897752
leaf_weight=146 446 40 980 46 200 55 112
leaf_count=146 446 40 980 46 200 55 112
internal_value=0.000187469 0.00142273 0.000638298 -0.00168734 -0.00296296 0.0105155 0.0035
internal_weight=2025 1221 1126 804 646 95 158
internal_count=2025 1221 1126 804 646 95 158
is_linear=0
shrinkage=0.04


Tree=81
num_leaves=8
num_cat=0
split_feature=33 53 40 47 41 45 45
split_gain=2.92801 6.89413 8.53411 5.37008 5.14613 4.13909 3
threshold=0.56918941603309847 0.75000000000000011 -0.53349108625683217 1.0453617678782903 -0.34727018461112796 -0.37156293417134284 0.70473782189456347
decision_type=2 2 2 2 2 2 2
left_child=1 2 -1 5 -3 -2 -5
right_child=3 4 -4 6 -6 -7 -8
leaf_value=-0.00054523878780451192 0.00017782045214442737 -0.00023816480626738857 0.00010375332141525985 8.0995999108864075e-06 0.00075751622014328475 -0.00061552154467600466 0.00075129187223820035
leaf_weight=196 97 41 1214 115 98 223 41
leaf_count=196 97 41 1214 115 98 223 41
internal_value=0.000226936 0.00107028 0.000226629 -0.00251046 0.00950355 -0.00546584 0.0035443
internal_weight=2025 1549 1410 476 139 320 156
internal_count=2025 1549 1410 476 139 320 156
is_linear=0
shrinkage=0.04


Tree=82
num_leaves=8
num_cat=0
split_feature=35 28 39 44 28 37 10
split_gain=3.14665 7.1053 6.52335 5.219 3.80197 10.2155 4.25213
threshold=-0.23425157813572819 -0.22216967857676237 0.065244652485182256 -1.9606644214962641 -0.27667588736239562 -0.86280346737001612 -0.71484720640089428
decision_type=2 2 2 2 2 2 2
left_child=1 2 -1 -3 5 -2 -6
right_child=4 3 -4 -5 6 -7 -8
leaf_value=0.000708475572330953 0.00058505410168083292 0.0014411882817889044 -0.00069381533892439319 -0.0001215758106114939 -0.00052369735383121449 -0.00040599681717415315 8.8921769052117559e-05
leaf_weight=167 109 43 42 516 61 398 689
leaf_count=167 109 43 42 516 61 398 689
internal_value=0.000167736 0.00218182 0.00843602 -0.000178253 -0.00106434 -0.00373281 0.000744681
internal_weight=2025 768 209 559 1257 507 750
internal_count=2025 768 209 559 1257 507 750
is_linear=0
shrinkage=0.04


Tree=83
num_leaves=7
num_cat=0
split_feature=35 26 47 26 40 24
split_gain=3.25414 7.42306 5.82217 3.49961 4.9695 3.87414
threshold=-0.23425157813572819 1.0111527479332634 0.88542756718383664 0.2124358002625146 0.57187686141523231 0.0067589430889124849
decision_type=2 2 2 2 2 2
left_child=1 2 -1 5 -5 -2
right_child=3 -3 -4 4 -6 -7
leaf_value=0.00042288991553851796 5.7311016063361505e-05 -0.0010968296454773368 -0.00028975819393515714 0.00017016793110428703 -0.00091540291135912982 -0.00036754628703639265
leaf_weight=626 311 40 102 389 121 436
leaf_count=626 311 40 102 389 121 436
internal_value=2.96004e-05 0.00207792 0.0030137 -0.00122319 0.00132813 -0.00296395
internal_weight=2025 768 728 1257 510 747
internal_count=2025 768 728 1257 510 747
is_linear=0
shrinkage=0.04


Tree=84
num_leaves=6
num_cat=0
split_feature=35 26 53 40 13
split_gain=2.95443 5.91897 6.04431 2.75497 6.91837
threshold=-0.354290052590154 0.96752638736833607 -0.58333333333333315 1.5493452025941277 0.82459571842689983
decision_type=2 2 2 2 2
left_child=1 2 -1 4 -2
right_child=3 -3 -4 -5 -6
leaf_value=-0.00038627678475553514 -8.4598499459651594e-05 -0.001104703430252024 0.00052990525910231144 -0.0016785566285314668 0.00059080317761734194
leaf_weight=128 1178 42 486 47 144
leaf_count=128 1178 42 486 47 144
internal_value=0.000167736 0.00237082 0.00337662 -0.000889861 -0.000543807
internal_weight=2025 656 614 1369 1322
internal_count=2025 656 614 1369 1322
is_linear=0
shrinkage=0.04


Tree=85
num_leaves=7
num_cat=0
split_feature=53 13 16 13 13 28
split_gain=2.77283 5.64038 7.15175 4.62775 4.89474 3.66786
threshold=0.75000000000000011 -0.46835761846464558 0.87596581479430391 -0.56528098460474718 -0.28703529558566337 -0.68190408317917217
decision_type=2 2 2 2 2 2
left_child=3 -2 -3 5 -5 -1
right_child=1 2 -4 4 -6 -7
leaf_value=0.00015158307540075688 0.00074837843810487883 0.00018273921180707642 -0.00045053307016537056 0.00039317481128599605 -3.2996740555306131e-05 -0.00053786075400983507
leaf_weight=85 77 124 48 245 1262 184
leaf_count=85 77 124 48 245 1262 184
internal_value=0.000128268 0.00406375 0 -0.000427447 0.000437376 -0.00523985
internal_weight=2025 249 172 1776 1507 269
internal_count=2025 249 172 1776 1507 269
is_linear=0
shrinkage=0.04


Tree=86
num_leaves=8
num_cat=0
split_feature=33 53 40 41 47 25 15
split_gain=2.93838 5.68717 8.09223 5.15248 3.84295 3.30295 2.17336
threshold=0.56918941603309847 0.75000000000000011 -0.53349108625683217 0.23833321880933514 1.0453617678782903 0.72520335783845702 0.53035000249747755
decision_type=2 2 2 2 2 2 2
left_child=1 2 -1 -3 5 -2 -6
right_child=4 3 -4 -5 6 -7 -8
leaf_value=-0.00050450143904462517 -9.3874738166005307e-05 0.00010639569186377734 8.9250110661280514e-05 0.00068929101344787516 0.00046737107803015098 -0.00078723165545393592 -9.4119931917660551e-06
leaf_weight=196 182 76 1214 63 50 138 106
leaf_count=196 182 76 1214 63 50 138 106
internal_value=0.000148002 0.000992908 0.000226629 0.00865248 -0.00259414 -0.00509317 0.00253165
internal_weight=2025 1549 1410 139 476 320 156
internal_count=2025 1549 1410 139 476 320 156
is_linear=0
shrinkage=0.04


Tree=87
num_leaves=5
num_cat=0
split_feature=35 41 35 47
split_gain=3.03398 4.29993 4.29882 2.72085
threshold=-1.2967137973602023 -0.72964620068023089 -0.979026186902342 0.56970972051266822
decision_type=2 2 2 2
left_child=-1 3 -3 -2
right_child=1 2 -4 -5
leaf_value=0.00054797802450239075 -7.6694221264776637e-05 0.00054424393960786994 6.8740944767681223e-06 -0.0006372369817394945
leaf_weight=64 174 81 1607 99
leaf_count=64 174 81 1607 99
internal_value=4.9334e-05 -0.000234335 0.00052071 -0.00487273
internal_weight=2025 1961 1688 273
internal_count=2025 1961 1688 273
is_linear=0
shrinkage=0.04


Tree=88
num_leaves=7
num_cat=0
split_feature=35 26 53 28 37 10
split_gain=3.13006 7.42306 6.19994 3.84472 8.3387 4.48185
threshold=-0.23425157813572819 1.0111527479332634 -0.58333333333333315 -0.29134079468224749 -0.82658082724643356 -0.71484720640089428
decision_type=2 2 2 2 2 2
left_child=1 2 -1 4 -2 -5
right_child=3 -3 -4 5 -6 -7
leaf_value=-0.0003974106528441146 0.0004491851565126344 -0.0010341574531143433 0.00040531795672178408 -0.00049795450062533079 -0.00039081527841169656 8.3363506595059611e-05
leaf_weight=138 118 40 590 65 379 695
leaf_count=138 118 40 590 65 379 695
internal_value=6.90676e-05 0.00207792 0.0030137 -0.00115965 -0.00388778 0.000629921
internal_weight=2025 768 728 1257 497 760
internal_count=2025 768 728 1257 497 760
is_linear=0
shrinkage=0.04


Tree=89
num_leaves=5
num_cat=0
split_feature=35 41 42 11
split_gain=3.00568 4.10795 3.98008 2.78905
threshold=-1.2967137973602023 -0.72964620068023089 -1.1613507090028408 -0.50583668417813243
decision_type=2 2 2 2
left_child=-1 3 -3 -2
right_child=1 2 -4 -5
leaf_value=0.0005338127332632722 -0.00075344105832661078 0.001075417444555557 1.0829258844224696e-05 -9.0043001524036382e-05
leaf_weight=64 66 41 1647 207
leaf_count=64 66 41 1647 207
internal_value=8.88012e-05 -0.000193581 0.000544379 -0.00472727
internal_weight=2025 1961 1688 273
internal_count=2025 1961 1688 273
is_linear=0
shrinkage=0.04


Tree=90
num_leaves=6
num_cat=0
split_feature=10 42 40 32 40
split_gain=2.71338 6.16701 3.80888 7.27382 6.608
threshold=1.81927369396067 0.063417876327793291 0.34959005694357631 0.040631802086639884 0.11425846298887826
decision_type=2 2 2 2 2
left_child=2 -2 4 -4 -1
right_child=1 -3 3 -5 -6
leaf_value=-1.1685651652102257e-05 -0.00026190309598847576 0.0013262579563257651 7.9468620912279971e-05 -0.00077342631048255787 0.00062441305198605271
leaf_weight=1156 59 65 319 251 175
leaf_count=1156 59 65 319 251 175
internal_value=2.96004e-05 0.00571429 -0.000346821 -0.00307692 0.000825206
internal_weight=2025 124 1901 570 1331
internal_count=2025 124 1901 570 1331
is_linear=0
shrinkage=0.04


Tree=91
num_leaves=6
num_cat=0
split_feature=10 42 14 53 33
split_gain=2.69459 6.16701 3.60455 6.13343 4.84914
threshold=1.81927369396067 0.063417876327793291 -0.20238859450972868 0.75000000000000011 0.59721876326848633
decision_type=2 2 2 2 2
left_child=2 -2 3 -1 -4
right_child=1 -3 4 -5 -6
leaf_value=-0.0002174385068586604 -0.00025142697214893672 0.0012732076380727346 0.0001593758785772462 0.0009362250013514714 -0.0001909608784717987
leaf_weight=693 59 65 840 50 318
leaf_count=693 59 65 840 50 318
internal_value=4.9334e-05 0.00571429 -0.000325801 -0.00249664 0.00106897
internal_weight=2025 124 1901 743 1158
internal_count=2025 124 1901 743 1158
is_linear=0
shrinkage=0.04


Tree=92
num_leaves=7
num_cat=0
split_feature=25 47 53 14 48 24
split_gain=2.67015 5.29819 4.79338 3.15609 2.73667 2.53098
threshold=0.11673850129922823 0.87654950355054184 -0.58333333333333315 -0.96261460393209375 1.0892601354438345 -1.3618373859769826
decision_type=2 2 2 2 2 2
left_child=1 2 -1 -2 -5 -3
right_child=3 5 -4 4 -6 -7
leaf_value=-0.00038246636499453772 -0.00045604704097436486 4.4132012270474422e-06 0.00025344374173219282 -0.00015279982760512491 0.00024748390765186133 -0.00067612841586310146
leaf_weight=138 57 43 873 730 105 79
leaf_count=138 57 43 873 730 105 79
internal_value=6.90676e-05 0.00135683 0.00230997 -0.001566 -0.0009319 -0.00645161
internal_weight=2025 1133 1011 892 835 122
internal_count=2025 1133 1011 892 835 122
is_linear=0
shrinkage=0.04


Tree=93
num_leaves=7
num_cat=0
split_feature=24 41 35 42 41 46
split_gain=2.71555 3.70349 5.1213 3.19579 4.5475 2.68244
threshold=-1.0749915828052046 -0.72964620068023089 -0.979026186902342 -0.46760077699924735 -0.87091855964076448 -0.38981512781094646
decision_type=2 2 2 2 2 2
left_child=3 5 -3 4 -1 -2
right_child=1 2 -4 -5 -6 -7
leaf_value=4.2366731779655558e-06 -0.00054689374433307403 0.00049365585146725799 -5.9466558064962573e-06 -0.00032608335872249638 0.0011880145237861898 -0.0001004178945797158
leaf_weight=51 63 71 1578 55 46 161
leaf_count=51 63 71 1578 55 46 161
internal_value=8.88012e-05 -0.000330667 0.000327075 0.00519481 0.00949495 -0.00513274
internal_weight=2025 1873 1649 152 97 224
internal_count=2025 1873 1649 152 97 224
is_linear=0
shrinkage=0.04


Tree=94
num_leaves=7
num_cat=0
split_feature=24 47 42 41 35 47
split_gain=2.67376 3.29322 3.92029 3.23885 5.1213 3.03818
threshold=-1.0749915828052046 0.95689309532679345 -0.72260126718131301 -0.72964620068023089 -0.979026186902342 0.31873512906273166
decision_type=2 2 2 2 2 2
left_child=1 2 -1 5 -5 -2
right_child=3 -3 -4 4 -6 -7
leaf_value=0.0011335985695162924 -6.8390962940905183e-05 -4.8511778190611577e-05 0.00010525970571173733 0.00047390961740856764 -5.7087895742364018e-06 -0.00065491223463957319
leaf_weight=44 140 62 46 71 1578 84
leaf_count=44 140 62 46 71 1578 84
internal_value=0.000128268 0.00519481 0.01 -0.000288 0.000327075 -0.00477876
internal_weight=2025 152 90 1873 1649 224
internal_count=2025 152 90 1873 1649 224
is_linear=0
shrinkage=0.04


Tree=95
num_leaves=7
num_cat=0
split_feature=24 42 41 28 40 35
split_gain=2.65299 3.19579 4.5475 2.83998 5.46769 4.77939
threshold=-1.0749915828052046 -0.46760077699924735 -0.87091855964076448 0.65929262536188993 0.63067066625664892 -0.89584595158577762
decision_type=2 2 2 2 2 2
left_child=1 2 -1 5 -5 -2
right_child=3 -3 -4 4 -6 -7
leaf_value=6.0076773784713958e-06 0.00045495323271222494 -0.000317250412602066 0.0010951500000540902 2.2663495378441257e-05 -0.0011362327377779529 -5.664152199517797e-06
leaf_weight=51 119 55 46 176 165 1413
leaf_count=51 119 55 46 176 165 1413
internal_value=0.000148002 0.00519481 0.00949495 -0.000266667 -0.00355685 0.000469361
internal_weight=2025 152 97 1873 341 1532
internal_count=2025 152 97 1873 341 1532
is_linear=0
shrinkage=0.04


Tree=96
num_leaves=7
num_cat=0
split_feature=24 47 41 35 47 5
split_gain=2.67376 3.29322 3.23885 4.59379 3.03818 2.28243
threshold=-1.0749915828052046 0.95689309532679345 -0.72964620068023089 -0.979026186902342 0.31873512906273166 -0.81841474901473144
decision_type=2 2 2 2 2 2
left_child=1 5 4 -4 -2 -1
right_child=2 -3 3 -5 -6 -7
leaf_value=0.00099129303841658878 -5.2168045012258751e-05 -4.681161415812597e-05 0.00043675510340373592 -4.3169113385378697e-06 -0.00062848917916600948 0.00013110603866934038
leaf_weight=47 140 62 71 1578 84 43
leaf_count=47 140 62 71 1578 84 43
internal_value=0.000128268 0.00519481 -0.000288 0.000327075 -0.00477876 0.01
internal_weight=2025 152 1873 1649 224 90
internal_count=2025 152 1873 1649 224 90
is_linear=0
shrinkage=0.04


Tree=97
num_leaves=7
num_cat=0
split_feature=24 47 42 14 44 48
split_gain=2.63229 3.29322 3.92029 2.78524 4.60253 3.38133
threshold=-1.0749915828052046 0.95689309532679345 -0.72260126718131301 -1.2304736444473969 0.10257203072561728 -0.98643410420480337
decision_type=2 2 2 2 2 2
left_child=1 2 -1 4 -2 -5
right_child=3 -3 -4 5 -6 -7
leaf_value=0.0010116922785152632 0.00015835870074797201 -4.4939149591800919e-05 0.00010849509244057677 0.00071813063454562761 -0.00048921253544290729 -7.5555823281367801e-06
leaf_weight=44 46 62 46 91 42 1694
leaf_count=44 46 62 46 91 42 1694
internal_value=0.000167736 0.00519481 0.01 -0.000245333 -0.00711111 0.000100727
internal_weight=2025 152 90 1873 88 1785
internal_count=2025 152 90 1873 88 1785
is_linear=0
shrinkage=0.04


Tree=98
num_leaves=8
num_cat=0
split_feature=53 53 26 13 14 35 34
split_gain=2.51476 7.74922 13.4083 8.6373 4.37258 4.78174 2.08188
threshold=-1.0000000180025095e-35 0.25000000000000006 0.85755781976572221 0.19275384717730612 -0.59377990745925724 -1.0425675943665991 -0.28809832215360481
decision_type=2 2 2 2 2 2 2
left_child=4 2 -2 -3 6 -6 -1
right_child=1 3 -4 -5 5 -7 -8
leaf_value=-0.00017969408562573474 0.00075703711812718079 -0.00021207445026697288 -0.00059413259344087037 0.00025854070342594344 0.00061929832090354528 -0.00012991720892415135 -0.00061194605656248119
leaf_weight=70 324 573 54 171 70 713 50
leaf_count=70 324 573 54 171 70 713 50
internal_value=8.88012e-05 0.00135231 0.006 -0.00101877 -0.00148066 -0.000382166 -0.00852459
internal_weight=2025 1122 378 744 903 783 120
internal_count=2025 1122 378 744 903 783 120
is_linear=0
shrinkage=0.04


Tree=99
num_leaves=7
num_cat=0
split_feature=24 28 40 10 42 47
split_gain=2.67376 3.21758 4.51752 4.0233 3.19579 3.54822
threshold=-1.0749915828052046 0.65929262536188993 0.63067066625664892 1.81927369396067 -0.46760077699924735 0.95689309532679345
decision_type=2 2 2 2 2 2
left_child=4 3 -3 -2 5 -1
right_child=1 2 -4 -5 -6 -7
leaf_value=0.00095366780688806293 3.5202916458087696e-06 2.3697089955714431e-05 -0.0010750936431246168 0.0019072502786533036 -0.00033891637417852186 6.3574717112411394e-06
leaf_weight=56 1491 176 165 41 55 41
leaf_count=56 1491 176 165 41 55 41
internal_value=0.000128268 -0.000288 -0.00379009 0.000495437 0.00519481 0.00949495
internal_weight=2025 1873 341 1532 152 97
internal_count=2025 1873 341 1532 152 97
is_linear=0
shrinkage=0.04


Tree=100
num_leaves=8
num_cat=0
split_feature=33 40 10 38 40 37 49
split_gain=2.75104 4.11128 4.10985 3.72865 4.84241 3.58676 1.72092
threshold=0.66287908552848129 -0.64318849699052894 0.14014133533165093 0.63329359724199052 -0.54770878707112913 -0.49859567171807539 0.67860170675117293
decision_type=2 2 2 2 2 2 2
left_child=1 5 -3 4 -2 -1 -5
right_child=3 2 -4 6 -6 -7 -8
leaf_value=-7.7356684121205333e-05 0.0003114941653682312 0.00019991652416923979 -3.6968855022641924e-05 0.00025565563104768799 -0.00052978863213017861 -0.00088404686714221913 -2.2756697642143318e-05
leaf_weight=159 68 755 673 65 217 42 46
leaf_count=159 68 755 673 65 217 42 46
internal_value=0.000167736 0.000895156 0.00165035 -0.00281407 -0.00522648 -0.0044335 0.00336283
internal_weight=2025 1629 1428 396 285 201 111
internal_count=2025 1629 1428 396 285 201 111
is_linear=0
shrinkage=0.04


Tree=101
num_leaves=7
num_cat=0
split_feature=24 42 41 41 35 46
split_gain=2.50638 2.98439 4.97441 2.87158 3.7262 2.16364
threshold=-1.0749915828052046 -0.46760077699924735 -0.87091855964076448 -0.72964620068023089 -0.979026186902342 -0.38981512781094646
decision_type=2 2 2 2 2 2
left_child=1 2 -1 5 -5 -2
right_child=3 -3 -4 4 -6 -7
leaf_value=4.7214485857570431e-06 -0.00051313221396847881 -0.00032388096501047531 0.00091226214122960836 0.00039694399438674642 -6.5873697726775983e-06 -7.9153326944234333e-05
leaf_weight=51 63 55 46 71 1578 161
leaf_count=51 63 55 46 71 1578 161
internal_value=2.96004e-05 0.00493506 0.00909091 -0.000373333 0.000205936 -0.00460177
internal_weight=2025 152 97 1873 1649 224
internal_count=2025 152 97 1873 1649 224
is_linear=0
shrinkage=0.04


Tree=102
num_leaves=8
num_cat=0
split_feature=33 53 10 40 40 36 7
split_gain=2.50231 4.26108 3.61855 4.99459 3.46796 3.07341 2.80829
threshold=0.66287908552848129 -0.58333333333333315 0.55372462220641983 -0.54770878707112913 -0.53992604466245531 0.19397521826665304 0.74300875100568275
decision_type=2 2 2 2 2 2 2
left_child=1 5 3 -2 -3 -1 -4
right_child=2 4 6 -5 -6 -7 -8
leaf_value=-0.00053666027425310374 0.000299297893544409 -0.00010905844115928487 0.00055184071763319912 -0.00053711654448373937 0.0001525300424593004 9.8237871101663108e-05 -2.1718512706519687e-05
leaf_weight=200 68 251 50 208 1114 64 70
leaf_count=200 68 251 50 208 1114 64 70
internal_value=2.96004e-05 0.000723483 -0.00281407 -0.00532374 0.00162399 -0.00390977 0.00295082
internal_weight=2025 1629 396 276 1365 264 120
internal_count=2025 1629 396 276 1365 264 120
is_linear=0
shrinkage=0.04


Tree=103
num_leaves=8
num_cat=0
split_feature=24 5 47 47 48 2 45
split_gain=2.66817 3.61929 3.53294 2.92844 2.76309 2.64626 1.79392
threshold=0.55939686800264699 0.47877879569321652 1.0453617678782903 0.83102659098545195 -0.032623619671672537 -0.067707401916718632 -0.25724240617804189
decision_type=2 2 2 2 2 2 2
left_child=1 3 4 -1 -2 -4 -3
right_child=2 6 5 -5 -6 -7 -8
leaf_value=4.5678335796621153e-05 0.0002883454124553139 0.00063402979555330643 0.00045720179030320381 -0.00039227859333173246 -0.00046446451479247421 -2.0575714088102298e-05 0.00014452542145437731
leaf_weight=1258 54 81 46 129 245 107 105
leaf_count=1258 54 81 46 129 245 107 105
internal_value=-2.96004e-05 0.000749206 -0.00273128 4.31965e-05 -0.00524917 0.00219355 0.00595745
internal_weight=2025 1573 452 1387 299 153 186
internal_count=2025 1573 452 1387 299 153 186
is_linear=0
shrinkage=0.04


Tree=104
num_leaves=7
num_cat=0
split_feature=24 42 14 44 40 16
split_gain=2.80008 3.19579 2.6485 4.60253 3.62757 2.62228
threshold=-1.0749915828052046 -0.46760077699924735 -1.2304736444473969 0.10257203072561728 1.5493452025941277 -1.0314370154563357
decision_type=2 2 2 2 2 2
left_child=1 5 3 -2 -4 -1
right_child=2 -3 4 -5 -6 -7
leaf_value=2.5429711041264242e-05 0.00014405741046397559 -0.00031885406154029308 1.7212818374459319e-05 -0.00045717480913851132 -0.0010890803214428028 0.00083528353524224281
leaf_weight=42 46 55 1710 42 75 55
leaf_count=42 46 55 1710 42 75 55
internal_value=9.8668e-06 0.00519481 -0.000416 -0.00711111 -7.83436e-05 0.00949495
internal_weight=2025 152 1873 88 1785 97
internal_count=2025 152 1873 88 1785 97
is_linear=0
shrinkage=0.04


Tree=105
num_leaves=7
num_cat=0
split_feature=24 42 47 14 44 40
split_gain=2.80008 3.19579 2.81887 2.6485 4.60253 3.62757
threshold=-1.0749915828052046 -0.46760077699924735 0.95689309532679345 -1.2304736444473969 0.10257203072561728 1.5493452025941277
decision_type=2 2 2 2 2 2
left_child=1 2 -1 4 -2 -5
right_child=3 -3 -4 5 -6 -7
leaf_value=0.00084129327174123586 0.00013829511404541656 -0.00030609989907868135 1.4767025004892853e-05 1.6524305639480948e-05 -0.00043888781677297087 -0.0010455171085850907
leaf_weight=56 46 55 41 1710 42 75
leaf_count=56 46 55 41 1710 42 75
internal_value=9.8668e-06 0.00519481 0.00949495 -0.000416 -0.00711111 -7.83436e-05
internal_weight=2025 152 97 1873 88 1785
internal_count=2025 152 97 1873 88 1785
is_linear=0
shrinkage=0.04


Tree=106
num_leaves=8
num_cat=0
split_feature=25 11 38 8 40 47 42
split_gain=2.54292 5.1954 4.99387 3.308 3.45341 2.98981 2.26644
threshold=0.11673850129922823 0.62280446999747086 1.84296596656219 0.39974725283377294 -0.26484334500421669 0.99803845465680607 -0.67070341756806717
decision_type=2 2 2 2 2 2 2
left_child=1 2 -1 4 -2 -5 -3
right_child=3 6 -4 5 -6 -7 -8
leaf_value=-3.1451065563297915e-05 0.00025911219558616199 7.5953031043980438e-05 0.0014126208190001093 -0.00044924313542581753 -0.00013879669177772823 5.9821371040396333e-05 0.00057409365438264217
leaf_weight=877 196 53 71 219 413 64 132
leaf_count=877 196 53 71 219 413 64 132
internal_value=2.96004e-05 0.00128634 8.42105e-05 -0.001566 9.81997e-05 -0.00512281 0.00737968
internal_weight=2025 1133 948 892 609 283 185
internal_count=2025 1133 948 892 609 283 185
is_linear=0
shrinkage=0.04


Tree=107
num_leaves=7
num_cat=0
split_feature=24 42 41 28 35 26
split_gain=2.52657 2.98439 4.11632 2.62344 4.42755 4.35008
threshold=-1.0749915828052046 -0.46760077699924735 -0.87091855964076448 0.65929262536188993 -0.6587484220572789 0.24617386306707209
decision_type=2 2 2 2 2 2
left_child=1 2 -1 5 -5 -2
right_child=3 -3 -4 4 -6 -7
leaf_value=3.4725381816670678e-05 -5.3178858702367714e-05 -0.00029259786049300212 0.00079989020886123434 -0.0012665540340585767 -5.0826594439301186e-05 0.00020339746330938176
leaf_weight=51 1004 55 46 52 289 528
leaf_count=51 1004 55 46 52 289 528
internal_value=9.8668e-06 0.00493506 0.00909091 -0.000394667 -0.00355685 0.000312907
internal_weight=2025 152 97 1873 341 1532
internal_count=2025 152 97 1873 341 1532
is_linear=0
shrinkage=0.04


Tree=108
num_leaves=8
num_cat=0
split_feature=53 53 26 26 47 11 45
split_gain=2.4199 8.59628 11.5119 6.44269 4.68787 5.10243 5.09922
threshold=-1.0000000180025095e-35 0.25000000000000006 0.85755781976572221 0.45748909829141732 -1.0000000180025095e-35 -0.61259318069243396 -0.55501443502931791
decision_type=2 2 2 2 2 2 2
left_child=4 2 -2 -3 6 -6 -1
right_child=1 3 -4 -5 5 -7 -8
leaf_value=0.00030478148566240651 0.00070206206381896621 -0.00023310139133018605 -0.00050129917741022797 0.00018719838323069505 -0.00039973553919538427 0.00021337919596875737 -0.00045640083954038917
leaf_weight=120 324 533 54 211 84 364 335
leaf_count=120 324 533 54 211 84 364 335
internal_value=-2.96004e-05 0.00120996 0.00610526 -0.00128686 -0.00156906 0.00133333 -0.00442013
internal_weight=2025 1122 378 744 903 448 455
internal_count=2025 1122 378 744 903 448 455
is_linear=0
shrinkage=0.04


Tree=109
num_leaves=8
num_cat=0
split_feature=24 53 13 13 40 36 13
split_gain=2.64993 4.48425 5.48147 4.49444 3.98528 3.79667 3.02352
threshold=0.55939686800264699 0.75000000000000011 -0.56528098460474718 -0.44233045739960292 0.63067066625664892 0.62650679459827308 0.82459571842689983
decision_type=2 2 2 2 2 2 2
left_child=1 2 -1 -3 5 -2 -6
right_child=4 3 -4 -5 6 -7 -8
leaf_value=-0.00039947334244812733 -0.00015647469541207987 0.00076980231213737583 6.0714124056071922e-05 0.0001103310107911576 -0.0014343884961312819 0.00024752735255417725 -0.00014657812446489978
leaf_weight=225 159 54 1208 86 47 189 57
leaf_count=225 159 54 1208 86 47 189 57
internal_value=4.9334e-05 0.000825397 0.00015331 0.00760563 -0.00264317 -0.000571429 -0.00943396
internal_weight=2025 1573 1433 140 452 348 104
internal_count=2025 1573 1433 140 452 348 104
is_linear=0
shrinkage=0.04


Tree=110
num_leaves=8
num_cat=0
split_feature=35 10 46 47 28 37 10
split_gain=2.9324 5.72035 7.96387 6.72648 3.84472 7.21601 4.08042
threshold=-0.23425157813572819 0.23279092094090462 -0.95068341047411631 -0.20598326642750128 -0.29134079468224749 -0.74537405750125552 -0.62236907055508495
decision_type=2 2 2 2 2 2 2
left_child=1 3 -3 -1 5 -2 -6
right_child=4 2 -4 -5 6 -7 -8
leaf_value=0.00061488552601752676 0.00039512615297547835 0.0010094093170621432 -0.00031566167954595771 7.7979508970869933e-05 -0.0003086204446710321 -0.00036652443560336356 6.6138132693007687e-05
leaf_weight=120 137 52 316 280 94 360 666
leaf_count=120 137 52 316 280 94 360 666
internal_value=2.96004e-05 0.00197403 -0.00162162 0.00527363 -0.00115965 -0.00388778 0.000629921
internal_weight=2025 768 368 400 1257 497 760
internal_count=2025 768 368 400 1257 497 760
is_linear=0
shrinkage=0.04


Tree=111
num_leaves=7
num_cat=0
split_feature=25 47 11 14 8 34
split_gain=2.68754 4.82359 4.22634 4.14991 3.03851 2.82085
threshold=0.11673850129922823 0.87654950355054184 0.62280446999747086 -0.96261460393209375 0.39974725283377294 -1.1486723192116266
decision_type=2 2 2 2 2 2
left_child=1 2 -1 -2 -5 -3
right_child=3 5 -4 4 -6 -7
leaf_value=4.2291208835261095e-05 -0.00036910151769461969 1.9714263523742254e-05 0.00041531487613771068 5.4801463529620062e-05 -0.00020347828078805382 -0.00048747060382484049
leaf_weight=838 57 54 173 568 267 68
leaf_count=838 57 54 173 568 267 68
internal_value=2.96004e-05 0.00132159 0.002231 -0.00161074 -0.00088411 -0.00612903
internal_weight=2025 1133 1011 892 835 122
internal_count=2025 1133 1011 892 835 122
is_linear=0
shrinkage=0.04


Tree=112
num_leaves=8
num_cat=0
split_feature=33 53 40 41 10 40 2
split_gain=2.75104 4.97948 6.08202 3.69119 3.61855 4.99459 2.2658
threshold=0.66287908552848129 0.75000000000000011 -0.53349108625683217 -0.34727018461112796 0.55372462220641983 -0.54770878707112913 0.016016903344300875
decision_type=2 2 2 2 2 2 2
left_child=1 2 -1 -3 5 -2 -6
right_child=4 3 -4 -5 6 -7 -8
leaf_value=-0.00041424637244069466 0.00028503503818559428 -0.00021019789225024864 4.7468376437608881e-05 0.00050897418251131057 0.00037417709160889132 -0.0004815467763031947 -2.1712956914893381e-05
leaf_weight=206 68 41 1274 108 40 208 80
leaf_count=206 68 41 1274 108 40 208 80
internal_value=0.000167736 0.000895156 0.000188934 0.00781457 -0.00281407 -0.00532374 0.00295082
internal_weight=2025 1629 1480 149 396 276 120
internal_count=2025 1629 1480 149 396 276 120
is_linear=0
shrinkage=0.04


Tree=113
num_leaves=8
num_cat=0
split_feature=53 53 28 13 47 35 14
split_gain=2.4369 7.06323 9.48515 6.96272 4.26996 4.48792 3.52842
threshold=-1.0000000180025095e-35 0.25000000000000006 0.7984619879500584 0.19275384717730612 -1.0000000180025095e-35 -0.96148210659214217 -0.67733156697539409
decision_type=2 2 2 2 2 2 2
left_child=4 2 -2 -3 5 -1 -6
right_child=1 3 -4 -5 6 -7 -8
leaf_value=0.00029624494345509121 0.00067345897879041801 -0.00015788073366573643 -0.00046579206902305119 0.00024344060700928836 -0.00047054496845184063 -0.00039686675535854845 0.00019202562533218894
leaf_weight=48 287 573 91 171 57 407 391
leaf_count=48 287 573 91 171 57 407 391
internal_value=0.000108535 0.00135231 0.00578947 -0.000911528 -0.00143646 -0.00415755 0.00133333
internal_weight=2025 1122 378 744 903 455 448
internal_count=2025 1122 378 744 903 455 448
is_linear=0
shrinkage=0.04


Tree=114
num_leaves=7
num_cat=0
split_feature=33 10 13 26 35 7
split_gain=2.86491 2.95044 3.12615 2.90723 3.02456 2.14751
threshold=0.66287908552848129 0.55372462220641983 -0.43617593893039924 1.1012869256471258 0.96747657122327546 0.74300875100568275
decision_type=2 2 2 2 2 2
left_child=3 2 -2 4 -1 -3
right_child=1 5 -4 -5 -6 -7
leaf_value=5.4417441496356629e-05 1.4878131229290811e-05 0.00051206628121090736 -0.00066579012070355163 -0.00069253590071153279 -0.00045882184986516228 -3.1675340509947913e-05
leaf_weight=1532 102 50 174 45 52 70
leaf_count=1532 102 50 174 45 52 70
internal_value=0.000128268 -0.00291457 -0.00517986 0.000870632 0.00116015 0.00229508
internal_weight=2025 396 276 1629 1584 120
internal_count=2025 396 276 1629 1584 120
is_linear=0
shrinkage=0.04


Tree=115
num_leaves=7
num_cat=0
split_feature=33 47 28 13 9 47
split_gain=2.70843 3.18151 2.55265 4.36066 4.24546 2.25463
threshold=-0.98249695364363776 0.83102659098545195 0.65929262536188993 1.5653363042388266 -0.3362830942402209 0.15897008214110672
decision_type=2 2 2 2 2 2
left_child=1 5 3 -2 -4 -1
right_child=2 -3 4 -5 -6 -7
leaf_value=0.00028221844805703319 -1.8667572929696731e-07 -6.2403106772300086e-05 0.00023444234524249197 0.0016021952353603576 -0.00028326402301626595 0.00074867724379962502
leaf_weight=40 1457 68 79 48 273 60
leaf_count=40 1457 68 79 48 273 60
internal_value=0.000108535 0.00494118 -0.000333513 0.000384871 -0.00338983 0.00941176
internal_weight=2025 168 1857 1505 352 100
internal_count=2025 168 1857 1505 352 100
is_linear=0
shrinkage=0.04


Tree=116
num_leaves=8
num_cat=0
split_feature=33 53 40 46 53 10 14
split_gain=2.49889 4.73011 3.33349 3.08164 3.05469 5.49191 4.82033
threshold=0.66287908552848129 -0.58333333333333315 -0.64318849699052894 0.38426803996994457 -0.41666666666666657 0.36153318010124225 1.64968798742182
decision_type=2 2 2 2 2 2 2
left_child=1 3 -3 -1 5 -2 -6
right_child=4 2 -4 -5 6 -7 -8
leaf_value=-0.00010776089737745701 -0.00044786380718590146 -0.00016658838559919538 0.00011931811190955447 -0.00096601997290573409 -0.0002935438089805541 0.0011896796368969129 0.00034966938387484255
leaf_weight=191 68 192 1173 73 240 48 40
leaf_count=191 68 192 1173 73 240 48 40
internal_value=0.000128268 0.000821582 0.0017703 -0.00406015 -0.00271357 0.00271186 -0.00496454
internal_weight=2025 1629 1365 264 396 116 280
internal_count=2025 1629 1365 264 396 116 280
is_linear=0
shrinkage=0.04


Tree=117
num_leaves=7
num_cat=0
split_feature=24 42 41 28 40 10
split_gain=2.40665 2.98439 4.11632 2.64224 4.73052 3.45889
threshold=-1.0749915828052046 -0.46760077699924735 -0.87091855964076448 0.65929262536188993 0.63067066625664892 1.81927369396067
decision_type=2 2 2 2 2 2
left_child=1 2 -1 5 -5 -2
right_child=3 -3 -4 4 -6 -7
leaf_value=5.4282244115915616e-06 3.5785875659259671e-06 -0.00027670618657199748 0.000713957429571258 1.6042557065208906e-05 -0.00092516828762488883 0.0016450348232973614
leaf_weight=51 1491 55 46 176 165 41
leaf_count=51 1491 55 46 176 165 41
internal_value=0.000128268 0.00493506 0.00909091 -0.000266667 -0.00344023 0.000443286
internal_weight=2025 152 97 1873 341 1532
internal_count=2025 152 97 1873 341 1532
is_linear=0
shrinkage=0.04


Tree=118
num_leaves=6
num_cat=0
split_feature=38 42 42 14 35
split_gain=2.38266 4.43639 2.96996 2.53336 0.550309
threshold=1.9301294872205734 0.063417876327793291 -1.105815564931302 -0.897995020927154 -0.56863342580785781
decision_type=2 2 2 2 2
left_child=2 -2 4 -4 -1
right_child=1 -3 3 -5 -6
leaf_value=0.00037826823980835727 -0.00029071464732603232 0.0011517239294548409 -0.00015084499969148714 7.2517968486271455e-07 0.00022098225711527448
leaf_weight=40 55 61 174 1650 45
leaf_count=40 55 61 174 1650 45
internal_value=0.00024667 0.00576271 -9.41915e-05 -0.000438116 0.00712644
internal_weight=2025 116 1909 1824 85
internal_count=2025 116 1909 1824 85
is_linear=0
shrinkage=0.04


Tree=119
num_leaves=6
num_cat=0
split_feature=38 42 35 40 38
split_gain=2.38266 4.43639 2.61782 3.48299 3.33851
threshold=1.9301294872205734 0.063417876327793291 -1.0425675943665991 0.59683037086999713 0.58251600063785769
decision_type=2 2 2 2 2
left_child=2 -2 4 -4 -1
right_child=1 -3 3 -5 -6
leaf_value=0.0003289537803298301 -0.00027908606143299102 0.0011056549722766472 1.4852174107435494e-05 -0.00037978052786920345 -0.00016526840380049208
leaf_weight=81 55 61 1416 339 73
leaf_count=81 55 61 1416 339 73
internal_value=0.00024667 0.00576271 -9.41915e-05 -0.000535003 0.00487179
internal_weight=2025 116 1909 1755 154
internal_count=2025 116 1909 1755 154
is_linear=0
shrinkage=0.04


end of trees

feature_importances:
Column_53=107
Column_35=57
Column_47=48
Column_40=47
Column_42=47
Column_26=41
Column_28=34
Column_37=31
Column_10=29
Column_25=29
Column_24=25
Column_41=25
Column_14=24
Column_36=24
Column_46=21
Column_13=19
Column_33=19
Column_34=13
Column_38=10
Column_11=9
Column_39=8
Column_45=8
Column_8=4
Column_27=4
Column_44=4
Column_48=4
Column_5=3
Column_7=3
Column_2=2
Column_4=2
Column_9=2
Column_12=2
Column_16=2
Column_31=2
Column_15=1
Column_18=1
Column_19=1
Column_29=1
Column_30=1
Column_32=1
Column_49=1
Column_51=1

parameters:
[boosting: gbdt]
[objective: quantile]
[metric: quantile]
[tree_learner: serial]
[device_type: cpu]
[data_sample_strategy: bagging]
[data: ]
[valid: ]
[num_iterations: 120]
[learning_rate: 0.04]
[num_leaves: 15]
[num_threads: 2]
[seed: 42]
[deterministic: 0]
[force_col_wise: 0]
[force_row_wise: 0]
[histogram_pool_size: -1]
[max_depth: 3]
[min_data_in_leaf: 40]
[min_sum_hessian_in_leaf: 0.001]
[bagging_fraction: 0.85]
[pos_bagging_fraction: 1]
[neg_bagging_fraction: 1]
[bagging_freq: 0]
[bagging_seed: 400]
[bagging_by_query: 0]
[feature_fraction: 0.8]
[feature_fraction_bynode: 1]
[feature_fraction_seed: 30056]
[extra_trees: 0]
[extra_seed: 12879]
[early_stopping_round: 0]
[early_stopping_min_delta: 0]
[first_metric_only: 0]
[max_delta_step: 0]
[lambda_l1: 0]
[lambda_l2: 2]
[linear_lambda: 0]
[min_gain_to_split: 0]
[drop_rate: 0.1]
[max_drop: 50]
[skip_drop: 0.5]
[xgboost_dart_mode: 0]
[uniform_drop: 0]
[drop_seed: 17869]
[top_rate: 0.2]
[other_rate: 0.1]
[min_data_per_group: 100]
[max_cat_threshold: 32]
[cat_l2: 10]
[cat_smooth: 10]
[max_cat_to_onehot: 4]
[top_k: 20]
[monotone_constraints: ]
[monotone_constraints_method: basic]
[monotone_penalty: 0]
[feature_contri: ]
[forcedsplits_filename: ]
[refit_decay_rate: 0.9]
[cegb_tradeoff: 1]
[cegb_penalty_split: 0]
[cegb_penalty_feature_lazy: ]
[cegb_penalty_feature_coupled: ]
[path_smooth: 0]
[interaction_constraints: ]
[verbosity: -1]
[saved_feature_importance_type: 0]
[use_quantized_grad: 0]
[num_grad_quant_bins: 4]
[quant_train_renew_leaf: 0]
[stochastic_rounding: 1]
[linear_tree: 0]
[max_bin: 255]
[max_bin_by_feature: ]
[min_data_in_bin: 3]
[bin_construct_sample_cnt: 200000]
[data_random_seed: 175]
[is_enable_sparse: 1]
[enable_bundle: 1]
[use_missing: 1]
[zero_as_missing: 0]
[feature_pre_filter: 1]
[pre_partition: 0]
[two_round: 0]
[header: 0]
[label_column: ]
[weight_column: ]
[group_column: ]
[ignore_column: ]
[categorical_feature: ]
[forcedbins_filename: ]
[precise_float_parser: 0]
[parser_config_file: ]
[objective_seed: 16083]
[num_class: 1]
[is_unbalance: 0]
[scale_pos_weight: 1]
[sigmoid: 1]
[boost_from_average: 1]
[reg_sqrt: 0]
[alpha: 0.5]
[fair_c: 1]
[poisson_max_delta_step: 0.7]
[tweedie_variance_power: 1.5]
[lambdarank_truncation_level: 30]
[lambdarank_norm: 1]
[label_gain: ]
[lambdarank_position_bias_regularization: 0]
[eval_at: ]
[multi_error_top_k: 1]
[auc_mu_weights: ]
[num_machines: 1]
[local_listen_port: 12400]
[time_out: 120]
[machine_list_filename: ]
[machines: ]
[gpu_platform_id: -1]
[gpu_device_id: -1]
[gpu_device_id_list: ]
[gpu_use_dp: 0]
[num_gpu: 1]

end of parameters

pandas_categorical:null
