tree
version=v4
num_class=1
num_tree_per_iteration=1
label_index=0
max_feature_idx=55
objective=regression
feature_names=Column_0 Column_1 Column_2 Column_3 Column_4 Column_5 Column_6 Column_7 Column_8 Column_9 Column_10 Column_11 Column_12 Column_13 Column_14 Column_15 Column_16 Column_17 Column_18 Column_19 Column_20 Column_21 Column_22 Column_23 Column_24 Column_25 Column_26 Column_27 Column_28 Column_29 Column_30 Column_31 Column_32 Column_33 Column_34 Column_35 Column_36 Column_37 Column_38 Column_39 Column_40 Column_41 Column_42 Column_43 Column_44 Column_45 Column_46 Column_47 Column_48 Column_49 Column_50 Column_51 Column_52 Column_53 Column_54 Column_55
feature_infos=[-6.1345243336734345:6.5891595427342891] [-5.6683842376077003:5.4842453114048357] [-4.9217074550136495:4.1777490349893478] [-4.3834075706117082:3.8303901891370167] [-3.6928377985595402:2.1595842005035273] [-2.6429839602143903:2.382055881756965] [-4.2635255301398001:3.9686905648157995] [-1.3528221801484426:6.5918383951596073] [-1.684257380619687:1.6380072776429317] [-3.6385384652484531:2.1931744619394742] [-1.4887777767622539:5.264620752337497] [-2.4772073732754909:2.1476097335438284] [-2.6098308619235464:2.4682594076517028] [-1.4356127277030515:3.9095209510408022] [-2.846659814316912:2.6032107306292822] [-1.615880069476167:1.6243082347934008] [-1.8327330481714692:1.8031774210551454] [-0.99854382375016593:0.75916351109453295] [-1.0424574897194145:0.77187181580746556] [-0.99854382375016559:0.75916351109453295] [-2.2928805988341145:1.6626050077639423] [-4.0512562775497871:4.1200967057753806] [-3.3397359824307271:2.2995766075267738] [-2.3797304871563782:2.6141671584995678] [-2.2545590475341157:1.615329225142742] [-2.2287987036267616:1.5856761775053339] [-3.3625953711656247:2.0131964013051244] [-1.8254332073132487:1.4123923680300721] [-1.1571948408016619:3.6198183935771193] [-3.8071648298018368:4.3655450566645335] [-3.7989141341870138:4.5797905611185303] [-3.1270348518795097:3.3019523476956945] [-3.299100171824195:3.5192619773680951] [-2.0456872246081161:2.1137059508610423] [-2.2846920644586235:2.2701721601268305] [-1.7483212312348768:1.7650962410212283] [-1.8136822257277838:1.8542728824525709] [-1.4972669840171824:3.7181657587718733] [-1.4924192913629342:5.0975292080749313] [-1.4330675622244615:3.7958458074506582] [-1.122176753918031:2.9390600410126728] [-1.7357902712560842:1.4425714857271108] [-2.012239330194967:1.6832100494516753] [-1.7272610532069195:13.810261574784453] [-174.69055477045242:155.9670343670154] [-387.86930704686404:128.11990838682581] [-307.73195507563162:72.227340959435708] [-1.36458561764273:2.8844037139043124] [-2.0030549420766715:2.0269726889060466] [-1.1783317773358042:9.0596367643554014] [-4.8934205086380258:4.4497953780575505] [-8.9892914113562128:6.6587761596358073] [-1:1] [-0.83333333333333337:1] [0:1] [0:1]
tree_sizes=858 785 874 884 878 784 698 785 876 784 881 786 789 788 880 701 873 798 788 800 700 878 879 790 803 794 795 792 792 611 785 789 886 787 612 794 887 790 614 786 614 699 882 617 701 703 613 784 697 876 703 796 788 885 616 518 889 701 791 887 699 797 516 615 797 610 884 518 797 796 795 613 883 611 519 882 797 889 613 787 794 798 798 617 896 705 800 618 796 703 612 794 794 520 794 794 890 798 519 706 799 888 799 894 519 799 796 796 796 802 618 889 519 798 890 794 803 785 797 796

Tree=0
num_leaves=8
num_cat=0
split_feature=25 53 26 39 53 36 47
split_gain=0.364564 0.299688 0.124969 0.0602019 0.0995463 0.0966863 0.0575506
threshold=0.12025648574512647 0.58333333333333337 1.1012869256471258 -0.43487581641197171 -0.74999999999999989 0.26572592430649355 -0.27672772144114638
decision_type=2 2 2 2 2 2 2
left_child=1 2 -1 5 -5 -2 -3
right_child=3 6 -4 4 -6 -7 -8
leaf_value=0.0050756186461555141 0.0056254251054462263 0.0076165961272541879 0.0029599772766380709 0.0053924721394677938 0.0038086208233260072 0.0040181273180002865 0.0061354633342035111
leaf_weight=906 105 70 45 70 575 134 120
leaf_count=906 105 70 45 70 575 134 120
internal_value=0.00479124 0.0052633 0.00497188 0.00418225 0.00398184 0.00472532 0.00670489
internal_weight=2025 1141 951 884 645 239 190
internal_count=2025 1141 951 884 645 239 190
is_linear=0
shrinkage=1


Tree=1
num_leaves=7
num_cat=0
split_feature=25 26 40 14 26 38
split_gain=0.33612 0.146585 0.142301 0.121296 0.0986643 0.0686593
threshold=0.12025648574512647 1.1012869256471258 0.60833856524016749 0.48173374382429585 0.23691470456559519 1.746624360391196
decision_type=2 2 2 2 2 2
left_child=1 5 4 -4 -2 -1
right_child=2 -3 3 -5 -6 -7
leaf_value=0.00045222258742202515 -0.0006863703567966499 -0.0017129553377162666 -0.00093339325264529425 -0.0033015756753786486 0.00029148623210270531 0.0016142910421731765
leaf_weight=1008 452 46 127 47 258 87
leaf_count=1008 452 46 127 47 258 87
internal_value=9.08735e-08 0.000453364 -0.000584662 -0.00160332 -0.000331216 0.000547326
internal_weight=2025 1141 884 174 710 1095
internal_count=2025 1141 884 174 710 1095
is_linear=0
shrinkage=0.04


Tree=2
num_leaves=8
num_cat=0
split_feature=25 53 40 53 14 26 47
split_gain=0.310044 0.277085 0.13155 0.124672 0.112265 0.0909698 0.053251
threshold=0.12025648574512647 0.58333333333333337 0.60833856524016749 0.41666666666666669 0.48173374382429585 0.23691470456559519 -0.27672772144114638
decision_type=2 2 2 2 2 2 2
left_child=1 3 5 -1 -4 -2 -3
right_child=2 6 4 -5 -6 -7 -8
leaf_value=0.00032967712917999061 -0.000659036484740814 0.0026978949845458075 -0.00089663643097548287 -0.0010396155078712178 -0.0031749029744568532 0.00027991647660159148 0.0012742537596324062
leaf_weight=831 452 70 127 120 47 258 120
leaf_count=831 452 70 127 120 47 258 120
internal_value=-8.15349e-08 0.000435254 -0.000561694 0.000155077 -0.00154112 -0.000318012 0.00182139
internal_weight=2025 1141 884 951 174 710 190
internal_count=2025 1141 884 951 174 710 190
is_linear=0
shrinkage=0.04


Tree=3
num_leaves=8
num_cat=0
split_feature=24 53 53 26 8 47 46
split_gain=0.227213 0.230514 0.156426 0.10025 0.0712616 0.0780046 0.0447063
threshold=0.48673090701421068 0.58333333333333337 0.41666666666666669 0.25813355781590497 -0.033413391633564077 1.024555667618126 -0.37036832245527934
decision_type=2 2 2 2 2 2 2
left_child=1 2 -1 -3 6 -6 -2
right_child=4 3 -4 -5 5 -7 -8
leaf_value=0.00020015894021946701 0.00038715535436909833 0.00061861687743415431 -0.0011732639719281863 0.0022521769661720085 -0.0015518820705460157 -0.00012510019910728766 -0.00068212171225882261
leaf_weight=1092 112 133 149 111 203 88 137
leaf_count=1092 112 133 149 111 203 88 137
internal_value=-1.25187e-07 0.000255427 3.36372e-05 0.00137402 -0.000701244 -0.00112421 -0.000201909
internal_weight=2025 1485 1241 244 540 291 249
internal_count=2025 1485 1241 244 540 291 249
is_linear=0
shrinkage=0.04


Tree=4
num_leaves=8
num_cat=0
split_feature=24 53 53 40 26 28 8
split_gain=0.211408 0.237294 0.181913 0.127892 0.0990345 0.0954413 0.0359252
threshold=0.55939686800264699 0.58333333333333337 0.41666666666666669 0.71567605326369554 0.053904131712618479 -0.23105788046577017 0.32964781235382817
decision_type=2 2 2 2 2 2 2
left_child=1 2 -1 5 -3 -2 -5
right_child=3 4 -4 6 -6 -7 -8
leaf_value=0.00018059525369507255 -0.0020377659002392022 0.00046181156061356887 -0.0012283634436122764 -0.0012758841745040201 0.0020423398467015264 -0.00017233105952436746 -0.0030066420882940291
leaf_weight=1150 49 118 166 45 139 318 40
leaf_count=1150 49 118 166 45 139 318 40
internal_value=-1.2311e-07 0.000219091 1.27517e-06 -0.000760611 0.00132582 -0.000431089 -0.00214075
internal_weight=2025 1573 1316 452 257 367 85
internal_count=2025 1573 1316 452 257 367 85
is_linear=0
shrinkage=0.04


Tree=5
num_leaves=7
num_cat=0
split_feature=25 53 37 10 40 47
split_gain=0.260198 0.222008 0.114975 0.114668 0.0887268 0.0452873
threshold=0.11673850129922823 0.58333333333333337 -0.96224139404686815 1.585248017123303 0.60833856524016749 0.20876096236525118
decision_type=2 2 2 2 2 2
left_child=1 3 -2 -1 -4 -3
right_child=2 5 4 -5 -6 -7
leaf_value=-1.4409878459223106e-06 0.001536531516106888 0.0020840074694933718 -0.00040104314622037827 0.0014182662396856091 -0.0014113352245542707 0.00072592683156789658
leaf_weight=846 40 126 678 100 174 61
leaf_count=846 40 126 678 100 174 61
internal_value=-3.16956e-07 0.000401698 -0.000510705 0.000151309 -0.000610192 0.00165337
internal_weight=2025 1133 892 946 852 187
internal_count=2025 1133 892 946 852 187
is_linear=0
shrinkage=0.04


Tree=6
num_leaves=6
num_cat=0
split_feature=25 26 37 40 35
split_gain=0.239976 0.133108 0.106281 0.0818712 0.0672241
threshold=0.11673850129922823 1.1012869256471258 -0.96224139404686815 0.60833856524016749 -1.2967137973602023
decision_type=2 2 2 2 2
left_child=1 4 -2 -4 -1
right_child=2 -3 3 -5 -6
leaf_value=0.001735729433312372 0.0014779969737199799 -0.0016776503257763884 -0.00038504860485612458 -0.0013555233289000831 0.00039675670859568046
leaf_weight=62 40 46 678 174 1025
leaf_count=62 40 46 678 174 1025
internal_value=-1.48336e-07 0.000385928 -0.000490301 -0.000585955 0.000476176
internal_weight=2025 1133 892 852 1087
internal_count=2025 1133 892 852 1087
is_linear=0
shrinkage=0.04


Tree=7
num_leaves=7
num_cat=0
split_feature=25 53 34 37 47 14
split_gain=0.221191 0.20467 0.104845 0.0982438 0.0507166 0.0476232
threshold=0.11673850129922823 0.58333333333333337 -1.0272869570177863 -0.96224139404686815 1.024555667618126 -0.15077076867346825
decision_type=2 2 2 2 2 2
left_child=1 2 -1 -2 -5 -3
right_child=3 5 -4 4 -6 -7
leaf_value=0.0010431865386907515 0.0014216923163760276 0.00079653256762496848 -6.3509387912429762e-05 -0.00070956104670063082 8.3289386344404204e-05 0.002114973669533025
leaf_weight=164 40 79 782 694 158 108
leaf_count=164 40 79 782 694 158 108
internal_value=-1.34811e-07 0.000370523 0.000130145 -0.000470713 -0.000562679 0.00157231
internal_weight=2025 1133 946 892 852 187
internal_count=2025 1133 946 892 852 187
is_linear=0
shrinkage=0.04


Tree=8
num_leaves=8
num_cat=0
split_feature=25 53 10 40 14 26 14
split_gain=0.203952 0.188938 0.103892 0.0927609 0.102131 0.0845696 0.0441061
threshold=0.11673850129922823 0.58333333333333337 1.585248017123303 0.60833856524016749 0.48173374382429585 0.23691470456559519 -0.19004668294824129
decision_type=2 2 2 2 2 2 2
left_child=1 2 -1 5 -5 -2 -3
right_child=3 6 -4 4 -6 -7 -8
leaf_value=-2.0329640690692511e-05 -0.0005774408942365543 0.00072356252378851513 0.0013309843463859721 -0.00066449605971267956 -0.0028306352164672345 0.00032184941264307723 0.0020045370791593321
leaf_weight=846 456 74 100 127 47 262 113
leaf_count=846 456 74 100 127 47 262 113
internal_value=5.55412e-08 0.000355977 0.000125022 -0.000451813 -0.00127512 -0.000249305 0.00151065
internal_weight=2025 1133 946 892 174 718 187
internal_count=2025 1133 946 892 174 718 187
is_linear=0
shrinkage=0.04


Tree=9
num_leaves=7
num_cat=0
split_feature=25 53 26 37 40 47
split_gain=0.188263 0.174398 0.099314 0.0897152 0.0684712 0.0419556
threshold=0.11673850129922823 0.58333333333333337 1.0111527479332634 -0.96224139404686815 0.60833856524016749 -0.31993518778616598
decision_type=2 2 2 2 2 2
left_child=1 2 -1 -2 -5 -3
right_child=3 5 -4 4 -6 -7
leaf_value=0.00022029086322488314 0.0013741139384607474 0.0022578910913537533 -0.001546216933919048 -0.00033831312196579187 -0.0012257038766818535 0.00098189976101370176
leaf_weight=894 40 66 52 678 174 121
leaf_count=894 40 66 52 678 174 121
internal_value=6.46986e-08 0.000342022 0.000120132 -0.000434076 -0.000521987 0.00145138
internal_weight=2025 1133 946 892 852 187
internal_count=2025 1133 946 892 852 187
is_linear=0
shrinkage=0.04


Tree=10
num_leaves=8
num_cat=0
split_feature=25 53 28 53 53 4 40
split_gain=0.176517 0.173657 0.118872 0.123874 0.116287 0.0532512 0.0506795
threshold=0.52473223711577599 0.58333333333333337 -0.23105788046577017 -0.74999999999999989 0.41666666666666669 0.076190420860603056 -0.16976292415956595
decision_type=2 2 2 2 2 2 2
left_child=1 4 6 -4 -1 -3 -2
right_child=2 5 3 -5 -6 -7 -8
leaf_value=0.00016311960390422937 -0.0027055948764945453 0.00055474486620455071 0.0013680817649777358 -0.00060553091113215167 -0.0010232297503350613 0.0017156278656156204 -0.0009797575701125411
leaf_weight=1112 50 125 58 335 148 132 65
leaf_count=1112 50 125 58 335 148 132 65
internal_value=1.30146e-07 0.000216312 -0.000643752 -0.000308808 2.23699e-05 0.00115964 -0.00176354
internal_weight=2025 1517 508 393 1260 257 115
internal_count=2025 1517 508 393 1260 257 115
is_linear=0
shrinkage=0.04


Tree=11
num_leaves=7
num_cat=0
split_feature=25 53 10 37 40 47
split_gain=0.165619 0.150433 0.0947719 0.0816642 0.0625273 0.0376453
threshold=0.11673850129922823 0.58333333333333337 1.585248017123303 -0.96224139404686815 0.60833856524016749 -0.31993518778616598
decision_type=2 2 2 2 2 2
left_child=1 2 -1 -2 -5 -3
right_child=3 5 -4 4 -6 -7
leaf_value=-2.4103803303694565e-05 0.0013179290622827554 0.0021145510054467356 0.0012665241632574037 -0.00031552674065040478 -0.0011634618241706367 0.00090708754538147652
leaf_weight=846 40 66 100 678 174 121
leaf_count=846 40 66 100 678 174 121
internal_value=6.52352e-08 0.000320799 0.00011471 -0.00040713 -0.000491016 0.00135112
internal_weight=2025 1133 946 892 852 187
internal_count=2025 1133 946 892 852 187
is_linear=0
shrinkage=0.04


Tree=12
num_leaves=7
num_cat=0
split_feature=25 26 53 35 53 40
split_gain=0.153657 0.156396 0.142633 0.115118 0.201038 0.110995
threshold=0.52473223711577599 1.1012869256471258 -0.58333333333333315 0.4981587727359223 -0.74999999999999989 -0.41180787994825541
decision_type=2 2 2 2 2 2
left_child=1 2 -1 5 -5 -2
right_child=3 -3 -4 4 -6 -7
leaf_value=-0.00064643060642334625 -0.0028518295725384218 -0.001659304501650774 0.00045748050530776852 0.0023527091931875633 -0.00052651533836333623 -0.00076085812032981187
leaf_weight=219 53 67 1231 44 246 165
leaf_count=219 53 67 1231 44 246 165
internal_value=2.24556e-07 0.000201923 0.000290091 -0.00060052 -7.65451e-05 -0.00129052
internal_weight=2025 1517 1450 508 290 218
internal_count=2025 1517 1450 508 290 218
is_linear=0
shrinkage=0.04


Tree=13
num_leaves=7
num_cat=0
split_feature=25 53 34 37 40 47
split_gain=0.144685 0.136334 0.0928643 0.0740944 0.0568089 0.0361378
threshold=0.11673850129922823 0.58333333333333337 -1.0272869570177863 -0.96224139404686815 0.60833856524016749 0.20876096236525118
decision_type=2 2 2 2 2 2
left_child=1 2 -1 -2 -5 -3
right_child=3 5 -4 4 -6 -7
leaf_value=0.00096297630886982072 0.0012625499442219734 0.001663972978021775 -7.8538387287506128e-05 -0.00029319420482566141 -0.0011013639295445253 0.00046131261343520787
leaf_weight=164 40 126 782 678 174 61
leaf_count=164 40 126 782 678 174 61
internal_value=7.21235e-08 0.000299851 0.000103671 -0.00038052 -0.000460436 0.00128069
internal_weight=2025 1133 946 892 852 187
internal_count=2025 1133 946 892 852 187
is_linear=0
shrinkage=0.04


Tree=14
num_leaves=8
num_cat=0
split_feature=25 53 28 53 53 4 40
split_gain=0.133598 0.135777 0.11023 0.109456 0.102981 0.0479034 0.0447716
threshold=0.52473223711577599 0.58333333333333337 -0.23105788046577017 0.41666666666666669 -0.74999999999999989 0.076190420860603056 -0.16976292415956595
decision_type=2 2 2 2 2 2 2
left_child=1 3 6 -1 -4 -3 -2
right_child=2 5 4 -5 -6 -7 -8
leaf_value=0.00015333071312855821 -0.0025231183703558952 0.00045042361477463266 0.0012907176438408594 -0.00099764492679387342 -0.00050853039608689341 0.0015491973012407771 -0.0009023209590353627
leaf_weight=1112 50 125 58 148 335 132 65
leaf_count=1112 50 125 58 148 335 132 65
internal_value=1.82816e-07 0.000188255 -0.000559979 1.67699e-05 -0.000237802 0.00102238 -0.0016381
internal_weight=2025 1517 508 1260 393 257 115
internal_count=2025 1517 508 1260 393 257 115
is_linear=0
shrinkage=0.04


Tree=15
num_leaves=6
num_cat=0
split_feature=25 26 37 36 28
split_gain=0.127426 0.100388 0.0675346 0.0617768 0.054311
threshold=0.11673850129922823 1.1012869256471258 -0.96224139404686815 -1.4063283774653983 -0.31643743494114607
decision_type=2 2 2 2 2
left_child=1 3 -2 -1 -4
right_child=2 -3 4 -5 -6
leaf_value=0.0017641539959974276 0.0012115176855808213 -0.0015101774698511386 -0.00094687590969006559 0.00029458646026207889 -0.00023419920481857468
leaf_weight=46 40 46 236 1041 616
leaf_count=46 40 46 236 1041 616
internal_value=1.16783e-07 0.000281449 -0.000357056 0.000359902 -0.000433363
internal_weight=2025 1133 892 1087 852
internal_count=2025 1133 892 1087 852
is_linear=0
shrinkage=0.04


Tree=16
num_leaves=8
num_cat=0
split_feature=25 53 10 40 26 13 20
split_gain=0.11745 0.117419 0.0846485 0.0654765 0.0767607 0.0698305 0.0326866
threshold=0.11673850129922823 0.58333333333333337 1.585248017123303 0.57187686141523231 -0.80975020832815237 0.86282520272276142 -0.64747103895504632
decision_type=2 2 2 2 2 2 2
left_child=1 2 -1 5 -5 -2 -3
right_child=3 6 -4 4 -6 -7 -8
leaf_value=-4.2960579588873106e-05 -0.00028584745696557843 0.00017206985633387123 0.0011767545575047751 0.00042827696791431191 -0.0014689655709476707 0.0011513653800870149 0.0014575219962343173
leaf_weight=846 652 41 100 44 139 57 146
leaf_count=846 652 41 100 44 139 57 146
internal_value=1.34962e-07 0.00027023 8.8184e-05 -0.000342771 -0.0010131 -0.000167389 0.00118049
internal_weight=2025 1133 946 892 183 709 187
internal_count=2025 1133 946 892 183 709 187
is_linear=0
shrinkage=0.04


Tree=17
num_leaves=7
num_cat=0
split_feature=33 40 53 48 47 53
split_gain=0.112285 0.109752 0.117875 0.0576578 0.0500375 0.0417373
threshold=-0.83515495112515226 0.46462885487210498 -0.58333333333333315 0.17143284003218637 0.87654950355054184 1.0000000180025095e-35
decision_type=2 2 2 2 2 2
left_child=4 2 -2 -3 5 -1
right_child=1 3 -4 -5 -6 -7
leaf_value=0.00070308625199461139 -0.00072200659991100518 -0.00020234650674443765 0.0002656538299038186 -0.0010676824531978672 -3.7628094864043371e-05 0.0020350171010941266
leaf_weight=111 235 259 1048 235 79 58
leaf_count=111 235 259 1048 235 79 58
internal_value=2.31709e-07 -0.000111317 8.39074e-05 -0.000616639 0.000794008 0.00117865
internal_weight=2025 1777 1283 494 248 169
internal_count=2025 1777 1283 494 248 169
is_linear=0
shrinkage=0.04


Tree=18
num_leaves=7
num_cat=0
split_feature=25 26 53 35 53 40
split_gain=0.107549 0.127499 0.12206 0.103964 0.175829 0.102517
threshold=0.52473223711577599 1.1012869256471258 -0.58333333333333315 0.4981587727359223 -0.74999999999999989 -0.45084904017454969
decision_type=2 2 2 2 2 2
left_child=1 2 -1 5 -5 -2
right_child=3 -3 -4 4 -6 -7
leaf_value=-0.00061765100395020386 -0.0028661088188075357 -0.001511444660946322 0.00040349433251515154 0.0022664841223994027 -0.00042613240400720726 -0.00071068739056808221
leaf_weight=219 43 67 1231 44 246 175
leaf_count=219 43 67 1231 44 246 175
internal_value=2.60891e-07 0.000169005 0.000248628 -0.000502332 -4.8718e-06 -0.00115803
internal_weight=2025 1517 1450 508 290 218
internal_count=2025 1517 1450 508 290 218
is_linear=0
shrinkage=0.04


Tree=19
num_leaves=7
num_cat=0
split_feature=33 40 53 11 47 53
split_gain=0.102025 0.0991235 0.105349 0.0550891 0.0453818 0.0380536
threshold=-0.83515495112515226 0.46462885487210498 -0.58333333333333315 -0.37867637455538666 0.87654950355054184 1.0000000180025095e-35
decision_type=2 2 2 2 2 2
left_child=4 2 -2 -3 5 -1
right_child=1 3 -4 -5 -6 -7
leaf_value=0.00066903753895353765 -0.00068257775102675215 1.0494801834850253e-05 0.00025113378202243309 -0.0008840794149635703 -3.5260507799570023e-05 0.0019407280205438536
leaf_weight=111 235 165 1048 329 79 58
leaf_count=111 235 165 1048 329 79 58
internal_value=1.13819e-07 -0.000106216 7.93148e-05 -0.000586447 0.000756755 0.00112307
internal_weight=2025 1777 1283 494 248 169
internal_count=2025 1777 1283 494 248 169
is_linear=0
shrinkage=0.04


Tree=20
num_leaves=6
num_cat=0
split_feature=35 40 13 26 44
split_gain=0.0990973 0.0996426 0.122738 0.0903909 0.0687663
threshold=-0.14974276344626106 1.5048051698007374 0.82459571842689983 1.0111527479332634 -1.9606644214962641
decision_type=2 2 2 2 2
left_child=3 2 -2 4 -1
right_child=1 -3 -4 -5 -6
leaf_value=0.0015763218034254879 -0.00031648628951837189 -0.0021051726388660345 0.00096832127194782652 -0.001340503440243287 0.00030982675366499686
leaf_weight=74 1002 42 133 47 727
leaf_count=74 1002 42 133 47 727
internal_value=1.59365e-07 -0.000237198 -0.000164493 0.000329388 0.000430466
internal_weight=2025 1177 1135 848 801
internal_count=2025 1177 1135 848 801
is_linear=0
shrinkage=0.04


Tree=21
num_leaves=8
num_cat=0
split_feature=25 53 36 35 53 40 46
split_gain=0.0944692 0.113167 0.128613 0.09845 0.164375 0.0940907 0.043191
threshold=0.52473223711577599 -0.58333333333333315 0.32640021428287463 0.4981587727359223 -0.74999999999999989 -0.41180787994825541 0.38426803996994457
decision_type=2 2 2 2 2 2 2
left_child=1 6 -3 5 -5 -2 -1
right_child=3 2 -4 4 -6 -7 -8
leaf_value=-0.00028509915362832141 -0.0025455163522538817 0.00049783265599376248 -0.00052087992110604585 0.0022090537117227262 -0.00039438675190819688 -0.00062261009933901 -0.0014686133374925703
leaf_weight=161 53 1043 243 44 246 165 70
leaf_count=161 53 1043 243 44 246 165 70
internal_value=1.17165e-07 0.000158267 0.000304829 -0.000470923 1.3043e-05 -0.001109 -0.000653267
internal_weight=2025 1517 1286 508 290 218 231
internal_count=2025 1517 1286 508 290 218 231
is_linear=0
shrinkage=0.04


Tree=22
num_leaves=8
num_cat=0
split_feature=25 53 26 28 53 37 38
split_gain=0.087097 0.111181 0.106873 0.0951923 0.0829721 0.0590972 0.0404164
threshold=0.52473223711577599 0.75000000000000011 1.1123175455901346 -0.23105788046577017 -0.74999999999999989 -0.25288245589708763 -0.18404755952521909
decision_type=2 2 2 2 2 2 2
left_child=1 2 -1 6 -5 -3 -2
right_child=3 5 -4 4 -6 -7 -8
leaf_value=0.00011513339287583623 -0.002122743771306257 0.001720183305804012 -0.0016391822839193929 0.0012181891313133141 -0.00039656775306429415 -8.7211942743687412e-05 -0.00059521938139503754
leaf_weight=1320 63 101 56 58 335 40 52
leaf_count=1320 63 101 56 58 335 40 52
internal_value=-1.10631e-08 0.000151843 4.14614e-05 -0.000452298 -0.000153296 0.0012134 -0.00145402
internal_weight=2025 1517 1376 508 393 141 115
internal_count=2025 1517 1376 508 393 141 115
is_linear=0
shrinkage=0.04


Tree=23
num_leaves=7
num_cat=0
split_feature=35 53 40 13 44 40
split_gain=0.0844584 0.108722 0.0911337 0.114958 0.0761414 0.027328
threshold=-0.14974276344626106 -0.58333333333333315 1.5048051698007374 0.79393529447192046 -1.8797117016552749 0.38714590361729234
decision_type=2 2 2 2 2 2
left_child=1 5 3 -2 -3 -1
right_child=2 4 -4 -5 -6 -7
leaf_value=-0.0011554212291598504 -0.00030171288743843772 0.0020587220050704977 -0.0020056163288906894 0.00091124837247693864 0.00040391259997963415 -0.00010351082371198574
leaf_weight=79 994 46 42 141 645 78
leaf_count=79 994 46 42 141 645 78
internal_value=-8.11614e-08 0.000303859 -0.000219207 -0.00014969 0.000519697 -0.000640692
internal_weight=2025 848 1177 1135 691 157
internal_count=2025 848 1177 1135 691 157
is_linear=0
shrinkage=0.04


Tree=24
num_leaves=7
num_cat=0
split_feature=33 40 53 53 47 53
split_gain=0.0830614 0.0909146 0.0909421 0.0494803 0.0410906 0.0342399
threshold=-0.83515495112515226 0.46462885487210498 -0.58333333333333315 -0.41666666666666657 0.87654950355054184 1.0000000180025095e-35
decision_type=2 2 2 2 2 2
left_child=4 2 -2 -3 5 -1
right_child=1 3 -4 -5 -6 -7
leaf_value=0.00060144393094938942 -0.00062625004959667016 3.073502105731025e-05 0.00024127632189941195 -0.00082783290620475655 -7.0133999875390235e-05 0.0018062329233313602
leaf_weight=111 235 157 1048 337 79 58
leaf_count=111 235 157 1048 337 79 58
internal_value=-8.55081e-08 -9.60256e-05 8.16489e-05 -0.000555945 0.000682625 0.00103121
internal_weight=2025 1777 1283 494 248 169
internal_count=2025 1777 1283 494 248 169
is_linear=0
shrinkage=0.04


Tree=25
num_leaves=7
num_cat=0
split_feature=25 53 53 37 28 14
split_gain=0.07806 0.0880316 0.0957829 0.0571832 0.0632282 0.0369137
threshold=0.11673850129922823 0.58333333333333337 0.41666666666666669 -0.92454538624115157 -0.31643743494114607 -0.19004668294824129
decision_type=2 2 2 2 2 2
left_child=1 2 -1 -2 -5 -3
right_child=3 5 -4 4 -6 -7
leaf_value=0.00021660627058090408 0.00097165958701886921 0.00030215701235360225 -0.00098394769095991297 -0.0009228020626800697 -0.00014615913224006423 0.0014574414970272263
leaf_weight=826 53 74 120 230 609 113
leaf_count=826 53 74 120 230 609 113
internal_value=-3.64836e-08 0.000220157 6.25616e-05 -0.000279588 -0.000360753 0.00100831
internal_weight=2025 1133 946 892 839 187
internal_count=2025 1133 946 892 839 187
is_linear=0
shrinkage=0.04


Tree=26
num_leaves=7
num_cat=0
split_feature=33 40 26 48 47 53
split_gain=0.075433 0.0836399 0.0920613 0.0550035 0.0376941 0.0318998
threshold=-0.83515495112515226 0.48776001800412516 0.3097818709935955 0.17143284003218637 0.87654950355054184 1.0000000180025095e-35
decision_type=2 2 2 2 2 2
left_child=4 2 -2 -3 5 -1
right_child=1 3 -4 -5 -6 -7
leaf_value=0.00056994313415885801 -0.000173686674735098 -0.00014825256402307128 0.00052834359845126339 -0.0010160491231685153 -7.0297329235293062e-05 0.0017323659065489969
leaf_weight=111 848 255 459 215 79 58
leaf_count=111 848 255 459 215 79 58
internal_value=2.96776e-10 -9.14282e-05 7.3287e-05 -0.000547847 0.000650606 0.000984477
internal_weight=2025 1777 1307 470 248 169
internal_count=2025 1777 1307 470 248 169
is_linear=0
shrinkage=0.04


Tree=27
num_leaves=7
num_cat=0
split_feature=35 53 36 45 45 28
split_gain=0.0720496 0.0857831 0.106629 0.0760495 0.0295747 0.0385493
threshold=-0.94449170284113759 -0.24999999999999997 0.29284054987594138 -3.1590654258467086 1.0033830403931683 -0.18711176824327749
decision_type=2 2 2 2 2 2
left_child=4 3 -3 -2 5 -1
right_child=1 2 -4 -5 -6 -7
leaf_value=0.0014282319770589108 0.0010454219893305278 0.00038486446546986893 -0.00041530977649629916 -0.00060029938838864979 0.0014942559768568796 7.8772186201864065e-05
leaf_weight=43 47 781 402 563 51 138
leaf_count=43 47 781 402 563 51 138
internal_value=5.64191e-08 -8.60054e-05 0.000112712 -0.000470496 0.000660231 0.000411467
internal_weight=2025 1793 1183 610 232 181
internal_count=2025 1793 1183 610 232 181
is_linear=0
shrinkage=0.04


Tree=28
num_leaves=7
num_cat=0
split_feature=25 35 26 36 34 46
split_gain=0.0676712 0.0945895 0.0935993 0.0665471 0.0582704 0.0533693
threshold=0.52473223711577599 0.4981587727359223 1.1012869256471258 0.42574387687767318 0.4892407224731925 -0.17780772823019605
decision_type=2 2 2 2 2 2
left_child=2 5 3 -1 -3 -2
right_child=1 4 -4 -5 -6 -7
leaf_value=0.00031260458473807552 -0.00023280702033561879 0.0014544410702018512 -0.0013057367735593841 -0.00046057895955108015 -0.00015494011640955236 -0.0015186176735355898
leaf_weight=1244 85 40 67 206 250 133
leaf_count=1244 85 40 67 206 250 133
internal_value=1.88984e-07 -0.000398482 0.000134042 0.000202276 7.5485e-05 -0.00102394
internal_weight=2025 508 1517 1450 290 218
internal_count=2025 508 1517 1450 290 218
is_linear=0
shrinkage=0.04


Tree=29
num_leaves=5
num_cat=0
split_feature=35 53 53 26
split_gain=0.0646444 0.0673184 0.172207 0.0823491
threshold=-1.2967137973602023 0.58333333333333337 0.41666666666666669 0.3097818709935955
decision_type=2 2 2 2
left_child=-1 2 -2 -3
right_child=1 3 -4 -5
leaf_value=0.0012314309919196549 -5.7846088209014818e-06 -0.0001109581635948767 -0.001322295564362082 0.0010924823983462855
leaf_weight=64 1421 195 177 168
leaf_count=64 1421 195 177 168
internal_value=1.06211e-07 -4.12935e-05 -0.000153077 0.00044894
internal_weight=2025 1961 1598 363
internal_count=2025 1961 1598 363
is_linear=0
shrinkage=0.04


Tree=30
num_leaves=7
num_cat=0
split_feature=42 38 11 28 41 42
split_gain=0.0631755 0.0804269 0.0854119 0.062869 0.0239504 0.0393153
threshold=-1.0520394022227741 1.84296596656219 -0.045854795682548223 -0.65673811565306195 -0.88170446321630114 -1.2209409578890986
decision_type=2 2 2 2 2 2
left_child=4 3 -3 -2 -1 -6
right_child=1 2 -4 -5 5 -7
leaf_value=0.00010226092757062709 0.00050047641078172572 0.0020047462510410698 -0.0003180287995686134 -0.00021038255570574136 0.0021208752141821953 0.00037852724227640361
leaf_weight=45 226 58 43 1570 40 43
leaf_count=45 226 58 43 1570 40 43
internal_value=1.36888e-07 -5.82619e-05 0.00102887 -0.000120474 0.000853206 0.00124836
internal_weight=2025 1897 101 1796 128 83
internal_count=2025 1897 101 1796 128 83
is_linear=0
shrinkage=0.04


Tree=31
num_leaves=7
num_cat=0
split_feature=35 53 53 45 28 35
split_gain=0.0609253 0.0782669 0.10266 0.0697419 0.0268309 0.0427435
threshold=-0.94449170284113759 -0.24999999999999997 0.25000000000000006 -3.1590654258467086 -0.19750620984357459 -1.4016955814247813
decision_type=2 2 2 2 2 2
left_child=4 3 -3 -2 -1 -6
right_child=1 2 -4 -5 5 -7
leaf_value=0.0014214433799954315 0.0010055344614523407 0.00054913593502996314 -0.00020494093679092435 -0.00057040414204089537 0.0014983360247597807 4.6239718686436015e-05
leaf_weight=49 47 495 688 563 40 143
leaf_count=49 47 495 688 563 40 143
internal_value=3.1211e-07 -7.88278e-05 0.00011098 -0.00044609 0.000607387 0.000376405
internal_weight=2025 1793 1183 610 232 183
internal_count=2025 1793 1183 610 232 183
is_linear=0
shrinkage=0.04


Tree=32
num_leaves=8
num_cat=0
split_feature=24 53 36 40 10 46 11
split_gain=0.0584636 0.0949142 0.0769559 0.0633156 0.0674143 0.0544667 0.0476548
threshold=0.55939686800264699 -0.58333333333333315 0.32640021428287463 0.71567605326369554 0.68112112915386536 0.38426803996994457 0.28649095025098015
decision_type=2 2 2 2 2 2 2
left_child=1 5 -3 4 -2 -1 -5
right_child=3 2 -4 6 -6 -7 -8
leaf_value=-0.00021378953741838048 -0.00045037782722019953 0.00040036614563276646 -0.00036503718358567625 -0.00044338466916629606 0.0008610519088979345 -0.0015113842384134597 -0.0023415780214903256
leaf_weight=175 289 1066 260 45 78 72 40
leaf_count=175 289 1066 260 45 78 72 40
internal_value=4.47444e-07 0.000115726 0.000249963 -0.000399474 -0.000168498 -0.000601137 -0.00136995
internal_weight=2025 1573 1326 452 367 247 85
internal_count=2025 1573 1326 452 367 247 85
is_linear=0
shrinkage=0.04


Tree=33
num_leaves=7
num_cat=0
split_feature=42 38 11 53 41 42
split_gain=0.0559332 0.0723017 0.0773178 0.0607907 0.0222191 0.0366803
threshold=-1.0520394022227741 1.84296596656219 -0.045854795682548223 0.58333333333333337 -0.88170446321630114 -1.2209409578890986
decision_type=2 2 2 2 2 2
left_child=4 3 -3 -2 -1 -6
right_child=1 2 -4 -5 5 -7
leaf_value=8.0525778788835442e-05 -0.00022654626142077055 0.0019045732594095172 -0.00030530833054540887 0.00036476012896918993 0.0020260668279869216 0.00034454215711189639
leaf_weight=45 1454 58 43 342 40 43
leaf_count=45 1454 58 43 342 40 43
internal_value=2.69148e-07 -5.46805e-05 0.000976073 -0.000113667 0.000802953 0.00118352
internal_weight=2025 1897 101 1796 128 83
internal_count=2025 1897 101 1796 128 83
is_linear=0
shrinkage=0.04


Tree=34
num_leaves=5
num_cat=0
split_feature=35 53 53 26
split_gain=0.054245 0.0549619 0.160066 0.0777955
threshold=-1.4016955814247813 0.58333333333333337 0.41666666666666669 0.3097818709935955
decision_type=2 2 2 2
left_child=-1 2 -2 -3
right_child=1 3 -4 -5
leaf_value=0.0014229915577120016 1.0739914265599046e-05 -0.00013323425071261975 -0.0012543218740676014 0.0010326153023146787
leaf_weight=40 1442 195 178 170
leaf_count=40 1442 195 178 170
internal_value=4.23695e-07 -2.96461e-05 -0.000129636 0.000412432
internal_weight=2025 1985 1620 365
internal_count=2025 1985 1620 365
is_linear=0
shrinkage=0.04


Tree=35
num_leaves=7
num_cat=0
split_feature=25 26 28 36 36 10
split_gain=0.0536531 0.0819965 0.0814285 0.0531644 0.05254 0.0366436
threshold=0.52473223711577599 1.1012869256471258 -0.23105788046577017 0.64908805235336042 0.42574387687767318 -0.18365397144409476
decision_type=2 2 2 2 2 2
left_child=1 4 5 -4 -1 -2
right_child=2 -3 3 -5 -6 -7
leaf_value=0.00028153501398384492 -0.001916524110791775 -0.0012279308088582711 -0.0005304941557476233 0.00039558495634917134 -0.00040548600973404694 -0.00046838209638803231
leaf_weight=1244 63 67 201 192 206 52
leaf_count=1244 63 67 201 192 206 52
internal_value=4.49324e-07 0.000119634 -0.000354536 -7.83464e-05 0.000183507 -0.00128091
internal_weight=2025 1517 508 393 1450 115
internal_count=2025 1517 508 393 1450 115
is_linear=0
shrinkage=0.04


Tree=36
num_leaves=8
num_cat=0
split_feature=24 53 36 11 40 46 25
split_gain=0.0514598 0.0869004 0.0642914 0.060491 0.0720958 0.0493351 0.0291172
threshold=0.55939686800264699 -0.58333333333333315 0.32640021428287463 -0.38641977026620228 0.63067066625664892 0.38426803996994457 0.88809688025511702
decision_type=2 2 2 2 2 2 2
left_child=1 5 -3 6 -5 -1 -2
right_child=3 2 -4 4 -6 -7 -8
leaf_value=-0.00020877515431164662 -7.8521289890914255e-05 0.00037434359677936027 -0.00032527675966817515 -0.00031009797355875858 -0.0016753697841870884 -0.0014438264138014936 0.0012650774109588805
leaf_weight=175 64 1066 260 268 79 72 41
leaf_count=175 64 1066 260 268 79 72 41
internal_value=2.78545e-07 0.000108432 0.00023688 -0.000374924 -0.000628743 -0.000577495 0.000459962
internal_weight=2025 1573 1326 452 347 247 105
internal_count=2025 1573 1326 452 347 247 105
is_linear=0
shrinkage=0.04


Tree=37
num_leaves=7
num_cat=0
split_feature=34 47 37 42 14 14
split_gain=0.048954 0.0567652 0.0714754 0.0621521 0.0412195 0.044756
threshold=-1.0874720005099829 -0.34098454121440969 -0.92454538624115157 -1.0828518188101894 -0.69393311120662082 -0.18295561613317984
decision_type=2 2 2 2 2 2
left_child=4 2 -2 -3 -1 -6
right_child=1 3 -4 -5 5 -7
leaf_value=-0.00019255865822048954 0.0015712274673084416 0.0010581740686448954 0.00011616628028286537 -0.00027205436708549734 0.0021518966950298773 0.00044713320189083999
leaf_weight=57 58 57 546 1204 40 63
leaf_count=57 58 57 546 1204 40 63
internal_value=1.72586e-07 -5.77035e-05 0.000260615 -0.000210345 0.000667175 0.00113756
internal_weight=2025 1865 604 1261 160 103
internal_count=2025 1865 604 1261 160 103
is_linear=0
shrinkage=0.04


Tree=38
num_leaves=5
num_cat=0
split_feature=32 53 53 25
split_gain=0.0466252 0.0523778 0.140091 0.0676749
threshold=-1.4707898526400569 0.58333333333333337 0.41666666666666669 0.4020779905168807
decision_type=2 2 2 2
left_child=-1 2 -2 -3
right_child=1 3 -4 -5
leaf_value=0.00098592664052203692 -5.7997746648151573e-07 0.000818508681340813 -0.0011743416841162127 -0.00029547475955553983
leaf_weight=72 1405 226 182 140
leaf_count=72 1405 226 182 140
internal_value=3.58282e-07 -3.69475e-05 -0.000136498 0.000393105
internal_weight=2025 1953 1587 366
internal_count=2025 1953 1587 366
is_linear=0
shrinkage=0.04


Tree=39
num_leaves=7
num_cat=0
split_feature=42 38 14 28 41 42
split_gain=0.0438758 0.0646787 0.065795 0.0560043 0.0208497 0.0325987
threshold=-1.0520394022227741 1.84296596656219 -0.28633293373587643 -0.65673811565306195 -0.88170446321630114 -1.2209409578890986
decision_type=2 2 2 2 2 2
left_child=4 3 -3 -2 -1 -6
right_child=1 2 -4 -5 5 -7
leaf_value=1.4421954711383962e-05 0.00048194090712186475 0.0018001080358250982 -0.00023408896056935192 -0.00018897152139339579 0.0018738204560109547 0.00029084533753080498
leaf_weight=45 226 57 44 1570 40 43
leaf_count=45 226 57 44 1570 40 43
internal_value=3.57133e-07 -4.83109e-05 0.000926585 -0.000104105 0.000711279 0.00107986
internal_weight=2025 1897 101 1796 128 83
internal_count=2025 1897 101 1796 128 83
is_linear=0
shrinkage=0.04


Tree=40
num_leaves=5
num_cat=0
split_feature=35 28 35 28
split_gain=0.045059 0.0428005 0.0627053 0.0516637
threshold=-1.4016955814247813 -0.65673811565306195 0.361817868315157 -0.44806921187777088
decision_type=2 2 2 2
left_child=-1 2 -2 -3
right_child=1 3 -4 -5
leaf_value=0.0012970362805450955 0.00093636953233611545 -0.0006479452991853522 -0.00045289227282270219 -9.4938397655802893e-06
leaf_weight=40 156 232 76 1521
leaf_count=40 156 232 76 1521
internal_value=5.02217e-07 -2.69036e-05 0.000481285 -9.46315e-05
internal_weight=2025 1985 232 1753
internal_count=2025 1985 232 1753
is_linear=0
shrinkage=0.04


Tree=41
num_leaves=6
num_cat=0
split_feature=35 42 40 28 45
split_gain=0.0424286 0.051182 0.0459055 0.0258511 0.0320269
threshold=-0.94449170284113759 -1.1809183004468844 0.52087719032554869 -0.19750620984357459 1.0033830403931683
decision_type=2 2 2 2 2
left_child=3 -2 -3 -1 -5
right_child=1 2 -4 4 -6
leaf_value=0.001305079607786063 0.001147439674715753 1.1354306156103089e-05 -0.00047139962394420197 -1.6471185296377114e-05 0.0012099853021403154
leaf_weight=49 52 1330 411 140 43
leaf_count=49 52 1330 411 140 43
internal_value=5.26455e-07 -6.55166e-05 -0.00010302 0.000507135 0.000281678
internal_weight=2025 1793 1741 232 183
internal_count=2025 1793 1741 232 183
is_linear=0
shrinkage=0.04


Tree=42
num_leaves=8
num_cat=0
split_feature=24 53 38 11 40 44 35
split_gain=0.0408085 0.0781988 0.0563722 0.0550538 0.0656946 0.0629632 0.0483248
threshold=0.55939686800264699 -0.58333333333333315 1.84296596656219 -0.38641977026620228 0.65533516328708441 -0.086859646756700229 0.4467064401424875
decision_type=2 2 2 2 2 2 2
left_child=1 6 -3 5 -5 -2 -1
right_child=3 2 -4 4 -6 -7 -8
leaf_value=-0.00082721645328730567 -0.00073928434661654535 0.00015387744819786301 0.0012695265447648315 -0.00028868642967868436 -0.0016344845883793676 0.0012318427128378642 0.0005678689435590059
leaf_weight=199 41 1251 75 275 72 64 48
leaf_count=199 41 1251 75 275 72 64 48
internal_value=6.31139e-07 9.69428e-05 0.000218797 -0.000333493 -0.000575696 0.000462733 -0.000553723
internal_weight=2025 1573 1326 452 347 105 247
internal_count=2025 1573 1326 452 347 105 247
is_linear=0
shrinkage=0.04


Tree=43
num_leaves=5
num_cat=0
split_feature=35 47 25 13
split_gain=0.0406026 0.0427088 0.0746503 0.0504355
threshold=-1.2967137973602023 -0.34098454121440969 -0.042124510073005363 1.8856463856570442
decision_type=2 2 2 2
left_child=-1 2 -2 -3
right_child=1 3 -4 -5
leaf_value=0.0009764473968552369 0.00062762990079021877 -9.9646721102258093e-05 -0.00026274588332348943 -0.0011879779287200006
leaf_weight=64 348 1280 263 70
leaf_count=64 348 1280 263 70
internal_value=5.95376e-07 -3.22153e-05 0.000244768 -0.000157753
internal_weight=2025 1961 611 1350
internal_count=2025 1961 611 1350
is_linear=0
shrinkage=0.04


Tree=44
num_leaves=6
num_cat=0
split_feature=30 40 26 11 50
split_gain=0.0398622 0.0473636 0.0718365 0.0554043 0.00679069
threshold=-1.5535970142598214 0.48776001800412516 0.3097818709935955 -0.37867637455538666 -1.2329757944185318
decision_type=2 2 2 2 2
left_child=4 2 -2 -3 -1
right_child=1 3 -4 -5 -6
leaf_value=0.00046087748104972501 -0.00011309758842130679 0.00018702285675695972 0.00049576981916788811 -0.00065231929145464173 0.001226950673098188
leaf_weight=40 941 195 460 349 40
leaf_count=40 941 195 460 349 40
internal_value=5.73678e-07 -3.5812e-05 8.72378e-05 -0.000351869 0.000864497
internal_weight=2025 1945 1401 544 80
internal_count=2025 1945 1401 544 80
is_linear=0
shrinkage=0.04


Tree=45
num_leaves=6
num_cat=0
split_feature=35 40 13 44 40
split_gain=0.0382874 0.0714899 0.107037 0.067224 0.0841606
threshold=-0.14974276344626106 1.5048051698007374 0.82459571842689983 -1.9606644214962641 0.38714590361729234
decision_type=2 2 2 2 2
left_child=3 2 -2 -1 -5
right_child=1 -3 -4 4 -6
leaf_value=0.0013244567240755529 -0.0002274862886422787 -0.0017289893151345578 0.00097221855404873013 0.00042332518479272138 -0.00043162815953678172
leaf_weight=76 1002 42 133 473 299
leaf_count=76 1002 42 133 473 299
internal_value=6.14086e-07 -0.000146923 -8.54413e-05 0.000205255 9.19372e-05
internal_weight=2025 1177 1135 848 772
internal_count=2025 1177 1135 848 772
is_linear=0
shrinkage=0.04


Tree=46
num_leaves=5
num_cat=0
split_feature=35 53 53 26
split_gain=0.0378307 0.040655 0.139119 0.0681212
threshold=-1.4016955814247813 0.58333333333333337 0.41666666666666669 0.37402502459001502
decision_type=2 2 2 2
left_child=-1 2 -2 -3
right_child=1 3 -4 -5
leaf_value=0.0011885998830465335 2.0347664566570957e-05 -0.00012493388827981389 -0.001159023103200727 0.00097222790072862958
leaf_weight=40 1442 206 178 159
leaf_count=40 1442 206 178 159
internal_value=6.02618e-07 -2.45092e-05 -0.000110507 0.000355701
internal_weight=2025 1985 1620 365
internal_count=2025 1985 1620 365
is_linear=0
shrinkage=0.04


Tree=47
num_leaves=7
num_cat=0
split_feature=42 38 11 28 41 42
split_gain=0.0366344 0.0570616 0.0525523 0.0470565 0.0198643 0.027597
threshold=-1.0520394022227741 1.9700704318665472 0.048034283757404483 -0.65673811565306195 -0.88170446321630114 -1.2209409578890986
decision_type=2 2 2 2 2 2
left_child=4 3 -3 -2 -1 -6
right_child=1 2 -4 -5 5 -7
leaf_value=-2.8103303976674031e-05 0.00044419016779947767 0.0017667115193146926 -0.00015462661311695618 -0.00017052112785712929 0.0017406607729693255 0.00028316533663827513
leaf_weight=45 226 50 40 1581 40 43
leaf_count=45 226 50 40 1581 40 43
internal_value=6.13928e-07 -4.38572e-05 0.000927986 -9.32336e-05 0.000650226 0.00101
internal_weight=2025 1897 90 1807 128 83
internal_count=2025 1897 90 1807 128 83
is_linear=0
shrinkage=0.04


Tree=48
num_leaves=6
num_cat=0
split_feature=30 40 26 4 50
split_gain=0.0353786 0.0426599 0.0636571 0.0530451 0.006347
threshold=-1.5535970142598214 0.48776001800412516 0.3097818709935955 0.13024404898678174 -1.2329757944185318
decision_type=2 2 2 2 2
left_child=4 2 -2 -3 -1
right_child=1 3 -4 -5 -6
leaf_value=0.00042602073578607475 -0.00010534411111548677 2.7330237278017063e-05 0.00046781392227698929 -0.00076408396770906006 0.0011644507223363258
leaf_weight=40 941 297 460 247 40
leaf_count=40 941 297 460 247 40
internal_value=7.4256e-07 -3.3536e-05 8.32434e-05 -0.000333489 0.000814632
internal_weight=2025 1945 1401 544 80
internal_count=2025 1945 1401 544 80
is_linear=0
shrinkage=0.04


Tree=49
num_leaves=8
num_cat=0
split_feature=53 35 53 25 24 11 10
split_gain=0.0357703 0.11809 0.104786 0.0699218 0.0666617 0.0647111 0.0486386
threshold=-0.58333333333333315 0.53869786446478674 -0.74999999999999989 0.4020779905168807 0.55939686800264699 -0.37867637455538666 1.81927369396067
decision_type=2 2 2 2 2 2 2
left_child=1 3 -3 -1 6 -6 -2
right_child=4 2 -4 -5 5 -7 -8
leaf_value=-0.00056699023729092201 0.00014708731418629418 0.0016919898866292308 -0.00051704912113824061 -0.0023661725490278195 0.00065621016015836471 -0.0007037483498654899 0.0011897874474647995
leaf_weight=188 1252 66 68 41 69 267 74
leaf_count=188 1252 66 68 41 69 267 74
internal_value=7.6086e-07 -0.00035784 0.000579867 -0.000906812 7.94194e-05 -0.000422241 0.000206981
internal_weight=2025 363 134 229 1662 336 1326
internal_count=2025 363 134 229 1662 336 1326
is_linear=0
shrinkage=0.04


Tree=50
num_leaves=6
num_cat=0
split_feature=37 33 40 47 47
split_gain=0.0336661 0.0412431 0.0484153 0.0438115 0.0395487
threshold=-0.9797486699500042 -0.64583453591511419 1.5493452025941277 0.87654950355054184 -0.27672772144114638
decision_type=2 2 2 2 2
left_child=4 3 -3 -2 -1
right_child=1 2 -4 -5 -6
leaf_value=0.0014678035246840906 0.00062065201006963303 -8.0079461651124965e-05 -0.0011952974941724769 -0.00039784329214497753 -2.5129575016243116e-05
leaf_weight=51 256 1504 63 90 61
leaf_count=51 256 1504 63 90 61
internal_value=7.11916e-07 -3.9043e-05 -0.000126382 0.000354962 0.000668512
internal_weight=2025 1913 1567 346 112
internal_count=2025 1913 1567 346 112
is_linear=0
shrinkage=0.04


Tree=51
num_leaves=7
num_cat=0
split_feature=35 53 53 35 28 45
split_gain=0.0336703 0.0552683 0.0905359 0.061406 0.0241937 0.0264356
threshold=-0.94449170284113759 -0.24999999999999997 0.25000000000000006 0.33370425442292723 -0.19750620984357459 1.0033830403931683
decision_type=2 2 2 2 2 2
left_child=4 3 -3 -2 -1 -6
right_child=1 2 -4 -5 5 -7
leaf_value=0.0012235531593015527 -0.00071230088440705347 0.00051282914254851392 -0.00019531851044016349 9.7186228892493271e-05 -3.6165887821124679e-05 0.0010778267292512788
leaf_weight=49 349 495 688 261 140 43
leaf_count=49 349 495 688 261 140 43
internal_value=6.98834e-07 -5.81344e-05 0.000101356 -0.000366761 0.000451999 0.000234414
internal_weight=2025 1793 1183 610 232 183
internal_count=2025 1793 1183 610 232 183
is_linear=0
shrinkage=0.04


Tree=52
num_leaves=7
num_cat=0
split_feature=42 10 11 37 41 42
split_gain=0.0332043 0.048562 0.0517433 0.0400016 0.0179666 0.0258708
threshold=-1.0520394022227741 1.81927369396067 -0.045854795682548223 -0.9797486699500042 -0.88170446321630114 -1.2209409578890986
decision_type=2 2 2 2 2 2
left_child=4 3 -3 -2 -1 -6
right_child=1 2 -4 -5 5 -7
leaf_value=-2.5947592914738554e-05 0.00065297157016642603 0.0015932757524645021 -0.00020606354572513003 -0.00013771602556762139 0.0016686511199389183 0.00025849703637262188
leaf_weight=45 107 56 45 1689 40 43
leaf_count=45 107 56 45 1689 40 43
internal_value=7.48538e-07 -4.15897e-05 0.000803155 -8.99354e-05 0.000619201 0.000961361
internal_weight=2025 1897 101 1796 128 83
internal_count=2025 1897 101 1796 128 83
is_linear=0
shrinkage=0.04


Tree=53
num_leaves=8
num_cat=0
split_feature=53 53 26 20 53 35 13
split_gain=0.0320967 0.111404 0.0610941 0.0562265 0.055214 0.0389635 0.0126009
threshold=0.58333333333333337 0.41666666666666669 0.37402502459001502 0.23255469129764875 -0.24999999999999997 -0.25522722818193305 -0.46835761846464558
decision_type=2 2 2 2 2 2 2
left_child=1 4 3 -2 -1 -3 -4
right_child=2 5 6 -5 -6 -7 -8
leaf_value=-0.00020897829051712085 0.00022167628228596082 -3.4869773981143845e-05 0.0015140639414841478 -0.0013858202599856834 0.00028091998766831717 -0.0013276501782487945 0.00068940136945090343
leaf_weight=711 165 51 42 42 759 138 117
leaf_count=711 165 51 42 42 759 138 117
internal_value=8.68718e-07 -7.4016e-05 0.000338863 -0.000114623 4.40072e-05 -0.000982823 0.000923339
internal_weight=2025 1659 366 207 1470 189 159
internal_count=2025 1659 366 207 1470 189 159
is_linear=0
shrinkage=0.04


Tree=54
num_leaves=5
num_cat=0
split_feature=35 28 53 36
split_gain=0.0318548 0.0342815 0.0547605 0.0530493
threshold=-1.4016955814247813 -0.65673811565306195 0.58333333333333337 0.45515229017421693
decision_type=2 2 2 2
left_child=-1 3 -3 -2
right_child=1 2 -4 -5
leaf_value=0.0010909598419398423 0.00079161503395712342 -0.00018913359520273993 0.00038604192324430463 -0.00056704250866517663
leaf_weight=40 171 1430 323 61
leaf_count=40 171 1430 323 61
internal_value=8.24052e-07 -2.22194e-05 -8.28351e-05 0.000432589
internal_weight=2025 1985 1753 232
internal_count=2025 1985 1753 232
is_linear=0
shrinkage=0.04


Tree=55
num_leaves=4
num_cat=0
split_feature=40 37 42
split_gain=0.0306538 0.0732935 0.0391995
threshold=2.1946747603406114 2.113665207799786 -1.0520394022227741
decision_type=2 2 2
left_child=1 2 -1
right_child=-2 -3 -4
leaf_value=0.00067561746606858628 -0.0010199570897511086 0.001620418315132459 -5.9434999338288371e-05
leaf_weight=122 44 43 1816
leaf_count=122 44 43 1816
internal_value=8.50782e-07 2.45298e-05 -1.25135e-05
internal_weight=2025 1981 1938
internal_count=2025 1981 1938
is_linear=0
shrinkage=0.04


Tree=56
num_leaves=8
num_cat=0
split_feature=47 25 37 8 24 13 53
split_gain=0.0296346 0.0670303 0.0463925 0.0437344 0.0373799 0.0679821 0.027029
threshold=-0.34098454121440969 -0.042124510073005363 -0.66016977921864772 0.63511635619346141 -1.0749915828052046 1.8856463856570442 -1.0000000180025095e-35
decision_type=2 2 2 2 2 2 2
left_child=1 3 -3 -1 6 -6 -2
right_child=4 2 -4 -5 5 -7 -8
leaf_value=0.00035980543499736792 0.00014911086846735666 0.00097275965037711329 -0.00047663932538901771 0.0014573917928076274 -0.00011235823670531724 -0.0016324474368890635 0.0013286256129768762
leaf_weight=281 108 40 223 72 1212 47 42
leaf_count=281 108 40 223 72 1212 47 42
internal_value=8.64769e-07 0.000231851 -0.000250521 0.000590625 -0.000100306 -0.000171604 0.000492511
internal_weight=2025 616 263 353 1409 1259 150
internal_count=2025 616 263 353 1409 1259 150
is_linear=0
shrinkage=0.04


Tree=57
num_leaves=6
num_cat=0
split_feature=30 40 26 53 50
split_gain=0.0285718 0.0387176 0.0566166 0.0483483 0.0054287
threshold=-1.5535970142598214 0.48776001800412516 0.3097818709935955 -0.41666666666666657 -1.2329757944185318
decision_type=2 2 2 2 2
left_child=4 2 -2 -3 -1
right_child=1 3 -4 -5 -6
leaf_value=0.00037449420363243135 -9.6501871378649632e-05 0.00022340226154948244 0.00044403464235861796 -0.00057760700240103928 0.001055284386744634
leaf_weight=40 941 178 460 366 40
leaf_count=40 941 178 460 366 40
internal_value=9.10938e-07 -2.98943e-05 8.13562e-05 -0.000315654 0.000732326
internal_weight=2025 1945 1401 544 80
internal_count=2025 1945 1401 544 80
is_linear=0
shrinkage=0.04


Tree=58
num_leaves=7
num_cat=0
split_feature=28 35 53 53 13 44
split_gain=0.0283539 0.0524268 0.0418136 0.109317 0.0434839 0.0209804
threshold=-0.69255466573825297 0.361817868315157 0.58333333333333337 0.25000000000000006 -0.68610409376981241 0.19377060167538204
decision_type=2 2 2 2 2 2
left_child=1 5 3 -2 -4 -1
right_child=2 -3 4 -5 -6 -7
leaf_value=0.0013181625516721751 3.5952450147800088e-05 -0.00041485361230626626 0.0015310386338982921 -0.00080724575472507448 0.00017779446964653233 0.00025924389702541866
leaf_weight=80 1191 71 42 308 284 49
leaf_count=80 1191 71 42 308 284 49
internal_value=9.30667e-07 0.000450626 -4.87904e-05 -0.000138145 0.000360411 0.000926036
internal_weight=2025 200 1825 1499 326 129
internal_count=2025 200 1825 1499 326 129
is_linear=0
shrinkage=0.04


Tree=59
num_leaves=8
num_cat=0
split_feature=53 36 36 40 37 38 53
split_gain=0.0285094 0.119067 0.0697084 0.0688714 0.0623274 0.0496815 0.0388208
threshold=-0.58333333333333315 0.66148137300943211 0.29284054987594138 0.45690273247437302 -0.28132569122883094 -0.52399951628288144 -0.74999999999999989
decision_type=2 2 2 2 2 2 2
left_child=1 4 3 -2 -1 -4 -3
right_child=2 6 5 -5 -6 -7 -8
leaf_value=-0.0020201111993543349 0.00045019228736957044 0.0018258576182821808 -0.00099067497461943592 -0.0002148620633383733 -0.00044193758952917113 -8.5897054143881525e-05 0.00013845068323326874
leaf_weight=47 795 41 129 361 230 377 45
leaf_count=47 795 41 129 361 230 377 45
internal_value=9.76324e-07 -0.000319167 7.11989e-05 0.000242494 -0.000722276 -0.000319554 0.000966126
internal_weight=2025 363 1662 1156 277 506 86
internal_count=2025 363 1662 1156 277 506 86
is_linear=0
shrinkage=0.04


Tree=60
num_leaves=6
num_cat=0
split_feature=30 40 45 13 8
split_gain=0.0271431 0.0327788 0.0452184 0.0391262 0.00567468
threshold=-1.5535970142598214 0.48776001800412516 -1.6825079194686954 0.82459571842689983 -0.24313411438197424
decision_type=2 2 2 2 2
left_child=4 3 -3 -2 -1
right_child=1 2 -4 -5 -6
leaf_value=0.00035047210065559264 2.5511926906681414e-05 0.00084460673872016221 -0.00040753657975436356 0.0010091810439959825 0.0010430924716361221
leaf_weight=40 1335 49 495 66 40
leaf_count=40 1335 49 495 66 40
internal_value=8.84427e-07 -2.91407e-05 -0.000292071 7.32243e-05 0.000713777
internal_weight=2025 1945 544 1401 80
internal_count=2025 1945 544 1401 80
is_linear=0
shrinkage=0.04


Tree=61
num_leaves=7
num_cat=0
split_feature=35 53 53 35 14 14
split_gain=0.0286166 0.0433606 0.0799872 0.058609 0.021962 0.0446093
threshold=-0.94449170284113759 -0.24999999999999997 0.25000000000000006 0.33370425442292723 -0.70299395881336391 -0.37414011088289939
decision_type=2 2 2 2 2 2
left_child=4 3 -3 -2 -1 -6
right_child=1 2 -4 -5 5 -7
leaf_value=-0.00035391101502076105 -0.00066424459471046255 0.00047476164378357916 -0.00019084707342013985 0.00012641020700602859 0.0016626048311203098 0.00024482293593907126
leaf_weight=46 349 495 688 261 46 140
leaf_count=46 349 495 688 261 46 140
internal_value=9.62135e-07 -5.32768e-05 8.79933e-05 -0.00032664 0.000417018 0.000609414
internal_weight=2025 1793 1183 610 232 186
internal_count=2025 1793 1183 610 232 186
is_linear=0
shrinkage=0.04


Tree=62
num_leaves=4
num_cat=0
split_feature=40 37 42
split_gain=0.0268042 0.065763 0.0346281
threshold=2.1946747603406114 2.113665207799786 -1.0520394022227741
decision_type=2 2 2
left_child=1 2 -1
right_child=-2 -3 -4
leaf_value=0.0006347910854017228 -0.0009535849903358726 0.0015348002057936456 -5.6072052130070945e-05
leaf_weight=122 44 43 1816
leaf_count=122 44 43 1816
internal_value=9.7494e-07 2.31171e-05 -1.19716e-05
internal_weight=2025 1981 1938
internal_count=2025 1981 1938
is_linear=0
shrinkage=0.04


Tree=63
num_leaves=5
num_cat=0
split_feature=35 47 25 13
split_gain=0.027191 0.0290613 0.0574511 0.0406453
threshold=-1.4016955814247813 -0.34098454121440969 0.074245498089635986 2.0038895569967741
decision_type=2 2 2 2
left_child=-1 2 -2 -3
right_child=1 3 -4 -5
leaf_value=0.0010081581871989849 0.00050321581961362914 -7.2823269069983353e-05 -0.00029682759546343924 -0.0010760899253792185
leaf_weight=40 387 1306 226 66
leaf_count=40 387 1306 226 66
internal_value=9.81724e-07 -2.03083e-05 0.000208251 -0.000122581
internal_weight=2025 1985 613 1372
internal_count=2025 1985 613 1372
is_linear=0
shrinkage=0.04


Tree=64
num_leaves=7
num_cat=0
split_feature=28 36 28 36 42 47
split_gain=0.0257034 0.0460378 0.041976 0.0837442 0.0359408 0.0166413
threshold=-0.69255466573825297 0.45515229017421693 -0.44043505675487493 -0.13321468296478947 -0.98443968866283493 -0.65701719661041835
decision_type=2 2 2 2 2 2
left_child=1 5 3 -2 -4 -1
right_child=2 -3 4 -5 -6 -7
leaf_value=0.0013423326907254624 0.00046432769255969969 -0.00053083461400217798 0.00065527347011512191 -0.0010049466208750331 -2.5402403083381836e-05 0.00045005358375639626
leaf_weight=55 93 56 134 179 1419 89
leaf_count=55 93 56 134 179 1419 89
internal_value=9.45043e-07 0.000429106 -4.63951e-05 -0.000502862 3.40967e-05 0.000804574
internal_weight=2025 200 1825 272 1553 144
internal_count=2025 200 1825 272 1553 144
is_linear=0
shrinkage=0.04


Tree=65
num_leaves=5
num_cat=0
split_feature=35 40 45 26
split_gain=0.0249032 0.0280253 0.0740406 0.049545
threshold=-1.2967137973602023 0.52087719032554869 -1.8061040783495599 0.3097818709935955
decision_type=2 2 2 2
left_child=-1 3 -3 -2
right_child=1 2 -4 -5
leaf_value=0.00076520830738555762 -9.7255345647841962e-05 0.0011722291223522203 -0.00043362288185291159 0.00040158554058803553
leaf_weight=64 974 49 467 471
leaf_count=64 974 49 467 471
internal_value=9.60555e-07 -2.4736e-05 -0.000277192 6.56729e-05
internal_weight=2025 1961 516 1445
internal_count=2025 1961 516 1445
is_linear=0
shrinkage=0.04


Tree=66
num_leaves=8
num_cat=0
split_feature=53 35 53 25 24 11 53
split_gain=0.0245418 0.103344 0.0910156 0.0602369 0.049042 0.0588595 0.0407393
threshold=-0.58333333333333315 0.53869786446478674 -0.74999999999999989 0.4020779905168807 0.55939686800264699 -0.37867637455538666 0.25000000000000006
decision_type=2 2 2 2 2 2 2
left_child=1 3 -3 -1 6 -6 -2
right_child=4 2 -4 -5 5 -7 -8
leaf_value=-0.00049475548882956476 0.00036388987621678484 0.0016170399360143004 -0.00044237255956977605 -0.0021637992287964324 0.00066385573258256197 -0.0006327544704302937 -8.4818985782222561e-05
leaf_weight=188 769 66 68 41 69 267 557
leaf_count=188 769 66 68 41 69 267 557
internal_value=9.93494e-07 -0.000296039 0.000580828 -0.000809727 6.61467e-05 -0.000364134 0.000175561
internal_weight=2025 363 134 229 1662 336 1326
internal_count=2025 363 134 229 1662 336 1326
is_linear=0
shrinkage=0.04


Tree=67
num_leaves=4
num_cat=0
split_feature=40 37 14
split_gain=0.0242558 0.0609172 0.033002
threshold=2.1946747603406114 2.113665207799786 1.2499937270011627
decision_type=2 2 2
left_child=1 2 -1
right_child=-2 -3 -4
leaf_value=-5.2966480818981507e-05 -0.00090714296594302619 0.0014768927184243997 0.00064851314572590853
leaf_weight=1826 44 43 112
leaf_count=1826 44 43 112
internal_value=9.07433e-07 2.19707e-05 -1.18001e-05
internal_weight=2025 1981 1938
internal_count=2025 1981 1938
is_linear=0
shrinkage=0.04


Tree=68
num_leaves=7
num_cat=0
split_feature=35 53 53 35 14 14
split_gain=0.0241277 0.0387799 0.070023 0.0539941 0.0205884 0.0395494
threshold=-0.94449170284113759 -0.24999999999999997 0.25000000000000006 0.33370425442292723 -0.70299395881336391 -0.37414011088289939
decision_type=2 2 2 2 2 2
left_child=4 3 -3 -2 -1 -6
right_child=1 2 -4 -5 5 -7
leaf_value=-0.0003629417696114009 -0.0006314547039175751 0.00044658584735048166 -0.00017618856913320443 0.00012740069451412547 0.0015609467409861586 0.00022609814690773597
leaf_weight=46 349 495 688 261 46 140
leaf_count=46 349 495 688 261 46 140
internal_value=9.17124e-07 -4.88864e-05 8.47114e-05 -0.000307409 0.000382949 0.000569316
internal_weight=2025 1793 1183 610 232 186
internal_count=2025 1793 1183 610 232 186
is_linear=0
shrinkage=0.04


Tree=69
num_leaves=7
num_cat=0
split_feature=28 36 28 36 40 44
split_gain=0.0234067 0.0425129 0.038376 0.0772373 0.0375129 0.0162498
threshold=-0.69255466573825297 0.45515229017421693 -0.44043505675487493 -0.13321468296478947 0.52087719032554869 0.19377060167538204
decision_type=2 2 2 2 2 2
left_child=1 5 3 -2 -4 -1
right_child=2 -3 4 -5 -6 -7
leaf_value=0.0010894272204235657 0.00044812052926097656 -0.00051288880734977403 0.00017050531071521234 -0.00096289444174836201 -0.00024701579756344438 0.00020276782295497304
leaf_weight=91 93 56 1041 179 512 53
leaf_count=91 93 56 1041 179 512 53
internal_value=9.27423e-07 0.000409512 -4.42482e-05 -0.000480702 3.27144e-05 0.000770335
internal_weight=2025 200 1825 272 1553 144
internal_count=2025 200 1825 272 1553 144
is_linear=0
shrinkage=0.04


Tree=70
num_leaves=7
num_cat=0
split_feature=53 13 13 42 14 16
split_gain=0.0241047 0.0608709 0.0571963 0.0554604 0.0533427 0.051482
threshold=0.75000000000000011 -0.46246953793708173 -0.56528098460474718 0.21130031316814293 -0.42405158910147128 0.87596581479430391
decision_type=2 2 2 2 2 2
left_child=2 -2 3 -1 -4 -3
right_child=1 5 4 -5 -6 -7
leaf_value=-0.00098964377168761519 0.0012702974219185612 0.00036396013583841509 -0.00030155094665707541 0.0002211241440280624 0.00020809644998568837 -0.0011755266073547926
leaf_weight=179 79 124 481 90 1026 46
leaf_count=179 79 124 481 90 1026 46
internal_value=8.97747e-07 0.00036784 -5.09044e-05 -0.000585912 4.52446e-05 -6.1432e-05
internal_weight=2025 249 1776 269 1507 170
internal_count=2025 249 1776 269 1507 170
is_linear=0
shrinkage=0.04


Tree=71
num_leaves=5
num_cat=0
split_feature=35 28 53 35
split_gain=0.0228497 0.0248536 0.040366 0.0363087
threshold=-1.4016955814247813 -0.65673811565306195 0.58333333333333337 0.361817868315157
decision_type=2 2 2 2
left_child=-1 3 -3 -2
right_child=1 2 -4 -5
leaf_value=0.00092412505842124422 0.00071486450118731849 -0.00016154794816780374 0.00033227792780559799 -0.00034231825702590868
leaf_weight=40 156 1430 323 76
leaf_count=40 156 1430 323 76
internal_value=8.45922e-07 -1.86706e-05 -7.02828e-05 0.00036858
internal_weight=2025 1985 1753 232
internal_count=2025 1985 1753 232
is_linear=0
shrinkage=0.04


Tree=72
num_leaves=8
num_cat=0
split_feature=47 25 13 8 24 39 42
split_gain=0.0226169 0.0503357 0.0532 0.0414071 0.0308279 0.0605203 0.0222277
threshold=-0.34098454121440969 0.074245498089635986 -0.33700611646167195 0.63511635619346141 -1.0749915828052046 1.9515188340507592 -0.49351125373140875
decision_type=2 2 2 2 2 2 2
left_child=1 3 -3 -1 6 -6 -2
right_child=4 2 -4 -5 5 -7 -8
leaf_value=0.00027344469421612005 0.00081029267471737464 0.00070162051708365868 -0.00065061331863486857 0.0013162518675304265 -0.00010065911397472397 -0.0016453211102634669 -0.00019431453946578716
leaf_weight=316 96 63 163 74 1219 40 54
leaf_count=316 96 63 163 74 1219 40 54
internal_value=8.70002e-07 0.000202661 -0.000270815 0.000477017 -8.75133e-05 -0.000152267 0.000450836
internal_weight=2025 616 226 390 1409 1259 150
internal_count=2025 616 226 390 1409 1259 150
is_linear=0
shrinkage=0.04


Tree=73
num_leaves=5
num_cat=0
split_feature=26 42 47 28
split_gain=0.0222714 0.0269431 0.032966 0.0148312
threshold=-1.5202995524121925 -1.0520394022227741 -0.34098454121440969 0.088907021143617523
decision_type=2 2 2 2
left_child=-1 3 -3 -2
right_child=1 2 -4 -5
leaf_value=0.00091237553855448605 0.0011517251475809396 0.00018844274091024639 -0.0001707035797724717 0.00021428536322588721
leaf_weight=40 42 601 1269 73
leaf_count=40 42 601 1269 73
internal_value=8.55355e-07 -1.84127e-05 -5.51994e-05 0.00057049
internal_weight=2025 1985 1870 115
internal_count=2025 1985 1870 115
is_linear=0
shrinkage=0.04


Tree=74
num_leaves=4
num_cat=0
split_feature=40 37 14
split_gain=0.0217146 0.0554324 0.0305774
threshold=2.1946747603406114 2.113665207799786 1.2499937270011627
decision_type=2 2 2
left_child=1 2 -1
right_child=-2 -3 -4
leaf_value=-5.0998784676708764e-05 -0.00085825481738024598 0.0014087199399040807 0.00062422147921384558
leaf_weight=1826 44 43 112
leaf_count=1826 44 43 112
internal_value=9.11764e-07 2.08411e-05 -1.13735e-05
internal_weight=2025 1981 1938
internal_count=2025 1981 1938
is_linear=0
shrinkage=0.04


Tree=75
num_leaves=8
num_cat=0
split_feature=33 40 26 8 40 53 45
split_gain=0.0210399 0.0386613 0.0453277 0.0363302 0.0165198 0.0352503 0.00941699
threshold=-0.83515495112515226 0.52087719032554869 0.3097818709935955 -0.85703090824269246 0.018802982511467115 1.0000000180025095e-35 0.3324604919224583
decision_type=2 2 2 2 2 2 2
left_child=4 2 -2 -3 6 -6 -1
right_child=1 3 -4 -5 5 -7 -8
leaf_value=-0.00051246440721054872 -0.0001122753606327767 0.0005416680539880569 0.0003733350538942251 -0.00052099831673161441 0.00020050200237892567 0.0014905149319868847 0.0003159706874447333
leaf_weight=43 874 58 472 373 118 46 41
leaf_count=43 874 58 472 373 118 46 41
internal_value=9.19641e-07 -4.73674e-05 5.83142e-05 -0.000376153 0.000344523 0.000575933 -0.000110165
internal_weight=2025 1777 1346 431 248 164 84
internal_count=2025 1777 1346 431 248 164 84
is_linear=0
shrinkage=0.04


Tree=76
num_leaves=7
num_cat=0
split_feature=35 44 28 10 37 45
split_gain=0.0204275 0.0543936 0.0539811 0.0355457 0.0475145 0.0318606
threshold=-0.14974276344626106 -1.9606644214962641 -0.22216967857676237 -0.22288877386368028 -0.92454538624115157 -0.61575082932418712
decision_type=2 2 2 2 2 2
left_child=1 -1 -3 4 -2 -5
right_child=3 2 -4 5 -6 -7
leaf_value=0.0011571231796645011 0.00043831152402190973 0.00057384293069493971 -0.00016339619973548949 -0.00046717028707886739 -0.0005478263180383493 0.00021957224278031586
leaf_weight=76 95 221 551 133 408 541
leaf_count=76 95 221 551 133 408 541
internal_value=9.5296e-07 0.000150429 4.85903e-05 -0.000106813 -0.000360579 8.30765e-05
internal_weight=2025 848 772 1177 503 674
internal_count=2025 848 772 1177 503 674
is_linear=0
shrinkage=0.04


Tree=77
num_leaves=8
num_cat=0
split_feature=53 36 53 37 36 40 38
split_gain=0.0205725 0.101346 0.0708445 0.0580102 0.0542262 0.0570945 0.0430922
threshold=-0.58333333333333315 0.55459109464115397 -0.74999999999999989 -0.25288245589708763 0.29284054987594138 0.45690273247437302 -0.52399951628288144
decision_type=2 2 2 2 2 2 2
left_child=1 3 -3 -1 5 -2 -6
right_child=4 2 -4 -5 6 -7 -8
leaf_value=-0.0020386560714998566 0.00040081276052071711 0.0018896345525257748 -0.00017880091324776128 -0.0004240551559566732 -0.00090903569130517563 -0.00020469035445950631 -6.6487523158864756e-05
leaf_weight=41 795 47 57 218 129 361 377
leaf_count=41 795 47 57 218 129 361 377
internal_value=9.62614e-07 -0.00027099 0.000773989 -0.000693312 6.06146e-05 0.000211697 -0.000284021
internal_weight=2025 363 104 259 1662 1156 506
internal_count=2025 363 104 259 1662 1156 506
is_linear=0
shrinkage=0.04


Tree=78
num_leaves=5
num_cat=0
split_feature=45 26 53 53
split_gain=0.0211135 0.0363039 0.0328856 0.0279655
threshold=-3.1590654258467086 1.1012869256471258 -0.41666666666666657 -0.24999999999999997
decision_type=2 2 2 2
left_child=2 3 -1 -2
right_child=1 -3 -4 -5
leaf_value=0.001298408806649968 -0.00021307209017233102 -0.00091819107831737792 -6.8687397931970552e-05 0.00011532199117865501
leaf_weight=48 627 69 64 1217
leaf_count=48 627 69 64 1217
internal_value=8.63674e-07 -3.06195e-05 0.000529711 3.55101e-06
internal_weight=2025 1913 112 1844
internal_count=2025 1913 112 1844
is_linear=0
shrinkage=0.04


Tree=79
num_leaves=7
num_cat=0
split_feature=10 40 42 37 11 35
split_gain=0.0198902 0.0732344 0.0377714 0.0388797 0.0308865 0.00854571
threshold=1.585248017123303 1.5048051698007374 -1.0520394022227741 0.89873940608021463 -0.72286975020216759 -0.63839405043004704
decision_type=2 2 2 2 2 2
left_child=2 4 5 -4 -2 -1
right_child=1 -3 3 -5 -6 -7
leaf_value=0.0011171563558358079 4.8244424079629507e-05 -0.00094671472583128058 -2.4700628685936278e-05 -0.000710696264112711 0.0013901440699610249 0.0003733872590601095
leaf_weight=43 42 44 1614 142 78 62
leaf_count=43 42 44 1614 142 78 62
internal_value=8.37566e-07 0.000420394 -3.65473e-05 -8.09195e-05 0.00092897 0.000693167
internal_weight=2025 164 1861 1756 120 105
internal_count=2025 164 1861 1756 120 105
is_linear=0
shrinkage=0.04


Tree=80
num_leaves=7
num_cat=0
split_feature=12 24 27 53 40 13
split_gain=0.0197288 0.0497363 0.0352487 0.032499 0.073417 0.0608365
threshold=1.0136470638038173 1.1350255113459242 0.65135171713987849 0.75000000000000011 -0.35026050458954877 -0.56528098460474718
decision_type=2 2 2 2 2 2
left_child=3 2 -2 5 -5 -1
right_child=1 -3 -4 4 -6 -7
leaf_value=-0.00057222157000082804 -0.0017123023209976965 0.00048981639729332065 -0.0002409534453582982 0.0012776172531576938 -0.00020895322526484961 8.5111675774080553e-05
leaf_weight=267 48 60 56 100 110 1384
leaf_count=267 48 60 56 100 110 1384
internal_value=8.53271e-07 -0.000416999 -0.000939532 3.80845e-05 0.000504312 -2.17561e-05
internal_weight=2025 164 104 1861 210 1651
internal_count=2025 164 104 1861 210 1651
is_linear=0
shrinkage=0.04


Tree=81
num_leaves=7
num_cat=0
split_feature=45 47 53 53 35 35
split_gain=0.0195369 0.0440738 0.0314259 0.0586096 0.0524317 0.0243427
threshold=-1.4199897828991095 -0.16279558958167042 -0.24999999999999997 0.25000000000000006 0.361817868315157 -0.27120100003159853
decision_type=2 2 2 2 2 2
left_child=1 -1 4 -4 -2 -3
right_child=2 5 3 -5 -6 -7
leaf_value=0.0012210964102467353 -0.00057033070459573839 0.00071818264749120262 0.00039051362067735656 -0.00017294034817293578 0.00019140010434057331 -0.00033460930730545873
leaf_weight=64 373 49 527 667 234 111
leaf_count=64 373 49 527 667 234 111
internal_value=7.84336e-07 0.000351366 -4.31608e-05 7.59905e-05 -0.000277017 -7.30578e-06
internal_weight=2025 224 1801 1194 607 160
internal_count=2025 224 1801 1194 607 160
is_linear=0
shrinkage=0.04


Tree=82
num_leaves=7
num_cat=0
split_feature=28 28 35 36 40 46
split_gain=0.0195858 0.0438741 0.0579837 0.0310305 0.0292345 0.0188687
threshold=-0.65673811565306195 -0.44043505675487493 -0.14571983691669374 0.45515229017421693 0.52087719032554869 0.063109984406480232
decision_type=2 2 2 2 2 2
left_child=3 2 -2 5 -3 -1
right_child=1 4 -4 -5 -6 -7
leaf_value=0.00013802361263373457 0.0003969946614076459 0.00015559505722822286 -0.00094868747498763053 -0.00041978285542600569 -0.00021299102551507418 0.00098521658169504795
leaf_weight=75 72 1041 168 61 512 96
leaf_count=75 72 1041 168 61 512 96
internal_value=8.09924e-07 -4.40618e-05 -0.000545038 0.000345012 3.39603e-05 0.000619532
internal_weight=2025 1793 240 232 1553 171
internal_count=2025 1793 240 232 1553 171
is_linear=0
shrinkage=0.04


Tree=83
num_leaves=5
num_cat=0
split_feature=26 47 25 42
split_gain=0.0197289 0.0217276 0.0437975 0.0285217
threshold=-1.5202995524121925 -0.34098454121440969 0.09721848172599519 -1.0828518188101894
decision_type=2 2 2 2
left_child=-1 2 -2 -3
right_child=1 3 -4 -5
leaf_value=0.00085869670091640385 0.00042668546521451226 0.00058256863570487535 -0.00027774548509965628 -0.00015424152805307693
leaf_weight=40 400 88 216 1281
leaf_count=40 400 88 216 1281
internal_value=7.81253e-07 -1.73536e-05 0.000179578 -0.000106098
internal_weight=2025 1985 616 1369
internal_count=2025 1985 616 1369
is_linear=0
shrinkage=0.04


Tree=84
num_leaves=8
num_cat=0
split_feature=2 41 16 25 13 37 53
split_gain=0.019044 0.0313241 0.0382186 0.0282535 0.0195108 0.0274338 0.0261141
threshold=0.15021934833286379 -0.079875153901966991 -0.045927260324188653 0.41388513110652742 0.44927294058108658 -0.67800505921381571 1.0000000180025095e-35
decision_type=2 2 2 2 2 2 2
left_child=4 2 -2 -3 5 -1 -6
right_child=1 3 -4 -5 6 -7 -8
leaf_value=0.0004541491704873091 -0.00013040565637670255 0.00026157416626222061 -0.0010865816981980594 -0.00031849008140200124 0.00011266394482608573 -0.00011640877061971356 0.00084894331757222178
leaf_weight=167 183 336 104 221 236 665 113
leaf_count=167 183 336 104 221 236 665 113
internal_value=8.06677e-07 -0.000144106 -0.000482016 3.11069e-05 0.000104437 -1.07127e-06 0.000354537
internal_weight=2025 844 287 557 1181 832 349
internal_count=2025 844 287 557 1181 832 349
is_linear=0
shrinkage=0.04


Tree=85
num_leaves=6
num_cat=0
split_feature=30 41 48 45 50
split_gain=0.0184194 0.0221269 0.0502699 0.032893 0.00431664
threshold=-1.5535970142598214 -0.073275786448630906 0.13939160262906189 -0.37156293417134284 -1.2329757944185318
decision_type=2 2 2 2 2
left_child=4 2 -2 -3 -1
right_child=1 3 -4 -5 -6
leaf_value=0.00027360537699201986 -4.5902973860924149e-05 0.00043975318438477804 -0.00089589350649781302 -4.538062429530423e-05 0.00087446706523700241
leaf_weight=40 743 315 129 758 40
leaf_count=40 743 315 129 758 40
internal_value=7.75413e-07 -2.39585e-05 -0.000173409 9.7593e-05 0.000588037
internal_weight=2025 1945 872 1073 80
internal_count=2025 1945 872 1073 80
is_linear=0
shrinkage=0.04


Tree=86
num_leaves=7
num_cat=0
split_feature=28 28 36 36 40 40
split_gain=0.0181178 0.0330675 0.059543 0.0315795 0.028155 0.015576
threshold=-0.69255466573825297 -0.44043505675487493 -0.032629150435874464 0.45515229017421693 0.52087719032554869 -0.58535069441313148
decision_type=2 2 2 2 2 2
left_child=3 2 -2 5 -3 -1
right_child=1 4 -4 -5 -6 -7
leaf_value=-1.3161350839904378e-06 0.00028780928383572796 0.00015183060679228465 -0.00091653108613532104 -0.0004349029012945689 -0.00020988591916764932 0.00092498216155327789
leaf_weight=40 107 1041 165 56 512 104
leaf_count=40 107 1041 165 56 512 104
internal_value=7.68103e-07 -3.89773e-05 -0.000444122 0.00036024 3.24617e-05 0.000671184
internal_weight=2025 1825 272 200 1553 144
internal_count=2025 1825 272 200 1553 144
is_linear=0
shrinkage=0.04


Tree=87
num_leaves=5
num_cat=0
split_feature=35 41 46 53
split_gain=0.0181976 0.0250417 0.0433919 0.0407565
threshold=-1.2967137973602023 -0.35273434957647914 -0.32020289081907088 -0.58333333333333315
decision_type=2 2 2 2
left_child=-1 3 -3 -2
right_child=1 2 -4 -5
leaf_value=0.00065403054545943933 -0.00090623389961373094 0.00041247643889825422 -7.652733715230291e-05 -7.4107989797213741e-05
leaf_weight=64 115 417 944 485
leaf_count=64 115 417 944 485
internal_value=7.29564e-07 -2.12365e-05 7.36851e-05 -0.00023608
internal_weight=2025 1961 1361 600
internal_count=2025 1961 1361 600
is_linear=0
shrinkage=0.04


Tree=88
num_leaves=7
num_cat=0
split_feature=12 24 53 40 53 42
split_gain=0.0182324 0.0445545 0.0293167 0.0654731 0.0579471 0.0269473
threshold=1.0136470638038173 1.1350255113459242 0.75000000000000011 -0.35026050458954877 0.41666666666666669 0.59287081621655002
decision_type=2 2 2 2 2 2
left_child=2 5 4 -4 -1 -2
right_child=1 -3 3 -5 -6 -7
leaf_value=9.2635580778884264e-05 -0.0016117719640123083 0.00045742018366112347 0.0012095684463879568 -0.00019431396620348096 -0.00051628801452805763 -0.00031428667002922442
leaf_weight=1346 45 60 100 110 305 59
leaf_count=1346 45 60 100 110 305 59
internal_value=7.00761e-07 -0.000400992 3.64923e-05 0.000479306 -2.03434e-05 -0.000895517
internal_weight=2025 164 1861 210 1651 104
internal_count=2025 164 1861 210 1651 104
is_linear=0
shrinkage=0.04


Tree=89
num_leaves=6
num_cat=0
split_feature=38 42 42 28 7
split_gain=0.0178291 0.0762632 0.0306766 0.0238912 0.00845326
threshold=1.84296596656219 -0.057212876202737267 -1.0520394022227741 -0.65673811565306195 -0.0082760182875109053
decision_type=2 2 2 2 2
left_child=2 -2 4 -4 -1
right_child=1 -3 3 -5 -6
leaf_value=0.00025773745754056356 -0.00065476120341502659 0.0013167845088173636 0.00031377423464156189 -0.00012442874192713352 0.0009821759533197446
leaf_weight=53 54 70 226 1570 52
leaf_count=53 54 70 226 1570 52
internal_value=6.38116e-07 0.000461443 -2.9873e-05 -6.89997e-05 0.000628159
internal_weight=2025 124 1901 1796 105
internal_count=2025 124 1901 1796 105
is_linear=0
shrinkage=0.04


Tree=90
num_leaves=5
num_cat=0
split_feature=26 47 36 28
split_gain=0.0178065 0.0199766 0.0568328 0.0565662
threshold=-1.5202995524121925 0.5905309217516771 0.64114604537257036 1.1220388210299015
decision_type=2 2 2 2
left_child=-1 3 -3 -2
right_child=1 2 -4 -5
leaf_value=0.00081574048625216594 0.00010896917910696788 -0.00054533523639426146 0.00039208202872400969 -0.0010322938190313847
leaf_weight=40 1444 319 151 71
leaf_count=40 1444 319 151 71
internal_value=6.95128e-07 -1.65335e-05 -0.00024378 5.41938e-05
internal_weight=2025 1985 470 1515
internal_count=2025 1985 470 1515
is_linear=0
shrinkage=0.04


Tree=91
num_leaves=7
num_cat=0
split_feature=33 41 40 39 47 53
split_gain=0.017968 0.0310865 0.0429469 0.0365412 0.0216785 0.016385
threshold=-0.83515495112515226 -0.073275786448630906 -0.78408027217795995 1.666044464351061 0.87654950355054184 1.0000000180025095e-35
decision_type=2 2 2 2 2 2
left_child=4 2 -2 -3 5 -1
right_child=1 3 -4 -5 -6 -7
leaf_value=0.00027799710733362733 -0.0014444803836781326 3.7838133022427037e-05 -0.0001669814041179998 0.0010876907616160939 -0.00022494810850382495 0.0011058998092388114
leaf_weight=111 43 1009 671 54 79 58
leaf_count=111 43 1009 671 54 79 58
internal_value=6.57029e-07 -4.39657e-05 -0.000247738 9.31127e-05 0.000318187 0.000571741
internal_weight=2025 1777 714 1063 248 169
internal_count=2025 1777 714 1063 248 169
is_linear=0
shrinkage=0.04


Tree=92
num_leaves=7
num_cat=0
split_feature=35 53 53 35 14 14
split_gain=0.0172658 0.0273365 0.059842 0.0495082 0.0182421 0.031328
threshold=-0.94449170284113759 -0.24999999999999997 0.25000000000000006 0.33370425442292723 -0.70299395881336391 -0.37414011088289939
decision_type=2 2 2 2 2 2
left_child=4 3 -3 -2 -1 -6
right_child=1 2 -4 -5 5 -7
leaf_value=-0.0003773732372792438 -0.00056885797665847066 0.00040523837825695195 -0.0001704777108122168 0.00015760957221026947 0.0013819302486566206 0.0001940676591254141
leaf_weight=46 349 495 688 261 46 140
leaf_count=46 349 495 688 261 46 140
internal_value=6.57309e-07 -4.1473e-05 7.06952e-05 -0.000258526 0.000323831 0.000499416
internal_weight=2025 1793 1183 610 232 186
internal_count=2025 1793 1183 610 232 186
is_linear=0
shrinkage=0.04


Tree=93
num_leaves=4
num_cat=0
split_feature=40 37 40
split_gain=0.0176945 0.0464357 0.0202075
threshold=2.1946747603406114 2.113665207799786 0.48776001800412516
decision_type=2 2 2
left_child=1 2 -1
right_child=-2 -3 -4
leaf_value=6.7113233867463541e-05 -0.00077489870117025694 0.0012889317464497355 -0.00022446604125168169
leaf_weight=1421 44 43 517
leaf_count=1421 44 43 517
internal_value=6.71359e-07 1.86617e-05 -1.08225e-05
internal_weight=2025 1981 1938
internal_count=2025 1981 1938
is_linear=0
shrinkage=0.04


Tree=94
num_leaves=7
num_cat=0
split_feature=12 24 14 53 13 37
split_gain=0.0172835 0.0388393 0.0295216 0.0274247 0.0548916 0.0449489
threshold=1.0136470638038173 1.1350255113459242 0.41929246819746108 0.75000000000000011 -0.56528098460474718 -0.24833583453561539
decision_type=2 2 2 2 2 2
left_child=3 2 -2 4 -1 -5
right_child=1 -3 -4 5 -6 -7
leaf_value=-0.00054234474066789458 -7.158503293039951e-05 0.00041137210226752942 -0.0014254728688659971 0.00086483927605311489 8.2045403552968757e-05 -0.00037446907272429338
leaf_weight=267 45 60 59 142 1384 68
leaf_count=267 45 60 59 142 1384 68
internal_value=6.58581e-07 -0.000390441 -0.00085206 3.55063e-05 -1.94651e-05 0.000463793
internal_weight=2025 164 104 1861 1651 210
internal_count=2025 164 104 1861 1651 210
is_linear=0
shrinkage=0.04


Tree=95
num_leaves=7
num_cat=0
split_feature=45 35 42 40 4 26
split_gain=0.0169258 0.0372926 0.0402134 0.0277984 0.0404859 0.0364912
threshold=-1.4199897828991095 -0.27120100003159853 0.1487687764239507 0.46462885487210498 0.29256140373404416 0.3097818709935955
decision_type=2 2 2 2 2 2
left_child=1 -1 -3 5 -5 -2
right_child=3 2 -4 4 -6 -7
leaf_value=0.0010783817190288876 -8.6729816543593702e-05 -0.00067009303226278952 0.00060630347751066446 -3.4833702469064346e-05 -0.00076106930908281356 0.00037308512687928968
leaf_weight=70 840 76 78 370 182 409
leaf_count=70 840 76 78 370 182 409
internal_value=5.90576e-07 0.000326905 -2.41217e-05 -4.03125e-05 -0.000276164 6.41978e-05
internal_weight=2025 224 154 1801 552 1249
internal_count=2025 224 154 1801 552 1249
is_linear=0
shrinkage=0.04


Tree=96
num_leaves=8
num_cat=0
split_feature=2 41 16 25 13 31 40
split_gain=0.0171126 0.0237869 0.033154 0.0270249 0.0166658 0.0362407 0.0266828
threshold=0.15021934833286379 -0.079875153901966991 -0.045927260324188653 0.66574899012834521 0.86282520272276142 -0.11078144681233787 0.4810739719479325
decision_type=2 2 2 2 2 2 2
left_child=4 2 -2 -3 6 -6 -1
right_child=1 3 -4 -5 5 -7 -8
leaf_value=0.00013417362956906433 -0.00010397041175589973 0.00016224155456553255 -0.00099428324482430048 -0.0005107571517659321 0.00083607394506543639 -0.00027948049089015538 -0.00038817909757535047
leaf_weight=790 183 437 104 120 126 72 193
leaf_count=790 183 437 104 120 126 72 193
internal_value=5.86887e-07 -0.000136781 -0.000431241 1.59422e-05 9.88221e-05 0.00043168 3.10361e-05
internal_weight=2025 844 287 557 1181 198 983
internal_count=2025 844 287 557 1181 198 983
is_linear=0
shrinkage=0.04


Tree=97
num_leaves=7
num_cat=0
split_feature=28 28 42 34 42 49
split_gain=0.0160062 0.0370482 0.0601302 0.026071 0.0204707 0.0155494
threshold=-0.65673811565306195 -0.44806921187777088 -0.15734289592067099 0.46587064125970928 -0.83118265374310052 -0.21312148423663449
decision_type=2 2 2 2 2 2
left_child=3 2 -2 5 -3 -1
right_child=1 4 -4 -5 -6 -7
leaf_value=0.00078652363982482639 -0.0013060277543390049 0.00040182103103680026 6.6124387538164032e-06 -0.00057121496261309157 -2.6089355692490483e-05 3.968847242553961e-05
leaf_weight=119 90 204 142 42 1357 71
leaf_count=119 90 204 142 42 1357 71
internal_value=5.18252e-07 -4.00461e-05 -0.000509412 0.00031168 3.02749e-05 0.000510764
internal_weight=2025 1793 232 232 1561 190
internal_count=2025 1793 232 232 1561 190
is_linear=0
shrinkage=0.04


Tree=98
num_leaves=4
num_cat=0
split_feature=40 37 14
split_gain=0.0162994 0.0410862 0.0265483
threshold=2.1946747603406114 2.113665207799786 1.2499937270011627
decision_type=2 2 2
left_child=1 2 -1
right_child=-2 -3 -4
leaf_value=-4.6919354829300825e-05 -0.00074389648841410557 0.0012125999509460395 0.00058224388932821489
leaf_weight=1826 44 43 112
leaf_count=1826 44 43 112
internal_value=4.71131e-07 1.77379e-05 -9.99628e-06
internal_weight=2025 1981 1938
internal_count=2025 1981 1938
is_linear=0
shrinkage=0.04


Tree=99
num_leaves=6
num_cat=0
split_feature=45 47 53 53 35
split_gain=0.0158182 0.0368751 0.0262374 0.0596973 0.0463823
threshold=-3.1590654258467086 0.5282566409729661 -0.24999999999999997 0.25000000000000006 0.33370425442292723
decision_type=2 2 2 2 2
left_child=1 -1 4 -4 -2
right_child=2 -3 3 -5 -6
leaf_value=0.00098950444041465005 -0.00049257851685447016 -0.00049961292923225774 0.00038950622863850192 -0.00016440240102826693 0.00020091869507679453
leaf_weight=72 408 40 555 704 246
leaf_count=72 408 40 555 704 246
internal_value=4.91911e-07 0.000458242 -2.67585e-05 8.00055e-05 -0.000231905
internal_weight=2025 112 1913 1259 654
internal_count=2025 112 1913 1259 654
is_linear=0
shrinkage=0.04


Tree=100
num_leaves=7
num_cat=0
split_feature=35 40 13 28 45 25
split_gain=0.0160196 0.0497851 0.0748005 0.0349897 0.0384312 0.0282804
threshold=-0.14974276344626106 1.5048051698007374 0.82459571842689983 -0.22216967857676237 -1.5181980367799672 -0.36697059285988992
decision_type=2 2 2 2 2 2
left_child=3 2 -2 5 -5 -1
right_child=1 -3 -4 4 -6 -7
leaf_value=7.1903217615464988e-05 -0.0001624775525808392 -0.001415129610739479 0.00084039881220087406 0.0009371728128733871 -0.00013756855434394726 0.00092632467560504865
leaf_weight=116 1002 42 133 57 543 132
leaf_count=116 1002 42 133 57 543 132
internal_value=4.88946e-07 -9.49443e-05 -4.36883e-05 0.000132859 -3.26938e-05 0.000530448
internal_weight=2025 1177 1135 848 600 248
internal_count=2025 1177 1135 848 600 248
is_linear=0
shrinkage=0.04


Tree=101
num_leaves=8
num_cat=0
split_feature=24 11 44 35 53 46 53
split_gain=0.0156964 0.0367203 0.048717 0.0410389 0.0348767 0.0368561 0.0315389
threshold=0.55939686800264699 -0.38641977026620228 -0.086859646756700229 0.77435878591576768 -0.58333333333333315 0.38426803996994457 0.25000000000000006
decision_type=2 2 2 2 2 2 2
left_child=4 2 -2 -3 5 -1 -6
right_child=1 3 -4 -5 6 -7 -8
leaf_value=-5.7157565376558208e-05 -0.00061545353053884893 -0.00082500276946100514 0.001119059993033068 4.2461751672924003e-05 0.00030733646907077057 -0.0011226978561387874 -8.743740954250597e-05
leaf_weight=175 41 178 64 169 769 72 557
leaf_count=175 41 178 64 169 769 72 557
internal_value=5.11245e-07 -0.000206709 0.00044293 -0.000404698 6.02428e-05 -0.000374283 0.000141626
internal_weight=2025 452 105 347 1573 247 1326
internal_count=2025 452 105 347 1573 247 1326
is_linear=0
shrinkage=0.04


Tree=102
num_leaves=7
num_cat=0
split_feature=53 13 13 42 14 16
split_gain=0.0156588 0.0456247 0.0443333 0.0465087 0.0456464 0.0397977
threshold=0.75000000000000011 -0.46246953793708173 -0.56528098460474718 0.21130031316814293 -0.42405158910147128 0.87596581479430391
decision_type=2 2 2 2 2 2
left_child=2 -2 3 -1 -4 -3
right_child=1 5 4 -5 -6 -7
leaf_value=-0.00088210170756696166 0.0010775315447388515 0.00029906892685204861 -0.0002774705184518994 0.00022628289293092881 0.00019398049108474647 -0.0010545481814187951
leaf_weight=179 79 124 481 90 1026 46
leaf_count=179 79 124 481 90 1026 46
internal_value=4.41899e-07 0.000296193 -4.13097e-05 -0.000512334 4.33358e-05 -7.52071e-05
internal_weight=2025 249 1776 269 1507 170
internal_count=2025 249 1776 269 1507 170
is_linear=0
shrinkage=0.04


Tree=103
num_leaves=8
num_cat=0
split_feature=2 41 16 25 13 25 48
split_gain=0.0156417 0.0212345 0.0303484 0.0245854 0.0142851 0.0231884 0.0170356
threshold=0.15021934833286379 -0.079875153901966991 -0.045927260324188653 0.66574899012834521 0.44927294058108658 0.51587832875080986 -0.16986009234154553
decision_type=2 2 2 2 2 2 2
left_child=4 2 -2 -3 5 -1 -6
right_child=1 3 -4 -5 6 -7 -8
leaf_value=0.00011982964320584111 -9.6061103303941926e-05 0.00015292515849868568 -0.0009478210497928678 -0.00048897822797832799 0.0005448845011072562 -0.00037920461013461895 -1.9686683901466878e-05
leaf_weight=640 183 437 104 120 202 192 147
leaf_count=640 183 437 104 120 202 192 147
internal_value=4.07757e-07 -0.000130924 -0.000409136 1.33789e-05 9.43263e-05 4.0347e-06 0.000308328
internal_weight=2025 844 287 557 1181 832 349
internal_count=2025 844 287 557 1181 832 349
is_linear=0
shrinkage=0.04


Tree=104
num_leaves=4
num_cat=0
split_feature=40 37 14
split_gain=0.0153027 0.0367515 0.0237741
threshold=2.1946747603406114 2.113665207799786 1.2499937270011627
decision_type=2 2 2
left_child=1 2 -1
right_child=-2 -3 -4
leaf_value=-4.4093615926266695e-05 -0.00072090328529315158 0.0011471542504926523 0.0005512901045700634
leaf_weight=1826 44 43 112
leaf_count=1826 44 43 112
internal_value=3.47475e-07 1.70781e-05 -9.15261e-06
internal_weight=2025 1981 1938
internal_count=2025 1981 1938
is_linear=0
shrinkage=0.04


Tree=105
num_leaves=7
num_cat=0
split_feature=28 28 42 40 36 44
split_gain=0.0146834 0.0337439 0.0488671 0.0267121 0.025067 0.0166864
threshold=-0.65673811565306195 -0.44043505675487493 -0.15734289592067099 0.52087719032554869 0.45515229017421693 0.3608424547592558
decision_type=2 2 2 2 2 2
left_child=4 2 -2 -3 5 -1
right_child=1 3 -4 -5 -6 -7
leaf_value=0.00076432812052327354 -0.0011727911731127419 0.00014621465684525595 -1.2751499501367409e-05 -0.0002061106336660002 -0.00038877026209356412 -0.00015287810655007528
leaf_weight=130 95 1041 145 512 61 41
leaf_count=130 95 1041 145 512 61 41
internal_value=3.70416e-07 -3.84814e-05 -0.000477831 2.99428e-05 0.000298398 0.000545188
internal_weight=2025 1793 240 1553 232 171
internal_count=2025 1793 240 1553 232 171
is_linear=0
shrinkage=0.04


Tree=106
num_leaves=7
num_cat=0
split_feature=2 41 53 25 25 25
split_gain=0.014518 0.0193377 0.0245324 0.0219338 0.0137669 0.0193679
threshold=0.15021934833286379 -0.11394723691575658 -0.58333333333333315 0.66574899012834521 1.1497014991094419 0.51587832875080986
decision_type=2 2 2 2 2 2
left_child=4 2 -2 -3 5 -1
right_child=1 3 -4 -5 -6 -7
leaf_value=0.00015212542880241344 -0.0012933884369253756 0.00013539053749656759 -0.0002391841516304666 -0.00046515923385853853 0.00071483345941049739 -0.00023861234265441108
leaf_weight=866 40 450 232 122 52 263
leaf_count=866 40 450 232 122 52 263
internal_value=3.15234e-07 -0.000126211 -0.000402523 6.12679e-06 9.07976e-05 6.08423e-05
internal_weight=2025 844 272 572 1181 1129
internal_count=2025 844 272 572 1181 1129
is_linear=0
shrinkage=0.04


Tree=107
num_leaves=7
num_cat=0
split_feature=53 46 53 13 37 53
split_gain=0.0143689 0.0430575 0.0416195 0.103146 0.0300775 0.0270785
threshold=0.75000000000000011 0.52996270493370357 0.41666666666666669 0.20202845963045438 -0.24833583453561539 -0.24999999999999997
decision_type=2 2 2 2 2 2
left_child=2 4 5 -4 -2 -1
right_child=1 -3 3 -5 -6 -7
leaf_value=-0.00012841650344422257 0.00085973243340101493 -0.00084186586889619427 -0.0008541186230298384 0.00089319802256899756 -0.00016149192842255744 0.00021467297780128629
leaf_weight=711 138 43 238 68 68 759
leaf_count=711 138 43 238 68 68 759
internal_value=2.53923e-07 0.000283562 -3.9741e-05 -0.000462547 0.000524318 4.87807e-05
internal_weight=2025 249 1776 306 206 1470
internal_count=2025 249 1776 306 206 1470
is_linear=0
shrinkage=0.04


Tree=108
num_leaves=7
num_cat=0
split_feature=12 24 27 53 40 39
split_gain=0.0141491 0.0335497 0.026868 0.022392 0.0523881 0.0437238
threshold=1.0136470638038173 1.1350255113459242 0.65135171713987849 0.75000000000000011 -0.35026050458954877 -0.55720857269560964
decision_type=2 2 2 2 2 2
left_child=3 2 -2 5 -5 -1
right_child=1 -3 -4 4 -6 -7
leaf_value=-0.00047945277007419045 -0.0014571643684525043 0.00039139384319329814 -0.00017429766245186329 0.0010720271575116261 -0.00018363433484669907 7.3703150696418393e-05
leaf_weight=272 48 60 56 100 110 1379
leaf_count=272 48 60 56 100 110 1379
internal_value=2.43045e-07 -0.000353621 -0.000782712 3.17733e-05 0.000418772 -1.78984e-05
internal_weight=2025 164 104 1861 210 1651
internal_count=2025 164 104 1861 210 1651
is_linear=0
shrinkage=0.04


Tree=109
num_leaves=7
num_cat=0
split_feature=28 36 28 35 40 40
split_gain=0.0140457 0.0265326 0.0248603 0.0529346 0.0249039 0.0138394
threshold=-0.69255466573825297 0.45515229017421693 -0.44043505675487493 -0.14571983691669374 0.52087719032554869 -0.58535069441313148
decision_type=2 2 2 2 2 2
left_child=1 5 3 -2 -4 -1
right_child=2 -3 4 -5 -6 -7
leaf_value=-3.0660064824457679e-05 0.00043462650869148734 -0.00041184985691996131 0.00013942216212308963 -0.00075977760002758632 -0.0002007687653214236 0.00084104392769936479
leaf_weight=40 85 56 1041 187 512 104
leaf_count=40 85 56 1041 187 512 104
internal_value=2.03429e-07 0.000316711 -3.47911e-05 -0.000386078 2.71525e-05 0.000601801
internal_weight=2025 200 1825 272 1553 144
internal_count=2025 200 1825 272 1553 144
is_linear=0
shrinkage=0.04


Tree=110
num_leaves=5
num_cat=0
split_feature=35 41 16 46
split_gain=0.0139765 0.0171601 0.039122 0.0351411
threshold=-1.4016955814247813 -0.35273434957647914 -0.045927260324188653 -0.32020289081907088
decision_type=2 2 2 2
left_child=-1 2 -2 -3
right_child=1 3 -4 -5
leaf_value=0.00072228826660042009 -7.0608550874706717e-05 0.00036876059460198688 -0.0010395848155205481 -7.0723714877986743e-05
leaf_weight=40 546 418 74 947
leaf_count=40 546 418 74 947
internal_value=1.95767e-07 -1.50676e-05 -0.000189231 6.42009e-05
internal_weight=2025 1985 620 1365
internal_count=2025 1985 620 1365
is_linear=0
shrinkage=0.04


Tree=111
num_leaves=8
num_cat=0
split_feature=24 11 35 45 47 45 24
split_gain=0.0135537 0.0318536 0.0355422 0.0338004 0.0266039 0.0295106 0.0185824
threshold=0.55939686800264699 -0.38641977026620228 0.77435878591576768 0.058251776827812747 0.87654950355054184 -1.3463772818501509 -1.3618373859769826
decision_type=2 2 2 2 2 2 2
left_child=4 3 -3 -2 5 -1 -6
right_child=1 2 -4 -5 6 -7 -8
leaf_value=0.00063077418051440937 -0.00023339815420331432 -0.00076792161073535679 3.9362877046373501e-05 0.0011869631089954352 0.00019028024525485104 4.3162934638979483e-05 -0.00081299380911999228
leaf_weight=151 58 178 169 47 43 1291 88
leaf_count=151 58 178 169 47 43 1291 88
internal_value=1.84389e-07 -0.000192373 -0.000376776 0.000412685 5.56897e-05 0.000105483 -0.000485766
internal_weight=2025 452 347 105 1573 1442 131
internal_count=2025 452 347 105 1573 1442 131
is_linear=0
shrinkage=0.04


Tree=112
num_leaves=4
num_cat=0
split_feature=40 37 14
split_gain=0.0136227 0.0344238 0.0213671
threshold=2.1946747603406114 2.113665207799786 1.2499937270011627
decision_type=2 2 2
left_child=1 2 -1
right_child=-2 -3 -4
leaf_value=-4.2536631729965832e-05 -0.00068031925898495791 0.0011096771669884522 0.0005219042032299433
leaf_weight=1826 44 43 112
leaf_count=1826 44 43 112
internal_value=1.87915e-07 1.59736e-05 -9.41231e-06
internal_weight=2025 1981 1938
internal_count=2025 1981 1938
is_linear=0
shrinkage=0.04


Tree=113
num_leaves=7
num_cat=0
split_feature=35 53 53 35 14 14
split_gain=0.0134865 0.0213032 0.0456872 0.0443584 0.0169353 0.0254221
threshold=-0.94449170284113759 -0.24999999999999997 0.25000000000000006 0.361817868315157 -0.70299395881336391 -0.37414011088289939
decision_type=2 2 2 2 2 2
left_child=4 3 -3 -2 -1 -6
right_child=1 2 -4 -5 5 -7
leaf_value=-0.00038917752332054081 -0.00051656152290149914 0.0003543133961699221 -0.00014872694893062669 0.00017312238465904905 0.0012501671276792573 0.00017999093300780992
leaf_weight=46 355 495 688 255 46 140
leaf_count=46 355 495 688 255 46 140
internal_value=2.16263e-07 -3.70183e-05 6.20018e-05 -0.000228627 0.000285839 0.000455142
internal_weight=2025 1793 1183 610 232 186
internal_count=2025 1793 1183 610 232 186
is_linear=0
shrinkage=0.04


Tree=114
num_leaves=8
num_cat=0
split_feature=2 41 16 25 37 13 25
split_gain=0.0134746 0.0170056 0.0289742 0.0209181 0.0133006 0.0332019 0.022699
threshold=0.15021934833286379 -0.11394723691575658 -0.045927260324188653 0.99325015324335364 -0.67800505921381571 -0.71395360771253891 -0.24758050119499961
decision_type=2 2 2 2 2 2 2
left_child=4 2 -2 -3 6 -6 -1
right_child=1 3 -4 -5 5 -7 -8
leaf_value=-0.00021503035621266934 -7.7777474368405014e-05 7.7583699714852552e-05 -0.00094094063674371388 -0.0007709480144594815 -0.00097358836084604256 8.3636124389484021e-05 0.00073881375893403828
leaf_weight=60 178 523 94 49 48 960 113
leaf_count=60 178 523 94 49 48 960 113
internal_value=2.43256e-07 -0.000121651 -0.000380767 2.46184e-06 8.74136e-05 3.14639e-05 0.000409324
internal_weight=2025 844 272 572 1181 1008 173
internal_count=2025 844 272 572 1181 1008 173
is_linear=0
shrinkage=0.04


Tree=115
num_leaves=7
num_cat=0
split_feature=46 28 24 25 53 26
split_gain=0.0136505 0.030487 0.0229004 0.0337467 0.0297828 0.0100204
threshold=2.1108702296137789 -0.038486918082862302 0.58226885849496612 1.1497014991094419 0.75000000000000011 0.60083728123354074
decision_type=2 2 2 2 2 2
left_child=2 -2 4 -4 -1 -3
right_child=1 5 3 -5 -6 -7
leaf_value=-1.6847001031751598e-05 -0.00050564014377936907 0.0009892130053079087 -0.00048295251643001483 0.00046246597041996819 0.00059039477707893055 0.00019016085225476197
leaf_weight=1341 45 71 314 73 141 40
leaf_count=1341 45 71 314 73 141 40
internal_value=1.51506e-07 0.000357179 -2.99985e-05 -0.000303157 4.16448e-05 0.000709728
internal_weight=2025 156 1869 387 1482 111
internal_count=2025 156 1869 387 1482 111
is_linear=0
shrinkage=0.04


Tree=116
num_leaves=7
num_cat=0
split_feature=28 28 42 40 36 46
split_gain=0.0130361 0.0283589 0.046326 0.0241117 0.020817 0.0163037
threshold=-0.65673811565306195 -0.44806921187777088 -0.15734289592067099 -0.26484334500421669 0.45515229017421693 -0.0083139344970987478
decision_type=2 2 2 2 2 2
left_child=4 2 -2 -3 5 -1
right_child=1 3 -4 -5 -6 -7
leaf_value=-2.6177063043559749e-05 -0.0011462858940554409 0.00029258259456762067 5.8705825722427106e-06 -6.7074979286696089e-05 -0.00034537465518085468 0.00078882421448773219
leaf_weight=60 90 399 142 1162 61 111
leaf_count=60 90 399 142 1162 61 111
internal_value=1.93863e-07 -3.64137e-05 -0.000447064 2.51122e-05 0.000281007 0.000505862
internal_weight=2025 1793 232 1561 232 171
internal_count=2025 1793 232 1561 232 171
is_linear=0
shrinkage=0.04


Tree=117
num_leaves=7
num_cat=0
split_feature=24 28 38 39 47 42
split_gain=0.0129917 0.0256128 0.049724 0.0354832 0.0179336 0.00906251
threshold=-1.0749915828052046 0.65027993442018672 1.84296596656219 1.9515188340507592 1.0453617678782903 -0.72260126718131301
decision_type=2 2 2 2 2 2
left_child=4 2 -2 -3 5 -1
right_child=1 3 -4 -5 -6 -7
leaf_value=0.0010802470021008049 2.7094390577623089e-06 -0.00017945520017930862 0.0013672010736031966 -0.0013730918597834913 -0.00019600202081589184 0.00028646027926588433
leaf_weight=46 1482 305 42 44 58 48
leaf_count=46 1482 305 42 44 58 48
internal_value=1.66468e-07 -2.88412e-05 4.20561e-05 -0.000336909 0.000353343 0.000689322
internal_weight=2025 1873 1524 349 152 94
internal_count=2025 1873 1524 349 152 94
is_linear=0
shrinkage=0.04


Tree=118
num_leaves=7
num_cat=0
split_feature=45 35 42 40 14 11
split_gain=0.0129527 0.0279389 0.0314713 0.0247424 0.0342894 0.0281531
threshold=-1.4199897828991095 -0.27120100003159853 0.1487687764239507 0.34959005694357631 -0.63015958761020974 -0.43106322491954197
decision_type=2 2 2 2 2 2
left_child=1 -1 -3 4 -2 -5
right_child=3 2 -4 5 -6 -7
leaf_value=0.00093609764512317883 -0.000460236459316331 -0.00058970612018572125 0.00053945564033347178 0.00012320960065149295 0.000156038653213417 -0.00044541856082012563
leaf_weight=70 166 76 78 215 1030 390
leaf_count=70 166 76 78 215 1030 390
internal_value=1.98805e-07 0.000285657 -1.82091e-05 -3.55826e-05 6.98766e-05 -0.000243604
internal_weight=2025 224 154 1801 1196 605
internal_count=2025 224 154 1801 1196 605
is_linear=0
shrinkage=0.04


Tree=119
num_leaves=7
num_cat=0
split_feature=46 24 38 53 34 25
split_gain=0.0123073 0.0202102 0.0317837 0.0268145 0.0119463 0.0350775
threshold=2.1108702296137789 0.58226885849496612 0.36429477693818418 0.75000000000000011 0.62549293963266328 -0.26568926528313241
decision_type=2 2 2 2 2 2
left_child=1 3 -3 -1 5 -2
right_child=4 2 -4 -5 -6 -7
leaf_value=-1.6622869436554918e-05 0.00075963082909393203 -0.00055938300594163357 0.00018949370991322212 0.0005595642329239241 0.00086606188017564526 -0.00064742453308459726
leaf_weight=1341 59 245 142 141 46 51
leaf_count=1341 59 245 142 141 46 51
internal_value=2.01092e-07 -2.84272e-05 -0.00028504 3.88768e-05 0.000339209 0.000107357
internal_weight=2025 1869 387 1482 156 110
internal_count=2025 1869 387 1482 156 110
is_linear=0
shrinkage=0.04


end of trees

feature_importances:
Column_53=108
Column_40=64
Column_35=52
Column_25=42
Column_28=42
Column_26=33
Column_42=31
Column_37=29
Column_47=28
Column_14=26
Column_36=25
Column_13=23
Column_24=19
Column_45=18
Column_11=15
Column_41=14
Column_46=13
Column_38=12
Column_10=10
Column_44=9
Column_16=7
Column_33=7
Column_8=6
Column_34=6
Column_2=5
Column_30=5
Column_39=5
Column_4=4
Column_12=4
Column_48=4
Column_50=4
Column_20=2
Column_27=2
Column_7=1
Column_31=1
Column_32=1
Column_49=1

parameters:
[boosting: gbdt]
[objective: regression]
[metric: l2]
[tree_learner: serial]
[device_type: cpu]
[data_sample_strategy: bagging]
[data: ]
[valid: ]
[num_iterations: 120]
[learning_rate: 0.04]
[num_leaves: 15]
[num_threads: 2]
[seed: 42]
[deterministic: 1]
[force_col_wise: 1]
[force_row_wise: 0]
[histogram_pool_size: -1]
[max_depth: 3]
[min_data_in_leaf: 40]
[min_sum_hessian_in_leaf: 0.001]
[bagging_fraction: 0.85]
[pos_bagging_fraction: 1]
[neg_bagging_fraction: 1]
[bagging_freq: 0]
[bagging_seed: 400]
[bagging_by_query: 0]
[feature_fraction: 0.8]
[feature_fraction_bynode: 1]
[feature_fraction_seed: 30056]
[extra_trees: 0]
[extra_seed: 12879]
[early_stopping_round: 0]
[early_stopping_min_delta: 0]
[first_metric_only: 0]
[max_delta_step: 0]
[lambda_l1: 0]
[lambda_l2: 2]
[linear_lambda: 0]
[min_gain_to_split: 0]
[drop_rate: 0.1]
[max_drop: 50]
[skip_drop: 0.5]
[xgboost_dart_mode: 0]
[uniform_drop: 0]
[drop_seed: 17869]
[top_rate: 0.2]
[other_rate: 0.1]
[min_data_per_group: 100]
[max_cat_threshold: 32]
[cat_l2: 10]
[cat_smooth: 10]
[max_cat_to_onehot: 4]
[top_k: 20]
[monotone_constraints: ]
[monotone_constraints_method: basic]
[monotone_penalty: 0]
[feature_contri: ]
[forcedsplits_filename: ]
[refit_decay_rate: 0.9]
[cegb_tradeoff: 1]
[cegb_penalty_split: 0]
[cegb_penalty_feature_lazy: ]
[cegb_penalty_feature_coupled: ]
[path_smooth: 0]
[interaction_constraints: ]
[verbosity: -1]
[saved_feature_importance_type: 0]
[use_quantized_grad: 0]
[num_grad_quant_bins: 4]
[quant_train_renew_leaf: 0]
[stochastic_rounding: 1]
[linear_tree: 0]
[max_bin: 255]
[max_bin_by_feature: ]
[min_data_in_bin: 3]
[bin_construct_sample_cnt: 200000]
[data_random_seed: 175]
[is_enable_sparse: 1]
[enable_bundle: 1]
[use_missing: 1]
[zero_as_missing: 0]
[feature_pre_filter: 1]
[pre_partition: 0]
[two_round: 0]
[header: 0]
[label_column: ]
[weight_column: ]
[group_column: ]
[ignore_column: ]
[categorical_feature: ]
[forcedbins_filename: ]
[precise_float_parser: 0]
[parser_config_file: ]
[objective_seed: 16083]
[num_class: 1]
[is_unbalance: 0]
[scale_pos_weight: 1]
[sigmoid: 1]
[boost_from_average: 1]
[reg_sqrt: 0]
[alpha: 0.9]
[fair_c: 1]
[poisson_max_delta_step: 0.7]
[tweedie_variance_power: 1.5]
[lambdarank_truncation_level: 30]
[lambdarank_norm: 1]
[label_gain: ]
[lambdarank_position_bias_regularization: 0]
[eval_at: ]
[multi_error_top_k: 1]
[auc_mu_weights: ]
[num_machines: 1]
[local_listen_port: 12400]
[time_out: 120]
[machine_list_filename: ]
[machines: ]
[gpu_platform_id: -1]
[gpu_device_id: -1]
[gpu_device_id_list: ]
[gpu_use_dp: 0]
[num_gpu: 1]

end of parameters

pandas_categorical:null
