tree
version=v4
num_class=1
num_tree_per_iteration=1
label_index=0
max_feature_idx=109
objective=quantile
feature_names=Column_0 Column_1 Column_2 Column_3 Column_4 Column_5 Column_6 Column_7 Column_8 Column_9 Column_10 Column_11 Column_12 Column_13 Column_14 Column_15 Column_16 Column_17 Column_18 Column_19 Column_20 Column_21 Column_22 Column_23 Column_24 Column_25 Column_26 Column_27 Column_28 Column_29 Column_30 Column_31 Column_32 Column_33 Column_34 Column_35 Column_36 Column_37 Column_38 Column_39 Column_40 Column_41 Column_42 Column_43 Column_44 Column_45 Column_46 Column_47 Column_48 Column_49 Column_50 Column_51 Column_52 Column_53 Column_54 Column_55 Column_56 Column_57 Column_58 Column_59 Column_60 Column_61 Column_62 Column_63 Column_64 Column_65 Column_66 Column_67 Column_68 Column_69 Column_70 Column_71 Column_72 Column_73 Column_74 Column_75 Column_76 Column_77 Column_78 Column_79 Column_80 Column_81 Column_82 Column_83 Column_84 Column_85 Column_86 Column_87 Column_88 Column_89 Column_90 Column_91 Column_92 Column_93 Column_94 Column_95 Column_96 Column_97 Column_98 Column_99 Column_100 Column_101 Column_102 Column_103 Column_104 Column_105 Column_106 Column_107 Column_108 Column_109
feature_infos=[-6.1470889621568237:6.6085334624415317] [-5.6868662360094424:5.5188025627223904] [-4.8903377163837964:4.1766959434154636] [-4.3840380260650003:3.8632850215278194] [-3.6185944028833767:2.147476047296172] [-2.593121919217531:2.3785670177461387] [-4.2629770085719194:4.0022300509899749] [-1.356408361143147:6.6038182852760441] [-1.6815273779077256:1.6445507049619854] [-3.5850443902578837:2.1966618447908539] [-1.4742475803554214:5.1945658945151836] [-2.4747739510981686:2.161846374576986] [-2.5615233881713197:2.4638842693866843] [-1.4333210553959304:3.8917604591587778] [-2.8102617654088422:2.6131393258519906] [-1.5824836976295074:1.6256444228677198] [-1.787157547858965:1.7964712559403115] [-0.95738730394300808:0.77127858473964572] [-1.0015621269791557:0.77999005169461988] [-0.95738730394300764:0.77127858473964561] [-2.2521273089091189:1.668178181778375] [-4.051997698337888:4.1557092212443445] [-3.2729312871786189:2.2869915493025088] [-2.3369118042475812:2.6128102202105321] [-2.1827699018646238:1.5942543837385135] [-2.2037366471011031:1.5932976369606975] [-3.3387849019662146:2.0185305412564696] [-1.7898570705905124:1.4172974713339079] [-1.1624076749298404:3.5633942697227794] [-3.7636951945302957:4.3348818113353369] [-3.7247300812010979:4.5379359608249823] [-3.0636164746169299:3.2630093862338634] [-3.2138683558578776:3.4604896310482736] [-1.9997960476375132:2.1061630836425222] [-2.2533156056142762:2.2787739309831681] [-1.7463663448087534:1.7671611237196012] [-1.8188300184628314:1.8575401817407178] [-1.5457296273131012:3.8063698006407014] [-1.4812379153083293:5.0544528578633088] [-1.4232830920171682:3.755048269035195] [-1.1452280150019307:3.0576953768042165] [-1.6772604593684353:1.4307485318595907] [-1.9790812489342557:1.7068230323282287] [-1.7356034209547544:13.899398120442207] [-177.41472948145241:158.39957316500787] [-385.37966849365927:127.29546600218845] [-316.0465662787588:74.17975374911245] [-1.3622384481579659:2.8309657201347913] [-1.9424098718324967:1.9969763129414704] [-1.1937765016917168:9.092474649820554] [-4.8849531188679114:4.4499445477968749] [-9.0414338231741365:6.7108740868510202] [-1:1] [-0.83333333333333337:1] [0:1] [0:1] [-3.0001638099821868:3.9370867602298922] [-3.3805689285521519:2.2559619518169134] [-2.2381961274110811:1.5597953019131945] [-0.94265341213836584:2.024084517279952] [-2.015300202300947:1.2341472973391723] [-1.3361973675646641:0.3781311320485361] [-4.5557251621494776:7.155559176609783] [-4.2167743152427191:5.895557102597504] [-2.4771259843627478:4.2630785807378366] [-1.2831670436054741:4.8823765494493561] [-1.198822348954738:7.9108586421849623] [-1.0234098190834582:2.276371728421914] [-6.5293192557956541:6.7148176497204588] [-4.5878425854338998:3.5596661189406058] [-3.3341619820328439:3.7248839862703624] [-1.1874954157041191:3.4450524385758197] [-1.7353810844277437:4.4007632497838163] [-0.76922791354941167:1.9692536032335393] [-10.939472278111145:10.722361254270158] [-5.7834977208000629:5.0630519532097589] [-3.4071120888378177:3.7886657705729201] [-1.0084809610294849:3.0842008689864158] [-2.0831200997288932:4.0845230216832409] [-1.334770785186302:0.75745652238859462] [-3.9886417753579968:2.9928574877741849] [-3.4165570523466813:3.0245783120219372] [-2.5352223752255787:1.7753159611320175] [-1.2534260057850894:3.0623140938843489] [-1.9925660128173706:1.8712771884781529] [-1.3804474030228335:0.49708127453365197] [-5.2542769763447845:2.6276600579552536] [-4.0655707503829968:3.4653189516965952] [-1.812486014476532:2.6917617017383382] [-1.4102677746047336:4.1605942769798174] [-1.6286318879203048:4.2590344791956758] [-1.4285971945589144:1.1426013667594417] [-4.2531948684837353:2.4368701735741731] [-3.7700410380071792:3.4969083511678032] [-1.9100942845548479:2.5587681506983277] [-1.4499787695655768:3.9507544296418331] [-1.4932563538566228:3.693400468969696] [-1.4046360294074369:1.0805969942596771] [-2.7901579382621335:3.7380586372606208] [-2.244223369469533:2.6707749366488174] [-1.9892916074863571:2.0622405163684281] [-1.4834541585827734:2.1039939058107882] [-1.4365343856128012:1.8759030801492864] [-2.1532367756355693:0.5752507928483489] [-3.0485412739137736:3.2378009663734781] [-2.6744126827190922:3.4415460112361389] [-1.6012606442056347:2.3584767784752372] [-0.90536404569275719:3.0135028159713215] [-1.3997529721083182:2.3606120234704839] [-1.3381068230257143:0.98155019551460265]
tree_sizes=851 861 866 866 869 777 780 863 778 779 874 870 779 861 870 781 696 780 775 695 696 693 692 693 690 694 694 697 692 692 685 778 692 693 696 693 695 777 696 697 700 701 781 776 773 699 698 692 692 688 682 692 689 694 861 689 688 692 864 778 867 871 868 688 776 690 777 689 688 773 604 602 608 600 604 601 782 601 870 604 685 778 603 605 604 603 510 781 605 783 867 598 604 605 603 607 604 606 600 692 608 604 597 785 876 772 871 691 869 784 870 511 690 874 602 688 874 780 695 602

Tree=0
num_leaves=8
num_cat=0
split_feature=59 78 90 33 40 83 53
split_gain=15.6561 19.5385 10.1684 9.42492 7.1385 5.00708 2.65454
threshold=0.077830076012215657 1.4789583704600828 0.88695860588017694 -0.70164882972519804 -0.088571317511660738 -0.43819280000218441 1.0000000180025095e-35
decision_type=2 2 2 2 2 2 2
left_child=2 3 5 -2 -4 -1 -3
right_child=1 6 4 -5 -6 -7 -8
leaf_value=-0.035261950530111788 -0.034849184211343524 -0.035271136015653612 -0.036150964945554732 -0.036300361044704917 -0.035168077722191812 -0.034398957705125216 -0.032224509119987491
leaf_weight=402 84 69 70 648 41 618 150
leaf_count=402 84 69 70 648 41 618 150
internal_value=-0.0354385 -0.0392169 -0.0322603 -0.0423499 -0.043659 -0.0310062 -0.0287773
internal_weight=2082 951 1131 732 111 1020 219
internal_count=2082 951 1131 732 111 1020 219
is_linear=0
shrinkage=1


Tree=1
num_leaves=8
num_cat=0
split_feature=106 24 109 97 41 66 94
split_gain=14.4252 14.5798 9.85964 9.17384 8.26164 4.86234 4.32755
threshold=0.66849871541427308 -0.18975653743331408 -0.99168855429857194 0.50636507079518189 0.14125621933446539 0.54713559039427595 -0.056809429145939276
decision_type=2 2 2 2 2 2 2
left_child=2 5 4 -4 -1 -2 -3
right_child=1 6 3 -5 -6 -7 -8
leaf_value=-0.0019514823004603385 -0.00069788305908441537 -0.0019486272379755974 0.00067825566567480565 -0.00033118391558527944 0.00043268035650253307 0.0010566618319600822 -0.00062511066794395439
leaf_weight=41 58 84 1386 231 46 126 110
leaf_count=41 58 84 1386 231 46 126 110
internal_value=4.79846e-05 -0.007 0.00161782 0.0023286 -0.0113483 0.00107527 -0.0145918
internal_weight=2082 378 1704 1617 87 184 194
internal_count=2082 378 1704 1617 87 184 194
is_linear=0
shrinkage=0.04


Tree=2
num_leaves=8
num_cat=0
split_feature=59 78 34 101 107 25 53
split_gain=13.8156 18.7631 10.245 9.55029 7.36042 6.94715 2.65454
threshold=0.077830076012215657 1.4789583704600828 -0.74372631504367714 -0.44808497266332459 -0.29763252005883994 1.0216891455340722 1.0000000180025095e-35
decision_type=2 2 2 2 2 2 2
left_child=3 2 -2 4 -1 -5 -3
right_child=1 6 -4 5 -6 -7 -8
leaf_value=-0.00061345233853906398 0.0004528405708298087 0.00016469031354784974 -0.00086187126081436864 0.0010456128461062912 0.00022371018098294755 -0.0017777374534159898 0.0030517290567085155
leaf_weight=180 104 69 628 661 234 56 150
leaf_count=180 104 69 628 661 234 56 150
internal_value=-2.87908e-05 -0.00357817 -0.0066485 0.00295675 -0.001875 0.00574409 0.00665158
internal_weight=2082 951 732 1131 414 717 219
internal_count=2082 951 732 1131 414 717 219
is_linear=0
shrinkage=0.04


Tree=3
num_leaves=8
num_cat=0
split_feature=59 78 33 90 109 10 73
split_gain=12.3444 17.9419 9.69594 9.61178 6.0678 4.45733 0.766201
threshold=0.077830076012215657 1.7797888367514376 -0.67953093684574484 0.88695860588017694 -0.91612617855472767 -0.42237384197860739 0.5280974255862142
decision_type=2 2 2 2 2 2 2
left_child=3 2 -2 4 -1 -5 -3
right_child=1 6 -4 5 -6 -7 -8
leaf_value=-0.0016255707476204632 0.00057060031176716069 0.0029681896171382073 -0.00077647056838721015 -0.00081071613376885651 0.00074605764336228397 -9.8262514039948386e-05 0.00097189361933380379
leaf_weight=45 108 135 666 43 975 68 42
leaf_count=45 108 135 666 43 975 68 42
internal_value=2.87908e-05 -0.00332634 -0.00595361 0.00285084 0.00407045 -0.00823009 0.00810056
internal_weight=2082 951 774 1131 1020 111 177
internal_count=2082 951 774 1131 1020 111 177
is_linear=0
shrinkage=0.04


Tree=4
num_leaves=8
num_cat=0
split_feature=106 24 109 73 41 103 94
split_gain=12.6992 12.8715 10.2256 8.64232 6.98384 4.85223 3.38666
threshold=0.62136819554892608 -0.16028225227778622 -0.94782084289640534 -0.64265644252274057 0.14125621933446539 -1.5524932663120554 -0.056809429145939276
decision_type=2 2 2 2 2 2 2
left_child=2 5 4 -4 -1 -2 -3
right_child=1 6 3 -5 -6 -7 -8
leaf_value=-0.0017147578228703735 0.0024826988480989697 -0.0017938532460919615 -0.00072966335160946807 0.00051807416696589628 -0.0003464209650150535 -0.00024623840182742775 -0.00054623645738342396
leaf_weight=47 70 86 63 1488 61 148 119
leaf_count=47 70 86 63 1488 61 148 119
internal_value=2.87908e-05 -0.00614118 0.00160747 0.00244044 -0.0101818 0.000636364 -0.013285
internal_weight=2082 423 1659 1551 108 218 205
internal_count=2082 423 1659 1551 108 218 205
is_linear=0
shrinkage=0.04


Tree=5
num_leaves=7
num_cat=0
split_feature=106 103 34 101 33 77
split_gain=11.5635 13.2596 9.16664 6.89807 10.2648 9.70175
threshold=0.62136819554892608 -1.6775380737925605 -0.74372631504367714 -0.021692901106411398 0.8788933304806259 -0.8225423603261216
decision_type=2 2 2 2 2 2
left_child=3 -2 -3 5 -5 -1
right_child=1 2 -4 4 -6 -7
leaf_value=-0.0014442261089544926 0.0023772260713945206 0.00012833413770131413 -0.0010710071854852581 0.0010072407373219825 -0.00055730063794254302 2.6049470328434189e-05
leaf_weight=66 75 84 264 696 162 735
leaf_count=66 75 84 264 696 162 735
internal_value=2.87908e-05 -0.00585882 -0.00914286 0.00153522 0.00402326 -0.00113325
internal_weight=2082 423 348 1659 858 801
internal_count=2082 423 348 1659 858 801
is_linear=0
shrinkage=0.04


Tree=6
num_leaves=7
num_cat=0
split_feature=106 24 73 90 42 88
split_gain=11.7836 12.8532 6.8592 8.14558 4.9596 3.45477
threshold=0.62136819554892608 -0.16028225227778622 -0.64265644252274057 0.57582975258148383 -0.098953633452033396 0.1413959118417322
decision_type=2 2 2 2 2 2
left_child=2 4 -1 -4 -2 -3
right_child=1 5 3 -5 -6 -7
leaf_value=-0.00074076644703796851 0.00047736709630152022 -0.0015677795166473998 0.00065568452012558368 -0.0001817421668007692 -0.00052212097002567821 -0.000452368460911483
leaf_weight=63 150 95 1254 342 68 110
leaf_count=63 150 95 1254 342 68 110
internal_value=-9.59693e-06 -0.00595294 0.00151114 0.00202753 0.000818182 -0.0130918
internal_weight=2082 423 1659 1596 218 205
internal_count=2082 423 1659 1596 218 205
is_linear=0
shrinkage=0.04


Tree=7
num_leaves=8
num_cat=0
split_feature=59 102 101 71 25 107 76
split_gain=10.0211 13.8344 9.78381 9.41084 6.55082 5.75502 1.30995
threshold=0.077830076012215657 -0.75086270379167475 -0.44808497266332459 2.6360151785863848 1.0216891455340722 -0.29763252005883994 1.0438071161336511
decision_type=2 2 2 2 2 2 2
left_child=2 6 5 -3 -4 -1 -2
right_child=1 3 4 -5 -6 -7 -8
leaf_value=-0.00053074127003539535 1.5147828506659328e-05 -0.00067629677156029705 0.00091298224078681909 0.001563345836412525 -0.001761128582979799 0.00017391532164744066 0.0019050627445525146
leaf_weight=180 42 684 661 81 56 234 144
leaf_count=180 42 684 661 81 56 234 144
internal_value=-9.59693e-06 -0.00303253 0.0025331 -0.00541069 0.00535466 -0.00235577 0.00670213
internal_weight=2082 951 1131 765 717 414 186
internal_count=2082 951 1131 765 717 414 186
is_linear=0
shrinkage=0.04


Tree=8
num_leaves=7
num_cat=0
split_feature=25 106 109 90 97 61
split_gain=10.2847 12.3263 7.46289 9.11793 5.6908 4.20538
threshold=0.13261421080242783 0.62136819554892608 -1.0394530750409938 0.57582975258148383 0.47740489575030071 -0.26368754928857069
decision_type=2 2 2 2 2 2
left_child=2 4 -1 -4 -2 -3
right_child=1 5 3 -5 -6 -7
leaf_value=-0.0014415250571394695 -8.413854771659319e-06 -0.0014282397321974919 0.00085620977926326712 -0.00017563115374098214 -0.001276356652665673 -0.00030901932672529445
leaf_weight=43 687 105 851 291 49 56
leaf_count=43 687 105 851 291 49 56
internal_value=-9.59693e-06 -0.00323693 0.00243471 0.00305944 -0.00102981 -0.0131902
internal_weight=2082 897 1185 1142 736 161
internal_count=2082 897 1185 1142 736 161
is_linear=0
shrinkage=0.04


Tree=9
num_leaves=7
num_cat=0
split_feature=106 103 109 90 94 41
split_gain=9.68761 10.7394 10.0173 8.42346 7.93605 6.43282
threshold=0.40464271764449072 -1.6775380737925605 -0.94782084289640534 0.31552113703530499 -0.47098672905889188 0.14125621933446539
decision_type=2 2 2 2 2 2
left_child=2 -2 5 -4 -3 -1
right_child=1 4 3 -5 -6 -7
leaf_value=-0.0015461055198263869 0.0022994208743461922 -0.0016617849828130921 0.00095882022362249214 -8.8741209359517742e-05 -0.00030434017702034191 -0.0003986967609674075
leaf_weight=47 81 72 876 474 471 61
leaf_count=47 81 72 876 474 471 61
internal_value=9.59693e-06 -0.00415335 0.00179452 0.00273669 -0.00618349 -0.00981818
internal_weight=2082 624 1458 1350 543 108
internal_count=2082 624 1458 1350 543 108
is_linear=0
shrinkage=0.04


Tree=10
num_leaves=8
num_cat=0
split_feature=106 66 109 90 35 37 42
split_gain=9.36746 11.4844 7.94936 7.93006 6.45812 4.32716 3.17114
threshold=0.66849871541427308 0.54713559039427595 -0.94782084289640534 0.54246572515252856 -0.047991740945837226 -0.47053309065151305 -0.23470782243219734
decision_type=2 2 2 2 2 2 2
left_child=2 6 5 -4 -3 -1 -2
right_child=1 4 3 -5 -6 -7 -8
leaf_value=-0.00092923353463172183 -0.00038204672607723564 0.00081165459196725688 0.00064814534198970775 -0.0001500160408038602 -0.00074210359554220846 -0.00066849954082271151 -0.0011744670147830936
leaf_weight=50 51 150 1194 402 42 58 135
leaf_count=50 51 150 1194 402 42 58 135
internal_value=4.79846e-05 -0.00563158 0.00131301 0.00202753 0.00123711 -0.00909091 -0.0126596
internal_weight=2082 378 1704 1596 192 108 186
internal_count=2082 378 1704 1596 192 108 186
is_linear=0
shrinkage=0.04


Tree=11
num_leaves=8
num_cat=0
split_feature=25 59 61 46 97 77 100
split_gain=9.60691 10.9743 9.75912 6.71358 6.49503 6.72502 5.07244
threshold=0.13261421080242783 0.077830076012215657 -1.0196470944308447 -0.18745923421345104 0.51718867425964066 -0.8225423603261216 0.16523716422119167
decision_type=2 2 2 2 2 2 2
left_child=4 3 -3 -2 5 -1 -6
right_child=1 2 -4 -5 6 -7 -8
leaf_value=-0.001313013347728926 0.00094365923322697724 0.00038515036947547621 -0.0010763938817976476 -0.00026767903228126506 -0.00033249607556908424 0.00078737950826733875 0.00047740265571553616
leaf_weight=51 169 112 256 360 164 883 87
leaf_count=51 169 112 256 360 164 883 87
internal_value=-2.87908e-05 -0.00314794 -0.00843243 0.000546139 0.00233361 0.00386752 -0.00335968
internal_weight=2082 897 368 529 1185 934 251
internal_count=2082 897 368 529 1185 934 251
is_linear=0
shrinkage=0.04


Tree=12
num_leaves=7
num_cat=0
split_feature=106 103 109 94 96 41
split_gain=8.90131 9.68885 8.13745 7.61959 7.59442 4.91556
threshold=0.40464271764449072 -1.6775380737925605 -0.94782084289640534 -0.47098672905889188 0.27774252130845756 0.14125621933446539
decision_type=2 2 2 2 2 2
left_child=2 -2 5 -3 -4 -1
right_child=1 3 4 -5 -6 -7
leaf_value=-0.0013945714237389051 0.0021434826753629604 -0.0015216535634538517 0.0008815646464656289 -0.00028869181543304839 -8.3172767362849068e-05 -0.0003129531536238969
leaf_weight=47 81 72 843 471 507 61
leaf_count=47 81 72 843 471 507 61
internal_value=2.87908e-05 -0.00396166 0.00173973 -0.00588991 0.00258876 -0.00872727
internal_weight=2082 624 1458 543 1350 108
internal_count=2082 624 1458 543 1350 108
is_linear=0
shrinkage=0.04


Tree=13
num_leaves=8
num_cat=0
split_feature=25 59 61 90 109 67 46
split_gain=9.36706 9.92772 10.0754 7.10752 7.34602 6.46124 5.85776
threshold=0.18320095364951991 0.082700554765883116 -1.0196470944308447 0.72978292596651273 -1.0394530750409938 1.2116811823881537 -0.18745923421345104
decision_type=2 2 2 2 2 2 2
left_child=3 6 -3 4 -1 -5 -2
right_child=1 2 -4 5 -6 -7 -8
leaf_value=-0.0012207273689884965 0.00091475021870737858 0.00035512183070504188 -0.0010495941325271746 -0.00036226075082752704 0.00065529927707583062 0.0011614001222678067 -0.00029442748084855758
leaf_weight=45 164 106 230 175 950 78 334
leaf_count=45 164 106 230 175 950 78 334
internal_value=4.79846e-05 -0.00322967 -0.00852071 0.00224 0.00376128 -0.00372549 0.00036
internal_weight=2082 834 336 1248 995 253 498
internal_count=2082 834 336 1248 995 253 498
is_linear=0
shrinkage=0.04


Tree=14
num_leaves=8
num_cat=0
split_feature=106 24 36 34 90 42 83
split_gain=9.43081 10.9232 6.22054 7.10804 6.48023 4.53104 3.16366
threshold=0.66849871541427308 -0.16028225227778622 1.1362708402454056 1.1473936623302345 0.88695860588017694 -0.098953633452033396 -0.30883506399613436
decision_type=2 2 2 2 2 2 2
left_child=2 5 4 -4 -1 -2 -3
right_child=1 6 3 -5 -6 -7 -8
leaf_value=0.00046131335908026496 0.00050419803733433915 -0.00026925442625250039 -0.0011319800895929853 0.00012974649191926834 -0.00025147859101790543 -0.00044248243017367203 -0.0012379299410829785
leaf_weight=1367 133 59 53 75 209 62 124
leaf_count=1367 133 59 53 75 209 62 124
internal_value=6.71785e-05 -0.00563158 0.00133646 -0.00707692 0.00202788 0.000964467 -0.0125946
internal_weight=2082 378 1704 128 1576 195 183
internal_count=2082 378 1704 128 1576 195 183
is_linear=0
shrinkage=0.04


Tree=15
num_leaves=7
num_cat=0
split_feature=25 59 71 4 106 91
split_gain=8.32485 9.50229 9.96046 6.61209 6.38877 5.42531
threshold=0.13261421080242783 0.082700554765883116 -0.40682262716240319 1.0072831439377354 -0.16541014332468398 0.30876731528395723
decision_type=2 2 2 2 2 2
left_child=3 5 -3 4 -1 -2
right_child=1 2 -4 -5 -6 -7
leaf_value=0.001032480428128423 0.00037915781069240332 0.00027222390956766428 -0.0010769035437126668 -0.00084229960235526736 5.9413900593120324e-05 -0.00048453061913003923
leaf_weight=446 407 127 233 40 699 130
leaf_count=446 407 127 233 40 699 130
internal_value=6.71785e-05 -0.00283648 -0.0078453 0.00226622 0.00283348 0.000538033
internal_weight=2082 897 360 1185 1145 537
internal_count=2082 897 360 1185 1145 537
is_linear=0
shrinkage=0.04


Tree=16
num_leaves=6
num_cat=0
split_feature=78 59 101 34 59
split_gain=8.21135 14.8929 8.10561 7.66541 0.380098
threshold=1.8801897131096437 0.082700554765883116 -0.37646154988367692 -0.74372631504367714 1.0388729549534605
decision_type=2 2 2 2 2
left_child=1 2 -1 -3 -2
right_child=4 3 -4 -5 -6
leaf_value=-0.00010421524799843707 0.0026297279172939228 0.00053736261884833976 0.00071296719305829787 -0.00059699367412172934 0.00099537827369430842
leaf_weight=459 120 128 678 655 42
leaf_count=459 120 128 678 655 42
internal_value=6.71785e-05 -0.000665973 0.00225637 -0.00490446 0.00865854
internal_weight=2082 1920 1137 783 162
internal_count=2082 1920 1137 783 162
is_linear=0
shrinkage=0.04


Tree=17
num_leaves=7
num_cat=0
split_feature=106 103 36 77 38 103
split_gain=8.47 9.55975 7.15511 6.6741 5.28316 3.209
threshold=0.24350022462872783 -1.6775380737925605 -0.015472184182367331 -0.083049795661144177 0.34594383497768605 -0.22782927399616645
decision_type=2 2 2 2 2 2
left_child=2 -2 5 -3 -4 -1
right_child=1 3 4 -5 -6 -7
leaf_value=0.00029821533763505311 0.0019657143172120508 -2.2964340254719162e-06 -0.00021177634777335704 -0.00068560119278211502 0.00049352517299354384 0.0015387846130394481
leaf_weight=207 90 285 554 411 234 301
leaf_count=207 90 285 554 411 234 301
internal_value=4.79846e-05 -0.00322335 0.0020339 -0.00481375 -0.00035443 0.00572549
internal_weight=2082 786 1296 696 788 508
internal_count=2082 786 1296 696 788 508
is_linear=0
shrinkage=0.04


Tree=18
num_leaves=7
num_cat=0
split_feature=25 106 4 77 46 94
split_gain=8.16822 8.23706 5.88845 5.99795 5.35874 4.49785
threshold=0.11882441912768878 0.55343155056134652 0.95401407533742855 -0.8225423603261216 -0.21085843214178576 0.41695938036085817
decision_type=2 2 2 2 2 2
left_child=2 4 3 -1 -2 -3
right_child=1 5 -4 -5 -6 -7
leaf_value=-0.0012470204807829267 0.00059090278013841061 -0.001103408843800666 -0.0005684580604432243 0.0004766794349190484 -0.00034750712941985937 -1.2797656893933501e-05
leaf_weight=50 290 122 51 1066 443 60
leaf_count=50 290 122 51 1066 443 60
internal_value=6.71785e-05 -0.002759 0.002284 0.00289803 -0.000857143 -0.0103261
internal_weight=2082 915 1167 1116 733 182
internal_count=2082 915 1167 1116 733 182
is_linear=0
shrinkage=0.04


Tree=19
num_leaves=6
num_cat=0
split_feature=78 103 36 82 62
split_gain=8.35646 10.98 7.39319 7.31126 0.542233
threshold=1.7797888367514376 -0.069852045234545343 1.1362708402454056 -0.081355656834772153 -0.60240608352646408
decision_type=2 2 2 2 2
left_child=1 3 -3 -1 -2
right_child=4 2 -4 -5 -6
leaf_value=9.149226407538166e-06 0.0015526761870110317 0.0003515957031035963 -0.00044492242542588131 -0.00058026828204977958 0.0021954475562419671
leaf_weight=330 42 1028 127 417 138
leaf_count=330 42 1028 127 417 138
internal_value=0.000163148 -0.000619748 0.00182368 -0.00439252 0.00835165
internal_weight=2082 1902 1155 747 180
internal_count=2082 1902 1155 747 180
is_linear=0
shrinkage=0.04


Tree=20
num_leaves=6
num_cat=0
split_feature=78 59 90 34 59
split_gain=8.02907 13.8521 7.06336 6.72673 0.380098
threshold=1.8801897131096437 0.082700554765883116 0.88695860588017694 -0.74372631504367714 1.0388729549534605
decision_type=2 2 2 2 2
left_child=1 2 -1 -3 -2
right_child=4 3 -4 -5 -6
leaf_value=0.00042294573721025279 0.0023603777723797776 0.00052567172180421656 -0.00029493943096374351 -0.00055535926832708967 0.00086587075597579306
leaf_weight=1020 120 128 117 655 42
leaf_count=1020 120 128 117 655 42
internal_value=0.000163148 -0.000561915 0.00225637 -0.00464968 0.00865854
internal_weight=2082 1920 1137 783 162
internal_count=2082 1920 1137 783 162
is_linear=0
shrinkage=0.04


Tree=21
num_leaves=6
num_cat=0
split_feature=78 59 101 66 59
split_gain=7.68067 12.239 7.29503 6.70912 0.579655
threshold=1.8801897131096437 0.082700554765883116 -0.37646154988367692 0.7871775382961369 1.0388729549534605
decision_type=2 2 2 2 2
left_child=1 2 -1 -3 -2
right_child=4 3 -4 -5 -6
leaf_value=-0.00010383116101795403 0.0022659626614845861 -0.00055551267043617986 0.00063041028112808986 0.00034445092596180284 0.00083123592573676127
leaf_weight=459 120 618 678 165 42
leaf_count=459 120 618 678 165 42
internal_value=0.000105566 -0.000603538 0.00204565 -0.00444586 0.00841463
internal_weight=2082 1920 1137 783 162
internal_count=2082 1920 1137 783 162
is_linear=0
shrinkage=0.04


Tree=22
num_leaves=6
num_cat=0
split_feature=78 59 34 90 59
split_gain=7.71617 11.3082 6.13582 6.11545 0.579655
threshold=1.8801897131096437 0.077830076012215657 -0.74372631504367714 0.72978292596651273 1.0388729549534605
decision_type=2 2 2 2 2
left_child=1 3 -3 -1 -2
right_child=4 2 -4 -5 -6
leaf_value=0.00042908550798274186 0.0021753241550252029 0.00050957498278038219 -0.00046613788246576603 -0.00024619290795816916 0.00079798648870729098
leaf_weight=969 120 128 664 159 42
leaf_count=969 120 128 664 159 42
internal_value=8.63724e-05 -0.00062435 -0.00428212 0.0019469 0.00841463
internal_weight=2082 1920 792 1128 162
internal_count=2082 1920 792 1128 162
is_linear=0
shrinkage=0.04


Tree=23
num_leaves=6
num_cat=0
split_feature=78 59 101 66 62
split_gain=7.95205 10.052 6.58676 5.84304 0.772502
threshold=1.7797888367514376 0.082700554765883116 -0.37646154988367692 0.7871775382961369 -0.60240608352646408
decision_type=2 2 2 2 2
left_child=1 2 -1 -3 -2
right_child=4 3 -4 -5 -6
leaf_value=-0.00010333576657772736 0.0014390502161887443 -0.00053454424696860157 0.0005880304495636565 0.00026751670552412342 0.0018795111530485005
leaf_weight=459 42 603 678 162 138
leaf_count=459 42 603 678 162 138
internal_value=0.000143954 -0.000619748 0.00176471 -0.00415906 0.00813187
internal_weight=2082 1902 1137 765 180
internal_count=2082 1902 1137 765 180
is_linear=0
shrinkage=0.04


Tree=24
num_leaves=6
num_cat=0
split_feature=78 59 36 66 59
split_gain=7.89486 9.21513 6.21702 5.79346 0.579655
threshold=1.8801897131096437 0.077830076012215657 0.29200250600890115 1.5308876292422293 1.0388729549534605
decision_type=2 2 2 2 2
left_child=1 2 -1 -3 -2
right_child=4 3 -4 -5 -6
leaf_value=0.00060872230565832386 0.0020131307427022549 -0.00035841983670001739 -7.1058168511706728e-05 0.0010025927193338256 0.00070410041114285201
leaf_weight=654 120 732 474 60 42
leaf_count=654 120 732 474 60 42
internal_value=-9.59693e-06 -0.000728408 0.00159292 -0.00403023 0.00841463
internal_weight=2082 1920 1128 792 162
internal_count=2082 1920 1128 792 162
is_linear=0
shrinkage=0.04


Tree=25
num_leaves=6
num_cat=0
split_feature=78 59 84 66 59
split_gain=7.68067 8.65391 6.13252 6.03391 0.579655
threshold=1.8801897131096437 0.082700554765883116 0.52674566948375401 0.7871775382961369 1.0388729549534605
decision_type=2 2 2 2 2
left_child=1 2 -1 -3 -2
right_child=4 3 -4 -5 -6
leaf_value=0.00034047399885771311 0.0019326055129941645 -0.00048375219921421928 -0.00023399978095355823 0.00035295452946899729 0.00067593639469713796
leaf_weight=1020 120 618 117 165 42
leaf_count=1020 120 618 117 165 42
internal_value=0.000105566 -0.000603538 0.00162423 -0.00383439 0.00841463
internal_weight=2082 1920 1137 783 162
internal_count=2082 1920 1137 783 162
is_linear=0
shrinkage=0.04


Tree=26
num_leaves=6
num_cat=0
split_feature=78 59 82 34 59
split_gain=7.82314 8.34424 6.24625 5.46076 0.579655
threshold=1.8801897131096437 0.077830076012215657 -0.022408095823019027 -0.74372631504367714 1.0388729549534605
decision_type=2 2 2 2 2
left_child=1 2 -1 -3 -2
right_child=4 3 -4 -5 -6
leaf_value=0.00068582269691820717 0.0018553012924743977 0.00047039083127390469 -6.836058905507043e-05 -0.00040495324124642138 0.0006488989389092524
leaf_weight=576 120 128 552 664 42
leaf_count=576 120 128 552 664 42
internal_value=2.87908e-05 -0.000686785 0.00152212 -0.00382872 0.00841463
internal_weight=2082 1920 1128 792 162
internal_count=2082 1920 1128 792 162
is_linear=0
shrinkage=0.04


Tree=27
num_leaves=6
num_cat=0
split_feature=78 84 109 33 90
split_gain=7.23638 6.86547 5.76933 5.55029 0.730922
threshold=1.8801897131096437 0.53656086311835016 -0.94782084289640534 -0.5787147407606047 0.35833530769895888
decision_type=2 2 2 2 2
left_child=1 2 -1 -3 -2
right_child=4 3 -4 -5 -6
leaf_value=-0.0004310150896161335 0.0018332076810245335 0.00011130138397620254 0.00011565463726279395 -0.00070775009578622969 0.00081221185247529572
leaf_weight=108 117 113 1497 202 45
leaf_count=108 117 113 1497 202 45
internal_value=0.000105566 -0.000582726 0.000479154 -0.00596215 0.00817073
internal_weight=2082 1920 1605 315 162
internal_count=2082 1920 1605 315 162
is_linear=0
shrinkage=0.04


Tree=28
num_leaves=6
num_cat=0
split_feature=78 59 36 34 73
split_gain=7.52049 7.66677 6.62346 4.94392 1.03724
threshold=1.7797888367514376 0.082700554765883116 0.28887423291148923 -0.74372631504367714 0.5280974255862142
decision_type=2 2 2 2 2
left_child=1 2 -1 -3 -2
right_child=4 3 -4 -5 -6
leaf_value=0.00058332169908729167 0.0017895284051532498 0.00041545759881744945 -0.00010290518225908915 -0.00044047831881101947 0.00022025628452175449
leaf_weight=653 138 125 484 640 42
leaf_count=653 138 125 484 640 42
internal_value=0.000143954 -0.000598739 0.00148376 -0.0036897 0.00791209
internal_weight=2082 1902 1137 765 180
internal_count=2082 1902 1137 765 180
is_linear=0
shrinkage=0.04


Tree=29
num_leaves=6
num_cat=0
split_feature=78 103 36 82 59
split_gain=7.1335 6.66252 7.18131 5.63099 0.81247
threshold=1.8801897131096437 -0.069852045234545343 1.1362708402454056 -0.27646822320739456 1.0388729549534605
decision_type=2 2 2 2 2
left_child=1 3 -3 -1 -2
right_child=4 2 -4 -5 -6
leaf_value=0.00012703784132696571 0.0016515126509615307 0.00028205026629513216 -0.000315424500036324 -0.00045910217862642135 0.00058164425587300039
leaf_weight=285 120 1034 127 474 42
leaf_count=285 120 1034 127 474 42
internal_value=0.000163148 -0.000520291 0.00138435 -0.0034297 0.00817073
internal_weight=2082 1920 1161 759 162
internal_count=2082 1920 1161 759 162
is_linear=0
shrinkage=0.04


Tree=30
num_leaves=6
num_cat=0
split_feature=78 101 33 61 59
split_gain=7.1335 6.56881 7.2836 7.24456 0.81247
threshold=1.8801897131096437 0.47818925597794043 1.0465023804285807 0.2737149961991327 1.0388729549534605
decision_type=2 2 2 2 2
left_child=1 3 -3 -1 -2
right_child=4 2 -4 -5 -6
leaf_value=-0.00025234434737144866 0.0015854521449230696 0.0007285805286592809 -0.0008080389660492449 0.00035429263579309203 0.00055837848563808042
leaf_weight=942 120 450 105 423 42
leaf_count=942 120 450 105 423 42
internal_value=0.000163148 -0.000520291 0.00314183 -0.0020117 0.00817073
internal_weight=2082 1920 555 1365 162
internal_count=2082 1920 555 1365 162
is_linear=0
shrinkage=0.04


Tree=31
num_leaves=7
num_cat=0
split_feature=25 40 26 26 77 106
split_gain=7.10195 7.3928 8.85421 7.64012 5.17849 6.79932
threshold=0.13261421080242783 0.65834833331754272 0.40837322170081164 -0.772051894388327 -0.8225423603261216 -0.16541014332468398
decision_type=2 2 2 2 2 2
left_child=4 2 -2 -3 -1 -6
right_child=1 3 -4 -5 5 -7
leaf_value=-0.0010782084742066182 -0.00017611867425569472 0.00047959503572501006 0.00076639100138650403 -0.001423220394985445 0.00090347317866479348 2.1714249682282563e-05
leaf_weight=51 523 44 202 128 420 714
leaf_count=51 523 44 202 128 420 714
internal_value=0.000201536 -0.00248053 -0.000701513 -0.00988506 0.00223252 0.0027993
internal_weight=2082 897 725 172 1185 1134
internal_count=2082 897 725 172 1185 1134
is_linear=0
shrinkage=0.04


Tree=32
num_leaves=6
num_cat=0
split_feature=78 59 101 24 59
split_gain=6.86271 6.48298 6.32252 4.82824 0.81247
threshold=1.8801897131096437 0.077830076012215657 -0.37646154988367692 -0.7314255587313746 1.0388729549534605
decision_type=2 2 2 2 2
left_child=1 2 -1 -3 -2
right_child=4 3 -4 -5 -6
leaf_value=-0.00012952194996773407 0.0015123478998490304 0.00051349351991747405 0.00051762298588511099 -0.00031879921656434082 0.00053517477622526594
leaf_weight=459 120 95 669 697 42
leaf_count=459 120 95 669 697 42
internal_value=0.000316699 -0.000353798 0.00159292 -0.00312343 0.00817073
internal_weight=2082 1920 1128 792 162
internal_count=2082 1920 1128 792 162
is_linear=0
shrinkage=0.04


Tree=33
num_leaves=6
num_cat=0
split_feature=101 77 36 89 34
split_gain=6.65594 6.85066 6.66761 5.30622 5.85316
threshold=0.47818925597794043 1.1675595029428887 -0.84896758675899175 2.9217257109043451 0.85271846786544836
decision_type=2 2 2 2 2
left_child=1 2 -1 4 -2
right_child=3 -3 -4 -5 -6
leaf_value=0.00046502196319261907 0.00091458063376836463 0.0030227255087686491 -0.00020138734364436695 -0.00071671152054328174 -0.00041821312543806723
leaf_weight=228 465 84 1143 48 114
leaf_count=228 465 84 1143 48 114
internal_value=0.000297505 -0.00118737 -0.00187181 0.00373609 0.00480207
internal_weight=2082 1455 1371 627 579
internal_count=2082 1455 1371 627 579
is_linear=0
shrinkage=0.04


Tree=34
num_leaves=6
num_cat=0
split_feature=78 84 59 5 59
split_gain=6.41066 6.28038 5.56752 4.81754 0.731303
threshold=1.8801897131096437 0.53656086311835016 0.077830076012215657 -0.52714113837303023 1.0388729549534605
decision_type=2 2 2 2 2
left_child=1 2 -1 -3 -2
right_child=4 3 -4 -5 -6
leaf_value=0.00028355077789255807 0.0014287575186216069 8.5158655349341228e-05 -0.00017482485244853574 -0.00059980360051410328 0.00049516690664855052
leaf_weight=1014 120 116 591 199 42
leaf_count=1014 120 116 591 199 42
internal_value=0.000335893 -0.000312175 0.000703174 -0.00545741 0.00792683
internal_weight=2082 1920 1605 315 162
internal_count=2082 1920 1605 315 162
is_linear=0
shrinkage=0.04


Tree=35
num_leaves=6
num_cat=0
split_feature=103 106 77 42 75
split_gain=6.28243 6.5813 5.7856 5.62843 0.519036
threshold=-1.5524932663120554 -0.16036563223469463 -0.12152657221132419 1.0515552970517372 0.009357325871866681
decision_type=2 2 2 2 2
left_child=4 3 -3 -2 -1
right_child=1 2 -4 -5 -6
leaf_value=0.00090813765775394934 0.00049496721884783571 8.9162846725943454e-05 -0.00039115182586527716 -0.00052161322034064426 0.00098616176733628495
leaf_weight=54 775 498 597 59 99
leaf_count=54 775 498 597 59 99
internal_value=0.000316699 -0.000305541 -0.00234275 0.00236842 0.00806452
internal_weight=2082 1929 1095 834 153
internal_count=2082 1929 1095 834 153
is_linear=0
shrinkage=0.04


Tree=36
num_leaves=6
num_cat=0
split_feature=78 105 101 25 103
split_gain=6.16315 6.15339 4.33434 2.76432 0.985183
threshold=1.8801897131096437 -0.00620786439618661 0.47818925597794043 0.52875250380207639 -1.0400751857059924
decision_type=2 2 2 2 2
left_child=1 3 -3 -1 -2
right_child=4 2 -4 -5 -6
leaf_value=0.00041516963455297165 0.0014017327068901631 -0.00024810991439726374 0.00038577316634471297 -0.00011744775099655145 0.00042460545347401549
leaf_weight=711 120 735 210 264 42
leaf_count=711 120 735 210 264 42
internal_value=0.000239923 -0.000395421 -0.00269271 0.00183214 0.00768293
internal_weight=2082 1920 945 975 162
internal_count=2082 1920 945 975 162
is_linear=0
shrinkage=0.04


Tree=37
num_leaves=7
num_cat=0
split_feature=101 77 36 15 46 89
split_gain=5.5801 6.62139 6.69497 4.61237 5.28906 3.41475
threshold=0.53162028514833093 1.1675595029428887 -0.84896758675899175 0.61335973771818086 -0.10232984748105274 1.0140791702305585
decision_type=2 2 2 2 2 2
left_child=1 2 -1 5 -5 -2
right_child=3 -3 -4 4 -6 -7
leaf_value=0.00041405724177882657 0.00093809216986293878 0.0028586527394695795 -0.00017969680701064098 0.00092704412106707154 -0.0011679651844000633 -0.00017708066422799997
leaf_weight=234 373 84 1182 83 83 43
leaf_count=234 373 84 1182 83 83 43
internal_value=0.000278311 -0.00101198 -0.00166432 0.00359589 -0.00202381 0.00583732
internal_weight=2082 1500 1416 582 166 416
internal_count=2082 1500 1416 582 166 416
is_linear=0
shrinkage=0.04


Tree=38
num_leaves=6
num_cat=0
split_feature=78 103 109 85 59
split_gain=5.97401 5.90262 5.7494 5.24912 0.985183
threshold=1.8801897131096437 -0.069852045234545343 -0.94782084289640534 -0.93201367419931203 1.0388729549534605
decision_type=2 2 2 2 2
left_child=1 3 -3 -1 -2
right_child=4 2 -4 -5 -6
leaf_value=0.00048321620236291068 0.0012959906926229415 -0.00052766786479264082 0.00022871966390553805 -0.00032794919908334623 0.00045745979560710582
leaf_weight=108 120 96 1065 651 42
leaf_count=108 120 96 1065 651 42
internal_value=0.000355086 -0.000270552 0.00152193 -0.0030092 0.00768293
internal_weight=2082 1920 1161 759 162
internal_count=2082 1920 1161 759 162
is_linear=0
shrinkage=0.04


Tree=39
num_leaves=6
num_cat=0
split_feature=78 103 101 85 73
split_gain=5.81861 5.02656 5.32262 4.40659 0.985183
threshold=1.8801897131096437 -0.069852045234545343 0.51782252666835504 -0.93201367419931203 0.47184683448706649
decision_type=2 2 2 2 2
left_child=1 3 -3 -1 -2
right_child=4 2 -4 -5 -6
leaf_value=0.00046388755426839427 0.0013396428183222806 -2.2488041190693169e-05 0.00072389774822853939 -0.0003148312311200123 0.00014302163428011293
leaf_weight=108 120 807 354 651 42
leaf_count=108 120 807 354 651 42
internal_value=0.000451056 -0.000166493 0.00148753 -0.00269382 0.00768293
internal_weight=2082 1920 1161 759 162
internal_count=2082 1920 1161 759 162
is_linear=0
shrinkage=0.04


Tree=40
num_leaves=6
num_cat=0
split_feature=103 108 109 37 106
split_gain=5.54466 6.29617 5.08177 4.33932 0.626134
threshold=-1.5524932663120554 0.062326481873320551 -0.94782084289640534 -0.64838742288323903 1.0254929214940283
decision_type=2 2 2 2 2
left_child=4 2 -2 -3 -1
right_child=1 3 -4 -5 -6
leaf_value=0.0013504896289696791 -0.00032040617506983278 0.00023015947349055378 0.00036939554382900945 -0.00026771752940808123 0.00014911498347542601
leaf_weight=108 108 165 969 687 45
leaf_count=108 108 165 969 687 45
internal_value=0.000527831 -5.69653e-05 0.00197405 -0.00262295 0.00780645
internal_weight=2082 1929 1077 852 153
internal_count=2082 1929 1077 852 153
is_linear=0
shrinkage=0.04


Tree=41
num_leaves=6
num_cat=0
split_feature=103 108 77 109 106
split_gain=5.66223 5.89651 6.13983 4.89945 0.626134
threshold=-1.5524932663120554 0.062326481873320551 -0.083049795661144177 -0.94782084289640534 1.0254929214940283
decision_type=2 2 2 2 2
left_child=4 3 -3 -2 -1
right_child=1 2 -4 -5 -6
leaf_value=0.0012964700438108921 -0.00030758992806703933 5.7928232168261048e-05 -0.00037709880824062235 0.00035461972207584901 0.00014315038413640903
leaf_weight=108 108 390 462 969 45
leaf_count=108 108 390 462 969 45
internal_value=0.000451056 -0.000139824 -0.00262295 0.00182576 0.00780645
internal_weight=2082 1929 852 1077 153
internal_count=2082 1929 852 1077 153
is_linear=0
shrinkage=0.04


Tree=42
num_leaves=7
num_cat=0
split_feature=25 40 11 26 26 106
split_gain=5.67418 6.21523 8.91307 6.61283 4.78845 4.93943
threshold=0.13261421080242783 0.65834833331754272 0.44519278548249847 0.39146602591180513 1.0704272339374457 -0.73160357876129622
decision_type=2 2 2 2 2 2
left_child=4 3 -3 -2 5 -1
right_child=1 2 -4 -5 -6 -7
leaf_value=0.0011855507949531257 -0.00017582599624744102 -0.0001722028338783882 -0.0020410270610234831 0.00071520301446054623 -0.00072872648103844547 0.00012439852738638512
leaf_weight=147 518 109 63 207 50 988
leaf_count=147 518 109 63 207 50 988
internal_value=0.000451056 -0.00194661 -0.00873563 -0.000316369 0.00226622 0.00280563
internal_weight=2082 897 172 725 1185 1135
internal_count=2082 897 172 725 1185 1135
is_linear=0
shrinkage=0.04


Tree=43
num_leaves=7
num_cat=0
split_feature=78 103 101 16 73 68
split_gain=5.57236 4.83262 4.86509 3.96938 1.15512 0.00915698
threshold=1.7797888367514376 -0.069852045234545343 0.51782252666835504 -0.88725694482538053 0.5280974255862142 0.0074703138132135825
decision_type=2 2 2 2 2 2
left_child=1 3 -3 -1 5 -2
right_child=4 2 -4 -5 -6 -7
leaf_value=0.00035128669388826035 0.0012895555413496341 -7.1742524951996789e-06 0.00065583021746576072 -0.00027501504583428595 2.8540831567662167e-05 0.0010854646380311561
leaf_weight=79 84 807 348 668 42 54
leaf_count=79 84 807 348 668 42 54
internal_value=0.000566219 -7.35294e-05 0.0015471 -0.00257677 0.00725275 0.009
internal_weight=2082 1902 1155 747 180 138
internal_count=2082 1902 1155 747 180 138
is_linear=0
shrinkage=0.04


Tree=44
num_leaves=7
num_cat=0
split_feature=25 47 71 22 106 46
split_gain=5.20477 5.3601 5.88031 5.09414 5.208 2.30298
threshold=0.13261421080242783 0.98733188898097624 -0.740378967269952 1.037885688155048 -0.73160357876129622 0.54609941806766404
decision_type=2 2 2 2 2 2
left_child=3 2 -2 4 -1 -3
right_child=1 5 -4 -5 -6 -7
leaf_value=0.0011009079108020661 0.00092035059389159357 0.00075635281153795702 -0.00034888927155531519 -0.00054771416148627057 0.00011711995254361313 -0.00010622950158820546
leaf_weight=152 89 109 637 40 993 62
leaf_count=152 89 109 637 40 993 62
internal_value=0.000527831 -0.00176863 -0.00326923 0.00226622 0.00276373 0.00456647
internal_weight=2082 897 726 1185 1145 171
internal_count=2082 897 726 1185 1145 171
is_linear=0
shrinkage=0.04


Tree=45
num_leaves=6
num_cat=0
split_feature=103 108 77 73 106
split_gain=5.15846 5.94311 5.5059 4.17554 0.546369
threshold=-1.5524932663120554 0.062326481873320551 -0.083049795661144177 -0.062036162294711719 1.0254929214940283
decision_type=2 2 2 2 2
left_child=4 3 -3 -2 -1
right_child=1 2 -4 -5 -6
leaf_value=0.0011667325536267046 -3.2610838024503267e-05 5.4272557584311261e-05 -0.0003488182917300406 0.00068514288415128888 0.00013876423140712414
leaf_weight=108 573 390 462 504 45
leaf_count=108 573 390 462 504 45
internal_value=0.000527831 -3.62506e-05 -0.00252927 0.00193698 0.00754839
internal_weight=2082 1929 852 1077 153
internal_count=2082 1929 852 1077 153
is_linear=0
shrinkage=0.04


Tree=46
num_leaves=6
num_cat=0
split_feature=103 103 36 85 106
split_gain=4.96289 5.34217 5.87865 3.80604 0.546369
threshold=-1.5524932663120554 -0.069852045234545343 1.1362708402454056 -0.93201367419931203 1.0254929214940283
decision_type=2 2 2 2 2
left_child=4 3 -3 -2 -1
right_child=1 2 -4 -5 -6
leaf_value=0.0011200632514816364 0.00042188624375920727 0.00025052228578696575 -0.00027713448041680509 -0.00028225586640172665 0.00013321366215083923
leaf_weight=108 108 1052 127 642 45
leaf_count=108 108 1052 127 642 45
internal_value=0.000662188 0.000108752 0.00178662 -0.0025266 0.00754839
internal_weight=2082 1929 1179 750 153
internal_count=2082 1929 1179 750 153
is_linear=0
shrinkage=0.04


Tree=47
num_leaves=6
num_cat=0
split_feature=103 106 77 30 106
split_gain=5.07419 4.86891 5.2235 4.15517 0.546369
threshold=-1.5524932663120554 0.24350022462872783 1.2956771432828094 0.36957185810294607 1.0254929214940283
decision_type=2 2 2 2 2
left_child=4 2 -2 -3 -1
right_child=1 3 -4 -5 -6
leaf_value=0.001075260721422371 4.4705138463210922e-05 -5.2833586427123923e-05 0.0020051523452355854 -0.00062714675011125672 0.00012788511566480559
leaf_weight=108 1152 527 108 142 45
leaf_count=108 1152 527 108 142 45
internal_value=0.000585413 2.58933e-05 0.0014897 -0.00272727 0.00754839
internal_weight=2082 1929 1260 669 153
internal_count=2082 1929 1260 669 153
is_linear=0
shrinkage=0.04


Tree=48
num_leaves=6
num_cat=0
split_feature=103 106 14 34 106
split_gain=4.9906 4.58927 5.57057 4.75122 0.546369
threshold=-1.5524932663120554 -0.16036563223469463 -0.39024604355390285 0.36090140810766697 1.0254929214940283
decision_type=2 2 2 2 2
left_child=4 3 -3 -2 -1
right_child=1 2 -4 -5 -6
leaf_value=0.0010322502925654762 0.00053274843561899432 -0.000495375806684507 6.417259726428648e-06 -9.344004807260277e-05 0.00012276971103821339
leaf_weight=108 500 312 783 334 45
leaf_count=108 500 312 783 334 45
internal_value=0.000642994 8.80373e-05 -0.00161349 0.00232057 0.00754839
internal_weight=2082 1929 1095 834 153
internal_count=2082 1929 1095 834 153
is_linear=0
shrinkage=0.04


Tree=49
num_leaves=6
num_cat=0
split_feature=101 77 33 36 89
split_gain=4.7623 5.54966 5.46778 5.36881 2.86695
threshold=0.47818925597794043 1.1675595029428887 1.1762956128398387 -1.0133387062966732 1.0140791702305585
decision_type=2 2 2 2 2
left_child=1 3 4 -1 -2
right_child=2 -3 -4 -5 -6
leaf_value=0.00052495717655049042 0.00061391487594937252 0.0025898049805986594 -0.00099759412615014012 -0.00013233315910739658 -0.00049173867042934054
leaf_weight=145 496 84 71 1226 60
leaf_count=145 496 84 71 1226 60
internal_value=0.000700576 -0.000555937 0.0036089 -0.00117261 0.00494624
internal_weight=2082 1455 627 1371 556
internal_count=2082 1455 627 1371 556
is_linear=0
shrinkage=0.04


Tree=50
num_leaves=6
num_cat=0
split_feature=73 27 106 25 83
split_gain=4.65231 5.46279 4.49322 4.59801 4.40911
threshold=-0.63322948911606247 0.20432584621312794 -0.73160357876129622 0.81951780654895345 1.3988256083346571
decision_type=2 2 2 2 2
left_child=1 -1 3 -2 -4
right_child=2 -3 4 -5 -6
leaf_value=0.00025808094107849415 0.000845895162724587 -0.00099223030802120032 -1.78528416571367e-05 -0.00038457607786687416 0.0011851102474881967
leaf_weight=41 234 43 1605 63 96
leaf_count=41 234 43 1605 63 96
internal_value=0.000738964 -0.00837209 0.00113 0.00565217 0.000334703
internal_weight=2082 84 1998 297 1701
internal_count=2082 84 1998 297 1701
is_linear=0
shrinkage=0.04


Tree=51
num_leaves=6
num_cat=0
split_feature=101 77 33 102 103
split_gain=3.96575 5.427 5.20355 5.0229 2.82644
threshold=0.47818925597794043 1.1675595029428887 1.1762956128398387 -0.75086270379167475 0.044903813301710623
decision_type=2 2 2 2 2
left_child=1 3 4 -1 -2
right_child=2 -3 -4 -5 -6
leaf_value=0.00043234452058963453 0.00012214515635106227 0.0024693892631339541 -0.00095476365819820218 -0.00013641085779158936 0.00083765960287138902
leaf_weight=177 301 84 71 1194 255
leaf_count=177 301 84 71 1194 255
internal_value=0.000700576 -0.000446122 0.00335453 -0.00105608 0.0046595
internal_weight=2082 1455 627 1371 556
internal_count=2082 1455 627 1371 556
is_linear=0
shrinkage=0.04


Tree=52
num_leaves=6
num_cat=0
split_feature=101 77 36 33 103
split_gain=4.23558 5.427 4.57574 4.2453 2.82644
threshold=0.47818925597794043 1.1675595029428887 -1.0351013409406298 1.1762956128398387 0.044903813301710623
decision_type=2 2 2 2 2
left_child=1 2 -1 4 -2
right_child=3 -3 -4 -5 -6
leaf_value=0.00054253081607839285 0.00011725935009701983 0.0023706136926085961 -0.0001234291796197259 -0.00091657311187027417 0.00080415321875653345
leaf_weight=137 301 84 1234 71 255
leaf_count=137 301 84 1234 71 255
internal_value=0.000738964 -0.000446122 -0.00105608 0.00348172 0.0046595
internal_weight=2082 1455 1371 627 556
internal_count=2082 1455 1371 627 556
is_linear=0
shrinkage=0.04


Tree=53
num_leaves=6
num_cat=0
split_feature=101 77 102 33 103
split_gain=4.04147 5.39654 4.2868 4.18661 2.96026
threshold=0.47818925597794043 1.1675595029428887 -0.75086270379167475 1.1762956128398387 0.044903813301710623
decision_type=2 2 2 2 2
left_child=1 2 -1 4 -2
right_child=3 -3 -4 -5 -6
leaf_value=0.00041998790695083803 0.00011256897609313893 0.0022757891449042521 -0.00013297875309692704 -0.00087991018739546321 0.0007719870900062721
leaf_weight=177 301 84 1194 71 255
leaf_count=177 301 84 1194 71 255
internal_value=0.000738964 -0.000418668 -0.00102695 0.00341812 0.00458781
internal_weight=2082 1455 1371 627 556
internal_count=2082 1455 1371 627 556
is_linear=0
shrinkage=0.04


Tree=54
num_leaves=8
num_cat=0
split_feature=106 83 28 32 46 33 3
split_gain=4.24614 4.1782 3.76123 3.35282 4.88293 1.22378 0.299832
threshold=-0.74478674986149251 1.3988256083346571 -0.66636035896878354 0.69752511083835234 -0.1778913131387552 0.63852683141952871 0.56020831239283198
decision_type=2 2 2 2 2 2 2
left_child=3 2 -2 5 -5 -1 -3
right_child=1 6 -4 4 -6 -7 -8
leaf_value=0.00086761143645188419 0.00058299729089625058 0.0012977052744955508 -8.5565742906955624e-05 0.0010399597438815445 -0.00089014561707432324 1.6091929389561305e-05 0.00032963902389808789
leaf_weight=180 205 59 1466 44 46 42 40
leaf_count=180 205 59 1466 44 46 42 40
internal_value=0.000681382 -7.90068e-05 -0.000555888 0.00496815 -0.00152174 0.00758929 0.00782178
internal_weight=2082 1770 1671 312 90 222 99
internal_count=2082 1770 1671 312 90 222 99
is_linear=0
shrinkage=0.04


Tree=55
num_leaves=6
num_cat=0
split_feature=26 36 97 36 14
split_gain=3.88216 4.4367 6.0795 4.11302 3.3274
threshold=1.0704272339374457 -0.12895217474598777 0.44873731084794216 -0.045417988864757168 -0.41011722659063987
decision_type=2 2 2 2 2
left_child=1 4 -3 -2 -1
right_child=3 2 -4 -5 -6
leaf_value=-4.3724712890513762e-05 -0.0010593026280591926 2.7821020056154332e-05 -0.00038828319440727788 0.00017924308821886447 0.00041890793973923022
leaf_weight=230 44 979 134 52 643
leaf_count=230 44 979 134 52 643
internal_value=0.000834933 0.0012173 -0.000457399 -0.00693878 0.00334857
internal_weight=2082 1986 1113 96 873
internal_count=2082 1986 1113 96 873
is_linear=0
shrinkage=0.04


Tree=56
num_leaves=6
num_cat=0
split_feature=26 36 35 41 46
split_gain=3.67466 4.04911 5.99971 3.86288 3.36846
threshold=1.0704272339374457 0.28887423291148923 0.3380961565961707 0.43783412271109939 -0.091135035098886527
decision_type=2 2 2 2 2
left_child=1 3 -3 -1 -2
right_child=4 2 -4 -5 -6
leaf_value=8.1840770817143976e-05 0.00038756462148982127 -0.0011918572066105895 -1.3487072440334647e-05 0.00058951500858006275 -0.00075172984302074493
leaf_weight=1111 45 70 570 235 51
leaf_count=1111 45 70 570 235 51
internal_value=0.0006238 0.000995976 -0.00161994 0.00224036 -0.00693878
internal_weight=2082 1986 640 1346 96
internal_count=2082 1986 640 1346 96
is_linear=0
shrinkage=0.04


Tree=57
num_leaves=6
num_cat=0
split_feature=78 103 109 65 8
split_gain=3.8595 3.74317 3.73356 3.38667 0.166338
threshold=2.2170054274047288 -0.069852045234545343 -1.056422021903755 -0.78029061922844389 -0.067226564219251272
decision_type=2 2 2 2 2
left_child=1 3 -3 -1 -2
right_child=4 2 -4 -5 -6
leaf_value=0.00094170806747788307 0.00067395637081422207 -0.00080479535120746824 0.0001488181363724081 -0.00016700909636076415 0.00079882684962009399
leaf_weight=45 40 60 1104 771 62
leaf_count=45 40 60 1104 771 62
internal_value=0.000758157 0.000363269 0.00181818 -0.00171149 0.00826923
internal_weight=2082 1980 1164 816 102
internal_count=2082 1980 1164 816 102
is_linear=0
shrinkage=0.04


Tree=58
num_leaves=8
num_cat=0
split_feature=106 66 28 24 16 46 71
split_gain=3.75282 3.85123 6.04934 3.86075 3.65787 3.81469 0.406497
threshold=-0.80910243033017848 0.84818937390205962 1.0704959082253891 0.06512980520798653 0.7270567882781378 -0.1778913131387552 -0.57455334183332274
decision_type=2 2 2 2 2 2 2
left_child=4 2 -2 -3 6 -6 -1
right_child=1 3 -4 -5 5 -7 -8
leaf_value=0.00048588901770261957 8.1230336023960238e-07 0.00045612479739548886 -0.0010101524222062273 -0.00021298100003337069 0.0011270016216113515 -0.0012533237275585509 0.00079869390600794386
leaf_weight=53 1320 272 138 85 48 44 122
leaf_count=53 1320 272 138 85 48 44 122
internal_value=0.000758157 0.000104568 -0.000808219 0.00381616 0.00516729 -0.0012766 0.00853107
internal_weight=2082 1815 1458 357 267 92 175
internal_count=2082 1815 1458 357 267 92 175
is_linear=0
shrinkage=0.04


Tree=59
num_leaves=7
num_cat=0
split_feature=25 47 71 32 107 59
split_gain=3.52699 5.56146 5.22576 3.88995 3.85926 2.54674
threshold=0.13261421080242783 0.98733188898097624 -0.740378967269952 0.85373198142691986 -0.4091278805441621 -0.59907102669333989
decision_type=2 2 2 2 2 2
left_child=3 2 -2 4 -1 -3
right_child=1 5 -4 -5 -6 -7
leaf_value=-7.1765100035735109e-05 0.00086080382708866876 -0.001886508774224679 -0.00029292483871573907 -0.00048571727703117305 0.00033359084801543921 0.00073936321677279203
leaf_weight=256 89 42 637 48 881 129
leaf_count=256 89 42 637 48 881 129
internal_value=0.000700576 -0.00119021 -0.00271978 0.00213142 0.00260755 0.00526012
internal_weight=2082 897 726 1185 1137 171
internal_count=2082 897 726 1185 1137 171
is_linear=0
shrinkage=0.04


Tree=60
num_leaves=8
num_cat=0
split_feature=66 59 61 66 24 82 63
split_gain=3.3389 5.06809 5.98304 4.91813 3.21032 2.65665 1.45977
threshold=0.84818937390205962 0.043422467089751671 -0.84843859894814011 -0.60347448938989801 -0.091400521287654482 -0.34438235817876195 1.7815602973313112
decision_type=2 2 2 2 2 2 2
left_child=1 3 -3 -1 6 -6 -2
right_child=4 2 -4 -5 5 -7 -8
leaf_value=0.0016143998456536874 0.00074946515378858586 9.1087390009869483e-05 -0.00047852975940518186 3.8953927112966304e-05 0.00047809558410758554 -0.00021946233013885993 3.3003744473580204e-06
leaf_weight=132 209 330 426 816 42 83 44
leaf_count=132 209 330 426 816 42 83 44
internal_value=0.000662188 -9.37866e-05 -0.00253298 0.00185263 0.00405263 -0.0011811 0.00662745
internal_weight=2082 1704 756 948 378 125 253
internal_count=2082 1704 756 948 378 125 253
is_linear=0
shrinkage=0.04


Tree=61
num_leaves=8
num_cat=0
split_feature=106 103 28 16 46 103 14
split_gain=3.6569 3.39982 3.20024 3.04341 4.67108 0.953637 0.485663
threshold=-0.73160357876129622 -1.5524932663120554 -0.66636035896878354 0.7270567882781378 -0.1515054722117723 -0.17865602899827396 -0.18469218750823971
decision_type=2 2 2 2 2 2 2
left_child=3 6 -3 5 -5 -1 -2
right_child=1 2 -4 4 -6 -7 -8
leaf_value=0.00031836167783146866 4.051820801899593e-05 0.00056009805274831199 -8.2002783915497286e-05 0.00095645386925701902 -0.00084094941644454694 0.00078620660819399778 0.00066730320303061863
leaf_weight=76 44 201 1431 56 50 139 85
leaf_count=76 44 201 1431 56 50 139 85
internal_value=0.000700576 -1.70164e-05 -0.000514076 0.004613 -0.000925926 0.00732719 0.00618321
internal_weight=2082 1761 1632 321 106 215 129
internal_count=2082 1761 1632 321 106 215 129
is_linear=0
shrinkage=0.04


Tree=62
num_leaves=8
num_cat=0
split_feature=36 10 46 77 107 103 40
split_gain=3.83938 5.97604 4.55661 4.02334 7.00684 4.53616 3.84185
threshold=0.29200250600890115 0.3879650592918415 0.35420876371664339 -0.12301437958755883 -0.50460002647560886 0.15547091089376289 1.1654498859099387
decision_type=2 2 2 2 2 2 2
left_child=3 2 -2 4 -1 -5 -3
right_child=1 6 -4 5 -6 -7 -8
leaf_value=-0.00012990467420515784 -5.6171422332910602e-05 0.00045085853096802519 -0.00075146515068043101 -7.0395219591488784e-05 0.0007599157550902797 0.00054181391994233795 -0.0015905094665965892
leaf_weight=150 338 164 128 765 309 186 42
leaf_count=150 338 164 128 765 309 186 42
internal_value=0.000585413 -0.00189911 -0.00440171 0.00177054 0.00483731 0.000283316 0.00375
internal_weight=2082 672 466 1410 459 951 206
internal_count=2082 672 466 1410 459 951 206
is_linear=0
shrinkage=0.04


Tree=63
num_leaves=6
num_cat=0
split_feature=73 4 106 83 24
split_gain=3.62824 4.8829 3.21763 3.2962 3.12446
threshold=-0.62183696089826945 0.094313505962154362 -0.73160357876129622 1.5345795985192774 0.68261845322073578
decision_type=2 2 2 2 2
left_child=1 -1 4 -4 -2
right_child=2 -3 3 -5 -6
leaf_value=0.00012208213162885785 0.00070122684181426597 -0.00077418829768647831 -5.3829177092205864e-06 0.00092869862461392248 -2.9697726519510514e-05
leaf_weight=51 208 42 1611 84 86
leaf_count=51 208 42 1611 84 86
internal_value=0.000585413 -0.00705263 0.000949272 0.000276959 0.0047973
internal_weight=2082 93 1989 1695 294
internal_count=2082 93 1989 1695 294
is_linear=0
shrinkage=0.04


Tree=64
num_leaves=7
num_cat=0
split_feature=101 37 36 33 95 81
split_gain=3.15815 4.15251 4.1224 3.78713 2.96746 1.17336
threshold=0.47818925597794043 -0.956885266966922 -1.0351013409406298 1.1762956128398387 0.86691898143195723 -0.12573001201088249
decision_type=2 2 2 2 2 2
left_child=1 5 -3 4 -2 -1
right_child=3 2 -4 -5 -6 -7
leaf_value=0.0017805305770035879 0.00046756106091799631 0.00052319947790389345 -0.00011955568998502794 -0.0007267024706592572 -8.5932418151438852e-05 0.00010560211570558281
leaf_weight=72 481 145 1183 71 75 55
leaf_count=72 481 145 1183 71 75 55
internal_value=0.000604607 -0.000418668 -0.00108271 0.00297297 0.00408602 0.00643411
internal_weight=2082 1455 1328 627 556 127
internal_count=2082 1455 1328 627 556 127
is_linear=0
shrinkage=0.04


Tree=65
num_leaves=6
num_cat=0
split_feature=73 22 97 36 89
split_gain=3.57386 4.01755 3.26986 5.88881 3.99702
threshold=-0.62183696089826945 0.094667600802235727 0.47740489575030071 -0.21555517978477434 1.4782854011859337
decision_type=2 2 2 2 2
left_child=1 -1 4 -4 -2
right_child=2 -3 3 -5 -6
leaf_value=0.00010564399239875358 0.0001730258385118496 -0.00072022413475939103 8.7040155085504545e-05 -0.000403605088721386 -0.00085835913817374388
leaf_weight=51 1515 42 222 153 99
leaf_count=51 1515 42 222 153 99
internal_value=0.000527831 -0.00705263 0.000889001 -0.00246684 0.00167079
internal_weight=2082 93 1989 375 1614
internal_count=2082 93 1989 375 1614
is_linear=0
shrinkage=0.04


Tree=66
num_leaves=7
num_cat=0
split_feature=37 101 36 33 95 40
split_gain=3.11202 3.80588 4.16512 3.17301 2.15176 0.0634783
threshold=-0.956885266966922 0.55792847620822961 -0.75096566560476352 1.1762956128398387 -0.10395278687043234 -0.54850742493138027
decision_type=2 2 2 2 2 2
left_child=4 2 -2 -3 -1 -6
right_child=1 3 -4 -5 5 -7
leaf_value=-0.00024287016270748828 0.00027622745587018262 0.00031531492974148397 -0.00013287714388172139 -0.00067669792381637342 0.0018726300861722867 0.00061824095174555036
leaf_weight=40 312 475 1077 65 73 40
leaf_count=40 312 475 1077 65 73 40
internal_value=0.000547025 0.000108752 -0.000999281 0.00295203 0.006 0.00878261
internal_weight=2082 1929 1389 540 153 113
internal_count=2082 1929 1389 540 153 113
is_linear=0
shrinkage=0.04


Tree=67
num_leaves=6
num_cat=0
split_feature=73 4 37 101 82
split_gain=3.18781 3.58693 2.90793 3.13043 0.527989
threshold=-0.62183696089826945 0.094313505962154362 -1.0104735663175064 0.55792847620822961 -0.11484169937242648
decision_type=2 2 2 2 2
left_child=1 -1 4 -4 -2
right_child=2 -3 3 -5 -6
leaf_value=9.7769476985608148e-05 0.001904003222671457 -0.00067407758276133271 -1.9237823840923716e-05 0.00028028905149701442 0.00028416732020027536
leaf_weight=51 70 42 1371 505 43
leaf_count=51 70 42 1371 505 43
internal_value=0.000527831 -0.00663158 0.00086891 0.000489883 0.00704348
internal_weight=2082 93 1989 1876 113
internal_count=2082 93 1989 1876 113
is_linear=0
shrinkage=0.04


Tree=68
num_leaves=6
num_cat=0
split_feature=73 4 53 64 66
split_gain=3.18781 3.58693 3.25665 2.87856 2.87366
threshold=-0.62183696089826945 0.094313505962154362 0.75000000000000011 -0.2245892484710296 1.4445846440827077
decision_type=2 2 2 2 2
left_child=1 -1 4 -4 -2
right_child=2 -3 3 -5 -6
leaf_value=9.3858697906183821e-05 -8.2334307392529364e-06 -0.00064711447945087935 0.0010670217230316892 -0.00086907146132301214 0.00042534603182473778
leaf_weight=51 1659 42 159 45 126
leaf_count=51 1659 42 159 45 126
internal_value=0.000527831 -0.00663158 0.00086891 0.00563107 0.00031897
internal_weight=2082 93 1989 204 1785
internal_count=2082 93 1989 204 1785
is_linear=0
shrinkage=0.04


Tree=69
num_leaves=7
num_cat=0
split_feature=37 103 106 95 3 7
split_gain=3.13397 3.36682 4.14585 2.15176 1.05312 0.0634783
threshold=-0.956885266966922 -1.5524932663120554 0.24350022462872783 -0.10395278687043234 0.56020831239283198 -0.76428782403673057
decision_type=2 2 2 2 2 2
left_child=3 4 -3 -1 -2 -5
right_child=1 2 -4 5 -6 -7
leaf_value=-0.00024419271177762963 0.00061273306223649196 7.7788190560143804e-05 -0.00021260384169502844 0.0012737583396890439 1.7346248584383939e-05 0.001499131530585045
leaf_weight=40 112 1146 630 40 41 73
leaf_count=40 112 1146 630 40 41 73
internal_value=0.000527831 8.80373e-05 -0.000404949 0.006 0.00574194 0.00878261
internal_weight=2082 1929 1776 153 153 113
internal_count=2082 1929 1776 153 153 113
is_linear=0
shrinkage=0.04


Tree=70
num_leaves=5
num_cat=0
split_feature=37 36 40 100
split_gain=3.00074 2.90152 3.85032 2.38709
threshold=-1.1256057889447775 -0.75096566560476352 0.63798157845801651 0.45091289597562351
decision_type=2 2 2 2
left_child=-1 3 -3 -2
right_child=1 2 -4 -5
leaf_value=0.0015310216090859137 0.00013499357424650777 2.3566546725380945e-05 -0.00038798682386933332 0.0014741400383153872
leaf_weight=54 284 1341 319 84
leaf_count=54 284 1341 319 84
internal_value=0.000508637 0.000256158 -0.00045728 0.00345946
internal_weight=2082 2028 1660 368
internal_count=2082 2028 1660 368
is_linear=0
shrinkage=0.04


Tree=71
num_leaves=5
num_cat=0
split_feature=37 66 61 63
split_gain=2.96299 2.88639 3.40949 1.48621
threshold=-1.1256057889447775 1.2022811510782856 0.30714292637752455 1.7934769345314279
decision_type=2 2 2 2
left_child=-1 2 -2 -3
right_child=1 3 -4 -5
leaf_value=0.001469780744722477 -5.5257877195805803e-05 0.00045899245471619582 0.00025306832519268101 -2.1279864721528707e-05
leaf_weight=54 1338 164 477 49
leaf_count=54 1338 164 477 49
internal_value=0.000566219 0.000315271 -0.000203632 0.00469767
internal_weight=2082 2028 1815 213
internal_count=2082 2028 1815 213
is_linear=0
shrinkage=0.04


Tree=72
num_leaves=5
num_cat=0
split_feature=37 36 59 105
split_gain=3.03873 2.81338 3.44109 2.10707
threshold=-1.1256057889447775 -0.75096566560476352 -0.34842673325271351 0.92896568464757145
decision_type=2 2 2 2
left_child=-1 3 -3 -2
right_child=1 2 -4 -5
leaf_value=0.0014109895149335778 0.00038062947630144507 0.00013499227137556193 -0.00010044475089634276 -7.6320792142279683e-05
leaf_weight=54 305 631 1029 63
leaf_count=54 305 631 1029 63
internal_value=0.000451056 0.000197044 -0.000505415 0.00335135
internal_weight=2082 2028 1660 368
internal_count=2082 2028 1660 368
is_linear=0
shrinkage=0.04


Tree=73
num_leaves=5
num_cat=0
split_feature=37 73 27 109
split_gain=3.03873 2.78022 3.38738 2.6706
threshold=-1.1256057889447775 -0.62183696089826945 0.20432584621312794 -1.0691488331937276
decision_type=2 2 2 2
left_child=-1 2 -2 -3
right_child=1 3 -4 -5
leaf_value=0.0013545499343362349 0.00022455413497789222 -0.00099234805039622267 -0.00061756844740241642 4.9081554377978026e-05
leaf_weight=54 48 43 43 1894
leaf_count=54 48 43 43 1894
internal_value=0.000451056 0.000197044 -0.00655914 0.000520887
internal_weight=2082 2028 91 1937
internal_count=2082 2028 91 1937
is_linear=0
shrinkage=0.04


Tree=74
num_leaves=5
num_cat=0
split_feature=37 1 106 77
split_gain=3.02604 2.68314 3.90353 2.51219
threshold=-1.1256057889447775 0.53757894574195986 -0.15320850580270512 1.0803949672560176
decision_type=2 2 2 2
left_child=-1 3 -3 -2
right_child=1 2 -4 -5
leaf_value=0.0013003679369627851 4.1267350203518965e-05 9.2229322496675822e-05 -0.00035915359881216622 0.00074791687130024099
leaf_weight=54 1410 233 259 126
leaf_count=54 1410 233 259 126
internal_value=0.00047025 0.000216749 -0.00234818 0.00104031
internal_weight=2082 2028 492 1536
internal_count=2082 2028 492 1536
is_linear=0
shrinkage=0.04


Tree=75
num_leaves=5
num_cat=0
split_feature=77 0 73 106
split_gain=2.98813 2.65947 2.95458 2.5948
threshold=1.9251318488582942 0.9563317537031728 0.024631582618967262 -0.25301154509884355
decision_type=2 2 2 2
left_child=1 2 -1 -3
right_child=-2 3 -4 -5
leaf_value=-3.3741289143408849e-05 0.0020334731346510308 0.00013266879692360595 0.0001532127768964376 -0.00040736025192991427
leaf_weight=973 54 97 819 139
leaf_count=973 54 97 819 139
internal_value=0.000527831 0.000275862 0.000802676 -0.00369748
internal_weight=2082 2028 1792 236
internal_count=2082 2028 1792 236
is_linear=0
shrinkage=0.04


Tree=76
num_leaves=7
num_cat=0
split_feature=37 101 35 15 95 58
split_gain=2.69153 3.12824 3.46202 2.96875 2.22044 0.181364
threshold=-0.956885266966922 0.55792847620822961 -1.0581578299212142 0.61335973771818086 -0.054160289694341709 0.27039114134941383
decision_type=2 2 2 2 2 2
left_child=4 2 -2 -3 -1 -6
right_child=1 3 -4 -5 5 -7
leaf_value=-0.00015480007183186117 0.00045343701972276943 0.00040482300139570854 -8.1658432010631868e-05 -0.00013036779828466447 0.00033604119938026726 0.001744729821409448
leaf_weight=42 147 389 1242 151 40 71
leaf_count=42 147 389 1242 151 40 71
internal_value=0.000412668 5.17866e-06 -0.000999281 0.00258303 0.00548387 0.00840708
internal_weight=2082 1929 1389 540 153 111
internal_count=2082 1929 1389 540 153 111
is_linear=0
shrinkage=0.04


Tree=77
num_leaves=5
num_cat=0
split_feature=77 46 40 40
split_gain=2.98813 2.76756 4.60852 3.00747
threshold=1.9251318488582942 -0.56043914260776162 -0.79691527010089336 1.6447980386238645
decision_type=2 2 2 2
left_child=1 3 -3 -1
right_child=-2 2 -4 -5
leaf_value=0.00025185008814879558 0.0018825960640743522 -0.0011319213411149537 2.5587941518287471e-07 -0.0011734830324785933
leaf_weight=440 54 88 1459 41
leaf_count=440 54 88 1459 41
internal_value=0.000527831 0.000275862 -0.000548741 0.00291925
internal_weight=2082 2028 1547 481
internal_count=2082 2028 1547 481
is_linear=0
shrinkage=0.04


Tree=78
num_leaves=8
num_cat=0
split_feature=36 28 46 59 67 96 38
split_gain=2.8272 5.52282 6.66284 4.53561 5.13913 4.88207 3.74804
threshold=0.29200250600890115 -0.34877660607698824 -0.53333850028210361 0.043422467089751671 0.52848141805860671 0.91789804809714137 0.34594383497768605
decision_type=2 2 2 2 2 2 2
left_child=3 2 -2 5 -5 -1 -3
right_child=1 6 -4 4 -6 -7 -8
leaf_value=0.00047365233713334926 0.00062868065211026884 -0.00012147764475833926 -0.00079130919835575339 -0.00034385032820763634 0.00018923617476226313 -0.00036040637907165272 0.00030770906983457804
leaf_weight=574 40 288 144 343 438 55 200
leaf_count=574 40 288 144 343 438 55 200
internal_value=0.00047025 -0.00166172 -0.00752688 0.00148725 -0.00054917 0.00400951 0.000571429
internal_weight=2082 672 184 1410 781 629 488
internal_count=2082 672 184 1410 781 629 488
is_linear=0
shrinkage=0.04


Tree=79
num_leaves=5
num_cat=0
split_feature=77 28 28 35
split_gain=2.93794 2.91362 3.50206 3.22963
threshold=1.9251318488582942 -0.66636035896878354 -0.49678116561640556 0.36556278639176337
decision_type=2 2 2 2
left_child=1 3 -3 -1
right_child=-2 2 -4 -5
leaf_value=0.0011310784296467372 0.0017883461280260441 -0.00043735017469762868 2.5143980812952946e-05 -0.00022609746596550639
leaf_weight=149 54 168 1635 76
leaf_count=149 54 168 1635 76
internal_value=0.000604607 0.00035468 -0.000182825 0.00462555
internal_weight=2082 2028 1803 225
internal_count=2082 2028 1803 225
is_linear=0
shrinkage=0.04


Tree=80
num_leaves=6
num_cat=0
split_feature=37 14 36 84 47
split_gain=2.98191 2.86386 3.24688 2.14955 1.69991
threshold=-0.956885266966922 1.1226005653471935 -0.75096566560476352 0.27249463809706054 0.075773273441013769
decision_type=2 2 2 2 2
left_child=4 2 -2 -3 -1
right_child=1 3 -4 -5 -6
leaf_value=0.0012500589320881854 0.0002300089883003409 0.00098621074544432254 -6.157359669215989e-05 -0.00011556041780079046 3.3028541926448386e-06
leaf_weight=100 353 122 1413 41 53
leaf_count=100 353 122 1413 41 53
internal_value=0.000662188 0.00023304 -0.000237557 0.00527273 0.006
internal_weight=2082 1929 1766 163 153
internal_count=2082 1929 1766 163 153
is_linear=0
shrinkage=0.04


Tree=81
num_leaves=7
num_cat=0
split_feature=105 37 73 0 24 91
split_gain=2.92571 3.53913 3.52942 4.39755 3.65508 2.12726
threshold=0.96333294516696755 0.91231249051973806 1.0000000180025095e-35 0.9563317537031728 -0.32332099937388764 0.11777514673202659
decision_type=2 2 2 2 2 2
left_child=2 5 4 -4 -1 -2
right_child=1 -3 3 -5 -6 -7
leaf_value=-0.00021819843633528972 -0.00020000776237727086 -0.0010701690605000142 0.00028689949086299307 -0.0002507182771402324 4.3410211567553108e-05 0.00035449153755287907
leaf_weight=247 89 59 758 130 743 56
leaf_count=247 89 59 758 130 743 56
internal_value=0.000642994 -0.0038835 0.0011383 0.00296629 -0.000504032 -0.00047619
internal_weight=2082 204 1878 888 990 145
internal_count=2082 204 1878 888 990 145
is_linear=0
shrinkage=0.04


Tree=82
num_leaves=5
num_cat=0
split_feature=37 103 59 3
split_gain=2.88816 2.95556 3.4467 1.05312
threshold=-1.1256057889447775 -1.5524932663120554 0.082700554765883116 0.56020831239283198
decision_type=2 2 2 2
left_child=-1 3 -3 -2
right_child=1 2 -4 -5
leaf_value=0.0011418190668680309 0.00056132636871384289 7.397680315917759e-05 -0.00014999336839702226 1.9337415310202722e-06
leaf_weight=54 112 1098 777 41
leaf_count=54 112 1098 777 41
internal_value=0.000681382 0.000433498 -5.32765e-06 0.00574194
internal_weight=2082 2028 1875 153
internal_count=2082 2028 1875 153
is_linear=0
shrinkage=0.04


Tree=83
num_leaves=5
num_cat=0
split_feature=77 1 106 105
split_gain=2.96299 2.76498 3.79488 2.35093
threshold=1.9251318488582942 0.53757894574195986 -0.15320850580270512 0.96333294516696755
decision_type=2 2 2 2
left_child=1 3 -3 -1
right_child=-2 2 -4 -5
leaf_value=8.3394601757750408e-05 0.0016177220823008188 8.727041846865347e-05 -0.00033138991048366624 -0.00021046062547002033
leaf_weight=1380 54 233 258 157
leaf_count=1380 54 233 258 157
internal_value=0.000566219 0.000315271 -0.00229209 0.0011501
internal_weight=2082 2028 491 1537
internal_count=2082 2028 491 1537
is_linear=0
shrinkage=0.04


Tree=84
num_leaves=5
num_cat=0
split_feature=77 103 77 49
split_gain=2.90057 2.97754 3.94485 0.814133
threshold=1.9251318488582942 -1.5524932663120554 -0.20078203568185402 0.23195822926969376
decision_type=2 2 2 2
left_child=1 3 -3 -1
right_child=-2 2 -4 -5
leaf_value=0.00063398788111585001 0.0015530131990087858 8.9922777895018322e-05 -7.7344301858492111e-05 4.6467293843694413e-05
leaf_weight=92 54 792 1083 61
leaf_count=92 54 792 1083 61
internal_value=0.000662188 0.000413793 -2.66383e-05 0.00574194
internal_weight=2082 2028 1875 153
internal_count=2082 2028 1875 153
is_linear=0
shrinkage=0.04


Tree=85
num_leaves=5
num_cat=0
split_feature=77 36 40 100
split_gain=2.93794 2.86823 4.21466 2.06165
threshold=1.9251318488582942 -0.75096566560476352 0.63798157845801651 0.45091289597562351
decision_type=2 2 2 2
left_child=1 3 -3 -1
right_child=-2 2 -4 -5
leaf_value=9.3080624735857945e-05 0.0014908926710484344 3.3725860550792436e-05 -0.00036558539826578225 0.0012952544039002017
leaf_weight=284 54 1349 317 78
leaf_count=284 54 1349 317 78
internal_value=0.000604607 0.00035468 -0.000347722 0.00357143
internal_weight=2082 2028 1666 362
internal_count=2082 2028 1666 362
is_linear=0
shrinkage=0.04


Tree=86
num_leaves=4
num_cat=0
split_feature=77 35 14
split_gain=2.95045 2.77166 2.78568
threshold=1.9251318488582942 -1.296145179411446 1.1639585414372213
decision_type=2 2 2
left_child=1 -1 -3
right_child=-2 2 -4
leaf_value=0.0011365372991032315 0.0014312569642064971 -1.4163478610644404e-05 0.0005900561614735144
leaf_weight=63 54 1807 158
leaf_count=63 54 1807 158
internal_value=0.000585413 0.000334975 6.60905e-05
internal_weight=2082 2028 1965
internal_count=2082 2028 1965
is_linear=0
shrinkage=0.04


Tree=87
num_leaves=7
num_cat=0
split_feature=106 14 29 42 89 28
split_gain=2.98622 4.93633 5.89741 4.39265 3.98618 3.84534
threshold=-0.16036563223469463 -0.41011722659063987 0.36981826061296702 1.0515552970517372 -1.0652520634294802 -0.50803038402483802
decision_type=2 2 2 2 2 2
left_child=3 2 -2 5 -3 -1
right_child=1 4 -4 -5 -6 -7
leaf_value=-0.00019537153693536375 -0.00023001212858024783 -0.00034475645552383549 -0.00099650506647636344 -0.00024114477186867726 8.259342190513553e-05 0.00033212889761113597
leaf_weight=139 274 60 42 59 845 663
leaf_count=139 274 60 42 59 845 663
internal_value=0.000527831 -0.000744072 -0.00503145 0.00232908 0.00076075 0.00310945
internal_weight=2082 1221 316 861 905 802
internal_count=2082 1221 316 861 905 802
is_linear=0
shrinkage=0.04


Tree=88
num_leaves=5
num_cat=0
split_feature=77 103 77 3
split_gain=2.97555 2.82328 3.25665 0.956568
threshold=1.9251318488582942 -1.5524932663120554 -0.20078203568185402 0.56020831239283198
decision_type=2 2 2 2
left_child=1 3 -3 -1
right_child=-2 2 -4 -5
leaf_value=0.00050609178249653368 0.0013607215297337916 9.2671674873508823e-05 -6.4538809568754629e-05 9.1670643815669473e-06
leaf_weight=112 54 792 1083 41
leaf_count=112 54 792 1083 41
internal_value=0.000547025 0.000295567 -0.000133191 0.00548387
internal_weight=2082 2028 1875 153
internal_count=2082 2028 1875 153
is_linear=0
shrinkage=0.04


Tree=89
num_leaves=7
num_cat=0
split_feature=106 1 42 109 14 8
split_gain=2.89684 4.12045 3.81673 3.64711 3.2519 3.02038
threshold=-0.16036563223469463 0.54865532012927831 1.0515552970517372 -0.51643748226764175 -0.41011722659063987 -0.35547871964837868
decision_type=2 2 2 2 2 2
left_child=2 4 3 -1 -2 -3
right_child=1 5 -4 -5 -6 -7
leaf_value=-2.0056188213351187e-05 -0.00033731367889463051 -0.00048777840007549516 -0.00022891742861117989 0.00045968723633173041 8.9104412158825535e-05 -0.00010097918286593473
leaf_weight=302 268 76 59 500 693 184
leaf_count=302 268 76 59 500 693 184
internal_value=0.000508637 -0.000744072 0.00228273 0.00300995 0.00046729 -0.00519084
internal_weight=2082 1221 861 802 961 260
internal_count=2082 1221 861 802 961 260
is_linear=0
shrinkage=0.04


Tree=90
num_leaves=8
num_cat=0
split_feature=36 38 59 41 78 40 89
split_gain=3.14068 4.88999 4.25776 7.32761 4.64531 4.08397 3.72855
threshold=0.28887423291148923 0.34594383497768605 0.082700554765883116 -1.0252874352347141 0.90974189933357918 1.1769840949021402 0.20474850725714827
decision_type=2 2 2 2 2 2 2
left_child=2 6 3 -1 -4 -3 -2
right_child=1 5 4 -5 -6 -7 -8
leaf_value=-0.00042087016548658819 -0.00037192553429957203 0.00041445476891384311 -0.00024811715439138115 0.00043244012244462836 0.00020346726395108826 -0.0014931143041655832 0.00012245346124436062
leaf_weight=63 356 178 418 593 328 42 104
leaf_count=63 356 178 418 593 328 42 104
internal_value=0.000585413 -0.00164223 0.00166667 0.00401216 -0.00040107 0.00324324 -0.00398268
internal_weight=2082 680 1402 656 746 220 460
internal_count=2082 680 1402 656 746 220 460
is_linear=0
shrinkage=0.04


Tree=91
num_leaves=5
num_cat=0
split_feature=77 78 89 3
split_gain=3.00074 2.44087 2.64036 1.15461
threshold=1.9251318488582942 1.9694257430945969 1.4782854011859337 0.52712604680312936
decision_type=2 2 2 2
left_child=1 2 -1 -3
right_child=-2 3 -4 -5
leaf_value=9.4763193351088934e-06 0.0012706075741933855 0.00072024922472405366 -0.00082689304167676977 1.1106122893445244e-05
leaf_weight=1782 54 102 96 48
leaf_count=1782 54 102 96 48
internal_value=0.000508637 0.000256158 -0.000138298 0.00513158
internal_weight=2082 2028 1878 150
internal_count=2082 2028 1878 150
is_linear=0
shrinkage=0.04


Tree=92
num_leaves=5
num_cat=0
split_feature=77 101 33 36
split_gain=2.98813 2.90245 3.53304 3.48726
threshold=1.9251318488582942 0.55792847620822961 1.1762956128398387 -1.0351013409406298
decision_type=2 2 2 2
left_child=1 3 -3 -1
right_child=-2 2 -4 -5
leaf_value=0.00043030599973547357 0.0012197832712256501 0.00024486306372185879 -0.00058250188008652462 -4.4585051604602787e-05
leaf_weight=149 54 493 68 1318
leaf_count=149 54 493 68 1318
internal_value=0.000527831 0.000275862 0.00271758 -0.000660313
internal_weight=2082 2028 561 1467
internal_count=2082 2028 561 1467
is_linear=0
shrinkage=0.04


Tree=93
num_leaves=5
num_cat=0
split_feature=77 36 101 100
split_gain=2.98813 2.81301 3.32943 2.14307
threshold=1.9251318488582942 -0.75096566560476352 0.55792847620822961 0.45091289597562351
decision_type=2 2 2 2
left_child=1 3 -3 -1
right_child=-2 2 -4 -5
leaf_value=8.4433919961708764e-05 0.0011709919403766241 -6.1450166277900346e-05 0.00015877253743897039 0.0012030695477952236
leaf_weight=284 54 1158 508 78
leaf_count=284 54 1158 508 78
internal_value=0.000527831 0.000275862 -0.000419664 0.00346154
internal_weight=2082 2028 1666 362
internal_count=2082 2028 1666 362
is_linear=0
shrinkage=0.04


Tree=94
num_leaves=5
num_cat=0
split_feature=77 46 40 106
split_gain=2.97555 2.39313 4.28831 3.07586
threshold=1.9251318488582942 -0.56043914260776162 -0.81615401287307787 1.1606505571075643
decision_type=2 2 2 2
left_child=1 3 -3 -1
right_child=-2 2 -4 -5
leaf_value=0.00021454988387671083 0.001124152262761559 -0.00098325392501620546 2.0516524075087085e-07 -0.00058382807514237355
leaf_weight=441 54 74 1473 40
leaf_count=441 54 74 1473 40
internal_value=0.000547025 0.000295567 -0.000471272 0.00275362
internal_weight=2082 2028 1547 481
internal_count=2082 2028 1547 481
is_linear=0
shrinkage=0.04


Tree=95
num_leaves=5
num_cat=0
split_feature=77 101 102 15
split_gain=3.00074 2.61877 2.89229 2.23661
threshold=1.9251318488582942 0.55792847620822961 -0.39434155255180203 0.61335973771818086
decision_type=2 2 2 2
left_child=1 2 -1 -3
right_child=-2 3 -4 -5
leaf_value=0.00012017340034138346 0.0010791861722510968 0.00035703099701424215 -9.8450458955306466e-05 -0.00012299796313755554
leaf_weight=492 54 395 975 166
leaf_count=492 54 395 975 166
internal_value=0.000508637 0.000256158 -0.000633084 0.00257549
internal_weight=2082 2028 1467 561
internal_count=2082 2028 1467 561
is_linear=0
shrinkage=0.04


Tree=96
num_leaves=5
num_cat=0
split_feature=77 101 71 33
split_gain=2.98813 2.61983 3.31657 2.47982
threshold=1.9251318488582942 0.47818925597794043 -0.76184948936116115 1.1762956128398387
decision_type=2 2 2 2
left_child=1 2 -1 -3
right_child=-2 3 -4 -5
leaf_value=0.00058492821600002859 0.0010360187253610528 0.0002047711780365872 -5.5786797404377979e-05 -0.00052742020364028445
leaf_weight=165 54 553 1239 71
leaf_count=165 54 553 1239 71
internal_value=0.000527831 0.000275862 -0.000682788 0.00242812
internal_weight=2082 2028 1404 624
internal_count=2082 2028 1404 624
is_linear=0
shrinkage=0.04


Tree=97
num_leaves=5
num_cat=0
split_feature=77 1 106 41
split_gain=2.95045 2.63614 3.29534 2.03984
threshold=1.9251318488582942 0.53757894574195986 -0.15320850580270512 -1.0538307873666388
decision_type=2 2 2 2
left_child=1 3 -3 -1
right_child=-2 2 -4 -5
leaf_value=-0.00027167648858355631 0.00099457797634661073 5.9112160904152001e-05 -0.00026354783711854152 6.6890041565140427e-05
leaf_weight=107 54 233 258 1430
leaf_count=107 54 233 258 1430
internal_value=0.000585413 0.000334975 -0.00221095 0.0011501
internal_weight=2082 2028 491 1537
internal_count=2082 2028 491 1537
is_linear=0
shrinkage=0.04


Tree=98
num_leaves=5
num_cat=0
split_feature=77 66 63 41
split_gain=2.98813 2.52448 2.77276 0.521175
threshold=1.9251318488582942 1.5308876292422293 1.3598880238237425 -0.37236037097563796
decision_type=2 2 2 2
left_child=1 2 -1 -3
right_child=-2 3 -4 -5
leaf_value=1.1330077375396319e-05 0.00095479485729274614 0.0002140984931358073 -0.00033364814293565293 0.0007505378600900902
leaf_weight=1809 54 47 117 55
leaf_count=1809 54 47 117 55
internal_value=0.000527831 0.000275862 -5.18672e-05 0.00634615
internal_weight=2082 2028 1926 102
internal_count=2082 2028 1926 102
is_linear=0
shrinkage=0.04


Tree=99
num_leaves=6
num_cat=0
split_feature=26 25 40 41 108
split_gain=2.51882 3.39654 4.33962 3.28789 3.09002
threshold=1.0704272339374457 0.4620379755417317 0.65834833331754272 0.43783412271109939 -0.033748862374885329
decision_type=2 2 2 2 2
left_child=1 3 -3 -1 -2
right_child=4 2 -4 -5 -6
leaf_value=4.5560505203518509e-05 7.1146952418582883e-05 -9.1373160002565514e-07 -0.0010309401993820215 0.00033364302816561996 -0.0010935106134734958
leaf_weight=1183 45 464 104 235 51
leaf_count=1183 45 464 104 235 51
internal_value=0.000547025 0.000855131 -0.00175439 0.00190141 -0.00571429
internal_weight=2082 1986 568 1418 96
internal_count=2082 1986 568 1418 96
is_linear=0
shrinkage=0.04


Tree=100
num_leaves=5
num_cat=0
split_feature=77 0 101 106
split_gain=2.98813 2.65947 2.61383 2.18818
threshold=1.9251318488582942 0.9563317537031728 -0.28082798769385497 -0.25301154509884355
decision_type=2 2 2 2
left_child=1 2 -1 -3
right_child=-2 3 -4 -5
leaf_value=-6.2610539195090756e-05 0.00091478064279289565 0.00013320929577955318 8.9362881693033839e-05 -0.00034946572793918612
leaf_weight=562 54 97 1230 139
leaf_count=562 54 97 1230 139
internal_value=0.000527831 0.000275862 0.000802676 -0.00369748
internal_weight=2082 2028 1792 236
internal_count=2082 2028 1792 236
is_linear=0
shrinkage=0.04


Tree=101
num_leaves=5
num_cat=0
split_feature=77 66 71 41
split_gain=2.52653 2.49181 2.32236 0.521175
threshold=1.9251318488582942 1.5308876292422293 -0.74997111693414953 -0.37236037097563796
decision_type=2 2 2 2
left_child=1 2 -1 -3
right_child=-2 3 -4 -5
leaf_value=0.0004396294008660562 0.00087818941708117995 0.00019926068965278259 -1.6558798779420341e-05 0.00071511941021062443
leaf_weight=207 54 47 1719 55
leaf_count=207 54 47 1719 55
internal_value=0.000547025 0.000315271 -1.03734e-05 0.00634615
internal_weight=2082 2028 1926 102
internal_count=2082 2028 1926 102
is_linear=0
shrinkage=0.04


Tree=102
num_leaves=5
num_cat=0
split_feature=77 71 70 47
split_gain=2.53813 2.49007 3.02458 2.21163
threshold=1.9251318488582942 2.6316402959951604 -1.622326312119309 0.13487565737965981
decision_type=2 2 2 2
left_child=1 2 -1 -3
right_child=-2 3 -4 -5
leaf_value=-0.001039409990667076 0.00084306184039793287 0.0010092586254028825 6.3555622014724311e-06 -6.5776083942384797e-05
leaf_weight=42 54 86 1845 55
leaf_count=42 54 86 1845 55
internal_value=0.000527831 0.000295567 -8.99947e-05 0.00538462
internal_weight=2082 2028 1887 141
internal_count=2082 2028 1887 141
is_linear=0
shrinkage=0.04


Tree=103
num_leaves=7
num_cat=0
split_feature=36 40 14 26 28 107
split_gain=2.55072 3.53047 10.6713 4.16231 2.54284 3.76866
threshold=-0.64985208373966052 0.63798157845801651 0.71244334446711866 0.36334179498746905 -0.23398582449268876 -0.045070338922325766
decision_type=2 2 2 2 2 2
left_child=4 3 -3 -2 -1 -6
right_child=1 2 -4 -5 5 -7
leaf_value=0.0010538831082518437 -2.0105601133003152e-05 -4.9771044447168082e-05 -0.0020737546338264177 0.00028813408784818587 -0.00078526152068219028 0.00017376729418117152
leaf_weight=76 934 259 40 408 40 325
leaf_count=76 934 259 40 408 40 325
internal_value=0.000489443 -0.000237371 -0.00415282 0.000639881 0.00318284 0.00177112
internal_weight=2082 1641 299 1342 441 365
internal_count=2082 1641 299 1342 441 365
is_linear=0
shrinkage=0.04


Tree=104
num_leaves=8
num_cat=0
split_feature=0 73 102 64 36 28 53
split_gain=2.59668 2.82199 3.50162 2.72188 2.69203 2.68548 1.81598
threshold=0.49229864974037502 0.153567822759378 -0.39434155255180203 -0.058732529072499991 0.35779058394173741 -0.36154017370269048 1.0000000180025095e-35
decision_type=2 2 2 2 2 2 2
left_child=1 2 -1 4 -2 -5 -3
right_child=3 6 -4 5 -6 -7 -8
leaf_value=0.00026098008047432589 0.00038694543305803331 8.0796764519326905e-05 -8.2673161480924619e-05 -0.00076648087038743654 -0.00028135502910133669 -6.0989267588730527e-05 0.00060084531318782314
leaf_weight=254 174 464 668 58 89 199 176
leaf_count=254 174 464 668 58 89 199 176
internal_value=0.000451056 0.00126598 -0.000151515 -0.00199234 0.000867925 -0.00490347 0.00330218
internal_weight=2082 1562 922 520 263 257 640
internal_count=2082 1562 922 520 263 257 640
is_linear=0
shrinkage=0.04


Tree=105
num_leaves=7
num_cat=0
split_feature=36 89 36 14 100 68
split_gain=2.5504 3.22015 4.5253 3.76941 2.00599 2.29298
threshold=-0.75096566560476352 1.4782854011859337 -0.33406404355685076 1.2501350553569475 0.45091289597562351 0.78717993612175208
decision_type=2 2 2 2 2 2
left_child=4 3 -3 -2 5 -1
right_child=1 2 -4 -5 -6 -7
leaf_value=0.00014954959869606179 -3.6795104337812233e-06 -0.0013554965976456024 8.2129200999643822e-05 0.0007349993007233714 0.001139786482045218 -0.00037198220438078316
leaf_weight=224 1506 40 51 116 84 61
leaf_count=224 1506 40 51 116 84 61
internal_value=0.00047025 -0.000180758 -0.00741935 0.00023399 0.00347709 0.00184669
internal_weight=2082 1713 91 1622 369 285
internal_count=2082 1713 91 1622 369 285
is_linear=0
shrinkage=0.04


Tree=106
num_leaves=8
num_cat=0
split_feature=73 101 47 71 53 26 72
split_gain=2.51371 4.48839 5.62005 4.32745 3.4373 3.22499 1.10272
threshold=0.017569398326029165 -0.23536597799702116 -0.32348945617661734 0.27701246235233146 0.58333333333333337 1.0973066352679866 0.9121234538241455
decision_type=2 2 2 2 2 2 2
left_child=1 3 -3 -1 5 -2 -6
right_child=4 2 -4 -5 6 -7 -8
leaf_value=-8.3173200671008969e-05 6.4731412382059735e-05 0.00070405511560541454 -5.5205153308732528e-05 -0.00082672248129369121 0.00076047224942212834 -0.00094314411207878205 0.00045135331839123036
leaf_weight=345 802 211 419 84 126 53 42
leaf_count=345 802 211 419 84 126 53 42
internal_value=0.000451056 -0.000914232 0.00123418 -0.00406032 0.00186341 0.000828471 0.00705882
internal_weight=2082 1059 630 429 1023 855 168
internal_count=2082 1059 630 429 1023 855 168
is_linear=0
shrinkage=0.04


Tree=107
num_leaves=6
num_cat=0
split_feature=26 36 36 28 59
split_gain=2.82527 3.28782 2.7184 5.24649 3.5469
threshold=1.0704272339374457 -0.045417988864757168 0.28887423291148923 -0.34257320140077457 -0.034345675715409453
decision_type=2 2 2 2 2
left_child=2 -2 4 -4 -1
right_child=1 -3 3 -5 -6
leaf_value=0.00027478026403442352 -0.00072469110525747284 7.7150474034774831e-05 -0.00057101986530060935 5.9533090768878024e-05 2.1856482124649189e-06
leaf_weight=571 44 52 192 448 775
leaf_count=571 44 52 192 448 775
internal_value=0.000508637 -0.00612245 0.00083501 -0.00130841 0.0018546
internal_weight=2082 96 1986 640 1346
internal_count=2082 96 1986 640 1346
is_linear=0
shrinkage=0.04


Tree=108
num_leaves=8
num_cat=0
split_feature=46 40 89 73 109 36 46
split_gain=2.63017 4.23711 4.15494 3.94257 3.19281 3.76698 2.12284
threshold=-0.56043914260776162 -0.79691527010089336 0.10780266598769972 -0.61115641476546978 0.3900791572026569 -0.44092370276017295 -3.5587108541939716
decision_type=2 2 2 2 2 2 2
left_child=4 2 -2 -3 6 -6 -1
right_child=1 3 -4 -5 5 -7 -8
leaf_value=-0.00012432641359899106 -0.0040077974526320078 -0.00049052366538964885 0.00020486928464065053 2.2118274772574625e-05 0.0010326151227190337 -0.00023237352296548449 0.00059570310854517865
leaf_weight=65 51 68 43 1431 48 128 248
leaf_count=65 51 68 43 1431 48 128 248
internal_value=0.000393474 -0.000394984 -0.00854167 0.000126582 0.00295316 -0.00134831 0.00536508
internal_weight=2082 1593 94 1499 489 176 313
internal_count=2082 1593 94 1499 489 176 313
is_linear=0
shrinkage=0.04


Tree=109
num_leaves=7
num_cat=0
split_feature=46 64 13 28 13 46
split_gain=2.71947 3.19199 5.07262 5.00659 2.66632 1.59821
threshold=-0.56043914260776162 -0.17633557946680797 0.76292982923105301 0.85536070172907119 1.8500349973703516 -3.2798696030728545
decision_type=2 2 2 2 2 2
left_child=4 3 -3 -2 5 -1
right_child=1 2 -4 -5 -6 -7
leaf_value=-3.6499912967290137e-05 0.00014881634522015768 -0.00015196568626037459 0.00043118263617677565 -0.00085326126944197623 -0.00071487936310246278 0.00034396709999219517
leaf_weight=100 529 801 208 55 51 338
leaf_count=100 529 801 208 55 51 338
internal_value=0.000431862 -0.000369906 -0.00173096 0.00197952 0.00303462 0.00404545
internal_weight=2082 1593 1009 584 489 438
internal_count=2082 1593 1009 584 489 438
is_linear=0
shrinkage=0.04


Tree=110
num_leaves=8
num_cat=0
split_feature=0 61 107 85 95 18 101
split_gain=2.73505 2.15318 2.54684 2.08709 2.05995 1.63159 1.446
threshold=0.9563317537031728 0.35079718700019474 -0.34467480574934745 0.17960782981761655 0.62391272169193479 0.55822102272665564 0.092614804289201644
decision_type=2 2 2 2 2 2 2
left_child=1 2 -1 6 -5 -3 -2
right_child=3 5 -4 4 -6 -7 -8
leaf_value=-0.00017944945578680344 -0.00017046502531753633 0.00036392001570246016 4.4097556597123143e-05 -0.00053728199467760289 -0.00012372820310847091 -0.00012454517332138358 0.00054501561071080065
leaf_weight=325 78 206 1247 48 55 64 59
leaf_count=325 78 206 1247 48 55 64 59
internal_value=0.000527831 0.00105206 0.000482846 -0.00347107 -0.00771429 0.00433824 -0.000215827
internal_weight=2082 1842 1572 240 103 270 137
internal_count=2082 1842 1572 240 103 270 137
is_linear=0
shrinkage=0.04


Tree=111
num_leaves=4
num_cat=0
split_feature=37 35 41
split_gain=2.53813 2.3927 2.90255
threshold=-1.1256057889447775 -1.296145179411446 -1.0538307873666388
decision_type=2 2 2
left_child=-1 -2 -3
right_child=1 2 -4
leaf_value=0.00062883442339176511 0.0010487252206144758 -0.00036281196319199198 1.2585069979974724e-05
leaf_weight=54 63 95 1870
leaf_count=54 63 95 1870
internal_value=0.000527831 0.000295567 4.5755e-05
internal_weight=2082 2028 1965
internal_count=2082 2028 1965
is_linear=0
shrinkage=0.04


Tree=112
num_leaves=6
num_cat=0
split_feature=26 108 77 25 30
split_gain=2.50344 3.09002 2.83482 2.40337 1.53063
threshold=1.0704272339374457 -0.033748862374885329 1.0244186351979889 0.53720455975810977 0.41712530897607525
decision_type=2 2 2 2 2
left_child=2 -2 3 -1 -4
right_child=1 -3 4 -5 -6
leaf_value=3.7951656554376936e-05 9.6364272476459067e-05 -0.00096743988920267607 0.00068535205454241721 -0.00014313742952128418 9.4552160489270459e-05
leaf_weight=1321 45 51 126 460 79
leaf_count=1321 45 51 126 460 79
internal_value=0.000527831 -0.00571429 0.00083501 0.000319686 0.0052657
internal_weight=2082 96 1986 1781 205
internal_count=2082 96 1986 1781 205
is_linear=0
shrinkage=0.04


Tree=113
num_leaves=8
num_cat=0
split_feature=0 90 77 101 45 56 95
split_gain=2.63765 3.26847 2.27517 2.75109 2.04175 1.55912 0.938888
threshold=0.49229864974037502 0.25328571438388275 1.1001615584979643 0.47818925597794043 0.33841123157591962 -0.093887806204112051 0.96812175913255005
decision_type=2 2 2 2 2 2 2
left_child=2 5 3 -1 -3 -2 -4
right_child=1 4 6 -5 -6 -7 -8
leaf_value=-8.1028332522108109e-06 -0.00016948051880109134 -8.2693935033476443e-05 0.00064139349188856837 0.00024157317420039236 -0.00061440127198916588 0.00022083715575370728 3.7964141036574833e-06
leaf_weight=1046 86 148 100 376 59 227 40
leaf_count=1046 86 148 100 376 59 227 40
internal_value=0.000547025 -0.00191571 0.00136829 0.000884831 -0.00578947 0.000666667 0.00619718
internal_weight=2082 520 1562 1422 207 313 140
internal_count=2082 520 1562 1422 207 313 140
is_linear=0
shrinkage=0.04


Tree=114
num_leaves=5
num_cat=0
split_feature=35 41 61 42
split_gain=2.19879 2.71368 2.7327 2.48695
threshold=-1.296145179411446 -1.0538307873666388 0.26519374792495648 -0.64417359131481888
decision_type=2 2 2 2
left_child=-1 3 -3 -2
right_child=1 2 -4 -5
leaf_value=0.0010055822588578101 -0.00092150063001374453 -6.4378699654656352e-06 0.00025234649576529316 -3.8651653125928301e-06
leaf_weight=63 42 1336 587 54
leaf_count=63 42 1336 587 54
internal_value=0.000604607 0.000371103 0.000701299 -0.00612245
internal_weight=2082 2019 1923 96
internal_count=2082 2019 1923 96
is_linear=0
shrinkage=0.04


Tree=115
num_leaves=6
num_cat=0
split_feature=26 77 25 46 89
split_gain=2.4881 3.11446 2.48491 2.42122 1.37235
threshold=1.0704272339374457 1.0244186351979889 0.53720455975810977 -0.091135035098886527 0.74374830276028081
decision_type=2 2 2 2 2
left_child=1 2 -1 -2 -3
right_child=3 4 -4 -5 -6
leaf_value=3.136140890245248e-05 0.0003638960317653576 0.00059709559671661011 -0.00013875298684074453 -0.00046471408655434287 3.7663136709117917e-06
leaf_weight=1321 45 148 460 51 57
leaf_count=1321 45 148 460 51 57
internal_value=0.000508637 0.000814889 0.000274818 -0.00571429 0.00545894
internal_weight=2082 1986 1781 96 205
internal_count=2082 1986 1781 96 205
is_linear=0
shrinkage=0.04


Tree=116
num_leaves=8
num_cat=0
split_feature=73 28 46 61 33 108 16
split_gain=2.24805 3.50478 5.49296 4.0897 2.92049 4.59797 1.16871
threshold=0.017569398326029165 0.80941112303965956 -0.40032578890637899 0.27979104531310905 -0.65670929688012725 -0.047401211603522946 -1.0033286183302839
decision_type=2 2 2 2 2 2 2
left_child=1 3 -3 -1 6 -6 -2
right_child=4 2 -4 -5 5 -7 -8
leaf_value=-4.8747576229034932e-05 0.00017243931568900893 0.00066343276233754112 -0.0013750939176259375 0.00065376373089050255 0.00044394923477050297 -6.6104808965922681e-05 0.00068270106079549447
leaf_weight=760 83 48 58 193 342 438 160
leaf_count=760 83 48 58 193 342 438 160
internal_value=0.000527831 -0.000763431 -0.00759259 1.04712e-05 0.00186341 0.000664962 0.00567347
internal_weight=2082 1059 106 953 1023 780 243
internal_count=2082 1059 106 953 1023 780 243
is_linear=0
shrinkage=0.04


Tree=117
num_leaves=7
num_cat=0
split_feature=77 89 28 28 35 46
split_gain=2.33155 2.37483 2.05505 3.7235 3.37021 0.87317
threshold=1.1001615584979643 2.9217257109043451 -0.66636035896878354 -0.49678116561640556 0.36556278639176337 0.42193030797199432
decision_type=2 2 2 2 2 2
left_child=2 5 4 -4 -1 -2
right_child=1 -3 3 -5 -6 -7
leaf_value=0.00095824223774366166 0.00063813617328288053 -0.00046351455935914488 -0.00041345757094807457 7.211884867291546e-06 -0.00016951960342888753 0.00010702743985112228
leaf_weight=148 106 45 167 1499 76 41
leaf_count=148 106 45 167 1499 76 41
internal_value=0.000566219 0.00474227 0.000137421 -0.000347722 0.00371681 0.00718121
internal_weight=2082 192 1890 1666 224 147
internal_count=2082 192 1890 1666 224 147
is_linear=0
shrinkage=0.04


Tree=118
num_leaves=6
num_cat=0
split_feature=26 73 102 105 42
split_gain=2.24446 2.6312 4.82251 2.36565 2.32132
threshold=1.0704272339374457 0.017569398326029165 -0.38935097959000414 0.09782848135137269 -0.33030906652015463
decision_type=2 2 2 2 2
left_child=1 2 -1 -2 -3
right_child=3 4 -4 -5 -6
leaf_value=0.00027424054442978297 6.5758603369858799e-05 0.00035954417869025286 -0.00011650242458895785 -0.00073367444600648893 2.8296452779647784e-05
leaf_weight=279 46 352 744 50 611
leaf_count=279 46 352 744 50 611
internal_value=0.000604607 0.000895372 -0.000517073 -0.00530612 0.00239378
internal_weight=2082 1986 1023 96 963
internal_count=2082 1986 1023 96 963
is_linear=0
shrinkage=0.04


Tree=119
num_leaves=5
num_cat=0
split_feature=37 14 40 84
split_gain=2.53813 2.12611 2.79892 2.48862
threshold=-1.1256057889447775 1.1639585414372213 1.9536200855928889 0.27249463809706054
decision_type=2 2 2 2
left_child=-1 2 -2 -3
right_child=1 3 -4 -5
leaf_value=0.00050482125422761945 -1.2824505842087882e-05 0.0007619738661385515 0.00076349253237424945 -7.8422659468576904e-05
leaf_weight=54 1816 120 52 40
leaf_count=54 1816 120 52 40
internal_value=0.000527831 0.000295567 -8.55615e-05 0.00469136
internal_weight=2082 2028 1868 160
internal_count=2082 2028 1868 160
is_linear=0
shrinkage=0.04


end of trees

feature_importances:
Column_77=42
Column_106=38
Column_59=37
Column_36=33
Column_103=31
Column_101=29
Column_78=25
Column_46=20
Column_73=20
Column_37=17
Column_25=16
Column_109=16
Column_33=15
Column_40=15
Column_28=14
Column_26=13
Column_66=13
Column_41=12
Column_90=12
Column_89=11
Column_14=10
Column_34=10
Column_24=9
Column_61=9
Column_71=9
Column_35=8
Column_42=8
Column_0=6
Column_95=6
Column_102=6
Column_107=6
Column_108=6
Column_3=5
Column_4=5
Column_47=5
Column_53=5
Column_82=5
Column_83=5
Column_84=5
Column_94=5
Column_97=5
Column_100=5
Column_105=5
Column_1=4
Column_16=4
Column_85=4
Column_15=3
Column_38=3
Column_63=3
Column_64=3
Column_8=2
Column_10=2
Column_13=2
Column_22=2
Column_27=2
Column_30=2
Column_32=2
Column_62=2
Column_67=2
Column_68=2
Column_91=2
Column_96=2
Column_5=1
Column_7=1
Column_11=1
Column_18=1
Column_29=1
Column_45=1
Column_49=1
Column_56=1
Column_58=1
Column_65=1
Column_70=1
Column_72=1
Column_75=1
Column_76=1
Column_81=1
Column_88=1

parameters:
[boosting: gbdt]
[objective: quantile]
[metric: quantile]
[tree_learner: serial]
[device_type: cpu]
[data_sample_strategy: bagging]
[data: ]
[valid: ]
[num_iterations: 120]
[learning_rate: 0.04]
[num_leaves: 15]
[num_threads: 2]
[seed: 42]
[deterministic: 0]
[force_col_wise: 0]
[force_row_wise: 0]
[histogram_pool_size: -1]
[max_depth: 3]
[min_data_in_leaf: 40]
[min_sum_hessian_in_leaf: 0.001]
[bagging_fraction: 0.85]
[pos_bagging_fraction: 1]
[neg_bagging_fraction: 1]
[bagging_freq: 0]
[bagging_seed: 400]
[bagging_by_query: 0]
[feature_fraction: 0.8]
[feature_fraction_bynode: 1]
[feature_fraction_seed: 30056]
[extra_trees: 0]
[extra_seed: 12879]
[early_stopping_round: 0]
[early_stopping_min_delta: 0]
[first_metric_only: 0]
[max_delta_step: 0]
[lambda_l1: 0]
[lambda_l2: 2]
[linear_lambda: 0]
[min_gain_to_split: 0]
[drop_rate: 0.1]
[max_drop: 50]
[skip_drop: 0.5]
[xgboost_dart_mode: 0]
[uniform_drop: 0]
[drop_seed: 17869]
[top_rate: 0.2]
[other_rate: 0.1]
[min_data_per_group: 100]
[max_cat_threshold: 32]
[cat_l2: 10]
[cat_smooth: 10]
[max_cat_to_onehot: 4]
[top_k: 20]
[monotone_constraints: ]
[monotone_constraints_method: basic]
[monotone_penalty: 0]
[feature_contri: ]
[forcedsplits_filename: ]
[refit_decay_rate: 0.9]
[cegb_tradeoff: 1]
[cegb_penalty_split: 0]
[cegb_penalty_feature_lazy: ]
[cegb_penalty_feature_coupled: ]
[path_smooth: 0]
[interaction_constraints: ]
[verbosity: -1]
[saved_feature_importance_type: 0]
[use_quantized_grad: 0]
[num_grad_quant_bins: 4]
[quant_train_renew_leaf: 0]
[stochastic_rounding: 1]
[linear_tree: 0]
[max_bin: 255]
[max_bin_by_feature: ]
[min_data_in_bin: 3]
[bin_construct_sample_cnt: 200000]
[data_random_seed: 175]
[is_enable_sparse: 1]
[enable_bundle: 1]
[use_missing: 1]
[zero_as_missing: 0]
[feature_pre_filter: 1]
[pre_partition: 0]
[two_round: 0]
[header: 0]
[label_column: ]
[weight_column: ]
[group_column: ]
[ignore_column: ]
[categorical_feature: ]
[forcedbins_filename: ]
[precise_float_parser: 0]
[parser_config_file: ]
[objective_seed: 16083]
[num_class: 1]
[is_unbalance: 0]
[scale_pos_weight: 1]
[sigmoid: 1]
[boost_from_average: 1]
[reg_sqrt: 0]
[alpha: 0.25]
[fair_c: 1]
[poisson_max_delta_step: 0.7]
[tweedie_variance_power: 1.5]
[lambdarank_truncation_level: 30]
[lambdarank_norm: 1]
[label_gain: ]
[lambdarank_position_bias_regularization: 0]
[eval_at: ]
[multi_error_top_k: 1]
[auc_mu_weights: ]
[num_machines: 1]
[local_listen_port: 12400]
[time_out: 120]
[machine_list_filename: ]
[machines: ]
[gpu_platform_id: -1]
[gpu_device_id: -1]
[gpu_device_id_list: ]
[gpu_use_dp: 0]
[num_gpu: 1]

end of parameters

pandas_categorical:null
