tree
version=v4
num_class=1
num_tree_per_iteration=1
label_index=0
max_feature_idx=109
objective=quantile
feature_names=Column_0 Column_1 Column_2 Column_3 Column_4 Column_5 Column_6 Column_7 Column_8 Column_9 Column_10 Column_11 Column_12 Column_13 Column_14 Column_15 Column_16 Column_17 Column_18 Column_19 Column_20 Column_21 Column_22 Column_23 Column_24 Column_25 Column_26 Column_27 Column_28 Column_29 Column_30 Column_31 Column_32 Column_33 Column_34 Column_35 Column_36 Column_37 Column_38 Column_39 Column_40 Column_41 Column_42 Column_43 Column_44 Column_45 Column_46 Column_47 Column_48 Column_49 Column_50 Column_51 Column_52 Column_53 Column_54 Column_55 Column_56 Column_57 Column_58 Column_59 Column_60 Column_61 Column_62 Column_63 Column_64 Column_65 Column_66 Column_67 Column_68 Column_69 Column_70 Column_71 Column_72 Column_73 Column_74 Column_75 Column_76 Column_77 Column_78 Column_79 Column_80 Column_81 Column_82 Column_83 Column_84 Column_85 Column_86 Column_87 Column_88 Column_89 Column_90 Column_91 Column_92 Column_93 Column_94 Column_95 Column_96 Column_97 Column_98 Column_99 Column_100 Column_101 Column_102 Column_103 Column_104 Column_105 Column_106 Column_107 Column_108 Column_109
feature_infos=[-6.1385582400653318:6.5944649416236159] [-5.6407211471963175:5.4749207688731962] [-4.8591278064585381:4.1525970390605993] [-4.3628128452786257:3.846710530346745] [-3.6327817594823912:2.163514970771574] [-2.5828067287161467:2.3739170080203147] [-4.2393058804543333:3.985784071633093] [-1.3442512552725683:6.5102521939978448] [-1.6772140401376041:1.6291846469358644] [-3.5954298754858307:2.2056943741427415] [-1.4889622379860727:5.2232573741542963] [-2.4468459457737266:2.1350606784900994] [-2.5406125182654331:2.4482782782311761] [-1.4546281108885302:3.9236944209551217] [-2.8178383313726019:2.6199693102659261] [-1.5773230407649552:1.621104248853626] [-1.7643399282288816:1.7863586579419179] [-0.95363513287056412:0.7748384566874299] [-0.99754455093722549:0.78877345608843463] [-0.95363513287056401:0.77483845668743001] [-2.2375976404665265:1.664224362521612] [-4.0328891894940497:4.1384069749038019] [-3.285997177983937:2.3042535396371657] [-2.3285062783611803:2.6087172404246037] [-2.1497616687417573:1.5849780004778979] [-2.1579180448787874:1.5766776385489067] [-3.3723846074122443:2.0325643405485683] [-1.7861425910768856:1.4191822138960266] [-1.1736787366615589:3.634617275254667] [-3.7120888513664094:4.2819000568078778] [-3.6960584866940924:4.5050858455736877] [-3.0671780731208207:3.2734495900679241] [-3.1911181384162868:3.4407845533209556] [-1.9653750767171823:2.086565477295836] [-2.2069399445572837:2.2408272015434862] [-1.7881511887279253:1.7623171316706574] [-1.8127265931257102:1.8493200089256256] [-1.5820839891677911:3.8388158937175074] [-1.4771200423869804:5.0092387835742267] [-1.4476194527543478:3.8022783940372502] [-1.1725870223103516:3.1618857880816971] [-1.6633208233714365:1.4522280006467065] [-1.9776327556618671:1.7389069047619499] [-1.8764537331333562:14.041344146929974] [-182.33355716758197:162.78659873529608] [-397.42091606937714:131.27045757773527] [-326.07468227186951:76.523548750712763] [-1.3716196200121493:2.8305725791325629] [-1.9467396397676549:2.0022802331290133] [-1.1942306358726886:9.0102472370066042] [-4.8785992680851775:4.4424549414886014] [-8.9825779539394937:6.6728975604225731] [-1:1] [-0.83333333333333337:1] [0:1] [0:1] [-3.0478372949324757:3.9984416941070582] [-3.4003515928558801:2.258019649069833] [-2.2920121319213087:1.5800553247463354] [-0.94845076735526457:2.1440510378353315] [-2.0401696813756236:1.2406034267464405] [-1.3739044459236456:0.35377244871824737] [-4.5265460239545874:7.1411930467667224] [-4.2005766217130045:5.8588411467380803] [-2.43773705686647:4.2326603045895093] [-1.2821333259232344:4.8484007090468246] [-1.2026739495107197:7.9702259947905612] [-1.0883034413715937:2.3005875992763114] [-6.535783170226571:6.7083537352895419] [-4.5901719768282714:3.5532761626197749] [-3.3350197792898681:3.6708117568356124] [-1.2110008622404482:3.5442206381249957] [-1.7506545541015297:4.3379401439134941] [-0.7834081833399047:2.0012386617458535] [-11.327940876206117:11.104425947168536] [-5.961734987999777:5.2185410806260757] [-3.6521575880498585:4.0253517724820975] [-0.99511957438256293:3.0548546012191924] [-2.187703893268178:4.2650781378381275] [-1.3456313514427971:0.7349142455097748] [-3.9510217998027306:2.9642508250310011] [-3.4899294190313617:3.0723609998790087] [-2.5323557981943745:1.7232108799258132] [-1.2683884300555661:3.0530049963734749] [-2.0027870188111674:1.8319210892383844] [-1.4057408269101508:0.47458021439389375] [-5.256791746558318:2.6349571777682499] [-3.990328398021195:3.4012442072136588] [-1.8234956753705556:2.7361589869508598] [-1.4532918218847675:4.1429987370285195] [-1.6539705254681107:4.3848534765815916] [-1.4717468491550572:1.1922825850807008] [-4.2536797856538184:2.43638525640409] [-3.7623116565952333:3.4912986186853878] [-1.8971522067236322:2.5967802427704512] [-1.4645019736670681:3.9473689628116739] [-1.505774089920106:3.799340912916743] [-1.4543010690288367:1.1317309139811047] [-3.4200107359923004:3.7181960458765135] [-2.2315193924987886:2.6775896597159456] [-1.9779510769496851:2.0504841195376038] [-1.4696436562755988:2.0746366956086124] [-1.4550103303741979:1.8989155712463972] [-2.1680223563903551:0.57857503132022614] [-3.0783074945904549:3.2736002313163364] [-2.7828285291652857:3.5877181589449529] [-1.6710045749254725:2.3771055553044316] [-0.8720162329910055:2.9450770072910704] [-1.4125984865264394:2.2859771517993153] [-1.3934779271112305:0.99658949061807578]
tree_sizes=756 775 772 868 773 693 866 864 865 783 863 781 867 693 610 780 787 601 785 786 606 610 781 604 608 606 784 606 873 872 606 693 875 605 609 598 608 601 868 696 603 696 604 690 693 779 687 603 876 606 608 694 695 868 697 690 867 779 688 678 519 877 693 696 522 518 517 617 607 692 783 605 785 784 520 695 780 779 516 610 785 875 870 776 690 700 607 782 603 519 604 605 703 607 866 862 782 603 787 689 604 515 782 870 863 872 872 606 859 611 598 516 520 789 698 607 868 700 609 696

Tree=0
num_leaves=7
num_cat=0
split_feature=9 20 78 83 26 73
split_gain=4.16339 3.77451 2.70895 2.42891 2.04101 1.28656
threshold=-0.99896366157181793 -1.0196227590634723 1.3212421627074409 0.92039168359437473 0.94414806963104914 0.2587079010733751
decision_type=2 2 2 2 2 2
left_child=1 -1 4 -4 -2 -3
right_child=2 5 3 -5 -6 -7
leaf_value=0.0077995067089796062 0.0073652415163815025 0.0072718694992363452 0.0076368910074234011 0.0073894922994077209 0.0072410783637315039 0.0076585933379828934
leaf_weight=64 1587 71 81 132 141 63
leaf_count=64 1587 71 81 132 141 63
internal_value=0.00738918 0.0128845 0.00682352 0.0110589 0.0062978 0.00900215
internal_weight=2139 198 1941 213 1728 134
internal_count=2139 198 1941 213 1728 134
is_linear=0
shrinkage=1


Tree=1
num_leaves=7
num_cat=0
split_feature=9 20 72 103 106 73
split_gain=3.92056 3.39299 2.39213 2.09026 1.93963 1.28656
threshold=-0.99896366157181793 -1.0196227590634723 0.99938684219225182 0.3284286966629254 -0.60636628885865351 0.2587079010733751
decision_type=2 2 2 2 2 2
left_child=1 -1 4 -4 -2 -3
right_child=2 5 3 -5 -6 -7
leaf_value=0.00039840107560157784 4.3862382788211096e-05 -0.00010813064575195313 0.00028543370524421332 -2.2790813259780418e-05 -5.0666382908821118e-05 0.00026312423944473265
leaf_weight=64 348 71 130 74 1389 63
leaf_count=64 348 71 130 74 1389 63
internal_value=-3.2695e-05 0.0053 -0.000581575 0.00349515 -0.00106383 0.00161765
internal_weight=2139 198 1941 204 1737 134
internal_count=2139 198 1941 204 1737 134
is_linear=0
shrinkage=0.04


Tree=2
num_leaves=7
num_cat=0
split_feature=4 78 75 26 31 109
split_gain=3.18614 2.30195 2.15209 2.04101 1.95056 1.78144
threshold=-1.001272919368362 1.3212421627074409 -0.44261255488231394 0.94414806963104914 -1.0291909446367891 -0.36881807663985439
decision_type=2 2 2 2 2 2
left_child=4 3 -3 -2 5 -1
right_child=1 2 -4 -5 -6 -7
leaf_value=3.2517724096775074e-05 -1.7715937573462727e-05 0.00039883848929405215 2.7019611936062552e-05 -0.00013695783263444902 -2.4090325534343732e-05 0.00036593946721404785
leaf_weight=43 1587 40 173 141 75 80
leaf_count=43 1587 40 173 141 75 80
internal_value=-0.000107426 -0.000602162 0.00330233 -0.00108671 0.0047 0.00776
internal_weight=2139 1941 213 1728 198 123
internal_count=2139 1941 213 1728 198 123
is_linear=0
shrinkage=0.04


Tree=3
num_leaves=8
num_cat=0
split_feature=85 26 93 51 87 105 76
split_gain=2.9611 3.11247 2.56627 2.98631 2.65928 2.39646 0.922688
threshold=-0.15049162784516301 0.92760625514568307 0.70745920729937828 0.097378173655943687 -0.77754562775529978 -1.4472368643310929 -0.092291177063247867
decision_type=2 2 2 2 2 2 2
left_child=2 5 4 -4 -1 -2 -3
right_child=1 6 3 -5 -6 -7 -8
leaf_value=4.1447975047826765e-05 0.00026024739937946203 -0.0001850392841501534 -6.9406508560329664e-05 0.00023676176206257197 -0.00011639163764197379 7.4292821313217292e-05 -6.0470789394378656e-05
leaf_weight=177 53 49 84 60 588 1043 85
leaf_count=177 53 49 84 60 588 1043 85
internal_value=-0.000126109 0.0011526 -0.0018551 0.0030137 -0.00277705 0.00185792 -0.00455882
internal_weight=2139 1230 909 144 765 1096 134
internal_count=2139 1230 909 144 765 1096 134
is_linear=0
shrinkage=0.04


Tree=4
num_leaves=7
num_cat=0
split_feature=9 20 71 44 71 73
split_gain=2.74644 2.68791 2.23099 2.49888 2.08466 1.26612
threshold=-0.99896366157181793 -1.0196227590634723 2.7738821584154718 -0.056331855463088977 -0.83882971146253416 0.2587079010733751
decision_type=2 2 2 2 2 2
left_child=1 -1 4 -4 -2 -3
right_child=2 5 3 -5 -6 -7
leaf_value=0.00038022639116804273 0.00013542098614663034 -0.00010355037316009254 0.00034714567946279569 7.2390985969468874e-06 -3.3113588131348032e-05 0.0002435938747443646
leaf_weight=64 136 71 42 71 1692 63
leaf_count=64 136 71 42 71 1692 63
internal_value=-0.000163475 0.0043 -0.000622748 0.00478261 -0.000961749 0.00102941
internal_weight=2139 198 1941 113 1828 134
internal_count=2139 198 1941 113 1828 134
is_linear=0
shrinkage=0.04


Tree=5
num_leaves=6
num_cat=0
split_feature=60 107 41 65 99
split_gain=2.57967 3.17949 2.01538 1.92346 1.06996
threshold=-1.5003370964907716 0.83086537772576741 0.68237703898327562 -0.02409243673040291 0.13262225652415219
decision_type=2 2 2 2 2
left_child=1 -1 3 -2 -4
right_child=2 -3 4 -5 -6
leaf_value=-7.3737699853638802e-05 6.8854246829780886e-05 0.00038676059869489812 -0.00015448772967953576 -3.1660170131992897e-05 -2.1578167152101401e-05
leaf_weight=42 823 57 179 914 124
leaf_count=42 823 57 179 914 124
internal_value=-0.000200841 0.0060396 -0.000509305 1.72513e-05 -0.0035082
internal_weight=2139 99 2040 1737 303
internal_count=2139 99 2040 1737 303
is_linear=0
shrinkage=0.04


Tree=6
num_leaves=8
num_cat=0
split_feature=85 26 93 51 87 105 76
split_gain=2.62879 2.6677 2.2416 2.66241 2.53177 2.0865 0.721708
threshold=-0.15049162784516301 0.92760625514568307 0.70745920729937828 0.097378173655943687 -0.77754562775529978 -1.4472368643310929 -0.092291177063247867
decision_type=2 2 2 2 2 2 2
left_child=2 5 4 -4 -1 -2 -3
right_child=1 6 3 -5 -6 -7 -8
leaf_value=3.6332497535873297e-05 0.0002524284537348172 -0.0001754500425728093 -6.974522030863359e-05 0.00021922598969979822 -0.00010982313253107841 6.9276758085885616e-05 -5.9481584166540812e-05
leaf_weight=177 53 49 84 60 588 1043 85
leaf_count=177 53 49 84 60 588 1043 85
internal_value=-0.000182158 0.00102273 -0.0018112 0.00273973 -0.00267275 0.00167577 -0.00426471
internal_weight=2139 1230 909 144 765 1096 134
internal_count=2139 1230 909 144 765 1096 134
is_linear=0
shrinkage=0.04


Tree=7
num_leaves=8
num_cat=0
split_feature=73 27 73 71 87 87 1
split_gain=2.49087 3.56605 3.10648 2.0967 2.56438 1.75615 1.14093
threshold=0.62323829211393111 -0.71330667771961209 0.85586798610434989 -0.83882971146253416 0.057040762128380211 0.62482454359253015 -1.0360816682836773
decision_type=2 2 2 2 2 2 2
left_child=3 6 -3 4 -1 -5 -2
right_child=1 2 -4 5 -6 -7 -8
leaf_value=0.00018976292100448576 0.00011798617839311777 0.00018669419405667101 -1.9722805331815129e-05 -5.8004543965482178e-05 -3.6980630180299364e-05 6.1202290613354387e-05 0.00027950020767560254
leaf_weight=57 41 86 384 1212 87 228 44
leaf_count=57 41 86 384 1212 87 228 44
internal_value=-0.000200841 0.00210054 0.000720339 -0.00100883 0.00356164 -0.00147018 0.00954023
internal_weight=2139 555 470 1584 144 1440 85
internal_count=2139 555 470 1584 144 1440 85
is_linear=0
shrinkage=0.04


Tree=8
num_leaves=8
num_cat=0
split_feature=73 27 0 11 71 87 87
split_gain=2.35439 3.83022 2.90438 1.98914 1.89965 2.25256 1.90978
threshold=0.56941459621281265 -0.71330667771961209 -0.85922227261818218 -0.36778576627368681 -0.83882971146253416 0.057040762128380211 0.61785984081074086
decision_type=2 2 2 2 2 2 2
left_child=4 3 -3 -2 5 -1 -6
right_child=1 2 -4 -5 6 -7 -8
leaf_value=0.00018217240416430633 9.4725711138125666e-05 0.00018516021835829615 -1.034949156380225e-05 0.00027660132985224189 -5.9042706771289865e-05 -3.5501404973087397e-05 5.290174287226117e-05
leaf_weight=57 50 62 434 45 1170 87 234
leaf_count=57 50 62 434 45 1170 87 234
internal_value=-0.000238206 0.00190556 0.000481928 0.00917526 -0.00105806 0.00328767 -0.00150782
internal_weight=2139 591 496 95 1548 144 1404
internal_count=2139 591 496 95 1548 144 1404
is_linear=0
shrinkage=0.04


Tree=9
num_leaves=7
num_cat=0
split_feature=41 85 105 65 108 88
split_gain=2.39109 2.38022 1.92308 1.83826 1.12946 0.78197
threshold=0.73998116899219413 -0.15049162784516301 -1.4472368643310929 -0.02409243673040291 -0.74698019966040996 -0.49738851031228321
decision_type=2 2 2 2 2 2
left_child=1 3 -3 -1 -2 -6
right_child=4 2 -4 -5 5 -7
leaf_value=1.9409588951024014e-05 6.6684827287115219e-06 0.00023780976997359032 5.0416160416021991e-05 -9.7678167218201195e-05 -0.00022274861981804144 -0.00012295606016603477
leaf_weight=388 63 52 1048 403 50 135
leaf_count=388 63 52 1048 403 50 135
internal_value=-0.000163475 0.00032224 0.0015245 -0.00134931 -0.00384 -0.00540107
internal_weight=2139 1891 1100 791 248 185
internal_count=2139 1891 1100 791 248 185
is_linear=0
shrinkage=0.04


Tree=10
num_leaves=8
num_cat=0
split_feature=72 7 26 65 40 86 7
split_gain=2.79187 2.14398 2.09566 2.23781 1.34016 1.13143 0.756348
threshold=0.99938684219225182 0.80378855750555533 0.94414806963104914 -1.0163337020376517 -0.25532860397278728 -0.46109119853523567 1.7376028887733685
decision_type=2 2 2 2 2 2 2
left_child=2 4 3 -1 -2 -4 -3
right_child=1 6 5 -5 -6 -7 -8
leaf_value=0.00016815459042878025 0.00024625715865793846 0.00037121655775495692 4.1051970990597656e-05 -1.2028185177016884e-05 -4.1445231558365351e-05 -0.000127495461066553 0.00023675211602067585
leaf_weight=45 60 41 41 1685 105 122 40
leaf_count=45 60 41 41 1685 105 122 40
internal_value=-0.000200841 0.00379032 -0.000722955 -0.000311778 0.00113772 -0.0050303 0.00903614
internal_weight=2139 246 1893 1730 165 163 81
internal_count=2139 246 1893 1730 165 163 81
is_linear=0
shrinkage=0.04


Tree=11
num_leaves=7
num_cat=0
split_feature=41 43 39 68 92 6
split_gain=2.41697 2.48031 2.89851 2.41862 1.09497 1.04475
threshold=0.68237703898327562 -0.34229764468509288 1.2314828400563349 -1.4838415378967682 -0.78777917894999427 0.96554502841406797
decision_type=2 2 2 2 2 2
left_child=1 2 -1 -3 -2 -6
right_child=4 3 -4 -5 5 -7
leaf_value=-8.0372942246404214e-05 7.3508985626012178e-05 0.00030476221750533583 9.6962388942037456e-05 4.1555546037639825e-05 -9.3196443469497215e-05 -0.00015949122927437324
leaf_weight=473 46 47 86 1229 197 61
leaf_count=473 46 47 86 1229 197 61
internal_value=-0.000238206 0.000310289 -0.00190731 0.00128326 -0.00352941 -0.00453846
internal_weight=2139 1835 559 1276 304 258
internal_count=2139 1835 559 1276 304 258
is_linear=0
shrinkage=0.04


Tree=12
num_leaves=8
num_cat=0
split_feature=72 7 26 65 40 92 7
split_gain=2.35878 2.41707 1.90538 2.22585 1.24457 1.21609 0.756348
threshold=0.99938684219225182 0.80378855750555533 0.94414806963104914 -1.0163337020376517 -0.25532860397278728 -0.45361661777328915 1.7376028887733685
decision_type=2 2 2 2 2 2 2
left_child=2 4 3 -1 -2 -4 -3
right_child=1 6 5 -5 -6 -7 -8
leaf_value=0.00015848804738658858 0.00023878721015532946 0.00035470567360325306 1.3320242931444612e-05 -1.3209279611441812e-05 -4.1449644137536328e-05 -0.00012831680148758451 0.00022561980953834327
leaf_weight=45 60 41 44 1685 105 119 40
leaf_count=45 60 41 44 1685 105 119 40
internal_value=-0.000200841 0.00346774 -0.000680739 -0.000288684 0.000658683 -0.00478788 0.00903614
internal_weight=2139 246 1893 1730 165 163 81
internal_count=2139 246 1893 1730 165 163 81
is_linear=0
shrinkage=0.04


Tree=13
num_leaves=6
num_cat=0
split_feature=90 20 96 26 57
split_gain=2.4049 2.79378 2.45908 2.72098 0.365827
threshold=1.4047322970503442 -0.39973612287880578 1.1522624587835606 0.94414806963104914 -0.51934658396590272
decision_type=2 2 2 2 2
left_child=2 -2 3 -1 -4
right_child=1 -3 4 -5 -6
leaf_value=4.2677349425996465e-06 0.00044960865507975487 -1.0689798138098852e-06 -0.00030873091632338399 -0.00012282446324110677 -8.7982360495759978e-05
leaf_weight=1793 49 65 45 145 42
leaf_count=1793 49 65 45 145 42
internal_value=-0.000256889 0.00534483 -0.000577208 -0.000278351 -0.00707865
internal_weight=2139 114 2025 1938 87
internal_count=2139 114 2025 1938 87
is_linear=0
shrinkage=0.04


Tree=14
num_leaves=5
num_cat=0
split_feature=86 26 43 68
split_gain=2.19018 2.65362 2.09023 0.772762
threshold=-1.8579205287096958 0.94414806963104914 -0.34229764468509288 0.24960137066370544
decision_type=2 2 2 2
left_child=-1 2 -2 -3
right_child=1 3 -4 -5
leaf_value=0.00025814572547356522 -5.1934696734922633e-05 -0.0001272962822509863 3.1693499782464271e-05 -1.7252901718730314e-05
leaf_weight=72 578 102 1329 58
leaf_count=72 578 102 1329 58
internal_value=-0.000275572 -0.000517158 -9.95285e-05 -0.0054321
internal_weight=2139 2067 1907 160
internal_count=2139 2067 1907 160
is_linear=0
shrinkage=0.04


Tree=15
num_leaves=7
num_cat=0
split_feature=41 43 42 64 86 99
split_gain=2.09904 2.05225 2.3266 2.07958 1.27866 1.21128
threshold=0.68237703898327562 0.80592186799239107 0.36912986802294445 -0.10458112997987097 -0.81993588675418883 0.55112579956811236
decision_type=2 2 2 2 2 2
left_child=1 3 -3 -1 -2 -6
right_child=4 2 -4 -5 5 -7
leaf_value=4.7071775476597769e-05 8.127961623997198e-05 3.970656749763185e-05 0.00022349680984287451 -4.5417430392813811e-05 -0.00014620722716453992 8.4513588264772959e-06
leaf_weight=578 43 257 85 915 200 61
leaf_count=578 43 257 85 915 200 61
internal_value=-0.000331621 0.000179641 0.00296512 -0.000461538 -0.00339869 -0.00444867
internal_weight=2139 1835 342 1493 304 261
internal_count=2139 1835 342 1493 304 261
is_linear=0
shrinkage=0.04


Tree=16
num_leaves=7
num_cat=0
split_feature=26 85 81 93 87 74
split_gain=2.04919 2.32738 2.14349 1.95313 0.783171 0.653497
threshold=0.94414806963104914 -0.20217034630026628 0.77126823431786018 0.70745920729937828 -0.30310078125438106 0.23834288091550923
decision_type=2 2 2 2 2 2
left_child=1 3 -3 -1 -2 -6
right_child=4 2 -4 -5 5 -7
leaf_value=-7.4891858769508276e-05 -1.0227714100612441e-05 9.2690175602331336e-05 -3.8857641548573683e-05 8.3416612605770286e-05 -0.00018619800996607657 -4.7525501064128553e-05
leaf_weight=696 49 944 202 129 79 40
leaf_count=696 49 944 202 129 79 40
internal_value=-0.000256889 0.000106437 0.00127178 -0.00151149 -0.00447059 -0.00619835
internal_weight=2139 1971 1146 825 168 119
internal_count=2139 1971 1146 825 168 119
is_linear=0
shrinkage=0.04


Tree=17
num_leaves=5
num_cat=0
split_feature=101 9 43 57
split_gain=2.20007 2.01258 2.01955 1.67879
threshold=1.6534469206267211 -0.99896366157181793 0.36286285738514418 1.255274937925007
decision_type=2 2 2 2
left_child=1 2 -1 -3
right_child=-2 3 -4 -5
leaf_value=-5.8905940365089341e-09 0.00029146315223269097 -1.3229881483166053e-05 0.00030323589455849255 -0.00014005693959614856
leaf_weight=117 51 1814 81 76
leaf_count=117 51 1814 81 76
internal_value=-0.000312938 -0.000516746 0.0033 -0.000919662
internal_weight=2139 2088 198 1890
internal_count=2139 2088 198 1890
is_linear=0
shrinkage=0.04


Tree=18
num_leaves=7
num_cat=0
split_feature=72 50 87 87 87 0
split_gain=1.92632 2.05082 1.68235 2.60758 1.67145 1.56192
threshold=0.99938684219225182 -0.88734957317395391 -0.78413441478742585 -0.88841337785239238 0.62482454359253015 -0.027203018585030891
decision_type=2 2 2 2 2 2
left_child=2 -2 3 -1 -4 -3
right_child=1 5 4 -5 -6 -7
leaf_value=2.6488136614185447e-06 0.00026395470019949479 -0.00017536123268370647 -5.0073077049193008e-05 0.00013194156910787761 3.5481329600787623e-05 0.00020280449419494167
leaf_weight=261 41 73 1254 51 327 132
leaf_count=261 41 73 1254 51 327 132
internal_value=-0.000331621 0.00298387 -0.000765172 0.00191083 -0.00129501 0.00130435
internal_weight=2139 246 1893 312 1581 205
internal_count=2139 246 1893 312 1581 205
is_linear=0
shrinkage=0.04


Tree=19
num_leaves=7
num_cat=0
split_feature=72 50 102 87 87 87
split_gain=1.9047 2.05082 2.14709 1.65597 2.60758 1.63844
threshold=0.99938684219225182 -0.88734957317395391 -0.071903405246107402 -0.78413441478742585 -0.88841337785239238 0.62482454359253015
decision_type=2 2 2 2 2 2
left_child=3 -2 -3 4 -1 -5
right_child=1 2 -4 5 -6 -7
leaf_value=2.5428611149617975e-06 0.00025339651219151503 0.00031128675231237345 -2.0568689776385482e-05 -4.8070153967225294e-05 0.00012666390634356251 3.4062076416756102e-05
leaf_weight=261 41 49 156 1254 51 327
leaf_count=261 41 49 156 1254 51 327
internal_value=-0.000312938 0.00298387 0.00130435 -0.000744063 0.00191083 -0.00126974
internal_weight=2139 246 205 1893 312 1581
internal_count=2139 246 205 1893 312 1581
is_linear=0
shrinkage=0.04


Tree=20
num_leaves=5
num_cat=0
split_feature=82 83 3 71
split_gain=1.88149 2.02338 3.40364 1.84587
threshold=-1.2255024740518954 1.0660361628471031 0.23658897088104699 0.85244985324597555
decision_type=2 2 2 2
left_child=-1 3 -3 -2
right_child=1 2 -4 -5
leaf_value=-0.00010786732802219226 -2.1618618907599011e-05 0.00028416584765540297 -8.1840055814154299e-05 8.0235079115957594e-05
leaf_weight=72 1545 102 60 360
leaf_count=72 1545 102 60 360
internal_value=-0.000219524 4.83325e-06 0.00426829 -0.000361825
internal_weight=2139 2067 162 1905
internal_count=2139 2067 162 1905
is_linear=0
shrinkage=0.04


Tree=21
num_leaves=5
num_cat=0
split_feature=101 26 85 69
split_gain=1.81716 2.05352 1.76855 1.30967
threshold=1.6454453509328399 0.94414806963104914 -0.15049162784516301 -0.073240500847941883
decision_type=2 2 2 2
left_child=1 2 -1 -3
right_child=-2 3 -4 -5
leaf_value=-4.5048421207888243e-05 0.00024005124853921611 -0.0001267805682058324 4.4133353957681205e-05 -8.6323325120125578e-06
leaf_weight=854 57 82 1081 65
leaf_count=854 57 82 1081 65
internal_value=-0.000312938 -0.000508637 -0.000160041 -0.00503356
internal_weight=2139 2082 1935 147
internal_count=2139 2082 1935 147
is_linear=0
shrinkage=0.04


Tree=22
num_leaves=7
num_cat=0
split_feature=26 81 78 15 92 84
split_gain=1.75876 1.72802 2.89002 2.01198 1.27978 1.05122
threshold=0.94414806963104914 -0.13762433137357125 0.88241061261949916 -1.2428557256473527 -0.45361661777328915 0.051439350462267837
decision_type=2 2 2 2 2 2
left_child=1 2 -1 -3 -2 -6
right_child=4 3 -4 -5 5 -7
leaf_value=8.5661597142912095e-06 2.7722700615848001e-05 0.00044254081922018382 0.0001837138099216185 -2.9731250938041902e-05 -0.00013735086667672445 -1.7543044205184439e-05
leaf_weight=675 45 43 118 1135 75 48
leaf_count=675 45 43 118 1135 75 48
internal_value=-0.000331621 5.06842e-06 0.00144654 -0.000966102 -0.00423529 -0.00632
internal_weight=2139 1971 793 1178 168 123
internal_count=2139 1971 793 1178 168 123
is_linear=0
shrinkage=0.04


Tree=23
num_leaves=5
num_cat=0
split_feature=101 29 76 69
split_gain=1.77822 1.89837 2.44469 1.67286
threshold=1.6454453509328399 0.7171978193892562 2.0370983411515069 0.35754179853793461
decision_type=2 2 2 2
left_child=1 2 -1 -3
right_child=-2 3 -4 -5
leaf_value=-7.5853174433246702e-06 0.00022310064620078272 -6.8766676594323305e-05 0.00026482270471181555 2.3203862019601924e-05
leaf_weight=1681 57 234 80 87
leaf_count=1681 57 234 80 87
internal_value=-0.000238206 -0.000431862 8.50822e-05 -0.00325077
internal_weight=2139 2082 1761 321
internal_count=2139 2082 1761 321
is_linear=0
shrinkage=0.04


Tree=24
num_leaves=5
num_cat=0
split_feature=101 2 101 71
split_gain=1.7397 1.56798 2.55776 1.72351
threshold=1.6454453509328399 -0.22457582269095847 -0.28148866932281064 -0.85148287903649156
decision_type=2 2 2 2
left_child=1 2 -1 -3
right_child=-2 3 -4 -5
leaf_value=-8.0153069270961678e-05 0.0002141766203527514 0.00012961169983575609 8.2911517040718216e-05 -3.8643879148992405e-05
leaf_weight=253 57 94 528 1207
leaf_count=253 57 94 528 1207
internal_value=-0.000163475 -0.000355086 0.00106003 -0.00120491
internal_weight=2139 2082 781 1301
internal_count=2139 2082 781 1301
is_linear=0
shrinkage=0.04


Tree=25
num_leaves=5
num_cat=0
split_feature=101 26 68 43
split_gain=1.78792 1.6415 1.96624 1.80844
threshold=1.6454453509328399 0.94414806963104914 0.24960137066370544 -0.34229764468509288
decision_type=2 2 2 2
left_child=1 3 -3 -1
right_child=-2 2 -4 -5
leaf_value=-4.841226813801919e-05 0.00020560955553864134 -0.00010864251730596534 1.2418157581086065e-05 2.2910494891650981e-05
leaf_weight=585 57 91 56 1350
leaf_count=585 57 91 56 1350
internal_value=-0.000256889 -0.000451056 -0.00449664 -0.000139391
internal_weight=2139 2082 147 1935
internal_count=2139 2082 147 1935
is_linear=0
shrinkage=0.04


Tree=26
num_leaves=7
num_cat=0
split_feature=73 73 11 97 57 44
split_gain=1.74536 2.73338 2.33262 1.92287 1.34393 1.1215
threshold=0.62323829211393111 0.85586798610434989 0.0076148675459005504 0.89217099081494078 0.013970707494979339 -0.080900834280054151
decision_type=2 2 2 2 2 2
left_child=3 5 -3 4 -1 -2
right_child=1 2 -4 -5 -6 -7
leaf_value=9.6737010760472072e-06 0.00025706418256403257 7.7119819810413109e-05 -0.00010017291279970646 -0.00023343896311949538 -5.3885073977296921e-05 0.00011904154611624092
leaf_weight=747 46 254 202 54 783 53
leaf_count=747 46 254 202 54 783 53
internal_value=-0.000256889 0.00166966 0.000349345 -0.000933165 -0.000665796 0.00762376
internal_weight=2139 555 456 1584 1530 99
internal_count=2139 555 456 1584 1530 99
is_linear=0
shrinkage=0.04


Tree=27
num_leaves=5
num_cat=0
split_feature=82 93 93 86
split_gain=1.81477 1.85187 3.1065 2.5794
threshold=-1.2255024740518954 -0.64538397814861448 -0.27555973050459148 0.25677232749950679
decision_type=2 2 2 2
left_child=-1 3 -3 -2
right_child=1 2 -4 -5
leaf_value=-8.7148627047925437e-05 7.4311172788367636e-06 -0.00010279936357726675 4.4705453561520556e-06 0.0002109618304728151
leaf_weight=72 351 321 1314 81
leaf_count=72 351 321 1314 81
internal_value=-0.000331621 -0.000111165 -0.00072694 0.00221198
internal_weight=2139 2067 1635 432
internal_count=2139 2067 1635 432
is_linear=0
shrinkage=0.04


Tree=28
num_leaves=8
num_cat=0
split_feature=93 86 93 26 96 81 2
split_gain=1.61976 2.86107 2.8403 3.01644 2.31593 1.17685 0.579828
threshold=-0.64538397814861448 0.25677232749950679 -0.31898469132598745 -1.0868447661138279 -0.23503767357718944 -0.67238919194541957 0.072354980714663203
decision_type=2 2 2 2 2 2 2
left_child=1 4 5 -4 -1 -2 -3
right_child=2 6 3 -5 -6 -7 -8
leaf_value=-3.3893073396982328e-05 2.0563630399457295e-05 0.00022427113057479304 0.00027362234144147303 -1.2868678499180965e-05 8.8923852255938093e-05 -0.00012847405324485598 0.00012123654629735874
leaf_weight=237 51 41 92 1312 138 228 40
leaf_count=237 51 41 92 1312 138 228 40
internal_value=-0.000275572 0.00183406 -0.000848665 -0.000113798 0.000344828 -0.00451957 0.00855422
internal_weight=2139 456 1683 1404 375 279 81
internal_count=2139 456 1683 1404 375 279 81
is_linear=0
shrinkage=0.04


Tree=29
num_leaves=8
num_cat=0
split_feature=43 41 68 43 70 49 91
split_gain=1.58202 1.92816 1.86662 2.42526 1.77753 1.71399 1.26817
threshold=-0.34229764468509288 0.64699114253296086 0.24960137066370544 -0.47363336603404799 -1.258768173759363 -0.36016645673344694 0.21043774302642002
decision_type=2 2 2 2 2 2 2
left_child=2 5 4 -4 -1 -2 -3
right_child=1 6 3 -5 -6 -7 -8
leaf_value=0.00014539256193076263 -7.0620343833842364e-05 -9.9037663023615781e-05 8.3809505947647232e-05 -0.0002204827115698512 -0.00010741290289127376 6.8458143093639884e-05 5.4144739550963069e-06
leaf_weight=50 269 169 166 60 377 984 64
leaf_count=50 269 169 166 60 377 984 64
internal_value=-0.000331621 0.000389785 -0.00196947 0.000964912 -0.00351981 0.00101195 -0.00293617
internal_weight=2139 1486 653 226 427 1253 233
internal_count=2139 1486 653 226 427 1253 233
is_linear=0
shrinkage=0.04


Tree=30
num_leaves=5
num_cat=0
split_feature=86 109 57 71
split_gain=1.8098 1.84612 3.91007 2.18103
threshold=-1.8579205287096958 0.83414082113743548 -0.0496026966482657 0.3693302537077095
decision_type=2 2 2 2
left_child=-1 2 -2 -3
right_child=1 3 -4 -5
leaf_value=0.00021499323119930316 5.7389184158840347e-05 -0.00013607973241574993 -4.240556261343762e-05 2.7261560975368089e-05
leaf_weight=72 747 177 1044 99
leaf_count=72 747 177 1044 99
internal_value=-0.000200841 -0.000420493 5.01952e-05 -0.00345324
internal_weight=2139 2067 1791 276
internal_count=2139 2067 1791 276
is_linear=0
shrinkage=0.04


Tree=31
num_leaves=6
num_cat=0
split_feature=14 87 26 87 13
split_gain=1.58766 1.66969 1.80548 1.7387 0.868709
threshold=-1.479510402964118 -0.78413441478742585 -1.0868447661138279 -0.88841337785239238 0.76768594170097393
decision_type=2 2 2 2 2
left_child=4 3 -3 -2 -1
right_child=1 2 -4 -5 -6
leaf_value=-0.00015571877479187056 3.5847353730260223e-05 0.0001734880988420602 -2.1454339664341363e-05 0.00011178368273713847 -1.0361332935031643e-05
leaf_weight=50 277 101 1609 62 40
leaf_count=50 277 101 1609 62 40
internal_value=-0.000294255 -6.33837e-05 -0.00057243 0.00249267 -0.00543478
internal_weight=2139 2049 1710 339 90
internal_count=2139 2049 1710 339 90
is_linear=0
shrinkage=0.04


Tree=32
num_leaves=8
num_cat=0
split_feature=80 40 82 85 80 36 11
split_gain=1.71231 3.07923 4.62143 2.98237 2.46855 2.04943 0.776669
threshold=-0.12156927197689361 -0.38363551701684745 -0.10978287934265636 0.036190882528911179 -0.017374259090043885 -0.92274148725150196 0.4923412507575225
decision_type=2 2 2 2 2 2 2
left_child=1 2 -1 -3 6 -6 -2
right_child=4 3 -4 -5 5 -7 -8
leaf_value=0.00020685044365540727 -0.00016895737666281077 -6.6563495109011643e-05 -0.00011781131618678449 5.3800823586050852e-05 0.00015347135742917975 -2.0882716950598049e-05 -6.2817473306070354e-05
leaf_weight=120 111 330 64 368 130 962 54
leaf_count=120 111 330 64 368 130 962 54
internal_value=-0.000331621 0.0010181 0.0055914 -0.0002 -0.00127879 -0.000585009 -0.00580838
internal_weight=2139 882 184 698 1257 1092 165
internal_count=2139 882 184 698 1257 1092 165
is_linear=0
shrinkage=0.04


Tree=33
num_leaves=5
num_cat=0
split_feature=76 29 92 109
split_gain=1.54408 2.47819 1.97176 2.03291
threshold=2.0370983411515069 0.22412727198888918 -1.6319034175176395 0.83414082113743548
decision_type=2 2 2 2
left_child=2 -2 -1 -4
right_child=1 -3 3 -5
leaf_value=0.00021504794812949031 0.00034719674625569138 -8.806491146699246e-05 -5.0811109667367202e-06 -0.00010939365934879801
leaf_weight=60 52 50 1734 243
leaf_count=60 52 50 1734 243
internal_value=-0.000331621 0.00442308 -0.000573811 -0.00079333
internal_weight=2139 102 2037 1977
internal_count=2139 102 2037 1977
is_linear=0
shrinkage=0.04


Tree=34
num_leaves=5
num_cat=0
split_feature=86 26 65 45
split_gain=1.57639 1.89631 1.87463 0.777742
threshold=-1.8579205287096958 0.94414806963104914 -1.0163337020376517 -0.86742301745139105
decision_type=2 2 2 2
left_child=-1 2 -2 -3
right_child=1 3 -4 -5
leaf_value=0.00019036100373678478 0.00011952168656561997 -2.7498076020774572e-05 -7.8057414605437271e-06 -0.0001003007899068066
leaf_weight=72 50 45 1857 115
leaf_count=72 50 45 1857 115
internal_value=-0.000331621 -0.000536491 -0.000183342 -0.00469136
internal_weight=2139 2067 1907 160
internal_count=2139 2067 1907 160
is_linear=0
shrinkage=0.04


Tree=35
num_leaves=5
num_cat=0
split_feature=14 15 2 39
split_gain=1.58766 2.4631 1.78474 0.868709
threshold=-1.479510402964118 -1.2428557256473527 -1.351299094969822 0.83502713011489715
decision_type=2 2 2 2
left_child=3 -2 -3 -1
right_child=1 2 -4 -5
leaf_value=-0.0001426538757498936 0.0004096377234612072 -0.00010440818502292475 -1.059672755211391e-07 -2.3347390602123652e-05
leaf_weight=50 40 99 1910 40
leaf_count=50 40 99 1910 40
internal_value=-0.000294255 -6.33837e-05 -0.00026355 -0.00543478
internal_weight=2139 2049 2009 90
internal_count=2139 2049 2009 90
is_linear=0
shrinkage=0.04


Tree=36
num_leaves=5
num_cat=0
split_feature=63 60 93 65
split_gain=1.69354 2.02985 1.77359 0.752388
threshold=1.5896144715946514 -1.5003370964907716 -0.64538397814861448 0.80460437019743247
decision_type=2 2 2 2
left_child=1 -1 -3 -2
right_child=3 2 -4 -5
leaf_value=0.00021886975803389602 -0.00032967111094393131 5.1874294179284751e-05 -1.8009217854401196e-05 -1.6395942530485278e-05
leaf_weight=78 63 414 1539 45
leaf_count=78 63 414 1539 45
internal_value=-0.000256889 4.91884e-06 -0.000250639 -0.00509091
internal_weight=2139 2031 1953 108
internal_count=2139 2031 1953 108
is_linear=0
shrinkage=0.04


Tree=37
num_leaves=5
num_cat=0
split_feature=86 76 109 29
split_gain=1.60726 1.80163 2.29559 1.49009
threshold=-1.8579205287096958 2.1588864887904333 0.83414082113743548 0.198923605891378
decision_type=2 2 2 2
left_child=-1 2 -2 -3
right_child=1 3 -4 -5
leaf_value=0.00017900587587261666 -3.6918611354008845e-06 0.00032498577112455648 -0.00010975071423700103 -4.4909258740704683e-05
leaf_weight=72 1740 40 246 41
leaf_count=72 1740 40 246 41
internal_value=-0.000387669 -0.00059449 -0.00083501 0.00518072
internal_weight=2139 2067 1986 81
internal_count=2139 2067 1986 81
is_linear=0
shrinkage=0.04


Tree=38
num_leaves=8
num_cat=0
split_feature=73 73 2 57 57 14 68
split_gain=1.72183 2.17039 2.17246 2.15227 2.97305 1.40654 1.34408
threshold=0.62323829211393111 0.85586798610434989 0.52815899402898914 -0.8145646015681226 -0.0496026966482657 0.31453289299980214 -0.81105478098530037
decision_type=2 2 2 2 2 2 2
left_child=3 5 -3 6 -5 -2 -1
right_child=1 2 -4 4 -6 -7 -8
leaf_value=3.8909475197791526e-05 0.00028270020164697742 6.4120116034799773e-05 -0.00013468527613124076 5.4600071064024422e-05 -4.1262943953974135e-05 2.4939450001628584e-05 -0.00010354166665138803
leaf_weight=42 59 341 115 462 843 40 237
leaf_count=42 59 341 115 462 843 40 237
internal_value=-0.000387669 0.00152603 0.000349345 -0.00105927 -0.000374904 0.00683168 -0.00423488
internal_weight=2139 555 456 1584 1305 99 279
internal_count=2139 555 456 1584 1305 99 279
is_linear=0
shrinkage=0.04


Tree=39
num_leaves=6
num_cat=0
split_feature=14 26 64 39 69
split_gain=1.59922 1.32863 1.28848 0.868709 0.851012
threshold=-1.479510402964118 0.94414806963104914 -0.10458112997987097 0.83502713011489715 -0.073240500847941883
decision_type=2 2 2 2 2
left_child=3 2 -2 -1 -3
right_child=1 4 -4 -5 -6
leaf_value=-0.00013178048275836084 3.9948926464090732e-05 -8.8040418369628089e-05 -1.1659934445744612e-05 -3.276901422843476e-05 -2.6983385766169398e-07
leaf_weight=50 748 98 1135 40 68
leaf_count=50 748 98 1135 40 68
internal_value=-0.000275572 -4.3881e-05 0.000259947 -0.00543478 -0.00345238
internal_weight=2139 2049 1883 90 166
internal_count=2139 2049 1883 90 166
is_linear=0
shrinkage=0.04


Tree=40
num_leaves=5
num_cat=0
split_feature=14 15 2 13
split_gain=1.54181 2.03425 1.74387 0.868709
threshold=-1.479510402964118 -1.2428557256473527 -1.351299094969822 0.76768594170097393
decision_type=2 2 2 2
left_child=3 -2 -3 -1
right_child=1 2 -4 -5
leaf_value=-0.00012650926344802641 0.00038107919366799569 -9.9912761594919442e-05 -4.8262570732365321e-07 -3.1458253659297379e-05
leaf_weight=50 40 99 1910 40
leaf_count=50 40 99 1910 40
internal_value=-0.000368986 -0.000141394 -0.000323222 -0.00543478
internal_weight=2139 2049 2009 90
internal_count=2139 2049 2009 90
is_linear=0
shrinkage=0.04


Tree=41
num_leaves=6
num_cat=0
split_feature=63 63 56 80 65
split_gain=1.64158 2.02112 2.77102 2.02501 0.752388
threshold=1.5896144715946514 1.1813681000959568 -0.098810375468203746 -0.12156927197689361 0.80460437019743247
decision_type=2 2 2 2 2
left_child=1 3 -3 -1 -2
right_child=4 2 -4 -5 -6
leaf_value=2.3267125312013624e-05 -0.0003144649114145051 0.00043799660194760007 -3.6053022314625769e-05 -3.2144264472311607e-05 -1.8994624673277367e-05
leaf_weight=825 63 66 54 1086 45
leaf_count=825 63 66 54 1086 45
internal_value=-0.000331621 -7.37826e-05 0.00491803 -0.000392054 -0.00509091
internal_weight=2139 2031 120 1911 108
internal_count=2139 2031 120 1911 108
is_linear=0
shrinkage=0.04


Tree=42
num_leaves=5
num_cat=0
split_feature=14 15 16 13
split_gain=1.58766 1.99804 1.70846 0.868709
threshold=-1.479510402964118 -1.2428557256473527 -1.0973408869571124 0.76768594170097393
decision_type=2 2 2 2
left_child=3 -2 -3 -1
right_child=1 2 -4 -5
leaf_value=-0.00012004585959594344 0.00036545945480663858 -0.00011697648913191275 -3.7909651604984413e-08 -2.8914152934033047e-05
leaf_weight=50 40 69 1940 40
leaf_count=50 40 69 1940 40
internal_value=-0.000294255 -6.33837e-05 -0.00024366 -0.00543478
internal_weight=2139 2049 2009 90
internal_count=2139 2049 2009 90
is_linear=0
shrinkage=0.04


Tree=43
num_leaves=6
num_cat=0
split_feature=14 57 89 13 10
split_gain=1.57613 1.62179 1.66207 0.868709 0.84381
threshold=-1.479510402964118 1.255274937925007 -0.86746639011596516 0.76768594170097393 0.45863673703774471
decision_type=2 2 2 2 2
left_child=3 2 -2 -1 -3
right_child=1 4 -4 -5 -6
leaf_value=-0.00011524402521210571 -5.8311247848750297e-05 -0.00012438020175050017 8.7974259331217658e-06 -2.775758681667172e-05 -7.4146917552681991e-05
leaf_weight=50 293 48 1668 40 40
leaf_count=50 293 48 1668 40 40
internal_value=-0.000312938 -8.28864e-05 0.000157922 -0.00543478 -0.00533333
internal_weight=2139 2049 1961 90 88
internal_count=2139 2049 1961 90 88
is_linear=0
shrinkage=0.04


Tree=44
num_leaves=6
num_cat=0
split_feature=63 63 56 93 105
split_gain=1.48488 2.1947 2.44549 1.83638 0.62092
threshold=1.5896144715946514 1.1813681000959568 -0.098810375468203746 -0.64538397814861448 -0.12328443662246293
decision_type=2 2 2 2 2
left_child=1 3 -3 -1 -2
right_child=4 2 -4 -5 -6
leaf_value=5.5377262957701514e-05 -2.075427697620147e-05 0.00042208929489940199 -2.9439864475436003e-05 -1.764805774880522e-05 -0.00025687334013364496
leaf_weight=399 45 66 54 1512 63
leaf_count=399 45 66 54 1512 63
internal_value=-0.000200841 4.42696e-05 0.0052459 -0.000287507 -0.00472727
internal_weight=2139 2031 120 1911 108
internal_count=2139 2031 120 1911 108
is_linear=0
shrinkage=0.04


Tree=45
num_leaves=7
num_cat=0
split_feature=72 50 13 78 102 81
split_gain=1.49236 1.74944 1.51149 1.60885 1.39847 1.3754
threshold=0.99938684219225182 -0.88734957317395391 -0.93136386966797557 -0.14428862319236621 -0.071903405246107402 0.77126823431786018
decision_type=2 2 2 2 2 2
left_child=2 -2 3 -1 -3 -4
right_child=1 4 5 -5 -6 -7
leaf_value=0.00017228611365101697 0.00019820621666556627 0.00029532812609729838 -5.6515994184624161e-06 -1.2603282126320264e-05 -3.4984810246339094e-05 -9.3095326313699019e-05
leaf_weight=41 41 49 1566 54 156 232
leaf_count=41 41 49 1566 54 156 232
internal_value=-0.000256889 0.00266129 -0.000638522 0.0042268 0.00111111 -0.0009
internal_weight=2139 246 1893 95 205 1798
internal_count=2139 246 1893 95 205 1798
is_linear=0
shrinkage=0.04


Tree=46
num_leaves=6
num_cat=0
split_feature=72 6 30 0 93
split_gain=1.5115 1.45435 1.619 1.33308 1.95293
threshold=0.99938684219225182 1.519492163323326 1.2735182350818792 -0.85922227261818218 -0.26285170364773697
decision_type=2 2 2 2 2
left_child=1 2 -1 -2 -5
right_child=3 -3 -4 4 -6
leaf_value=-9.7263031053718052e-06 0.00018350000661279488 -0.00013563740823576995 6.8553293603132901e-05 -7.1481138404599985e-05 0.00018824264619134255
leaf_weight=1796 41 56 41 77 128
leaf_count=1796 41 56 41 77 128
internal_value=-0.000275572 -0.000659631 -0.000462208 0.00266129 0.00130435
internal_weight=2139 1893 1837 246 205
internal_count=2139 1893 1837 246 205
is_linear=0
shrinkage=0.04


Tree=47
num_leaves=5
num_cat=0
split_feature=86 76 109 29
split_gain=1.55596 1.74199 1.83288 1.49009
threshold=-1.8579205287096958 2.1588864887904333 0.83414082113743548 0.198923605891378
decision_type=2 2 2 2
left_child=-1 2 -2 -3
right_child=1 3 -4 -5
leaf_value=0.00016886244476803581 -3.6676852749804002e-06 0.00030358340522961978 -0.00010702246963884086 -4.9348868162344405e-05
leaf_weight=72 1740 40 246 41
leaf_count=72 1740 40 246 41
internal_value=-0.000294255 -0.000497825 -0.000734406 0.00518072
internal_weight=2139 2067 1986 81
internal_count=2139 2067 1986 81
is_linear=0
shrinkage=0.04


Tree=48
num_leaves=8
num_cat=0
split_feature=107 109 34 109 57 8 87
split_gain=1.45016 2.78154 2.43044 2.14153 1.7747 1.13646 0.691313
threshold=0.79831010714277972 0.83414082113743548 -0.4592494420074601 0.641556575188028 -0.0496026966482657 0.31252012847255856 -0.11868011845899291
decision_type=2 2 2 2 2 2 2
left_child=1 4 3 -2 -1 -4 -3
right_child=2 6 5 -5 -6 -7 -8
leaf_value=3.0498238687965316e-05 0.00014988295271478166 -6.1217177930115567e-05 1.8791446038404847e-05 0.00031684060319021401 -3.0206125923547399e-05 -9.7433399578297669e-05 -0.00020301615705258877
leaf_weight=642 121 75 160 49 882 105 105
leaf_count=642 121 75 160 49 882 105 105
internal_value=-0.000294255 -0.000820633 0.00176201 0.00546512 -0.000262123 -0.000636704 -0.00549451
internal_weight=2139 1704 435 170 1524 265 180
internal_count=2139 1704 435 170 1524 265 180
is_linear=0
shrinkage=0.04


Tree=49
num_leaves=5
num_cat=0
split_feature=101 2 71 101
split_gain=1.46983 1.71287 2.12508 1.81137
threshold=1.6454453509328399 -0.22457582269095847 -0.85148287903649156 -0.28148866932281064
decision_type=2 2 2 2
left_child=1 3 -3 -1
right_child=-2 2 -4 -5
leaf_value=-5.9518678010156287e-05 0.00016948453368320932 0.00011561017817810388 -2.933343932488385e-05 6.324214915633377e-05
leaf_weight=253 57 94 1207 528
leaf_count=253 57 94 1207 528
internal_value=-0.000294255 -0.00047025 -0.0013584 0.00100894
internal_weight=2139 2082 1301 781
internal_count=2139 2082 1301 781
is_linear=0
shrinkage=0.04


Tree=50
num_leaves=5
num_cat=0
split_feature=82 80 80 77
split_gain=1.47004 1.6396 2.40468 2.34683
threshold=-1.2255024740518954 -0.12399115604899624 -0.017374259090043885 0.9796618123606976
decision_type=2 2 2 2
left_child=-1 3 -3 -2
right_child=1 2 -4 -5
leaf_value=-6.4656572706730888e-05 6.6949719731934642e-06 -0.00012645189741877213 -4.6870236306298043e-06 0.00020073972250138767
leaf_weight=72 744 177 1059 87
leaf_count=72 744 177 1059 87
internal_value=-0.000406352 -0.00020783 -0.00113086 0.00116447
internal_weight=2139 2067 1236 831
internal_count=2139 2067 1236 831
is_linear=0
shrinkage=0.04


Tree=51
num_leaves=6
num_cat=0
split_feature=63 57 104 91 14
split_gain=1.61589 1.62291 2.4995 2.09355 0.732376
threshold=1.5896144715946514 -0.0496026966482657 -0.30482972087715993 -1.1174791706506018 -0.11877299875892781
decision_type=2 2 2 2 2
left_child=1 3 -3 -1 -2
right_child=4 2 -4 -5 -6
leaf_value=0.00013597497971815073 -0.00016820924780199076 2.4954454033296656e-05 -5.4720795940947067e-05 1.225529369616344e-05 -7.2492599850116434e-05
leaf_weight=69 55 399 732 831 53
leaf_count=69 55 399 732 831 53
internal_value=-0.000368986 -0.000113133 -0.00112092 0.00115299 -0.00509091
internal_weight=2139 2031 1131 900 108
internal_count=2139 2031 1131 900 108
is_linear=0
shrinkage=0.04


Tree=52
num_leaves=6
num_cat=0
split_feature=63 1 101 26 65
split_gain=1.62871 1.834 1.85113 1.73755 0.752388
threshold=1.5896144715946514 -0.34656448413508428 1.6454453509328399 -0.74958358499205613 0.80460437019743247
decision_type=2 2 2 2 2
left_child=1 3 -3 -1 -2
right_child=4 2 -4 -5 -6
leaf_value=0.00019933703808082382 -0.00028072860522163355 -1.2891821355322623e-05 0.00018461238359112107 7.1810359087572277e-06 -1.6501306085080838e-05
leaf_weight=134 63 1379 50 468 45
leaf_count=134 63 1379 50 468 45
internal_value=-0.000350304 -9.34579e-05 -0.000873515 0.00175497 -0.00509091
internal_weight=2139 2031 1429 602 108
internal_count=2139 2031 1429 602 108
is_linear=0
shrinkage=0.04


Tree=53
num_leaves=8
num_cat=0
split_feature=85 81 67 26 93 51 91
split_gain=1.62004 2.09051 2.36724 2.35761 1.96326 2.5762 1.83792
threshold=-0.15049162784516301 0.77126823431786018 -0.51620654013425493 -0.63833516484504971 0.64962313258730675 0.18157835935107661 -1.1174791706506018
decision_type=2 2 2 2 2 2 2
left_child=4 2 -2 -3 6 -6 -1
right_child=1 3 -4 -5 5 -7 -8
leaf_value=2.9228812087753657e-05 0.00025444850500404455 0.0001856189028948332 1.9337332398029553e-05 -0.00015098837571419826 -2.8120975510614329e-05 0.00015218010919286419 -6.9496294730598231e-05
leaf_weight=195 42 62 981 145 98 67 549
leaf_count=195 42 62 981 145 98 67 549
internal_value=-0.000312938 0.000633117 0.00137561 -0.00301435 -0.00159166 0.00233533 -0.00246649
internal_weight=2139 1230 1023 207 909 165 744
internal_count=2139 1230 1023 207 909 165 744
is_linear=0
shrinkage=0.04


Tree=54
num_leaves=6
num_cat=0
split_feature=63 93 93 70 65
split_gain=1.44833 1.54486 3.41359 2.54715 0.62092
threshold=1.5896144715946514 -0.64538397814861448 -0.31898469132598745 -0.78807378957040786 0.80460437019743247
decision_type=2 2 2 2 2
left_child=1 3 -3 -1 -2
right_child=4 2 -4 -5 -6
leaf_value=0.00024275941771314237 -0.00026686644014644489 -9.2843892860988925e-05 1.925164869571276e-06 3.1314976100782053e-06 -1.6614747137598772e-05
leaf_weight=93 63 261 1341 336 45
leaf_count=93 63 261 1341 336 45
internal_value=-0.000256889 -1.47565e-05 -0.000586035 0.00211137 -0.00472727
internal_weight=2139 2031 1602 429 108
internal_count=2139 2031 1602 429 108
is_linear=0
shrinkage=0.04


Tree=55
num_leaves=6
num_cat=0
split_feature=39 41 72 50 70
split_gain=1.32511 1.56598 1.46277 1.43057 1.40146
threshold=-0.98132422191667767 0.22911356519378645 0.99938684219225182 -0.88734957317395391 0.609308309932454
decision_type=2 2 2 2 2
left_child=1 -1 4 -4 -2
right_child=2 -3 3 -5 -6
leaf_value=-1.9170202653527695e-05 -4.89995069992864e-06 0.00015498051629403583 0.00017935951584880573 5.5641654886525276e-05 -0.00010761501500072421
leaf_weight=40 1671 41 41 203 143
leaf_count=40 1671 41 41 203 143
internal_value=-0.000256889 0.0046988 -0.000456311 0.00243902 -0.000848018
internal_weight=2139 81 2058 244 1814
internal_count=2139 81 2058 244 1814
is_linear=0
shrinkage=0.04


Tree=56
num_leaves=8
num_cat=0
split_feature=85 80 94 93 51 87 56
split_gain=1.29459 2.29681 3.03642 1.78803 2.23791 2.14421 1.74514
threshold=-0.20217034630026628 -0.12156927197689361 -0.86867644870012206 0.70745920729937828 0.097378173655943687 -0.77754562775529978 1.0364050188852423
decision_type=2 2 2 2 2 2 2
left_child=3 2 -2 5 -5 -1 -3
right_child=1 6 -4 4 -6 -7 -8
leaf_value=1.3487824882807767e-05 0.000250390281860521 -2.6612065548729905e-05 4.5125635356273065e-05 -5.005586935200125e-05 0.00014877814652664579 -7.0328025502781929e-05 0.00024632275617500476
leaf_weight=171 48 711 468 81 57 555 48
leaf_count=171 48 711 468 81 57 555 48
internal_value=-0.000238206 0.000571652 0.00262548 -0.00143187 0.00271429 -0.00222527 -0.000827858
internal_weight=2139 1275 516 864 138 726 759
internal_count=2139 1275 516 864 138 726 759
is_linear=0
shrinkage=0.04


Tree=57
num_leaves=7
num_cat=0
split_feature=1 7 72 45 93 43
split_gain=1.27443 3.31176 1.92049 1.29527 1.65215 0.743322
threshold=-0.28458450641692867 -0.66587539767191772 0.090678159694410565 -2.5486719134129463 -0.956847319305829 0.2825500098537771
decision_type=2 2 2 2 2 2
left_child=1 -1 -3 5 -5 -2
right_child=3 2 -4 4 -6 -7
leaf_value=0.0002841667836470577 -7.2645130533877805e-06 -4.4057105004913254e-05 6.3379489299040539e-05 4.6224345358387833e-05 -3.460752378239545e-05 9.0352794522527229e-05
leaf_weight=59 40 343 331 171 1155 40
leaf_count=59 40 343 331 171 1155 40
internal_value=-0.000275572 0.00107483 0.000266272 -0.000980114 -0.00128012 0.00390244
internal_weight=2139 733 674 1406 1326 80
internal_count=2139 733 674 1406 1326 80
is_linear=0
shrinkage=0.04


Tree=58
num_leaves=6
num_cat=0
split_feature=71 50 65 9 1
split_gain=1.26131 1.66076 1.30563 1.15119 0.973081
threshold=2.7738821584154718 0.45996513987981258 -1.0163337020376517 -0.99896366157181793 0.01953839837593398
decision_type=2 2 2 2 2
left_child=2 4 -1 -4 -2
right_child=1 -3 3 -5 -6
leaf_value=5.234465472200623e-05 0.00011594836186050766 0.00033869118548275775 0.00011111227786222999 -1.3789225500259773e-05 -6.546181979591666e-05
leaf_weight=63 40 41 185 1765 45
leaf_count=63 40 41 185 1765 45
internal_value=-0.000256889 0.00359375 -0.000501241 -0.000686475 0.000344828
internal_weight=2139 126 2013 1950 85
internal_count=2139 126 2013 1950 85
is_linear=0
shrinkage=0.04


Tree=59
num_leaves=6
num_cat=0
split_feature=57 63 63 71 10
split_gain=1.34103 1.12576 1.59707 0.873214 0.706502
threshold=1.255274937925007 1.5896144715946514 1.1813681000959568 0.45331098011331911 0.45863673703774471
decision_type=2 2 2 2 2
left_child=1 2 -1 -3 -2
right_child=4 3 -4 -5 -6
leaf_value=-1.34705856930286e-06 -9.714819679337062e-05 -0.00025142763289692685 0.00016347413765765569 -2.0713902019220835e-05 -5.474002342479299e-05
leaf_weight=1821 50 54 120 54 40
leaf_count=1821 50 54 120 54 40
internal_value=-0.000275572 -6.33837e-05 0.000159547 -0.004 -0.005
internal_weight=2139 2049 1941 108 90
internal_count=2139 2049 1941 108 90
is_linear=0
shrinkage=0.04


Tree=60
num_leaves=4
num_cat=0
split_feature=84 3 80
split_gain=1.35504 1.42533 1.43526
threshold=-1.5000379672578086 1.5821898336070048 -0.12156927197689361
decision_type=2 2 2
left_child=-1 2 -2
right_child=1 -3 -4
leaf_value=-0.00015439135629335241 3.5511555574332456e-05 -0.00015262332067041544 -1.2495848071167881e-05
leaf_weight=63 816 45 1215
leaf_count=63 816 45 1215
internal_value=-0.000312938 -0.000134745 2.45942e-05
internal_weight=2139 2076 2031
internal_count=2139 2076 2031
is_linear=0
shrinkage=0.04


Tree=61
num_leaves=8
num_cat=0
split_feature=43 70 64 14 40 58 85
split_gain=1.39513 2.24439 2.06178 1.79725 1.40612 1.35783 0.689527
threshold=-0.28102178700551744 -0.81451135270307484 -1.04475205775562 -0.93194229142082907 -0.38363551701684745 -0.024225086870262907 0.13267834629341277
decision_type=2 2 2 2 2 2 2
left_child=1 5 6 -4 -3 -1 -2
right_child=2 4 3 -5 -6 -7 -8
leaf_value=0.00022360177545104726 -7.9307374870542721e-05 5.5436393113775418e-06 -5.7243192074265605e-05 3.5454212329841131e-05 -8.1271467687646167e-05 -9.8653638452043595e-07 -0.00012146550859637956
leaf_weight=45 60 139 123 1191 445 96 40
leaf_count=45 60 139 123 1191 445 96 40
internal_value=-0.000350304 -0.00177442 0.000381356 0.000805471 -0.00286689 0.00272727 -0.00509804
internal_weight=2139 725 1414 1314 584 141 100
internal_count=2139 725 1414 1314 584 141 100
is_linear=0
shrinkage=0.04


Tree=62
num_leaves=6
num_cat=0
split_feature=85 88 94 37 93
split_gain=1.25232 2.10444 2.66783 1.42072 1.42176
threshold=-0.20217034630026628 -1.1700864693724371 -1.0480635178577824 -1.0968013467747597 0.70745920729937828
decision_type=2 2 2 2 2
left_child=3 -2 -3 -1 -5
right_child=1 2 -4 4 -6
leaf_value=0.0001672634061105814 -0.00014074046337906728 0.00020757582099394277 4.577962935993739e-06 -4.4406715433341287e-05 5.6163526471872653e-05
leaf_weight=47 51 42 1182 686 131
leaf_count=47 51 42 1182 686 131
internal_value=-0.000350304 0.000446359 0.000783034 -0.00152425 -0.00191697
internal_weight=2139 1275 1224 864 817
internal_count=2139 1275 1224 864 817
is_linear=0
shrinkage=0.04


Tree=63
num_leaves=6
num_cat=0
split_feature=26 65 56 92 107
split_gain=1.20795 1.5492 1.4247 0.994786 0.684618
threshold=0.94414806963104914 -1.0163337020376517 1.1107256568374304 -0.49395834711732428 0.69902783665630475
decision_type=2 2 2 2 2
left_child=1 -1 -3 -2 -5
right_child=3 2 -4 4 -6
leaf_value=9.0381971647184573e-05 1.9686207745497611e-05 -6.1047360043905295e-06 0.00012024715273867729 -0.00017022768691058295 -1.3017876879574085e-05
leaf_weight=52 40 1765 154 67 61
leaf_count=52 40 1765 154 67 61
internal_value=-0.000294255 -1.52053e-05 -0.000203019 -0.00352941 -0.00523077
internal_weight=2139 1971 1919 168 128
internal_count=2139 1971 1919 168 128
is_linear=0
shrinkage=0.04


Tree=64
num_leaves=4
num_cat=0
split_feature=101 3 65
split_gain=1.19871 1.51076 1.24324
threshold=1.6454453509328399 1.5821898336070048 -0.019305511910676424
decision_type=2 2 2
left_child=1 2 -1
right_child=-2 -3 -4
leaf_value=7.8445997927420469e-06 0.00012984487737603134 -0.00015399171027807691 -2.5432847996139166e-05
leaf_weight=1000 57 43 1039
leaf_count=1000 57 43 1039
internal_value=-0.000368986 -0.000527831 -0.000367467
internal_weight=2139 2082 2039
internal_count=2139 2082 2039
is_linear=0
shrinkage=0.04


Tree=65
num_leaves=4
num_cat=0
split_feature=101 3 43
split_gain=1.19078 1.51878 1.52029
threshold=1.6454453509328399 1.5821898336070048 0.14210294267976867
decision_type=2 2 2
left_child=1 2 -1
right_child=-2 -3 -4
leaf_value=-2.0667495691139103e-05 0.00012465108228099008 -0.00014783204186695384 1.8815327639795481e-05
leaf_weight=1171 57 43 868
leaf_count=1171 57 43 868
internal_value=-0.000350304 -0.000508637 -0.000347869
internal_weight=2139 2082 2039
internal_count=2139 2082 2039
is_linear=0
shrinkage=0.04


Tree=66
num_leaves=4
num_cat=0
split_feature=101 3 43
split_gain=1.19871 1.51076 1.35154
threshold=1.6454453509328399 1.5821898336070048 0.14210294267976867
decision_type=2 2 2
left_child=1 2 -1
right_child=-2 -3 -4
leaf_value=-1.9840795863493526e-05 0.0001196650389897505 -0.00014191876019227566 1.8062714534203653e-05
leaf_weight=1171 57 43 868
leaf_count=1171 57 43 868
internal_value=-0.000368986 -0.000527831 -0.000367467
internal_weight=2139 2082 2039
internal_count=2139 2082 2039
is_linear=0
shrinkage=0.04


Tree=67
num_leaves=5
num_cat=0
split_feature=84 80 80 64
split_gain=1.36396 1.39374 2.55238 2.18943
threshold=-1.5000379672578086 -0.12156927197689361 -0.017374259090043885 -0.085474323405768673
decision_type=2 2 2 2
left_child=-1 3 -3 -2
right_child=1 2 -4 -5
leaf_value=-0.00015074817403829896 8.1605222889125846e-05 -0.00011936068412479303 -3.1484914640602693e-06 -7.7163308165991565e-06
leaf_weight=63 351 165 1071 489
leaf_count=63 351 165 1071 489
internal_value=-0.000294255 -0.000115496 -0.000969305 0.00114014
internal_weight=2139 2076 1236 840
internal_count=2139 2076 1236 840
is_linear=0
shrinkage=0.04


Tree=68
num_leaves=5
num_cat=0
split_feature=86 29 85 36
split_gain=1.2656 1.42964 1.88535 1.61115
threshold=-1.8579205287096958 0.81250466508538333 -0.15049162784516301 0.67329839275696746
decision_type=2 2 2 2
left_child=-1 2 -2 -3
right_child=1 3 -4 -5
leaf_value=0.00011314017396637915 -2.8987703988778017e-05 -8.7354425846806363e-05 2.6240874751958937e-05 4.8169139066947879e-06
leaf_weight=72 808 171 989 99
leaf_count=72 808 171 989 99
internal_value=-0.000275572 -0.000459159 -5.00278e-05 -0.00316176
internal_weight=2139 2067 1797 270
internal_count=2139 2067 1797 270
is_linear=0
shrinkage=0.04


Tree=69
num_leaves=6
num_cat=0
split_feature=71 44 1 73 2
split_gain=1.29822 2.10021 1.24212 1.16585 0.838203
threshold=2.7738821584154718 -0.056331855463088977 1.7163481273802657 0.56941459621281265 0.14659593360922366
decision_type=2 2 2 2 2
left_child=2 -2 3 -1 -3
right_child=1 4 -4 -5 -6
leaf_value=-9.9937790601990246e-06 0.00021298286093135972 9.8613675292058003e-05 -9.8583872749778765e-05 2.9683252909430483e-05 -4.7367805743030872e-05
leaf_weight=1430 44 40 51 532 42
leaf_count=1430 44 40 51 532 42
internal_value=-0.000312938 0.00359375 -0.000560794 -0.000397149 -0.000238095
internal_weight=2139 126 2013 1962 82
internal_count=2139 126 2013 1962 82
is_linear=0
shrinkage=0.04


Tree=70
num_leaves=7
num_cat=0
split_feature=26 63 63 72 52 68
split_gain=1.42014 1.32324 1.65114 1.10866 0.68141 0.491621
threshold=0.94414806963104914 1.5896144715946514 1.1813681000959568 -0.13215103818052651 1.0000000180025095e-35 -0.19905906328783254
decision_type=2 2 2 2 2 2
left_child=1 2 -1 5 -3 -2
right_child=3 4 -4 -5 -6 -7
leaf_value=-2.7975312927440434e-07 -6.0309709503892413e-05 -0.00020871915692073759 0.00019091897314207239 -7.0452570479752168e-06 -2.217797542389226e-05 -1.8040376581586461e-05
leaf_weight=1747 46 59 118 78 47 44
leaf_count=1747 46 59 118 78 47 44
internal_value=-0.000256889 4.56158e-05 0.00029459 -0.00376471 -0.00425926 -0.00673913
internal_weight=2139 1971 1865 168 106 90
internal_count=2139 1971 1865 168 106 90
is_linear=0
shrinkage=0.04


Tree=71
num_leaves=5
num_cat=0
split_feature=21 65 71 37
split_gain=1.20015 1.21429 1.84333 1.84235
threshold=1.6311463680191005 -0.46432619356706767 0.427140862168913 0.54214608766346084
decision_type=2 2 2 2
left_child=1 2 -1 -3
right_child=-2 3 -4 -5
leaf_value=2.5726304253055958e-06 -8.1651819687343345e-05 -1.9628043939794595e-05 0.00016494383106131335 7.4131924603687069e-05
leaf_weight=458 48 1170 73 390
leaf_count=458 48 1170 73 390
internal_value=-0.000275572 -0.000129001 0.0015197 -0.000691421
internal_weight=2139 2091 531 1560
internal_count=2139 2091 531 1560
is_linear=0
shrinkage=0.04


Tree=72
num_leaves=7
num_cat=0
split_feature=26 65 57 11 86 68
split_gain=1.45552 1.40359 1.98486 1.90542 1.08978 1.05894
threshold=0.83010082653766226 -0.019305511910676424 -0.12234967731780559 -0.66082362920413007 0.52771488713138692 0.2345928878833225
decision_type=2 2 2 2 2 2
left_child=1 2 -1 -3 5 -2
right_child=4 3 -4 -5 -6 -7
leaf_value=9.9738937800733648e-05 -2.3819464924293797e-05 -7.5484644100668537e-05 -4.7036749859535877e-06 -8.9562944675852799e-07 -5.9290654129752138e-05 2.7866932943192495e-05
leaf_weight=310 122 197 563 821 53 73
leaf_count=310 122 197 563 821 53 73
internal_value=-0.000331621 4.75436e-05 0.00122286 -0.000960784 -0.0032 -0.00177665
internal_weight=2139 1891 873 1018 248 195
internal_count=2139 1891 873 1018 248 195
is_linear=0
shrinkage=0.04


Tree=73
num_leaves=7
num_cat=0
split_feature=45 43 87 90 105 93
split_gain=1.37117 1.55306 3.53313 1.53219 2.2497 1.21268
threshold=-0.047347043417518886 0.14210294267976867 -0.084505722006229814 1.3769380208067663 0.60320621973648481 -0.956847319305829
decision_type=2 2 2 2 2 2
left_child=1 5 -3 4 -2 -1
right_child=3 2 -4 -5 -6 -7
leaf_value=9.4729390376110758e-05 1.5603844816244223e-05 -5.2481378912029562e-05 0.00011876975733584958 0.00019372785501677161 -9.634304488360643e-05 -7.0391255323742452e-05
leaf_weight=86 889 176 234 53 200 501
leaf_count=86 889 176 234 53 200 501
internal_value=-0.000368986 -0.00145145 0.000436893 0.000576923 0.000247479 -0.0027674
internal_weight=2139 997 410 1142 1089 587
internal_count=2139 997 410 1142 1089 587
is_linear=0
shrinkage=0.04


Tree=74
num_leaves=4
num_cat=0
split_feature=74 86 105
split_gain=1.44163 1.36554 1.34482
threshold=3.0852343288529385 -1.8579205287096958 0.49674552983172787
decision_type=2 2 2
left_child=1 -1 -3
right_child=-2 2 -4
leaf_value=0.00010620960143728856 0.00018967660767147516 -5.3963476393733247e-07 -3.5277734059472862e-05
leaf_weight=72 48 1524 495
leaf_count=72 48 1524 495
internal_value=-0.000312938 -0.000473005 -0.000667986
internal_weight=2139 2091 2019
internal_count=2139 2091 2019
is_linear=0
shrinkage=0.04


Tree=75
num_leaves=6
num_cat=0
split_feature=63 57 51 99 105
split_gain=1.18915 1.35702 2.43167 2.37433 0.816277
threshold=1.5896144715946514 -0.0496026966482657 -0.26234222569131804 0.02577223716171714 -0.12328443662246293
decision_type=2 2 2 2 2
left_child=1 3 -3 -1 -2
right_child=4 2 -4 -5 -6
leaf_value=-3.6777829995696644e-06 -5.2560774942882608e-05 -9.377746314985879e-05 6.3623126048580065e-07 8.1457006276696789e-05 -0.00020349336111711593
leaf_weight=555 45 334 797 345 63
leaf_count=555 45 334 797 345 63
internal_value=-0.000312938 -9.34579e-05 -0.001015 0.0010643 -0.00436364
internal_weight=2139 2031 1131 900 108
internal_count=2139 2031 1131 900 108
is_linear=0
shrinkage=0.04


Tree=76
num_leaves=7
num_cat=0
split_feature=26 56 61 92 92 67
split_gain=1.27871 1.39636 1.86185 1.45508 0.994786 0.801229
threshold=0.94414806963104914 1.1107256568374304 0.2092166392218858 0.31866832304015263 -0.49395834711732428 0.1505995134954993
decision_type=2 2 2 2 2 2
left_child=1 2 -1 -3 -2 -6
right_child=4 3 -4 -5 5 -7
leaf_value=-1.8731205204542775e-05 8.4049191047177144e-06 3.3366580236698999e-05 3.6984704840812096e-05 0.00022110977805162485 -0.00012288560337936482 -1.4466165173709625e-05
leaf_weight=1166 40 86 651 68 70 58
leaf_count=1166 40 86 651 68 70 58
internal_value=-0.000200841 8.61632e-05 -0.000225399 0.00371795 -0.00352941 -0.00523077
internal_weight=2139 1971 1817 154 168 128
internal_count=2139 1971 1817 154 168 128
is_linear=0
shrinkage=0.04


Tree=77
num_leaves=7
num_cat=0
split_feature=1 1 63 93 101 71
split_gain=1.13194 1.70963 1.58093 1.5302 2.64392 1.69521
threshold=-0.34656448413508428 -2.0791158150443563 1.7663711858312248 -0.956847319305829 0.32234161830679348 -0.85148287903649156
decision_type=2 2 2 2 2 2
left_child=1 -1 -3 4 -2 -5
right_child=3 2 -4 5 -6 -7
leaf_value=-0.00012858661302833253 -1.9583430283530322e-05 5.8441261695168172e-05 -0.00023954228076730999 0.00011199402496927416 0.00015316178955987356 -2.2872472860148966e-05
leaf_weight=45 110 571 45 88 85 1195
leaf_count=45 110 571 45 88 85 1195
internal_value=-0.000182158 0.00119155 0.00174757 -0.000797297 0.00248731 -0.00129961
internal_weight=2139 661 616 1478 195 1283
internal_count=2139 661 616 1478 195 1283
is_linear=0
shrinkage=0.04


Tree=78
num_leaves=4
num_cat=0
split_feature=101 3 82
split_gain=1.15836 1.16695 1.24227
threshold=1.6534469206267211 1.5821898336070048 -1.2255024740518954
decision_type=2 2 2
left_child=1 2 -1
right_child=-2 -3 -4
leaf_value=-6.7098793042909798e-05 0.00013949821055878449 -0.00012574716773273189 -1.5989705471849448e-06
leaf_weight=67 51 43 1978
leaf_count=67 51 43 1978
internal_value=-0.000368986 -0.000516746 -0.00037616
internal_weight=2139 2088 2045
internal_count=2139 2088 2045
is_linear=0
shrinkage=0.04


Tree=79
num_leaves=5
num_cat=0
split_feature=86 41 109 75
split_gain=1.28403 1.14332 1.40789 1.38853
threshold=-1.8579205287096958 0.68237703898327562 -1.0365445484378835 -0.23233354929935632
decision_type=2 2 2 2
left_child=-1 2 -2 -3
right_child=1 3 -4 -5
leaf_value=9.7569708855698816e-05 -0.00011191416651778952 5.8911784270235249e-06 7.5401273864581301e-07 -8.9186452060198434e-05
leaf_weight=72 62 117 1710 178
leaf_count=72 62 117 1710 178
internal_value=-0.000312938 -0.000497825 -0.00011274 -0.00279461
internal_weight=2139 2067 1772 295
internal_count=2139 2067 1772 295
is_linear=0
shrinkage=0.04


Tree=80
num_leaves=7
num_cat=0
split_feature=45 45 104 51 2 2
split_gain=1.25197 1.90372 1.71778 1.68108 1.51272 1.73986
threshold=-0.047347043417518886 -1.2478363333269551 0.17060396510248341 0.71791002489853983 -1.4968461437791192 -0.25319769680705745
decision_type=2 2 2 2 2 2
left_child=1 3 -3 -1 -2 -6
right_child=4 2 -4 -5 5 -7
leaf_value=8.7630429985165532e-07 -0.00020179194956526043 -5.9373905571493724e-05 -1.9799789559255335e-06 0.0002357836158307414 0.00010383690772053963 -2.3072180618076246e-06
leaf_weight=211 57 416 320 50 369 716
leaf_count=211 57 416 320 50 369 716
internal_value=-0.000256889 -0.00129129 -0.00233062 0.00163498 0.000646853 0.000984361
internal_weight=2139 997 736 261 1142 1085
internal_count=2139 997 736 261 1142 1085
is_linear=0
shrinkage=0.04


Tree=81
num_leaves=8
num_cat=0
split_feature=89 81 26 102 7 103 46
split_gain=1.25559 1.60888 3.38107 2.04245 1.22962 1.72189 0.708674
threshold=-0.86746639011596516 0.68775740817404796 -0.38320773303880673 0.7824822344217216 0.15709708411854909 0.17577986292151412 0.068258067154968113
decision_type=2 2 2 2 2 2 2
left_child=4 3 -3 -2 5 -1 -6
right_child=1 2 -4 -5 6 -7 -8
leaf_value=-5.276980736006673e-05 1.2983203780455485e-05 5.834569689886486e-05 -0.00014768491993350039 -4.789263802637708e-05 -8.5341643348780494e-05 6.6022611880667444e-05 -0.00028082455437101225
leaf_weight=107 1326 134 184 195 43 102 48
leaf_count=107 1326 134 184 195 43 102 48
internal_value=-0.000126109 0.00026616 -0.0023125 0.000807617 -0.00251656 -0.000805687 -0.00634409
internal_weight=2139 1839 318 1521 300 209 91
internal_count=2139 1839 318 1521 300 209 91
is_linear=0
shrinkage=0.04


Tree=82
num_leaves=8
num_cat=0
split_feature=64 58 62 59 1 80 98
split_gain=1.11724 1.88467 2.77178 2.21754 1.47183 1.60607 1.34056
threshold=-0.10458112997987097 -0.22909492305484688 -0.50020209192541176 -0.43382496175797675 -0.36210736009417271 0.21666495134773869 1.0212746812446347
decision_type=2 2 2 2 2 2 2
left_child=1 2 -1 -3 5 -2 -6
right_child=4 3 -4 -5 6 -7 -8
leaf_value=-3.7672901350185497e-05 -1.8751333181657378e-05 9.927927462198998e-05 0.00022828189696054779 -6.4276009238784309e-06 -2.4967600956503077e-05 7.864722738681693e-05 -0.00016136523560957399
leaf_weight=51 238 171 87 591 726 184 91
leaf_count=51 238 171 87 591 726 184 91
internal_value=-5.13779e-05 0.00101996 0.00528571 0.000235602 -0.000829976 0.00108491 -0.00181929
internal_weight=2139 900 138 762 1239 422 817
internal_count=2139 900 138 762 1239 422 817
is_linear=0
shrinkage=0.04


Tree=83
num_leaves=7
num_cat=0
split_feature=71 26 63 80 99 2
split_gain=1.15371 1.37332 1.2902 1.40557 1.21727 0.449131
threshold=2.7738821584154718 -0.0837479214428863 1.7663711858312248 -0.12156927197689361 0.14501474019955987 -0.56087657014831371
decision_type=2 2 2 2 2 2
left_child=2 -2 3 -1 -3 -4
right_child=1 4 5 -5 -6 -7
leaf_value=1.0093308757577329e-05 0.00026663164040925333 6.5268993972657382e-05 -0.00023122182236118207 -1.428995218787095e-05 -3.8872058196257902e-05 -0.00011947093427820018
leaf_weight=798 40 44 44 1131 42 40
leaf_count=798 40 44 44 1131 42 40
internal_value=-8.87436e-05 0.00359375 -0.000322581 -0.000108752 0.000681818 -0.00511628
internal_weight=2139 126 2013 1929 86 84
internal_count=2139 126 2013 1929 86 84
is_linear=0
shrinkage=0.04


Tree=84
num_leaves=6
num_cat=0
split_feature=72 61 102 6 31
split_gain=1.08098 1.63347 1.74556 1.23077 1.25283
threshold=0.99938684219225182 -0.52027382000994105 -0.071903405246107402 1.519492163323326 0.67600179353245182
decision_type=2 2 2 2 2
left_child=3 -2 -3 4 -1
right_child=1 2 -4 -5 -6
leaf_value=-9.0261198941771377e-06 0.00028755091349102384 0.00021949659867624477 -4.5346852754926049e-05 -0.00011858711288777139 6.2108824580690143e-06
leaf_weight=1558 48 45 153 56 279
leaf_count=1558 48 45 153 56 279
internal_value=-0.000144792 0.00233871 0.0007 -0.000469657 -0.0002882
internal_weight=2139 246 198 1893 1837
internal_count=2139 246 198 1893 1837
is_linear=0
shrinkage=0.04


Tree=85
num_leaves=6
num_cat=0
split_feature=105 28 71 79 109
split_gain=1.07928 1.84468 1.16997 2.05111 1.48723
threshold=-1.4472368643310929 0.020851312353349822 0.3693302537077095 0.54208617544175708 0.83414082113743548
decision_type=2 2 2 2 2
left_child=1 -1 4 -4 -2
right_child=2 -3 3 -5 -6
leaf_value=0.00018912964746537812 -5.7157755190746696e-06 -8.2465343884177011e-06 3.8946868064305715e-05 -9.9427369156652426e-05 -8.8921533562723028e-05
leaf_weight=43 1188 74 534 111 189
leaf_count=43 1188 74 534 111 189
internal_value=-8.87436e-05 0.00361345 -0.000306324 0.00109737 -0.000964467
internal_weight=2139 117 2022 645 1377
internal_count=2139 117 2022 645 1377
is_linear=0
shrinkage=0.04


Tree=86
num_leaves=5
num_cat=0
split_feature=82 106 94 94
split_gain=1.31635 1.47151 3.07167 1.36613
threshold=-1.2255024740518954 -0.72674755072991903 -1.0595913949001294 -1.0344661491000235
decision_type=2 2 2 2
left_child=-1 2 -2 -3
right_child=1 3 -4 -5
leaf_value=-3.8722088025417636e-05 0.0001902972626206803 -0.00012315046936450057 5.6386213405131872e-06 -9.9022059306914236e-07
leaf_weight=72 54 81 240 1692
leaf_count=72 54 81 240 1692
internal_value=-0.000163475 2.41663e-05 0.00263514 -0.000411268
internal_weight=2139 2067 294 1773
internal_count=2139 2067 294 1773
is_linear=0
shrinkage=0.04


Tree=87
num_leaves=7
num_cat=0
split_feature=1 76 1 101 108 80
split_gain=1.10139 1.61278 1.68204 1.39401 1.38013 1.33908
threshold=-0.34656448413508428 -0.41799243836423017 -0.54152611994036248 1.6534469206267211 1.3062448316094228 -0.12156927197689361
decision_type=2 2 2 2 2 2
left_child=1 2 -1 5 -3 -2
right_child=3 4 -4 -5 -6 -7
leaf_value=-0.00012238945256555132 3.0711406725810081e-06 6.1386131020717209e-05 0.00021417970922554878 0.00017101348562834233 -0.0001467987906349398 -3.0429049392186602e-05
leaf_weight=121 627 448 44 44 48 807
leaf_count=121 627 448 44 44 48 807
internal_value=-0.000163475 0.00119155 -0.00221557 -0.00077027 0.00232932 -0.000988858
internal_weight=2139 661 165 1478 496 1434
internal_count=2139 661 165 1478 496 1434
is_linear=0
shrinkage=0.04


Tree=88
num_leaves=5
num_cat=0
split_feature=39 109 88 46
split_gain=1.28552 1.25931 1.30858 0.796322
threshold=-0.98132422191667767 -1.0365445484378835 -1.2379201466737195 -0.34016089443880332
decision_type=2 2 2 2
left_child=3 -2 -3 -1
right_child=1 2 -4 -5
leaf_value=8.715760532636227e-05 -9.1452837108267461e-05 -0.00011992462905936491 4.3952936261137944e-08 9.6269335597594381e-08
leaf_weight=40 73 72 1913 41
leaf_count=40 73 72 1913 41
internal_value=-0.000182158 -0.000378641 -0.00018621 0.0046988
internal_weight=2139 2058 1985 81
internal_count=2139 2058 1985 81
is_linear=0
shrinkage=0.04


Tree=89
num_leaves=4
num_cat=0
split_feature=86 80 82
split_gain=1.22011 1.48415 1.53506
threshold=-1.8579205287096958 1.5675858356585921 0.86456182509698587
decision_type=2 2 2
left_child=-1 2 -2
right_child=1 -3 -4
leaf_value=9.5192738288617937e-05 -3.4376147893210726e-06 -9.0409878730134902e-05 5.1646604148721617e-05
leaf_weight=72 1875 54 138
leaf_count=72 1875 54 138
internal_value=-0.000182158 -0.000362494 -0.000183623
internal_weight=2139 2067 2013
internal_count=2139 2067 2013
is_linear=0
shrinkage=0.04


Tree=90
num_leaves=5
num_cat=0
split_feature=74 100 48 81
split_gain=1.09044 1.0328 1.53275 1.24531
threshold=3.0852343288529385 1.2353802880748017 -0.110184781458304 -0.13762433137357125
decision_type=2 2 2 2
left_child=1 3 -3 -1
right_child=-2 2 -4 -5
leaf_value=1.4342204517417468e-05 0.00016564619003303486 5.358923819108312e-05 -0.00019838933343787734 -1.3500655396768172e-05
leaf_weight=816 48 40 65 1170
leaf_count=816 48 40 65 1170
internal_value=-0.000238206 -0.000377449 -0.00420561 -0.000171026
internal_weight=2139 2091 105 1986
internal_count=2139 2091 105 1986
is_linear=0
shrinkage=0.04


Tree=91
num_leaves=5
num_cat=0
split_feature=74 65 94 92
split_gain=1.05589 1.07119 1.96353 1.33387
threshold=3.0852343288529385 -0.5188213677926492 -0.84891303037428356 -1.8025348168390205
decision_type=2 2 2 2
left_child=1 2 -1 -3
right_child=-2 3 -4 -5
leaf_value=0.00025251376079894088 0.00015902034243171347 0.00013690534218588181 1.8487856426796859e-06 -1.1322544494839657e-05
leaf_weight=45 48 51 429 1566
leaf_count=45 48 51 429 1566
internal_value=-0.000144792 -0.000281892 0.00138655 -0.000772082
internal_weight=2139 2091 474 1617
internal_count=2139 2091 474 1617
is_linear=0
shrinkage=0.04


Tree=92
num_leaves=6
num_cat=0
split_feature=36 56 51 57 79
split_gain=1.0773 1.84717 1.18399 2.70213 1.52076
threshold=-1.2206846781249283 -1.0000000180025095e-35 -0.26234222569131804 0.0090626189972804663 0.54039025652839145
decision_type=2 2 2 2 2
left_child=1 -1 3 -2 -4
right_child=2 -3 4 -5 -6
leaf_value=0.00042465334032447551 6.3305489104998218e-06 -9.1953522770461718e-05 9.5202367634847353e-06 -0.00010610333064979071 -2.4268122452975676e-05
leaf_weight=64 388 44 1088 294 261
leaf_count=64 388 44 1088 294 261
internal_value=-0.000219524 0.00363636 -0.000427939 -0.00178363 0.000259067
internal_weight=2139 108 2031 682 1349
internal_count=2139 108 2031 682 1349
is_linear=0
shrinkage=0.04


Tree=93
num_leaves=5
num_cat=0
split_feature=44 105 92 47
split_gain=1.0749 1.121 1.53701 1.34016
threshold=-9.6009674677612598 0.49674552983172787 -0.81175799318648967 -0.4597523951923515
decision_type=2 2 2 2
left_child=-1 3 -3 -2
right_child=1 2 -4 -5
leaf_value=0.00014868740908720811 4.8530871017856302e-05 0.00014483416468520624 -6.4570402365090113e-05 -3.3238070634162775e-06
leaf_weight=45 368 67 461 1198
leaf_count=45 368 67 461 1198
internal_value=-0.000238206 -0.000372137 -0.00196226 0.000165816
internal_weight=2139 2094 528 1566
internal_count=2139 2094 528 1566
is_linear=0
shrinkage=0.04


Tree=94
num_leaves=8
num_cat=0
split_feature=81 18 47 2 6 3 20
split_gain=1.07428 2.85878 2.0965 1.4598 1.57442 1.0602 0.894644
threshold=0.68775740817404796 -0.45697017473465634 0.10942941240034541 -1.2756823784509643 -0.37744569397511779 0.40617309566343879 -0.99841518995857659
decision_type=2 2 2 2 2 2 2
left_child=3 2 -2 6 -5 -3 -1
right_child=1 5 -4 4 -6 -7 -8
leaf_value=-3.8217265995028197e-06 0.00023811771070266595 -0.00016599865979723252 -1.1555681131859841e-05 7.4838290416953389e-05 -1.7503306498486971e-06 -1.0003396589953056e-05 -0.00016572938573810252
leaf_weight=41 48 149 85 420 1285 60 51
leaf_count=41 48 149 85 420 1285 60 51
internal_value=-0.000219524 -0.00226744 0.0022963 0.000172318 0.000439367 -0.00516588 -0.00468085
internal_weight=2139 342 133 1797 1705 209 92
internal_count=2139 342 133 1797 1705 209 92
is_linear=0
shrinkage=0.04


Tree=95
num_leaves=8
num_cat=0
split_feature=0 66 2 64 48 82 98
split_gain=1.0235 2.07826 2.32725 1.58634 1.72927 1.37241 1.1786
threshold=-0.34695540398917585 -0.3497120817537237 -0.80183798872330192 -0.10529502435613632 0.85029481335084556 0.5964961893701749 0.1981900876413912
decision_type=2 2 2 2 2 2 2
left_child=1 6 -3 5 -5 -2 -1
right_child=3 2 -4 4 -6 -7 -8
leaf_value=-0.00013191554932212419 -4.5877344164266254e-07 -5.986977328932717e-05 7.2510281530001835e-05 -6.8507445755895858e-05 9.7782781937451332e-06 0.00016671407237230061 0.0001295185203522929
leaf_weight=86 589 191 352 712 91 70 48
leaf_count=86 589 191 352 712 91 70 48
internal_value=-0.000238206 0.00104566 0.00214679 -0.000833333 -0.00202484 0.000620272 -0.00338235
internal_weight=2139 677 543 1462 803 659 134
internal_count=2139 677 543 1462 803 659 134
is_linear=0
shrinkage=0.04


Tree=96
num_leaves=7
num_cat=0
split_feature=11 105 98 63 0 96
split_gain=1.01105 2.0685 1.74507 1.58408 1.53086 0.989283
threshold=-0.60922208162082037 0.1500870926046293 0.18942287112862985 1.7663711858312248 -0.15089503611658653 0.23441613643585577
decision_type=2 2 2 2 2 2
left_child=1 2 -1 4 -2 -3
right_child=3 5 -4 -5 -6 -7
leaf_value=7.5016941084834655e-05 3.4045899656046285e-05 -0.0001650843028850929 -1.7403792122796524e-05 -0.00024007126053674256 -5.3969533086865344e-06 -3.2571064946831411e-05
leaf_weight=139 691 102 97 63 980 67
leaf_count=139 691 102 97 63 980 67
internal_value=-0.000294255 -0.00208845 0.000336134 0.000126728 0.000364614 -0.0054386
internal_weight=2139 405 236 1734 1671 169
internal_count=2139 405 236 1734 1671 169
is_linear=0
shrinkage=0.04


Tree=97
num_leaves=5
num_cat=0
split_feature=15 81 18 94
split_gain=1.42218 1.39956 1.42696 1.33294
threshold=-1.2428557256473527 0.68775740817404796 -0.45697017473465634 1.5804816176400587
decision_type=2 2 2 2
left_child=-1 3 -3 -2
right_child=1 2 -4 -5
leaf_value=0.0002558924455273113 2.8727295956183526e-06 1.9641687121531027e-05 -0.00012924385886783766 -0.00024973715288555213
leaf_weight=54 1720 115 208 42
leaf_count=54 1720 115 208 42
internal_value=-0.000219524 -0.000388117 -0.0028 5.66893e-05
internal_weight=2139 2085 323 1762
internal_count=2139 2085 323 1762
is_linear=0
shrinkage=0.04


Tree=98
num_leaves=7
num_cat=0
split_feature=107 96 33 43 106 74
split_gain=0.981277 2.36327 1.89953 2.35667 1.8207 1.65826
threshold=0.69902783665630475 1.1947582082975041 -0.4450517508906307 0.60246515536978018 0.42263711767142703 0.79763528497582969
decision_type=2 2 2 2 2 2
left_child=1 4 5 -4 -1 -2
right_child=2 -3 3 -5 -6 -7
leaf_value=3.0817973490209796e-06 0.00024719537146642714 -0.00029305710786175213 -5.2345164590315499e-05 8.2174931852640261e-05 -8.6981861712887717e-05 -1.4294325038628104e-05
leaf_weight=1251 132 45 242 74 336 59
leaf_count=1251 132 45 242 74 336 59
internal_value=-0.000256889 -0.000734394 0.00127701 -0.000628931 -0.000471995 0.00440415
internal_weight=2139 1632 507 316 1587 191
internal_count=2139 1632 507 316 1587 191
is_linear=0
shrinkage=0.04


Tree=99
num_leaves=6
num_cat=0
split_feature=63 63 15 93 14
split_gain=1.04605 1.47019 1.92284 1.54834 0.596172
threshold=1.5896144715946514 1.1813681000959568 -0.061798324589178381 -0.956847319305829 -0.11877299875892781
decision_type=2 2 2 2 2
left_child=1 3 -3 -1 -2
right_child=4 2 -4 -5 -6
leaf_value=3.6202587513069848e-05 -0.00012158307445516494 0.00022106494714875435 -5.7237328603324219e-05 -6.7820015575779501e-06 -3.6326518338062817e-05
leaf_weight=231 55 77 43 1680 53
leaf_count=231 55 77 43 1680 53
internal_value=-0.000200841 4.91884e-06 0.0042623 -0.000266597 -0.004
internal_weight=2139 2031 120 1911 108
internal_count=2139 2031 120 1911 108
is_linear=0
shrinkage=0.04


Tree=100
num_leaves=5
num_cat=0
split_feature=61 51 99 14
split_gain=1.39399 1.27685 1.96839 1.50114
threshold=-1.2852920611538405 -0.26234222569131804 1.4170047439411249 -1.479510402964118
decision_type=2 2 2 2
left_child=-1 2 -2 -3
right_child=1 3 -4 -5
leaf_value=0.00010925890534064225 -3.9488483247635598e-05 -0.00011463404815656019 0.00022363717017806297 6.29200799649495e-06
leaf_weight=48 663 54 40 1334
leaf_count=48 663 54 40 1334
internal_value=-0.000200841 -0.000358337 -0.00174468 0.000345324
internal_weight=2139 2091 703 1388
internal_count=2139 2091 703 1388
is_linear=0
shrinkage=0.04


Tree=101
num_leaves=4
num_cat=0
split_feature=84 3 1
split_gain=1.10161 1.4413 1.16861
threshold=-1.5000379672578086 1.5821898336070048 -2.0791158150443563
decision_type=2 2 2
left_child=-1 2 -2
right_child=1 -3 -4
leaf_value=-0.00014951346267592133 -0.00012868835343124628 -9.7090638147367421e-05 2.2084231653492304e-06
leaf_weight=63 45 45 1986
leaf_count=63 45 45 1986
internal_value=-0.000256889 -9.62464e-05 6.39449e-05
internal_weight=2139 2076 2031
internal_count=2139 2076 2031
is_linear=0
shrinkage=0.04


Tree=102
num_leaves=7
num_cat=0
split_feature=76 76 26 93 67 91
split_gain=1.06123 3.04381 2.26824 2.15367 1.88436 1.78377
threshold=0.20187723975331473 0.23775805834384708 -0.74958358499205613 0.76441262509147023 0.09931385705513103 -1.1174791706506018
decision_type=2 2 2 2 2 2
left_child=3 -2 -3 5 -5 -1
right_child=1 2 -4 4 -6 -7
leaf_value=5.9138825207349456e-05 0.00022175452946815203 0.00013085529736291652 -7.2843971828969768e-06 9.1187751902959186e-05 -0.0001232522835891911 -2.6973498975823947e-05
leaf_weight=111 45 138 660 126 45 1014
leaf_count=111 45 138 660 126 45 1014
internal_value=-0.000144792 0.00095858 0.000375 -0.000862866 0.0032948 -0.00149956
internal_weight=2139 843 798 1296 171 1125
internal_count=2139 843 798 1296 171 1125
is_linear=0
shrinkage=0.04


Tree=103
num_leaves=8
num_cat=0
split_feature=57 66 51 57 100 107 46
split_gain=0.996351 2.73724 2.23306 2.06245 1.91433 1.81641 1.38108
threshold=-0.0496026966482657 0.65165762600498622 -0.26234222569131804 -1.279334243044862 0.98228042792215031 0.79831010714277972 0.66759605702222513
decision_type=2 2 2 2 2 2 2
left_child=1 3 6 -1 -4 -3 -2
right_child=2 5 4 -5 -6 -7 -8
leaf_value=-0.00028471528806575604 -4.1878509968990181e-05 -7.0512401024405772e-05 8.402627083929151e-06 6.0142528703427217e-05 -9.1585997543921081e-05 5.9875631424160264e-05 -0.00016867369111973538
leaf_weight=42 263 303 730 552 67 111 71
leaf_count=42 263 303 730 552 67 111 71
internal_value=-0.000200841 0.000712871 -0.001015 0.00244966 0.000137672 -0.00177885 -0.00375
internal_weight=2139 1008 1131 594 797 414 334
internal_count=2139 1008 1131 594 797 414 334
is_linear=0
shrinkage=0.04


Tree=104
num_leaves=8
num_cat=0
split_feature=93 93 94 68 80 18 44
split_gain=1.01127 2.12182 1.97288 3.15393 1.64737 1.57066 0.98327
threshold=-0.64538397814861448 -0.31898469132598745 -0.27882697174163745 0.18002885998497506 0.19949683861868198 -0.88023366007793002 -0.47844558349406058
decision_type=2 2 2 2 2 2 2
left_child=2 6 4 -4 -1 -3 -2
right_child=1 5 3 -5 -6 -7 -8
leaf_value=1.7431605277118123e-05 -0.00015049176126366077 0.00020020154321758929 4.0880086608957934e-06 0.00019111444077725707 -5.3276705317314783e-05 -1.3582381428686556e-06 -4.4034780283622944e-05
leaf_weight=177 67 40 99 63 117 1364 212
leaf_count=177 67 40 99 63 117 1364 212
internal_value=-0.000182158 -0.000635015 0.00148472 0.005 -0.000472973 0 -0.00380783
internal_weight=2139 1683 456 162 294 1404 279
internal_count=2139 1683 456 162 294 1404 279
is_linear=0
shrinkage=0.04


Tree=105
num_leaves=8
num_cat=0
split_feature=92 92 8 109 109 82 83
split_gain=1.07989 2.24933 2.03396 1.62858 1.53517 2.08973 1.88721
threshold=-0.76532070576980915 -0.90844646336019053 0.070591038534535896 0.82483978530757585 0.73185618008624187 0.98742284913321299 -0.57563332504185349
decision_type=2 2 2 2 2 2 2
left_child=1 3 -3 -1 5 -2 -6
right_child=4 2 -4 -5 6 -7 -8
leaf_value=-3.5578990698321784e-05 -2.9203759169504213e-06 6.1549653740686425e-05 0.00021241722232940533 0.0001166969106786701 2.1459439662608189e-05 0.0001251830085460052 -0.00014405286537270132
leaf_weight=228 1389 55 44 48 69 54 252
leaf_count=228 1389 55 44 48 69 54 252
internal_value=-0.000219524 0.00172414 0.00683168 -0.000143885 -0.000634202 -7.61246e-05 -0.00312693
internal_weight=2139 375 99 276 1764 1443 321
internal_count=2139 375 99 276 1764 1443 321
is_linear=0
shrinkage=0.04


Tree=106
num_leaves=8
num_cat=0
split_feature=43 93 64 50 93 64 10
split_gain=0.990443 1.90955 1.73422 1.54645 1.54086 1.41923 0.451303
threshold=-0.14360533738877382 -0.93645382913966502 -1.04475205775562 0.027782460213875242 -1.1261584170538212 -0.057743550007270612 -0.011108091445032891
decision_type=2 2 2 2 2 2 2
left_child=1 4 6 -3 -1 -4 -2
right_child=2 3 5 -5 -6 -7 -8
leaf_value=-7.3568655184728243e-06 -0.00020882335161470514 -3.0135824331026239e-06 4.7223134500921676e-05 -8.9968272550730238e-05 0.00014552678215672065 -5.370858059502333e-06 -6.7173795229952606e-06
leaf_weight=73 42 411 517 348 45 658 45
leaf_count=73 42 411 517 348 45 658 45
internal_value=-0.000163475 -0.00119454 0.000553797 -0.00193167 0.0035 0.000960068 -0.00483146
internal_weight=2139 877 1262 759 118 1175 87
internal_count=2139 877 1262 759 118 1175 87
is_linear=0
shrinkage=0.04


Tree=107
num_leaves=5
num_cat=0
split_feature=61 51 68 14
split_gain=1.08349 1.0764 1.89021 1.47441
threshold=-1.2852920611538405 -0.26234222569131804 -0.87285715174003264 -1.479510402964118
decision_type=2 2 2 2
left_child=-1 2 -2 -3
right_child=1 3 -4 -5
leaf_value=9.6904246718738015e-05 0.00019183712095429634 -0.00010511572416313272 -4.9251515590396576e-05 4.5929469537899904e-06
leaf_weight=48 86 54 617 1334
leaf_count=48 86 54 617 1334
internal_value=-0.000219524 -0.000358337 -0.00163121 0.00028777
internal_weight=2139 2091 703 1388
internal_count=2139 2091 703 1388
is_linear=0
shrinkage=0.04


Tree=108
num_leaves=8
num_cat=0
split_feature=8 40 59 0 20 8 107
split_gain=1.11534 1.86622 1.60063 1.29673 1.28369 1.69142 1.33944
threshold=0.50146330207577061 -0.38363551701684745 -0.34148773456716347 -0.7674111932545683 0.79667614162861355 -0.2843782646451008 0.69902783665630475
decision_type=2 2 2 2 2 2 2
left_child=4 2 -2 -3 6 -6 -1
right_child=1 3 -4 -5 5 -7 -8
leaf_value=-5.8164588725729416e-06 -3.7001682363485906e-05 8.1328171075872806e-05 0.00021013693053136649 -7.0942108898779506e-05 -2.0170936079976637e-06 8.7827408259695267e-05 3.4676912616610176e-05
leaf_weight=1141 79 45 42 362 49 58 363
leaf_count=1141 79 45 42 362 49 58 363
internal_value=-0.000219524 -0.00181132 0.00252033 -0.00310513 0.000303782 0.00449541 0
internal_weight=2139 528 121 407 1611 107 1504
internal_count=2139 528 121 407 1611 107 1504
is_linear=0
shrinkage=0.04


Tree=109
num_leaves=5
num_cat=0
split_feature=1 0 66 71
split_gain=1.09042 1.20595 1.99592 1.96144
threshold=-2.0791158150443563 -0.37219003528631051 -0.3497120817537237 -0.83882971146253416
decision_type=2 2 2 2
left_child=-1 2 -2 -3
right_child=1 3 -4 -5
leaf_value=-0.00011649793457624024 -6.7009430563779192e-05 0.0001041617892888071 3.9079986176957739e-05 -8.8755396652946169e-06
leaf_weight=45 122 110 491 1371
leaf_count=45 122 110 491 1371
internal_value=-0.000144792 -9.54198e-06 0.00147967 -0.000627107
internal_weight=2139 2094 613 1481
internal_count=2139 2094 613 1481
is_linear=0
shrinkage=0.04


Tree=110
num_leaves=5
num_cat=0
split_feature=45 95 80 75
split_gain=1.03602 2.02021 1.00248 1.03536
threshold=4.4159441139383686 -0.18515628140053211 1.5675858356585921 -2.0587620465218675
decision_type=2 2 2 2
left_child=2 -2 3 -1
right_child=1 -3 -4 -5
leaf_value=0.00010008246615659387 -5.2025096257022377e-05 0.00013400392554969309 -6.5544226497434843e-05 -2.5701251985684077e-06
leaf_weight=55 45 43 62 1934
leaf_count=55 45 43 62 1934
internal_value=-0.000200841 0.004 -0.000384803 -0.000226017
internal_weight=2139 88 2051 1989
internal_count=2139 88 2051 1989
is_linear=0
shrinkage=0.04


Tree=111
num_leaves=4
num_cat=0
split_feature=35 47 47
split_gain=0.925218 1.16208 1.8973
threshold=-1.3128544893901137 1.6100649885655576 1.4416007920692508
decision_type=2 2 2
left_child=-1 2 -2
right_child=1 -3 -4
leaf_value=0.00023598457782165368 -2.4818335928147169e-06 -0.0001201527543443609 0.00010703360821637306
leaf_weight=63 1961 71 44
leaf_count=63 1961 71 44
internal_value=-0.000238206 -0.000384986 -0.000204285
internal_weight=2139 2076 2005
internal_count=2139 2076 2005
is_linear=0
shrinkage=0.04


Tree=112
num_leaves=4
num_cat=0
split_feature=3 84 99
split_gain=0.913463 1.28717 1.2663
threshold=1.5821898336070048 -1.5000379672578086 -0.20228994562538913
decision_type=2 2 2
left_child=1 -1 -3
right_child=-2 2 -4
leaf_value=-0.00017087154915757991 -5.7333950262990957e-05 -1.0920259696459867e-05 8.3624251361113199e-06
leaf_weight=60 48 820 1211
leaf_count=60 48 820 1211
internal_value=-0.000256889 -0.000129001 4.42696e-05
internal_weight=2139 2091 2031
internal_count=2139 2091 2031
is_linear=0
shrinkage=0.04


Tree=113
num_leaves=7
num_cat=0
split_feature=7 67 76 49 66 67
split_gain=1.04451 2.36681 1.34539 1.22015 1.69613 1.23901
threshold=-0.66587539767191772 0.017423800744508482 0.060433716470434148 -1.0000000180025095e-35 0.65165762600498622 1.1992269382742204
decision_type=2 2 2 2 2 2
left_child=1 2 -1 5 -5 -2
right_child=3 -3 -4 4 -6 -7
leaf_value=1.5813128105006714e-05 -4.1107171171063243e-05 0.00024387029184306703 -0.00014895831384486281 9.9021461578719443e-06 -2.5451716039791225e-05 6.3034178993566151e-05
leaf_weight=133 789 77 78 710 299 53
leaf_count=133 789 77 78 710 299 53
internal_value=-0.000163475 0.00206897 -0.000140845 -0.000512682 0.000425321 -0.00163507
internal_weight=2139 288 211 1851 1009 842
internal_count=2139 288 211 1851 1009 842
is_linear=0
shrinkage=0.04


Tree=114
num_leaves=6
num_cat=0
split_feature=71 57 57 74 44
split_gain=1.02477 1.19481 2.27907 1.56884 1.03463
threshold=2.9900766170598012 -0.8145646015681226 -0.08029881379510613 0.38283137481262269 0.12772463216805657
decision_type=2 2 2 2 2
left_child=1 3 -3 -1 -2
right_child=4 2 -4 -5 -6
leaf_value=-6.6366741369072762e-05 0.00019054731652079539 3.9088198441959224e-05 -9.3224224277473245e-06 9.1797274813023793e-06 -1.6413709706878179e-07
leaf_weight=261 43 561 1104 111 59
leaf_count=261 43 561 1104 111 59
internal_value=-0.000219524 -0.000416871 4.19916e-05 -0.00245989 0.00365385
internal_weight=2139 2037 1665 372 102
internal_count=2139 2037 1665 372 102
is_linear=0
shrinkage=0.04


Tree=115
num_leaves=5
num_cat=0
split_feature=71 94 107 44
split_gain=1.02477 1.14672 1.25544 1.03463
threshold=2.9900766170598012 1.4195094175101002 0.69902783665630475 0.12772463216805657
decision_type=2 2 2 2
left_child=1 2 -1 -2
right_child=3 -3 -4 -5
leaf_value=-6.3745963696363113e-06 0.00018292542385996358 -0.00013849088158516678 1.6815253963748225e-05 -1.5757161318604232e-07
leaf_weight=1533 43 48 456 59
leaf_count=1533 43 48 456 59
internal_value=-0.000219524 -0.000416871 -0.000266198 0.00365385
internal_weight=2139 2037 1989 102
internal_count=2139 2037 1989 102
is_linear=0
shrinkage=0.04


Tree=116
num_leaves=8
num_cat=0
split_feature=64 75 100 0 11 82 67
split_gain=1.03592 2.24225 1.75445 1.62193 2.08745 1.81324 1.55201
threshold=-0.10458112997987097 0.86886625945990403 0.37267308915979169 -0.42000354182113414 0.70975084039916692 0.98742284913321299 0.22781628325179956
decision_type=2 2 2 2 2 2 2
left_child=1 2 -1 4 -2 -5 -3
right_child=3 6 -4 5 -6 -7 -8
leaf_value=1.1828875702462717e-05 -1.7914880601369206e-06 0.00020798983956328476 -2.0767645717809144e-05 -5.970969476796257e-05 0.00013612378014601404 6.4643941822160826e-05 -1.9768236318853329e-06
leaf_weight=528 342 81 243 776 62 59 48
leaf_count=528 342 81 243 776 62 59 48
internal_value=-0.000144792 0.000886918 6.46831e-05 -0.00089444 0.00118227 -0.00189964 0.00572519
internal_weight=2139 900 771 1239 404 835 129
internal_count=2139 900 771 1239 404 835 129
is_linear=0
shrinkage=0.04


Tree=117
num_leaves=6
num_cat=0
split_feature=79 35 93 28 31
split_gain=1.06206 1.15405 1.19227 1.07386 0.905484
threshold=0.67709542623233065 -1.3128544893901137 -0.64538397814861448 -0.37984843735128382 -0.91232629768832496
decision_type=2 2 2 2 2
left_child=1 -1 -3 -2 -5
right_child=3 2 -4 4 -6
leaf_value=0.00039808263297382631 1.2974229509590618e-05 1.8256828332302786e-05 -5.6036493151506714e-06 3.3535745384718695e-06 -0.00010454249603210676
leaf_weight=40 40 396 1499 46 118
leaf_count=40 40 396 1499 46 118
internal_value=-0.000182158 0.000108415 -3.69004e-05 -0.00291262 -0.00433735
internal_weight=2139 1935 1895 204 164
internal_count=2139 1935 1895 204 164
is_linear=0
shrinkage=0.04


Tree=118
num_leaves=5
num_cat=0
split_feature=44 79 50 94
split_gain=1.04828 0.968074 1.40891 1.25196
threshold=-9.6009674677612598 0.67709542623233065 -0.039167629130474953 1.5804816176400587
decision_type=2 2 2 2
left_child=-1 3 -3 -2
right_child=1 2 -4 -5
leaf_value=0.00013585119883642937 4.9823314878336997e-07 2.316184447442894e-06 -0.00013534435127797082 -0.00025911018879471424
leaf_weight=45 1848 94 105 47
leaf_count=45 1848 94 105 47
internal_value=-0.000163475 -0.000295802 -0.00293532 -1.58144e-05
internal_weight=2139 2094 199 1895
internal_count=2139 2094 199 1895
is_linear=0
shrinkage=0.04


Tree=119
num_leaves=6
num_cat=0
split_feature=56 97 42 35 66
split_gain=0.997002 1.48093 1.74013 1.29588 1.37612
threshold=1.0232702325209273 -0.64766220698848442 -0.3480597236248284 -1.3128544893901137 0.65165762600498622
decision_type=2 2 2 2 2
left_child=3 -2 -3 -1 -5
right_child=1 2 -4 4 -6
leaf_value=0.00029429622371655314 -9.7844431288330509e-05 0.00023185648284487892 2.2361068991561519e-05 1.4778693605721483e-07 -5.5750258019318029e-05
leaf_weight=56 57 47 103 1442 434
leaf_count=56 57 47 103 1442 434
internal_value=-8.87436e-05 0.00253589 0.00460526 -0.000372285 -0.000553781
internal_weight=2139 207 150 1932 1876
internal_count=2139 207 150 1932 1876
is_linear=0
shrinkage=0.04


end of trees

feature_importances:
Column_26=25
Column_93=25
Column_63=18
Column_71=18
Column_87=18
Column_57=17
Column_65=15
Column_80=15
Column_101=15
Column_43=14
Column_86=14
Column_1=12
Column_2=12
Column_14=12
Column_109=12
Column_72=11
Column_73=11
Column_85=11
Column_92=11
Column_51=10
Column_76=10
Column_82=10
Column_105=10
Column_3=9
Column_64=9
Column_68=9
Column_81=9
Column_94=9
Column_0=8
Column_44=8
Column_7=7
Column_41=7
Column_50=7
Column_56=7
Column_107=7
Column_11=6
Column_15=6
Column_20=6
Column_45=6
Column_67=6
Column_74=6
Column_99=6
Column_9=5
Column_13=5
Column_29=5
Column_39=5
Column_40=5
Column_66=5
Column_84=5
Column_6=4
Column_8=4
Column_47=4
Column_61=4
Column_70=4
Column_75=4
Column_78=4
Column_79=4
Column_91=4
Column_96=4
Column_102=4
Column_10=3
Column_18=3
Column_31=3
Column_35=3
Column_36=3
Column_46=3
Column_69=3
Column_83=3
Column_88=3
Column_98=3
Column_100=3
Column_106=3
Column_27=2
Column_28=2
Column_37=2
Column_42=2
Column_48=2
Column_49=2
Column_58=2
Column_59=2
Column_60=2
Column_89=2
Column_90=2
Column_97=2
Column_103=2
Column_104=2
Column_108=2
Column_4=1
Column_16=1
Column_21=1
Column_30=1
Column_33=1
Column_34=1
Column_52=1
Column_62=1
Column_77=1
Column_95=1

parameters:
[boosting: gbdt]
[objective: quantile]
[metric: quantile]
[tree_learner: serial]
[device_type: cpu]
[data_sample_strategy: bagging]
[data: ]
[valid: ]
[num_iterations: 120]
[learning_rate: 0.04]
[num_leaves: 15]
[num_threads: 2]
[seed: 42]
[deterministic: 0]
[force_col_wise: 0]
[force_row_wise: 0]
[histogram_pool_size: -1]
[max_depth: 3]
[min_data_in_leaf: 40]
[min_sum_hessian_in_leaf: 0.001]
[bagging_fraction: 0.85]
[pos_bagging_fraction: 1]
[neg_bagging_fraction: 1]
[bagging_freq: 0]
[bagging_seed: 400]
[bagging_by_query: 0]
[feature_fraction: 0.8]
[feature_fraction_bynode: 1]
[feature_fraction_seed: 30056]
[extra_trees: 0]
[extra_seed: 12879]
[early_stopping_round: 0]
[early_stopping_min_delta: 0]
[first_metric_only: 0]
[max_delta_step: 0]
[lambda_l1: 0]
[lambda_l2: 2]
[linear_lambda: 0]
[min_gain_to_split: 0]
[drop_rate: 0.1]
[max_drop: 50]
[skip_drop: 0.5]
[xgboost_dart_mode: 0]
[uniform_drop: 0]
[drop_seed: 17869]
[top_rate: 0.2]
[other_rate: 0.1]
[min_data_per_group: 100]
[max_cat_threshold: 32]
[cat_l2: 10]
[cat_smooth: 10]
[max_cat_to_onehot: 4]
[top_k: 20]
[monotone_constraints: ]
[monotone_constraints_method: basic]
[monotone_penalty: 0]
[feature_contri: ]
[forcedsplits_filename: ]
[refit_decay_rate: 0.9]
[cegb_tradeoff: 1]
[cegb_penalty_split: 0]
[cegb_penalty_feature_lazy: ]
[cegb_penalty_feature_coupled: ]
[path_smooth: 0]
[interaction_constraints: ]
[verbosity: -1]
[saved_feature_importance_type: 0]
[use_quantized_grad: 0]
[num_grad_quant_bins: 4]
[quant_train_renew_leaf: 0]
[stochastic_rounding: 1]
[linear_tree: 0]
[max_bin: 255]
[max_bin_by_feature: ]
[min_data_in_bin: 3]
[bin_construct_sample_cnt: 200000]
[data_random_seed: 175]
[is_enable_sparse: 1]
[enable_bundle: 1]
[use_missing: 1]
[zero_as_missing: 0]
[feature_pre_filter: 1]
[pre_partition: 0]
[two_round: 0]
[header: 0]
[label_column: ]
[weight_column: ]
[group_column: ]
[ignore_column: ]
[categorical_feature: ]
[forcedbins_filename: ]
[precise_float_parser: 0]
[parser_config_file: ]
[objective_seed: 16083]
[num_class: 1]
[is_unbalance: 0]
[scale_pos_weight: 1]
[sigmoid: 1]
[boost_from_average: 1]
[reg_sqrt: 0]
[alpha: 0.75]
[fair_c: 1]
[poisson_max_delta_step: 0.7]
[tweedie_variance_power: 1.5]
[lambdarank_truncation_level: 30]
[lambdarank_norm: 1]
[label_gain: ]
[lambdarank_position_bias_regularization: 0]
[eval_at: ]
[multi_error_top_k: 1]
[auc_mu_weights: ]
[num_machines: 1]
[local_listen_port: 12400]
[time_out: 120]
[machine_list_filename: ]
[machines: ]
[gpu_platform_id: -1]
[gpu_device_id: -1]
[gpu_device_id_list: ]
[gpu_use_dp: 0]
[num_gpu: 1]

end of parameters

pandas_categorical:null
