tree
version=v4
num_class=1
num_tree_per_iteration=1
label_index=0
max_feature_idx=109
objective=quantile
feature_names=Column_0 Column_1 Column_2 Column_3 Column_4 Column_5 Column_6 Column_7 Column_8 Column_9 Column_10 Column_11 Column_12 Column_13 Column_14 Column_15 Column_16 Column_17 Column_18 Column_19 Column_20 Column_21 Column_22 Column_23 Column_24 Column_25 Column_26 Column_27 Column_28 Column_29 Column_30 Column_31 Column_32 Column_33 Column_34 Column_35 Column_36 Column_37 Column_38 Column_39 Column_40 Column_41 Column_42 Column_43 Column_44 Column_45 Column_46 Column_47 Column_48 Column_49 Column_50 Column_51 Column_52 Column_53 Column_54 Column_55 Column_56 Column_57 Column_58 Column_59 Column_60 Column_61 Column_62 Column_63 Column_64 Column_65 Column_66 Column_67 Column_68 Column_69 Column_70 Column_71 Column_72 Column_73 Column_74 Column_75 Column_76 Column_77 Column_78 Column_79 Column_80 Column_81 Column_82 Column_83 Column_84 Column_85 Column_86 Column_87 Column_88 Column_89 Column_90 Column_91 Column_92 Column_93 Column_94 Column_95 Column_96 Column_97 Column_98 Column_99 Column_100 Column_101 Column_102 Column_103 Column_104 Column_105 Column_106 Column_107 Column_108 Column_109
feature_infos=[-6.1385582400653318:6.5944649416236159] [-5.6407211471963175:5.4749207688731962] [-4.8591278064585381:4.1525970390605993] [-4.3628128452786257:3.846710530346745] [-3.6327817594823912:2.163514970771574] [-2.5828067287161467:2.3739170080203147] [-4.2393058804543333:3.985784071633093] [-1.3442512552725683:6.5102521939978448] [-1.6772140401376041:1.6291846469358644] [-3.5954298754858307:2.2056943741427415] [-1.4889622379860727:5.2232573741542963] [-2.4468459457737266:2.1350606784900994] [-2.5406125182654331:2.4482782782311761] [-1.4546281108885302:3.9236944209551217] [-2.8178383313726019:2.6199693102659261] [-1.5773230407649552:1.621104248853626] [-1.7643399282288816:1.7863586579419179] [-0.95363513287056412:0.7748384566874299] [-0.99754455093722549:0.78877345608843463] [-0.95363513287056401:0.77483845668743001] [-2.2375976404665265:1.664224362521612] [-4.0328891894940497:4.1384069749038019] [-3.285997177983937:2.3042535396371657] [-2.3285062783611803:2.6087172404246037] [-2.1497616687417573:1.5849780004778979] [-2.1579180448787874:1.5766776385489067] [-3.3723846074122443:2.0325643405485683] [-1.7861425910768856:1.4191822138960266] [-1.1736787366615589:3.634617275254667] [-3.7120888513664094:4.2819000568078778] [-3.6960584866940924:4.5050858455736877] [-3.0671780731208207:3.2734495900679241] [-3.1911181384162868:3.4407845533209556] [-1.9653750767171823:2.086565477295836] [-2.2069399445572837:2.2408272015434862] [-1.7881511887279253:1.7623171316706574] [-1.8127265931257102:1.8493200089256256] [-1.5820839891677911:3.8388158937175074] [-1.4771200423869804:5.0092387835742267] [-1.4476194527543478:3.8022783940372502] [-1.1725870223103516:3.1618857880816971] [-1.6633208233714365:1.4522280006467065] [-1.9776327556618671:1.7389069047619499] [-1.8764537331333562:14.041344146929974] [-182.33355716758197:162.78659873529608] [-397.42091606937714:131.27045757773527] [-326.07468227186951:76.523548750712763] [-1.3716196200121493:2.8305725791325629] [-1.9467396397676549:2.0022802331290133] [-1.1942306358726886:9.0102472370066042] [-4.8785992680851775:4.4424549414886014] [-8.9825779539394937:6.6728975604225731] [-1:1] [-0.83333333333333337:1] [0:1] [0:1] [-3.0478372949324757:3.9984416941070582] [-3.4003515928558801:2.258019649069833] [-2.2920121319213087:1.5800553247463354] [-0.94845076735526457:2.1440510378353315] [-2.0401696813756236:1.2406034267464405] [-1.3739044459236456:0.35377244871824737] [-4.5265460239545874:7.1411930467667224] [-4.2005766217130045:5.8588411467380803] [-2.43773705686647:4.2326603045895093] [-1.2821333259232344:4.8484007090468246] [-1.2026739495107197:7.9702259947905612] [-1.0883034413715937:2.3005875992763114] [-6.535783170226571:6.7083537352895419] [-4.5901719768282714:3.5532761626197749] [-3.3350197792898681:3.6708117568356124] [-1.2110008622404482:3.5442206381249957] [-1.7506545541015297:4.3379401439134941] [-0.7834081833399047:2.0012386617458535] [-11.327940876206117:11.104425947168536] [-5.961734987999777:5.2185410806260757] [-3.6521575880498585:4.0253517724820975] [-0.99511957438256293:3.0548546012191924] [-2.187703893268178:4.2650781378381275] [-1.3456313514427971:0.7349142455097748] [-3.9510217998027306:2.9642508250310011] [-3.4899294190313617:3.0723609998790087] [-2.5323557981943745:1.7232108799258132] [-1.2683884300555661:3.0530049963734749] [-2.0027870188111674:1.8319210892383844] [-1.4057408269101508:0.47458021439389375] [-5.256791746558318:2.6349571777682499] [-3.990328398021195:3.4012442072136588] [-1.8234956753705556:2.7361589869508598] [-1.4532918218847675:4.1429987370285195] [-1.6539705254681107:4.3848534765815916] [-1.4717468491550572:1.1922825850807008] [-4.2536797856538184:2.43638525640409] [-3.7623116565952333:3.4912986186853878] [-1.8971522067236322:2.5967802427704512] [-1.4645019736670681:3.9473689628116739] [-1.505774089920106:3.799340912916743] [-1.4543010690288367:1.1317309139811047] [-3.4200107359923004:3.7181960458765135] [-2.2315193924987886:2.6775896597159456] [-1.9779510769496851:2.0504841195376038] [-1.4696436562755988:2.0746366956086124] [-1.4550103303741979:1.8989155712463972] [-2.1680223563903551:0.57857503132022614] [-3.0783074945904549:3.2736002313163364] [-2.7828285291652857:3.5877181589449529] [-1.6710045749254725:2.3771055553044316] [-0.8720162329910055:2.9450770072910704] [-1.4125984865264394:2.2859771517993153] [-1.3934779271112305:0.99658949061807578]
tree_sizes=747 781 778 787 686 781 606 696 606 516 609 604 609 610 605 783 609 607 682 774 780 610 689 514 700 872 521 603 787 784 694 692 697 609 788 600 862 781 520 787 876 784 689 697 695 787 788 698 791 524 791 700 788 789 701 791 880 611 882 792 604 873 694 787 701 618 862 611 789 522 611 606 880 875 789 789 617 615 699 784 794 696 790 696 787 874 794 613 790 609 876 524 611 787 791 785 875 883 607 611 882 789 884 693 699 699 701 613 609 792 792 794 798 788 885 698 787 878 798 702

Tree=0
num_leaves=7
num_cat=0
split_feature=85 77 56 72 24 70
split_gain=3.49038 2.15928 2.85507 1.16229 1.08764 0.589547
threshold=-0.20217034630026628 0.71137776944420228 -1.0932311599608302 0.80806440551483816 -0.89329435653590228 -1.0746599128147636
decision_type=2 2 2 2 2 2
left_child=4 3 -3 -2 -1 -6
right_child=1 2 -4 -5 5 -7
leaf_value=0.015490889637941301 0.01526397985584392 0.016002800002530543 0.015465367645380574 0.015535098948052361 0.015421217883836675 0.015123911386610702
leaf_weight=52 729 63 312 171 57 755
leaf_count=52 729 63 312 171 57 755
internal_value=0.0152908 0.0166201 0.0191616 0.015555 0.0133305 0.0129695
internal_weight=2139 1275 375 900 864 812
internal_count=2139 1275 375 900 864 812
is_linear=0
shrinkage=1


Tree=1
num_leaves=7
num_cat=0
split_feature=85 77 9 4 24 91
split_gain=3.10614 1.82491 2.29883 1.81933 0.782745 0.68099
threshold=-0.20217034630026628 0.9796618123606976 0.15461643783512072 -1.0400704244385917 -0.89329435653590228 -0.27968513045562243
decision_type=2 2 2 2 2 2
left_child=4 3 -3 -2 -1 -6
right_child=1 2 -4 -5 5 -7
leaf_value=0.00019391038587015144 0.0002972279862640509 0.00066370766962040679 0.00015145593979284228 -1.0393563210392976e-05 -8.1918284505814033e-05 -0.00024915192636193559
leaf_weight=52 122 71 148 934 545 267
leaf_count=52 122 71 148 934 545 267
internal_value=-1.68155e-05 0.00123727 0.00454299 0.000544422 -0.00186605 -0.00217199
internal_weight=2139 1275 219 1056 864 812
internal_count=2139 1275 219 1056 864 812
is_linear=0
shrinkage=0.04


Tree=2
num_leaves=7
num_cat=0
split_feature=85 48 83 40 37 87
split_gain=2.77234 1.63058 2.06581 1.17645 0.655921 0.614017
threshold=-0.20217034630026628 -0.0063291386886096196 1.2724907112036548 1.4665418103017223 -1.0968013467747597 0.64407852454166725
decision_type=2 2 2 2 2 2
left_child=4 2 -2 -3 -1 -6
right_child=1 3 -4 -5 5 -7
leaf_value=0.000117566726034831 0.00017593935017644273 -6.2058983880693112e-05 0.00053247170817661551 0.00033000186944444614 -0.00018083053089483129 1.6935505042548831e-05
leaf_weight=47 582 565 45 83 679 138
leaf_count=47 582 565 45 83 679 138
internal_value=-7.28641e-05 0.00111198 0.0025628 -0.000295386 -0.00181986 -0.00208547
internal_weight=2139 1275 627 648 864 817
internal_count=2139 1275 627 648 864 817
is_linear=0
shrinkage=0.04


Tree=3
num_leaves=7
num_cat=0
split_feature=85 15 81 87 74 87
split_gain=2.40204 1.57379 1.35837 0.612542 1.29702 0.453451
threshold=-0.20217034630026628 -1.2161060658184348 0.77126823431786018 0.61785984081074086 -0.06118292077519371 -0.77754562775529978
decision_type=2 2 2 2 2 2
left_child=3 -2 -3 5 -5 -1
right_child=1 2 -4 4 -6 -7
leaf_value=-4.265616285926456e-05 0.00034511849100530705 0.00011065775309759677 -0.0001325044968585388 0.00023829529675074618 -0.00017562846389865695 -0.00021755696401032571
leaf_weight=171 40 1039 196 78 84 531
leaf_count=171 40 1039 196 78 84 531
internal_value=-0.000147596 0.000955363 0.000695229 -0.00177367 0.000439023 -0.00228409
internal_weight=2139 1275 1235 864 162 702
internal_count=2139 1275 1235 864 162 702
is_linear=0
shrinkage=0.04


Tree=4
num_leaves=6
num_cat=0
split_feature=36 81 77 15 43
split_gain=2.2727 1.80776 1.44623 1.86104 1.44968
threshold=-1.2206846781249283 0.54362676709392088 0.48513133318100116 -0.54448065874768703 2.212312866118876
decision_type=2 2 2 2 2
left_child=1 -1 4 -4 -2
right_child=2 -3 3 -5 -6
leaf_value=0.00061072247896703906 -7.2020103294699337e-05 -3.4596098159891462e-05 0.00042038160835847254 9.8844301765459118e-06 0.00028687591338320595
leaf_weight=62 1428 46 84 457 62
leaf_count=62 1428 46 84 457 62
internal_value=-7.28641e-05 0.00552727 -0.0003758 0.00139226 -0.00101877
internal_weight=2139 108 2031 541 1490
internal_count=2139 108 2031 541 1490
is_linear=0
shrinkage=0.04


Tree=5
num_leaves=7
num_cat=0
split_feature=107 16 107 58 72 65
split_gain=2.16911 2.7096 1.3662 1.23765 1.29024 0.352287
threshold=0.82315247403943015 -0.85622656224107774 0.87100091674987901 -0.4450573596980949 0.80806440551483816 2.1824905545964426
decision_type=2 2 2 2 2 2
left_child=3 -2 -3 5 -5 -1
right_child=1 2 -4 4 -6 -7
leaf_value=-0.00018001453980487806 0.00058920068755972618 0.00052695388526467909 5.7641796429737782e-06 -4.9549365682640618e-05 0.00012169362942077596 6.1323266447452368e-05
leaf_weight=366 49 48 320 1113 201 42
leaf_count=366 49 48 320 1113 201 42
internal_value=-0.000166278 0.00241527 0.00121081 -0.000793504 -0.00019453 -0.0027122
internal_weight=2139 417 368 1722 1314 408
internal_count=2139 417 368 1722 1314 408
is_linear=0
shrinkage=0.04


Tree=6
num_leaves=5
num_cat=0
split_feature=48 85 99 37
split_gain=2.16202 1.66434 1.37085 0.635757
threshold=-1.2404987025815244 -0.20217034630026628 0.47972118018501958 -1.0968013467747597
decision_type=2 2 2 2
left_child=-1 3 -3 -2
right_child=1 2 -4 -5
leaf_value=0.00028958288674196673 0.0001191354981385585 -8.4586644311830525e-06 0.00027900913556591986 -0.00013821169882887493
leaf_weight=54 47 907 324 807
leaf_count=54 47 907 324 807
internal_value=-0.000184961 -0.000392909 0.000548255 -0.00174766
internal_weight=2139 2085 1231 854
internal_count=2139 2085 1231 854
is_linear=0
shrinkage=0.04


Tree=7
num_leaves=6
num_cat=0
split_feature=85 15 99 24 91
split_gain=1.79074 1.65274 1.11836 0.693619 0.562112
threshold=-0.20217034630026628 -1.2161060658184348 0.47972118018501958 -0.89329435653590228 -0.27968513045562243
decision_type=2 2 2 2 2
left_child=3 -2 -3 -1 -5
right_child=1 2 -4 4 -6
leaf_value=0.00018917271031197215 0.00029548989131132137 -7.110160113299259e-06 0.000261321291017766 -6.5399533251582934e-05 -0.00021587002183907716
leaf_weight=52 40 910 325 545 267
leaf_count=52 40 910 325 545 267
internal_value=-0.000184961 0.000767423 0.000501212 -0.00158892 -0.00187715
internal_weight=2139 1275 1235 864 812
internal_count=2139 1275 1235 864 812
is_linear=0
shrinkage=0.04


Tree=8
num_leaves=5
num_cat=0
split_feature=15 85 77 37
split_gain=1.81056 1.35503 1.13908 0.613975
threshold=-1.2428557256473527 -0.20217034630026628 0.9796618123606976 -1.0968013467747597
decision_type=2 2 2 2
left_child=-1 3 -3 -2
right_child=1 2 -4 -5
leaf_value=0.0002661799756198351 0.00011698605954307943 -4.4094994894116818e-06 0.00019769554811796739 -0.00013171455868550637
leaf_weight=54 47 1028 215 795
leaf_count=54 47 1028 215 795
internal_value=-0.00024101 -0.000431242 0.000408031 -0.00166825
internal_weight=2139 2085 1243 842
internal_count=2139 2085 1243 842
is_linear=0
shrinkage=0.04


Tree=9
num_leaves=4
num_cat=0
split_feature=15 59 70
split_gain=1.82963 1.24236 1.15251
threshold=-1.2428557256473527 1.888917666184005 -0.99970096486249072
decision_type=2 2 2
left_child=-1 2 -2
right_child=1 -3 -4
leaf_value=0.00025553277659504163 0.0001947437532994633 0.00063653727184511517 -4.3159644782738186e-05
leaf_weight=54 267 42 1776
leaf_count=54 267 42 1776
internal_value=-0.000278376 -0.000469575 -0.000612226
internal_weight=2139 2085 2043
internal_count=2139 2085 2043
is_linear=0
shrinkage=0.04


Tree=10
num_leaves=5
num_cat=0
split_feature=15 85 105 37
split_gain=1.80106 1.19443 0.981297 0.587854
threshold=-1.2428557256473527 -0.20217034630026628 0.45883137092713222 -1.0968013467747597
decision_type=2 2 2 2
left_child=-1 3 -3 -2
right_child=1 2 -4 -5
leaf_value=0.00024531146553123998 0.00011403300295266576 0.00011267398997489911 -3.5446650708610712e-05 -0.0001247195905467766
leaf_weight=54 47 878 365 795
leaf_count=54 47 878 365 795
internal_value=-0.000222327 -0.000412076 0.000375903 -0.00157346
internal_weight=2139 2085 1243 842
internal_count=2139 2085 1243 842
is_linear=0
shrinkage=0.04


Tree=11
num_leaves=5
num_cat=0
split_feature=15 60 85 70
split_gain=1.81056 1.26937 1.64657 1.2451
threshold=-1.2428557256473527 -0.9887897904508901 0.2142986675295778 -1.0434085330596408
decision_type=2 2 2 2
left_child=-1 2 -2 -3
right_child=1 3 -4 -5
leaf_value=0.00023549900690999039 0.00047266762735049769 0.00018244704710086428 7.0762668857878757e-06 -6.2102964530739359e-05
leaf_weight=54 59 237 199 1590
leaf_count=54 59 237 199 1590
internal_value=-0.00024101 -0.000431242 0.00218461 -0.000802625
internal_weight=2139 2085 258 1827
internal_count=2139 2085 258 1827
is_linear=0
shrinkage=0.04


Tree=12
num_leaves=5
num_cat=0
split_feature=48 77 41 65
split_gain=1.78214 1.23336 1.19005 1.11167
threshold=-1.2404987025815244 0.52511202222112818 0.52094904892966576 -0.02409243673040291
decision_type=2 2 2 2
left_child=-1 3 -3 -2
right_child=1 2 -4 -5
leaf_value=0.00022607904663359078 7.2286941236376556e-06 0.00022119593555075504 -0.00024041863394110694 -0.00010949367785016684
leaf_weight=54 720 384 135 846
leaf_count=54 720 384 135 846
internal_value=-0.000184961 -0.000373743 0.00131286 -0.000933674
internal_weight=2139 2085 519 1566
internal_count=2139 2085 519 1566
is_linear=0
shrinkage=0.04


Tree=13
num_leaves=5
num_cat=0
split_feature=15 85 7 91
split_gain=1.76331 1.25531 1.10888 0.611377
threshold=-1.2428557256473527 -0.20217034630026628 -0.7035036069927868 -0.27968513045562243
decision_type=2 2 2 2
left_child=-1 3 -3 -2
right_child=1 2 -4 -5
leaf_value=0.00021703588476824719 -4.0638174860806742e-05 0.00013298818767004171 5.2060410280070625e-06 -0.00018288229346899904
leaf_weight=54 572 85 1158 270
leaf_count=54 572 85 1158 270
internal_value=-0.000147596 -0.000335411 0.000472288 -0.00152607
internal_weight=2139 2085 1243 842
internal_count=2139 2085 1243 842
is_linear=0
shrinkage=0.04


Tree=14
num_leaves=5
num_cat=0
split_feature=15 60 85 65
split_gain=1.78214 1.21427 1.64657 0.923818
threshold=-1.2428557256473527 -0.9887897904508901 0.2142986675295778 -0.02409243673040291
decision_type=2 2 2 2
left_child=-1 2 -2 -3
right_child=1 3 -4 -5
leaf_value=0.00020835444937751735 0.00044470484319332726 2.670063853822052e-06 8.3192672193330981e-06 -9.6915106627952103e-05
leaf_weight=54 59 962 199 865
leaf_count=54 59 962 199 865
internal_value=-0.000184961 -0.000373743 0.00218461 -0.000737016
internal_weight=2139 2085 258 1827
internal_count=2139 2085 258 1827
is_linear=0
shrinkage=0.04


Tree=15
num_leaves=7
num_cat=0
split_feature=36 56 70 58 70 20
split_gain=1.84127 1.65274 1.03313 1.54723 1.06039 0.596777
threshold=-1.082998251490553 -0.23960159644119824 -0.99970096486249072 -0.2088959331929425 -0.14302704695602994 -0.64806674878677784
decision_type=2 2 2 2 2 2
left_child=1 -1 3 -2 -4 -3
right_child=2 5 4 -5 -6 -7
leaf_value=0.00047418674977480515 0.00048971693398351733 0.00016952810214990668 -0.00010773765561799998 2.4937624420795589e-05 -4.2784001731304304e-06 -0.00020145319718331686
leaf_weight=64 43 47 612 215 1116 42
leaf_count=64 43 47 612 215 1116 42
internal_value=-0.000147596 0.00405161 -0.00047485 0.00187692 -0.000827747 0.000483516
internal_weight=2139 153 1986 258 1728 89
internal_count=2139 153 1986 258 1728 89
is_linear=0
shrinkage=0.04


Tree=16
num_leaves=5
num_cat=0
split_feature=15 85 7 87
split_gain=1.79159 1.04396 0.946638 0.600734
threshold=-1.2428557256473527 -0.20217034630026628 -0.7035036069927868 0.61785984081074086
decision_type=2 2 2 2
left_child=-1 3 -3 -2
right_child=1 2 -4 -5
leaf_value=0.00018086643841595072 -0.00012246409124363062 0.00013180937816404992 1.6197395280259558e-06 4.0431954785395772e-05
leaf_weight=54 681 85 1158 161
leaf_count=54 681 85 1158 161
internal_value=-0.000203644 -0.000392909 0.000343774 -0.00147867
internal_weight=2139 2085 1243 842
internal_count=2139 2085 1243 842
is_linear=0
shrinkage=0.04


Tree=17
num_leaves=5
num_cat=0
split_feature=15 70 72 50
split_gain=1.79159 0.955727 1.11188 1.07894
threshold=-1.2428557256473527 -1.0149486169341828 0.090678159694410565 -0.48934064769037461
decision_type=2 2 2 2
left_child=-1 3 -3 -2
right_child=1 2 -4 -5
leaf_value=0.00017363178087931267 -0.0001462638807860446 -9.4654094675431928e-05 1.0329133112342653e-05 0.0002543862889380239
leaf_weight=54 53 896 931 205
leaf_count=54 53 896 931 205
internal_value=-0.000203644 -0.000392909 -0.000715146 0.00187692
internal_weight=2139 2085 1827 258
internal_count=2139 2085 1827 258
is_linear=0
shrinkage=0.04


Tree=18
num_leaves=6
num_cat=0
split_feature=4 87 53 43 46
split_gain=1.18088 1.35278 0.897514 1.17796 0.865592
threshold=-1.3125768972553897 -0.15877742929496141 0.25000000000000006 2.212312866118876 1.792584476575964
decision_type=2 2 2 2 2
left_child=1 -1 3 -2 -4
right_child=2 -3 4 -5 -6
leaf_value=-2.297598234204284e-05 -3.1987349575116113e-06 0.00029328148908387203 -0.00011061464659111847 0.00048329684714351075 0.0001287069972737115
leaf_weight=44 1160 55 777 50 53
leaf_count=44 1160 55 777 50 53
internal_value=-0.000222327 0.004 -0.000430951 0.000264025 -0.00144231
internal_weight=2139 99 2040 1210 830
internal_count=2139 99 2040 1210 830
is_linear=0
shrinkage=0.04


Tree=19
num_leaves=7
num_cat=0
split_feature=36 105 43 46 87 47
split_gain=1.44529 1.73145 0.902727 1.01725 0.85566 0.843499
threshold=-1.082998251490553 -0.33451508184507456 2.212312866118876 4.0457853707502291 0.18838200973038158 0.51876343637084921
decision_type=2 2 2 2 2 2
left_child=1 -1 3 -2 -4 -3
right_child=2 5 4 -5 -6 -7
leaf_value=0.00050610415942641115 -3.6079139919517397e-05 -0.00026072365797268673 0.0004611541074039421 0.00030038898611373712 -5.1665563208482917e-05 0.00018268761346229445
leaf_weight=53 1819 60 40 83 44 40
leaf_count=53 1819 60 40 83 44 40
internal_value=-0.000184961 0.00353548 -0.00047485 -0.000655463 0.00353488 0.000392156
internal_weight=2139 153 1986 1902 84 100
internal_count=2139 153 1986 1902 84 100
is_linear=0
shrinkage=0.04


Tree=20
num_leaves=7
num_cat=0
split_feature=36 56 70 58 70 48
split_gain=1.66829 1.83568 0.935601 1.6188 1.05777 0.542268
threshold=-1.082998251490553 -0.23960159644119824 -0.99970096486249072 -0.2088959331929425 0.16766403332555974 -0.82586440620641721
decision_type=2 2 2 2 2 2
left_child=1 -1 3 -2 -4 -3
right_child=2 5 4 -5 -6 -7
leaf_value=0.00042066978507781903 0.00044270389364410627 0.00014564396746821634 -8.5912418204570393e-05 1.7362890672465561e-05 1.2281463534415597e-05 -7.9445228619342935e-05
leaf_weight=64 43 44 981 215 747 45
leaf_count=64 43 44 981 215 747 45
internal_value=-0.000203644 0.00379355 -0.000515091 0.00172308 -0.000850868 4.39551e-05
internal_weight=2139 153 1986 258 1728 89
internal_count=2139 153 1986 258 1728 89
is_linear=0
shrinkage=0.04


Tree=21
num_leaves=5
num_cat=0
split_feature=15 85 56 37
split_gain=1.44742 0.990377 1.05147 0.790144
threshold=-1.2428557256473527 -0.20217034630026628 1.0675869715778132 -1.0968013467747597
decision_type=2 2 2 2
left_child=-1 3 -3 -2
right_child=1 2 -4 -5
leaf_value=0.00013318175582076704 0.00011977220119426659 -2.8637819110702378e-06 0.00021345107055391533 -0.00010200980406726768
leaf_weight=54 47 1108 135 795
leaf_count=54 47 1108 135 795
internal_value=-0.000203644 -0.000373743 0.000343774 -0.00143128
internal_weight=2139 2085 1243 842
internal_count=2139 2085 1243 842
is_linear=0
shrinkage=0.04


Tree=22
num_leaves=6
num_cat=0
split_feature=9 1 70 7 72
split_gain=1.78724 1.59162 0.95057 1.13068 1.06034
threshold=-1.2633388006724544 -0.31788476393921156 -0.99970096486249072 0.26353184052823236 0.090678159694410565
decision_type=2 2 2 2 2
left_child=1 -1 3 -2 -4
right_child=2 -3 4 -5 -6
leaf_value=0.00026916413701654997 0.00022344242709873338 -0.00010427007299631612 -9.0797312930833689e-05 -0.00013813403973179483 1.3131604213935412e-05
leaf_weight=65 170 43 875 91 895
leaf_count=65 170 43 875 91 895
internal_value=-0.000166278 0.0048 -0.000434826 0.00180988 -0.000767495
internal_weight=2139 108 2031 261 1770
internal_count=2139 108 2031 261 1770
is_linear=0
shrinkage=0.04


Tree=23
num_leaves=4
num_cat=0
split_feature=15 59 43
split_gain=1.15507 0.901415 0.919426
threshold=-1.2428557256473527 1.888917666184005 2.212312866118876
decision_type=2 2 2
left_child=-1 2 -2
right_child=1 -3 -4
leaf_value=0.00011708792010727439 -2.7060128789986449e-05 0.00051709998916853617 0.00021219733559654482
leaf_weight=54 1959 42 84
leaf_count=54 1959 42 84
internal_value=-0.00024101 -0.000392909 -0.000514426
internal_weight=2139 2085 2043
internal_count=2139 2085 2043
is_linear=0
shrinkage=0.04


Tree=24
num_leaves=6
num_cat=0
split_feature=85 15 46 37 91
split_gain=1.19011 1.02643 0.88581 0.780383 0.681945
threshold=-0.20217034630026628 -1.2161060658184348 1.3149356996599859 -1.0968013467747597 -0.14547828103052046
decision_type=2 2 2 2 2
left_child=3 -2 -3 -1 -5
right_child=1 2 -4 4 -6
leaf_value=0.00011215384326923018 0.00016555029920250881 -1.7626491457456032e-06 0.00028435083451108963 -3.8080235995416264e-05 -0.00017682651180604849
leaf_weight=47 40 1078 157 576 241
leaf_count=47 40 1078 157 576 241
internal_value=-0.000259693 0.000516835 0.000307194 -0.00140416 -0.00169475
internal_weight=2139 1275 1235 864 817
internal_count=2139 1275 1235 864 817
is_linear=0
shrinkage=0.04


Tree=25
num_leaves=8
num_cat=0
split_feature=37 107 40 65 48 72 26
split_gain=1.09616 1.31116 1.73847 1.18001 1.43253 0.775477 0.712244
threshold=0.83446583498223725 0.71984317501018513 1.9313893463507321 -0.019305511910676424 -0.029249554781181377 0.66873686648053499 -1.0666108636247318
decision_type=2 2 2 2 2 2 2
left_child=3 5 -3 4 -1 -2 -5
right_child=1 2 -4 6 -6 -7 -8
leaf_value=0.00013700403450768569 -0.00031338913714002304 0.00042772682096334073 -6.8934929244314662e-05 0.00010870512780356454 -3.4871800123395211e-05 0.00040859453339798715 -0.00011805140486264462
leaf_weight=312 76 158 54 53 634 40 812
leaf_count=312 76 158 54 53 634 40 812
internal_value=-0.000278376 0.00184242 0.00370093 -0.000664094 0.000312235 -0.00155932 -0.0017301
internal_weight=2139 328 212 1811 946 116 865
internal_count=2139 328 212 1811 946 116 865
is_linear=0
shrinkage=0.04


Tree=26
num_leaves=4
num_cat=0
split_feature=15 59 104
split_gain=1.17031 0.913606 0.956523
threshold=-1.2428557256473527 1.888917666184005 0.77490414595444246
decision_type=2 2 2
left_child=-1 2 -2
right_child=1 -3 -4
leaf_value=9.7605909779954997e-05 -7.5435771447269281e-06 0.00048156055697267666 -0.00010542021029435566
leaf_weight=54 1745 42 298
leaf_count=54 1745 42 298
internal_value=-0.000278376 -0.000431242 -0.000553546
internal_weight=2139 2085 2043
internal_count=2139 2085 2043
is_linear=0
shrinkage=0.04


Tree=27
num_leaves=5
num_cat=0
split_feature=15 53 43 46
split_gain=1.16268 0.827105 1.27838 0.717125
threshold=-1.2428557256473527 0.25000000000000006 2.212312866118876 1.792584476575964
decision_type=2 2 2 2
left_child=-1 2 -2 -3
right_child=1 3 -4 -5
leaf_value=9.3701673388756868e-05 -3.9342145121714324e-06 -9.2224571585563172e-05 0.00037602769728893023 0.00011557590297849913
leaf_weight=54 1202 780 54 49
leaf_count=54 1202 780 54 49
internal_value=-0.000259693 -0.000412076 0.000235293 -0.0013911
internal_weight=2139 2085 1256 829
internal_count=2139 2085 1256 829
is_linear=0
shrinkage=0.04


Tree=28
num_leaves=7
num_cat=0
split_feature=85 43 7 83 2 102
split_gain=1.02274 0.962766 1.05716 0.741859 1.36866 0.676532
threshold=-0.20217034630026628 2.212312866118876 -0.76106692724558356 0.24307438528072167 -0.013209583130986817 -0.75377050818254998
decision_type=2 2 2 2 2 2
left_child=3 2 -2 5 -5 -1
right_child=1 -3 -4 4 -6 -7
leaf_value=3.2131580421938703e-05 0.00015258191471024225 0.0003077581675112174 -2.3530993826719233e-06 5.8800040887221627e-05 -9.6090240199921459e-05 -0.00012296037680313899
leaf_weight=42 65 53 1157 158 157 507
leaf_count=42 65 53 1157 158 157 507
internal_value=-0.000297058 0.000422865 0.000189542 -0.00135797 0.000189274 -0.0022432
internal_weight=2139 1275 1222 864 315 549
internal_count=2139 1275 1222 864 315 549
is_linear=0
shrinkage=0.04


Tree=29
num_leaves=7
num_cat=0
split_feature=56 72 70 76 25 70
split_gain=1.1817 1.43334 1.17892 1.48398 1.16148 0.710823
threshold=-1.1591164406933918 0.20135945071346739 -1.0434085330596408 0.080682180772162701 0.32323580178556327 -0.15223181677943912
decision_type=2 2 2 2 2 2
left_child=1 4 3 -2 -1 -4
right_child=2 -3 5 -5 -6 -7
leaf_value=-0.00021009570656876418 -0.00013400460979512486 0.00034864787065045196 -7.8747213344852496e-05 0.00033858704881107259 0.00021684044637909766 -4.6298702160801089e-06
leaf_weight=75 120 60 603 90 54 1137
leaf_count=75 120 60 603 90 54 1137
internal_value=-0.000259693 0.00274345 -0.00055328 0.00226415 0.000335877 -0.000895523
internal_weight=2139 189 1950 210 129 1740
internal_count=2139 189 1950 210 129 1740
is_linear=0
shrinkage=0.04


Tree=30
num_leaves=6
num_cat=0
split_feature=36 105 70 58 70
split_gain=1.00102 1.62064 0.938151 1.55945 0.948646
threshold=-1.2206846781249283 -0.2679992860935741 -0.99970096486249072 -0.2088959331929425 0.11971106704957836
decision_type=2 2 2 2 2
left_child=1 -1 3 -2 -4
right_child=2 -3 4 -5 -6
leaf_value=0.0004253209354984075 0.00038820797498182651 -6.8290256139767694e-06 -6.6732818704251715e-05 5.7350882501297865e-06 3.1217091377596845e-06
leaf_weight=40 44 68 911 217 859
leaf_count=40 44 68 911 217 859
internal_value=-0.00037179 0.00334545 -0.000572554 0.00165779 -0.000902935
internal_weight=2139 108 2031 261 1770
internal_count=2139 108 2031 261 1770
is_linear=0
shrinkage=0.04


Tree=31
num_leaves=6
num_cat=0
split_feature=4 41 95 59 65
split_gain=0.979198 1.10883 0.838158 1.25617 0.804769
threshold=-1.3125768972553897 -0.71989341462768086 1.5928050381474497 0.58441868464519275 -0.019305511910676424
decision_type=2 2 2 2 2
left_child=1 -1 4 -4 -2
right_child=2 -3 3 -5 -6
leaf_value=-7.1211794319929066e-07 2.8537379279803182e-06 0.00030089204577737623 0.00034917184795597785 -1.2999597302465327e-05 -6.4357341717196512e-05
leaf_weight=59 968 40 41 83 948
leaf_count=59 968 40 41 83 948
internal_value=-0.00024101 0.00360396 -0.000430951 0.00273016 -0.000638166
internal_weight=2139 99 2040 124 1916
internal_count=2139 99 2040 124 1916
is_linear=0
shrinkage=0.04


Tree=32
num_leaves=6
num_cat=0
split_feature=36 105 70 58 37
split_gain=0.941686 1.62064 0.841645 1.55945 0.864031
threshold=-1.2206846781249283 -0.2679992860935741 -0.99970096486249072 -0.2088959331929425 0.90740062346126216
decision_type=2 2 2 2 2
left_child=1 -1 3 -2 -4
right_child=2 -3 4 -5 -6
leaf_value=0.00040859116132411946 0.0003684096749432868 -4.7880995819407716e-06 -4.439586380926189e-05 5.3915352030054302e-06 0.00013366944164906408
leaf_weight=40 44 68 1566 217 204
leaf_count=40 44 68 1566 217 204
internal_value=-0.000259693 0.00334545 -0.000454502 0.00165779 -0.000767495
internal_weight=2139 108 2031 261 1770
internal_count=2139 108 2031 261 1770
is_linear=0
shrinkage=0.04


Tree=33
num_leaves=5
num_cat=0
split_feature=91 70 58 72
split_gain=0.877819 0.797987 0.974462 0.807802
threshold=1.1901033533910599 -1.0149486169341828 -0.22109197688735041 0.090678159694410565
decision_type=2 2 2 2
left_child=1 2 -1 -3
right_child=-2 3 -4 -5
leaf_value=0.00036858031013406234 0.00040450854900507484 -7.0330606024430019e-05 7.8385597466880809e-05 2.6757894102457439e-06
leaf_weight=42 48 912 219 918
leaf_count=42 48 912 219 918
internal_value=-0.000278376 -0.00040325 0.00165779 -0.000698691
internal_weight=2139 2091 261 1830
internal_count=2139 2091 261 1830
is_linear=0
shrinkage=0.04


Tree=34
num_leaves=7
num_cat=0
split_feature=4 46 109 60 81 7
split_gain=0.898992 1.36072 1.55088 0.685121 1.41357 0.416498
threshold=0.37019333941719762 3.8110196455723631 0.72624595803232739 -0.13304886805363278 -0.61994415569467265 0.59329975457400497
decision_type=2 2 2 2 2 2
left_child=1 2 -1 4 -2 -5
right_child=3 -3 -4 5 -6 -7
leaf_value=1.2956919289681124e-05 0.0001930346876675656 0.00037601546281237138 -0.0001027920544513726 -0.00013619894799363853 -0.00010501582398114767 -5.0728368873429536e-05
leaf_weight=1160 50 52 272 357 146 102
leaf_count=1160 50 52 272 357 146 102
internal_value=-0.000259693 0.000285329 5.02083e-05 -0.00149163 0.000484848 -0.00233406
internal_weight=2139 1484 1432 655 196 459
internal_count=2139 1484 1432 655 196 459
is_linear=0
shrinkage=0.04


Tree=35
num_leaves=5
num_cat=0
split_feature=9 42 101 43
split_gain=0.93197 0.995806 0.840649 0.770764
threshold=-1.2633388006724544 -0.44950340754615709 1.6454453509328399 2.212312866118876
decision_type=2 2 2 2
left_child=1 -1 3 -2
right_child=2 -3 -4 -5
leaf_value=-4.8522562714129434e-06 -2.267906795478982e-05 0.00022679899804117987 0.0002364106544498739 0.00016516973265192904
leaf_weight=61 1891 47 57 83
leaf_count=61 1891 47 57 83
internal_value=-0.00024101 0.00334545 -0.000434826 -0.0005749
internal_weight=2139 108 2031 1974
internal_count=2139 108 2031 1974
is_linear=0
shrinkage=0.04


Tree=36
num_leaves=8
num_cat=0
split_feature=37 70 70 65 18 37 85
split_gain=0.896051 1.0463 1.99822 0.94456 1.57762 0.710788 0.695926
threshold=1.0069509453748695 0.39224363221903047 0.69906431331993046 -0.019305511910676424 0.14243740768959037 1.7538057042265469 0.42407989468729007
decision_type=2 2 2 2 2 2 2
left_child=3 5 -3 4 -1 -2 -5
right_child=1 2 -4 6 -6 -7 -8
leaf_value=0.00011018753856359096 0.00024102062014638522 0.00045436183072724678 8.4957936775589601e-05 -9.4663544100872401e-05 -4.6444651237116294e-05 -9.3106235856254502e-05 8.5759260260828246e-05
leaf_weight=399 81 43 83 804 573 57 99
leaf_count=399 81 43 83 804 573 57 99
internal_value=-0.000278376 0.00189474 0.0045 -0.000586043 0.00027926 -0.000514287 -0.00151602
internal_weight=2139 264 126 1875 972 138 903
internal_count=2139 264 126 1875 972 138 903
is_linear=0
shrinkage=0.04


Tree=37
num_leaves=7
num_cat=0
split_feature=56 98 70 76 56 28
split_gain=0.952809 1.555 0.794423 1.19304 0.842499 0.63263
threshold=-1.2764775529922041 -0.20299231652057667 -1.0434085330596408 0.080682180772162701 0.89243943107147172 0.25979229250917496
decision_type=2 2 2 2 2 2
left_child=1 5 3 -2 -4 -1
right_child=2 -3 4 -5 -6 -7
leaf_value=6.6144654623284476e-05 -0.00016942478264763544 0.00037604436958494389 -4.7399867232528606e-05 0.00031214755190230763 0.00013789943866138079 -0.00041474579778762492
leaf_weight=40 126 66 1539 96 225 47
leaf_count=40 126 66 1539 96 225 47
internal_value=-0.000259693 0.00276129 -0.000494971 0.00175 -0.000779163 -0.000764046
internal_weight=2139 153 1986 222 1764 87
internal_count=2139 153 1986 222 1764 87
is_linear=0
shrinkage=0.04


Tree=38
num_leaves=4
num_cat=0
split_feature=91 59 70
split_gain=0.884074 0.910719 0.794639
threshold=1.1901033533910599 1.888917666184005 -0.99970096486249072
decision_type=2 2 2
left_child=1 2 -1
right_child=-2 -3 -4
leaf_value=0.00011029203844137242 0.00034483603796091127 0.00040837444460303297 -2.2780746557251466e-05
leaf_weight=270 48 42 1779
leaf_count=270 48 42 1779
internal_value=-0.000297058 -0.000422361 -0.000544126
internal_weight=2139 2091 2049
internal_count=2139 2091 2049
is_linear=0
shrinkage=0.04


Tree=39
num_leaves=7
num_cat=0
split_feature=4 106 43 77 44 56
split_gain=0.793282 1.05537 1.27137 1.16056 0.856667 0.487009
threshold=0.37019333941719762 -0.70808391471961196 -0.13424157755220278 0.58771675900882892 -2.5505211403811687 -1.0932311599608302
decision_type=2 2 2 2 2 2
left_child=1 2 -1 -3 -2 -6
right_child=4 3 -4 -5 5 -7
leaf_value=-1.1142027951699743e-05 0.0002800300591582045 -2.2928267841047272e-05 0.00019904114177498274 0.00020769518171120255 8.1668832325032211e-05 -9.888263424070403e-05
leaf_weight=94 46 1045 110 235 46 563
leaf_count=94 46 1045 110 235 46 563
internal_value=-0.000334424 0.000177657 0.00283495 -0.000249611 -0.00149163 -0.00189198
internal_weight=2139 1484 204 1280 655 609
internal_count=2139 1484 204 1280 655 609
is_linear=0
shrinkage=0.04


Tree=40
num_leaves=8
num_cat=0
split_feature=53 106 43 2 85 89 37
split_gain=0.809087 1.0085 0.963554 0.805899 0.633941 1.06315 0.666315
threshold=0.25000000000000006 -0.47859959069330538 2.212312866118876 0.90425505887204471 -0.15049162784516301 0.15688045935611258 -1.0291632438691309
decision_type=2 2 2 2 2 2 2
left_child=1 3 -3 -1 6 -6 -2
right_child=4 2 -4 -5 5 -7 -8
leaf_value=0.00021620867147188722 2.3657105581938446e-05 -3.0815076060595948e-05 0.00028658480473518793 -0.00010285349636119183 0.00015681985106183178 -3.8545356697358246e-05 -0.00013902782885883306
leaf_weight=211 56 967 47 56 129 282 391
leaf_count=211 56 967 47 56 129 282 391
internal_value=-0.000390473 0.000246297 -0.00033071 0.00242379 -0.00133954 -0.000203391 -0.00237862
internal_weight=2139 1281 1014 267 858 411 447
internal_count=2139 1281 1014 267 858 411 447
is_linear=0
shrinkage=0.04


Tree=41
num_leaves=7
num_cat=0
split_feature=56 106 98 53 86 94
split_gain=1.03692 1.35508 1.63303 0.781117 1.08536 0.546107
threshold=-1.2764775529922041 0.85263423710514841 -0.22116456333692447 0.25000000000000006 -1.8975227897857077 -0.6787947328294851
decision_type=2 2 2 2 2 2
left_child=1 2 -1 4 -2 -5
right_child=3 -3 -4 5 -6 -7
leaf_value=-5.0799662277679996e-05 0.00016004613227111095 -0.00013950165039389276 0.00040557719314978177 1.6486646052616447e-06 -8.3288379626937209e-06 -8.6582892042111489e-05
leaf_weight=51 42 45 57 186 1143 615
leaf_count=51 42 45 57 186 1143 615
internal_value=-0.000390473 0.00276129 0.00516364 -0.000635816 1.68482e-05 -0.001599
internal_weight=2139 153 108 1986 1185 801
internal_count=2139 153 108 1986 1185 801
is_linear=0
shrinkage=0.04


Tree=42
num_leaves=6
num_cat=0
split_feature=36 81 43 67 46
split_gain=0.823783 1.75398 0.6962 1.11169 0.645601
threshold=-1.2206846781249283 0.41637520159805819 2.212312866118876 -0.039105044477035257 4.0457853707502291
decision_type=2 2 2 2 2
left_child=1 -1 4 -4 -2
right_child=2 -3 3 -5 -6
leaf_value=0.00034639295930425344 -2.9181846864768751e-05 -3.6166256574356663e-05 -3.7183483101141949e-05 0.00045028167986972667 0.00021287087682785413
leaf_weight=51 1862 57 46 40 83
leaf_count=51 1862 57 46 40 83
internal_value=-0.000390473 0.00298182 -0.000572554 0.00290909 -0.000729328
internal_weight=2139 108 2031 86 1945
internal_count=2139 108 2031 86 1945
is_linear=0
shrinkage=0.04


Tree=43
num_leaves=6
num_cat=0
split_feature=4 46 109 44 10
split_gain=0.878941 1.36739 1.49524 0.876799 0.394867
threshold=0.37019333941719762 4.0457853707502291 0.72624595803232739 -2.5505211403811687 -0.77797133104135263
decision_type=2 2 2 2 2
left_child=1 2 -1 -2 -5
right_child=3 -3 -4 4 -6
leaf_value=1.1380136409801399e-05 0.00027156188722739867 0.00035840303722477532 -8.110717436510083e-05 0.00012455941889125537 -8.5736142160641759e-05
leaf_weight=1163 46 47 274 41 568
leaf_count=1163 46 47 274 41 568
internal_value=-0.000334424 0.000204575 -1.94589e-05 -0.00155251 -0.00195745
internal_weight=2139 1484 1437 655 609
internal_count=2139 1484 1437 655 609
is_linear=0
shrinkage=0.04


Tree=44
num_leaves=6
num_cat=0
split_feature=22 46 60 44 10
split_gain=0.940901 1.36739 1.02451 0.635151 0.394867
threshold=0.37448259044363991 4.0457853707502291 0.14651690216731764 -2.5505211403811687 -0.77797133104135263
decision_type=2 2 2 2 2
left_child=1 2 -1 -2 -5
right_child=3 -3 -4 4 -6
leaf_value=-2.3283074571317031e-05 0.00026069941173830272 0.00034406691573578432 6.6765958920589284e-05 0.00011957704213560518 -8.2306696474216076e-05
leaf_weight=919 46 47 518 41 568
leaf_count=919 46 47 518 41 568
internal_value=-0.000353107 0.000204575 -1.94589e-05 -0.0016134 -0.00195745
internal_weight=2139 1484 1437 655 609
internal_count=2139 1484 1437 655 609
is_linear=0
shrinkage=0.04


Tree=45
num_leaves=7
num_cat=0
split_feature=22 46 109 78 26 11
split_gain=0.731004 1.12865 1.13652 0.587858 0.768337 0.362745
threshold=0.37448259044363991 4.0457853707502291 0.72624595803232739 0.77956238687714474 0.75531329151099136 0.39159460541381524
decision_type=2 2 2 2 2 2
left_child=1 2 -1 5 -5 -2
right_child=3 -3 -4 4 -6 -7
leaf_value=1.0739348269107133e-05 -0.00010600068459884443 0.000330304239106353 -7.7514603249534178e-05 0.00022103909910408144 -8.5710358429714394e-05 -7.2929531635015327e-05
leaf_weight=1163 270 47 274 58 77 250
leaf_count=1163 270 47 274 58 77 250
internal_value=-0.00050257 -1.07681e-05 -0.000214038 -0.0016134 0.000729926 -0.00222222
internal_weight=2139 1484 1437 655 135 520
internal_count=2139 1484 1437 655 135 520
is_linear=0
shrinkage=0.04


Tree=46
num_leaves=7
num_cat=0
split_feature=62 36 56 85 105 70
split_gain=0.704155 1.43883 0.968384 1.09255 0.856692 0.648444
threshold=0.17056688665852809 -1.1209424358062294 1.0675869715778132 0.31329468008002531 0.60320621973648481 -1.0712626606471478
decision_type=2 2 2 2 2 2
left_child=2 -2 5 -4 -3 -1
right_child=1 4 3 -5 -6 -7
leaf_value=5.8271972197991401e-05 0.00021554251744983986 2.0019887899694079e-05 -3.2410243957871609e-06 0.00026912663999480011 -9.6366307868293961e-05 -6.4688542940909979e-05
leaf_weight=123 56 613 144 42 195 966
leaf_count=123 56 613 144 42 195 966
internal_value=-0.000483887 0.000397228 -0.00108066 0.00157447 -3.95071e-05 -0.00153621
internal_weight=2139 864 1275 186 808 1089
internal_count=2139 864 1275 186 808 1089
is_linear=0
shrinkage=0.04


Tree=47
num_leaves=6
num_cat=0
split_feature=36 56 82 99 1
split_gain=0.832912 1.53404 0.64985 1.14669 1.03585
threshold=-1.2206846781249283 -0.20676452087610184 -0.39028961494318209 -1.1356628725550995 -0.080579482180329218
decision_type=2 2 2 2 2
left_child=1 -1 4 -4 -2
right_child=2 -3 3 -5 -6
leaf_value=0.00030928654929107078 7.1333844030208697e-05 -4.4445683161377978e-05 0.00013233801616690873 -3.7414118312661518e-05 -1.869413881677266e-05
leaf_weight=48 280 60 79 1251 421
leaf_count=48 280 60 79 1251 421
internal_value=-0.000409156 0.00298182 -0.000592229 -0.00111111 0.000392602
internal_weight=2139 108 2031 1330 701
internal_count=2139 108 2031 1330 701
is_linear=0
shrinkage=0.04


Tree=48
num_leaves=7
num_cat=0
split_feature=48 65 34 37 40 0
split_gain=0.703927 0.863676 1.15845 1.13815 0.126724 0.00297023
threshold=1.0367643887304807 -0.53595013103061018 0.1782775974161491 0.83446583498223725 -0.5735228481949366 0.06855475466603507
decision_type=2 2 2 2 2 2
left_child=1 2 -1 -3 -2 -6
right_child=4 3 -4 -5 5 -7
leaf_value=0.00020351350468521257 -1.8835191685293684e-05 -2.8949465107478315e-05 -1.5648811172532953e-05 0.00019850943562296818 -9.6035675955700238e-05 -0.00022652185690421055
leaf_weight=137 40 1329 241 272 40 80
leaf_count=137 40 1329 241 272 40 80
internal_value=-0.000427838 -0.000220092 0.00149474 -0.000626327 -0.00296296 -0.00360656
internal_weight=2139 1979 378 1601 160 120
internal_count=2139 1979 378 1601 160 120
is_linear=0
shrinkage=0.04


Tree=49
num_leaves=4
num_cat=0
split_feature=101 90 65
split_gain=0.830293 0.819008 1.04746
threshold=1.6454453509328399 1.6721810247650331 -0.019305511910676424
decision_type=2 2 2
left_child=1 2 -1
right_child=-2 -3 -4
leaf_value=2.5656108326111287e-06 0.00021510854580029554 0.00041995246911587323 -5.3451092635921978e-05
leaf_weight=1029 57 45 1008
leaf_count=1029 57 45 1008
internal_value=-0.000409156 -0.000541268 -0.000661109
internal_weight=2139 2082 2037
internal_count=2139 2082 2037
is_linear=0
shrinkage=0.04


Tree=50
num_leaves=7
num_cat=0
split_feature=106 74 102 29 93 48
split_gain=0.768061 1.05175 1.00524 1.50656 0.897786 0.627207
threshold=-0.45915722583754542 -1.7061892356976609 0.095789416555005016 0.76742772053195163 0.72692650787113988 -0.092574152443727367
decision_type=2 2 2 2 2 2
left_child=2 -2 3 -1 -4 -3
right_child=1 5 4 -5 -6 -7
leaf_value=0.00031887092065628148 0.00023871359365644124 -6.0555620386085371e-06 -6.2151728035277919e-05 -0.00021503516753703205 0.00024560847191713929 -8.1463178824927945e-05
leaf_weight=121 78 744 342 59 57 738
leaf_count=121 78 744 342 59 57 738
internal_value=-0.000409156 -0.00087068 0.000833046 0.0032967 -0.000289278 -0.00111051
internal_weight=2139 1560 579 180 399 1482
internal_count=2139 1560 579 180 399 1482
is_linear=0
shrinkage=0.04


Tree=51
num_leaves=6
num_cat=0
split_feature=36 81 102 109 79
split_gain=0.663793 1.50153 0.596049 0.836235 0.774681
threshold=-1.2206846781249283 0.41637520159805819 -0.75377050818254998 0.67172777812005979 0.40702584703303407
decision_type=2 2 2 2 2
left_child=1 -1 3 -2 -4
right_child=2 -3 4 -5 -6
leaf_value=0.00030928624681083667 0.00022286560679696189 -4.7427570550380031e-05 -4.905807401907693e-06 -7.6139289091825644e-05 -7.0929901618428014e-05
leaf_weight=51 98 57 1363 88 482
leaf_count=51 98 57 1363 88 482
internal_value=-0.000409156 0.00261818 -0.000572554 0.00157447 -0.000790472
internal_weight=2139 108 2031 186 1845
internal_count=2139 108 2031 186 1845
is_linear=0
shrinkage=0.04


Tree=52
num_leaves=7
num_cat=0
split_feature=50 4 62 13 99 99
split_gain=0.664696 0.915098 1.2466 0.622414 0.568486 0.2557
threshold=-0.72605412380214995 0.37019333941719762 -0.41461465231295985 1.7911878364210883 -0.84745504372480895 0.44299536881376395
decision_type=2 2 2 2 2 2
left_child=4 2 -2 -3 -1 -6
right_child=1 3 -4 -5 5 -7
leaf_value=4.6569504466026678e-05 -4.7775156456036707e-05 -6.7887629950906376e-05 6.7625403499333206e-05 0.00013177456171965473 -6.1846064260696526e-05 -2.5736638345251335e-05
leaf_weight=44 335 546 845 44 224 101
leaf_count=44 335 546 845 44 224 101
internal_value=-0.000390473 -6.7721e-05 0.000575295 -0.00135135 -0.00192992 -0.00250765
internal_weight=2139 1770 1180 590 369 325
internal_count=2139 1770 1180 590 369 325
is_linear=0
shrinkage=0.04


Tree=53
num_leaves=7
num_cat=0
split_feature=26 107 75 84 94 28
split_gain=0.741142 0.852832 1.17076 0.969281 0.363014 0.066571
threshold=0.87324575338371913 0.71984317501018513 -0.90120697229236524 0.22190885643131383 0.89560023691345803 1.0306531750165318
decision_type=2 2 2 2 2 2
left_child=1 3 -3 -1 5 -2
right_child=4 2 -4 -5 -6 -7
leaf_value=1.7552537179275577e-06 -0.00018977583199552165 0.00030898917622068769 2.3751633869891664e-05 -7.8448832862472936e-05 3.8680193317978523e-05 -0.00021797774114480945
leaf_weight=1026 125 54 362 489 43 40
leaf_count=1026 125 54 362 489 43 40
internal_value=-0.00037179 -0.00012623 0.00147368 -0.000566909 -0.00262857 -0.00347305
internal_weight=2139 1931 416 1515 208 165
internal_count=2139 1931 416 1515 208 165
is_linear=0
shrinkage=0.04


Tree=54
num_leaves=6
num_cat=0
split_feature=26 46 101 94 10
split_gain=0.728914 0.824139 0.831893 0.363014 0.066571
threshold=0.87324575338371913 4.0457853707502291 1.5842378320126913 0.89560023691345803 -0.040977458563725637
decision_type=2 2 2 2 2
left_child=1 2 -1 4 -2
right_child=3 -3 -4 -5 -6
leaf_value=-7.5194794921619793e-06 -3.8032639310876012e-05 0.00029150686733536891 0.00018354000626572269 3.7132985585259371e-05 -0.00021184140421440936
leaf_weight=1820 40 68 43 43 125
leaf_count=1820 40 68 43 43 125
internal_value=-0.000390473 -0.000146923 -0.000306703 -0.00262857 -0.00347305
internal_weight=2139 1931 1863 208 165
internal_count=2139 1931 1863 208 165
is_linear=0
shrinkage=0.04


Tree=55
num_leaves=7
num_cat=0
split_feature=50 4 77 99 105 105
split_gain=0.680931 0.94753 1.21097 0.568486 0.471648 0.376641
threshold=-0.72605412380214995 0.37019333941719762 0.58771675900882892 -0.84745504372480895 -1.4628964194175691 -0.33451508184507456
decision_type=2 2 2 2 2 2
left_child=3 2 -2 -1 -3 -5
right_child=1 4 -4 5 -6 -7
leaf_value=4.5283847904101057e-05 -9.4982749059030613e-07 8.3550798900693007e-05 0.00022003682981147337 -2.5548650879832243e-05 -6.592519759146915e-05 -6.937084058576024e-05
leaf_weight=44 954 41 226 103 549 222
leaf_count=44 954 41 226 103 549 222
internal_value=-0.00037179 -4.51477e-05 0.000609136 -0.00192992 -0.00135135 -0.00250765
internal_weight=2139 1770 1180 369 590 325
internal_count=2139 1770 1180 369 590 325
is_linear=0
shrinkage=0.04


Tree=56
num_leaves=8
num_cat=0
split_feature=92 92 56 56 109 32 87
split_gain=0.812745 1.07944 1.1448 0.855348 0.687742 1.00265 0.501693
threshold=-0.73841100142677962 -0.90844646336019053 0.75813417034052166 -0.36087516533290515 0.72624595803232739 -0.051835136545755195 -0.48519560055810934
decision_type=2 2 2 2 2 2 2
left_child=1 2 -1 -3 5 -2 -6
right_child=4 3 -4 -5 6 -7 -8
leaf_value=-2.5922394616308546e-05 4.4266060364172827e-05 0.00032533733108919494 9.9684463618377199e-05 6.0312069155345568e-05 5.4375674504492089e-05 -5.1651223419184151e-05 -0.00013098843399675134
leaf_weight=225 626 42 51 75 42 796 282
leaf_count=225 626 42 51 75 42 796 282
internal_value=-0.000353107 0.00128608 -8.63319e-05 0.00447059 -0.000723113 -0.000342698 -0.00238037
internal_weight=2139 393 276 117 1746 1422 324
internal_count=2139 393 276 117 1746 1422 324
is_linear=0
shrinkage=0.04


Tree=57
num_leaves=5
num_cat=0
split_feature=36 11 40 48
split_gain=0.671988 1.14181 0.704773 0.622273
threshold=-1.2206846781249283 -0.44747636900117621 -0.91134200179108649 1.0367643887304807
decision_type=2 2 2 2
left_child=1 -1 -2 -4
right_child=2 -3 3 -5
leaf_value=-7.1151130452524566e-05 6.4492144573630511e-05 0.00036379317784959427 -9.3152920730825145e-06 -0.00015556160543067543
leaf_weight=52 63 56 1816 152
leaf_count=52 63 56 1816 152
internal_value=-0.000427838 0.00261818 -0.000592229 -0.000726905
internal_weight=2139 108 2031 1968
internal_count=2139 108 2031 1968
is_linear=0
shrinkage=0.04


Tree=58
num_leaves=8
num_cat=0
split_feature=106 84 51 40 99 56 80
split_gain=0.685236 1.14223 0.960783 0.60811 0.581772 1.08015 1.05593
threshold=-0.45915722583754542 -0.70231280829372433 0.079630237128928291 -0.40909567332951874 0.44299536881376395 1.0675869715778132 0.69579299696478569
decision_type=2 2 2 2 2 2 2
left_child=1 3 -3 -1 5 -2 -6
right_child=4 2 -4 -5 6 -7 -8
leaf_value=8.0491987761309919e-05 -5.5768274533382686e-05 0.00022507129432945323 -7.2715155975314889e-06 -0.0001039473668245253 -2.5757644331942213e-05 9.7295652720795676e-05 0.00043821159421897414
leaf_weight=83 1077 157 146 193 303 102 78
leaf_count=83 1077 157 146 193 303 102 78
internal_value=-0.000409156 0.000764199 0.00245246 -0.00109353 -0.000845071 -0.00128366 0.000511748
internal_weight=2139 579 303 276 1560 1179 381
internal_count=2139 579 303 276 1560 1179 381
is_linear=0
shrinkage=0.04


Tree=59
num_leaves=7
num_cat=0
split_feature=26 40 29 82 13 0
split_gain=0.690096 0.732025 2.39642 0.852428 0.258525 0.00425909
threshold=0.92760625514568307 1.2223091754090201 -0.11741493522494563 -0.33433350763814457 1.4015038444977745 -0.081456387547846884
decision_type=2 2 2 2 2 2
left_child=1 3 -3 -1 5 -2
right_child=4 2 -4 -5 -6 -7
leaf_value=1.8089554598856469e-05 -0.00021720512157671871 -4.5701337488234382e-05 0.00029546907856147208 -3.2364718434693366e-05 5.5294598732960522e-06 -0.00022736614121048664
leaf_weight=663 40 117 80 1103 40 96
leaf_count=663 40 117 80 1103 40 96
internal_value=-0.000446521 -0.000230026 0.00207035 -0.000488689 -0.00283146 -0.00365217
internal_weight=2139 1963 197 1766 176 136
internal_count=2139 1963 197 1766 176 136
is_linear=0
shrinkage=0.04


Tree=60
num_leaves=5
num_cat=0
split_feature=101 22 10 62
split_gain=0.804075 0.739776 0.98 0.705946
threshold=1.6454453509328399 -1.2981671749446184 1.097960281908698 -0.52380360245065083
decision_type=2 2 2 2
left_child=1 2 -1 -3
right_child=-2 3 -4 -5
leaf_value=0.00017620556040339686 0.00016510169953071001 -8.2879319341956176e-05 -0.00013609713244493483 -3.4366653962975312e-06
leaf_weight=46 57 419 44 1573
leaf_count=46 57 419 44 1573
internal_value=-0.000334424 -0.000464492 0.00304348 -0.000625879
internal_weight=2139 2082 90 1992
internal_count=2139 2082 90 1992
is_linear=0
shrinkage=0.04


Tree=61
num_leaves=8
num_cat=0
split_feature=85 106 48 71 29 24 99
split_gain=0.611231 0.919232 0.939045 0.784563 0.710156 0.69809 0.692705
threshold=-0.20217034630026628 -0.4472763043273808 0.74893486471131687 -0.85148287903649156 -0.69613071976151342 0.099617185426961671 0.44602728975761413
decision_type=2 2 2 2 2 2 2
left_child=3 2 -2 5 -5 -1 -3
right_child=1 6 -4 4 -6 -7 -8
leaf_value=-3.1441679242348476e-05 0.00021165722453572958 -2.6557123353299936e-05 -0.00013319117692354638 9.6786962916615822e-06 -0.0001002613754005327 0.00032707203954270318 0.00015480942243788949
leaf_weight=46 232 717 92 135 633 50 234
leaf_count=46 232 717 92 135 633 50 234
internal_value=-0.000353107 0.000203601 0.00203681 -0.00117321 -0.0016 0.00220408 -0.000423925
internal_weight=2139 1275 324 864 768 96 951
internal_count=2139 1275 324 864 768 96 951
is_linear=0
shrinkage=0.04


Tree=62
num_leaves=6
num_cat=0
split_feature=63 63 62 86 3
split_gain=0.617181 1.08756 1.20776 0.66006 0.000281484
threshold=1.7251389015057177 1.1813681000959568 0.30206736397578648 -1.3053370141958547 -0.53212047040899524
decision_type=2 2 2 2 2
left_child=1 3 -3 -1 -2
right_child=4 2 -4 -5 -6
leaf_value=4.8085996119615929e-05 -0.0003582141545517196 -1.8985680725207873e-05 0.00037400353309092278 -2.2791080433419771e-05 -0.0001681230357751411
leaf_weight=144 56 57 75 1767 40
leaf_count=144 56 57 75 1767 40
internal_value=-0.000409156 -0.000260148 0.00322388 -0.000503921 -0.00351021
internal_weight=2139 2043 132 1911 96
internal_count=2139 2043 132 1911 96
is_linear=0
shrinkage=0.04


Tree=63
num_leaves=7
num_cat=0
split_feature=106 97 81 74 81 74
split_gain=0.722955 1.08267 0.735573 0.643075 0.731739 0.624307
threshold=-0.60636628885865351 0.15373358300226214 -0.83809414252819758 -1.7061892356976609 -0.35195049991683258 -0.90467960283259352
decision_type=2 2 2 2 2 2
left_child=1 2 -1 4 -2 -5
right_child=3 -3 -4 5 -6 -7
leaf_value=-0.00011023978011832379 0.00023448638657310356 0.00040086287767530747 8.9606700706780063e-06 -0.00019094729211998344 -8.7144796341495084e-05 -1.708125522719475e-05
leaf_weight=108 42 48 282 171 51 1437
leaf_count=108 42 48 282 171 51 1437
internal_value=-0.000427838 0.00101818 0.000306122 -0.00080094 0.0024 -0.000988821
internal_weight=2139 438 390 1701 93 1608
internal_count=2139 438 390 1701 93 1608
is_linear=0
shrinkage=0.04


Tree=64
num_leaves=6
num_cat=0
split_feature=36 81 65 99 57
split_gain=0.647552 1.29843 0.612016 1.00105 0.988116
threshold=-1.2206846781249283 0.53581344157812993 -0.019305511910676424 -1.1356628725550995 -0.073508901585686584
decision_type=2 2 2 2 2
left_child=1 -1 4 -4 -2
right_child=2 -3 3 -5 -6
leaf_value=0.00029193146147579887 8.5469811181946814e-05 -9.8442447795090522e-05 0.00010291957566569372 -4.8712653861358697e-05 -2.3072847807374277e-05
leaf_weight=60 363 48 70 953 645
leaf_count=60 363 48 70 953 645
internal_value=-0.00037179 0.00261818 -0.000533203 -0.00122146 0.000166336
internal_weight=2139 108 2031 1023 1008
internal_count=2139 108 2031 1023 1008
is_linear=0
shrinkage=0.04


Tree=65
num_leaves=5
num_cat=0
split_feature=101 106 81 48
split_gain=0.810591 0.577555 1.09161 0.589248
threshold=1.6454453509328399 -0.45915722583754542 -0.83809414252819758 -0.079645663670594544
decision_type=2 2 2 2
left_child=1 2 -1 -3
right_child=-2 3 -4 -5
leaf_value=-0.00011052643301966821 0.00015782827390867086 -3.7367111868357956e-06 6.1554945942046251e-05 -6.2202168709474273e-05
leaf_weight=147 57 785 417 733
leaf_count=147 57 785 417 733
internal_value=-0.000353107 -0.000483686 0.000607773 -0.000889475
internal_weight=2139 2082 564 1518
internal_count=2139 2082 564 1518
is_linear=0
shrinkage=0.04


Tree=66
num_leaves=8
num_cat=0
split_feature=56 77 51 1 65 65 38
split_gain=0.646471 1.34386 1.72266 0.897497 0.74024 0.906419 0.73798
threshold=1.0675869715778132 0.50838001968426982 1.1764509830206669 0.59921376468239596 -0.019305511910676424 -0.116911827901565 -0.8950272982774744
decision_type=2 2 2 2 2 2 2
left_child=4 3 -3 -2 5 -1 -6
right_child=1 2 -4 -5 6 -7 -8
leaf_value=-1.3578783002566417e-06 -0.00017143579728087722 0.00032284357337612242 -2.7967619642361234e-05 0.00012438783929539547 8.4564530994473894e-05 9.0971975480642314e-05 -5.8131837444786527e-05
leaf_weight=894 66 40 41 42 64 75 917
leaf_count=894 66 40 41 42 64 75 917
internal_value=-0.000315741 0.00190576 0.00573494 -0.00101818 -0.000532788 0.000251286 -0.00130621
internal_weight=2139 189 81 108 1950 969 981
internal_count=2139 189 81 108 1950 969 981
is_linear=0
shrinkage=0.04


Tree=67
num_leaves=5
num_cat=0
split_feature=86 109 57 46
split_gain=0.784458 0.705262 0.93007 0.684025
threshold=-1.8579205287096958 0.8286288817232631 -0.081204104305007782 1.5284861764594004
decision_type=2 2 2 2
left_child=-1 2 -2 -3
right_child=1 3 -4 -5
leaf_value=4.4357236217113783e-05 3.6384841055778627e-05 -0.0001371089690377102 -3.3327084727476142e-05 6.8956921836943458e-05
leaf_weight=72 699 246 1077 45
leaf_count=72 699 246 1077 45
internal_value=-0.00037179 -0.000516192 -0.000215974 -0.00233447
internal_weight=2139 2067 1776 291
internal_count=2139 2067 1776 291
is_linear=0
shrinkage=0.04


Tree=68
num_leaves=7
num_cat=0
split_feature=95 90 59 43 49 109
split_gain=0.567822 0.996445 1.16281 0.646875 0.779622 0.45749
threshold=0.87846201903135768 0.69747266863022295 0.56188098775047257 0.14210294267976867 0.71361801907079891 0.6749456125562453
decision_type=2 2 2 2 2 2
left_child=3 2 -2 5 -5 -1
right_child=1 -3 -4 4 -6 -7
leaf_value=-3.1573450501987119e-05 0.00012689925778410947 0.00038545363026904741 -0.0001088083720731532 3.3750151729278718e-05 -3.8163415563042664e-05 -0.00012492579780830845
leaf_weight=870 54 66 132 562 253 202
leaf_count=870 54 66 132 562 253 202
internal_value=-0.000390473 0.00138583 -0.000127661 -0.000628905 0.000220317 -0.00127374
internal_weight=2139 252 186 1887 815 1072
internal_count=2139 252 186 1887 815 1072
is_linear=0
shrinkage=0.04


Tree=69
num_leaves=4
num_cat=0
split_feature=93 87 65
split_gain=0.76082 0.621161 0.587408
threshold=-1.7030789999823874 1.2302054287792807 -0.019305511910676424
decision_type=2 2 2
left_child=-1 2 -2
right_child=1 -3 -4
leaf_value=5.3703497510186006e-06 1.4106781155749973e-07 7.482494295031897e-05 -4.0388639656296166e-05
leaf_weight=45 1008 72 1014
leaf_count=45 1008 72 1014
internal_value=-0.000353107 -0.00046565 -0.000596839
internal_weight=2139 2094 2022
internal_count=2139 2094 2022
is_linear=0
shrinkage=0.04


Tree=70
num_leaves=5
num_cat=0
split_feature=86 4 15 104
split_gain=0.777254 0.64847 1.08266 0.61388
threshold=-1.8579205287096958 0.37019333941719762 0.64649276416704826 -0.48567145970277176
decision_type=2 2 2 2
left_child=-1 2 -2 -3
right_child=1 3 -4 -5
leaf_value=3.1337295763932336e-05 -2.2801515661309463e-06 1.9545940414600208e-06 0.00029205506937102731 -7.7119759845894217e-05
leaf_weight=72 1380 168 48 471
leaf_count=72 1380 168 48 471
internal_value=-0.000353107 -0.000496859 -2.23786e-05 -0.00155382
internal_weight=2139 2067 1428 639
internal_count=2139 2067 1428 639
is_linear=0
shrinkage=0.04


Tree=71
num_leaves=5
num_cat=0
split_feature=93 71 9 63
split_gain=0.548864 0.525232 0.86151 0.582388
threshold=-1.7030789999823874 2.9900766170598012 0.046171582174812771 1.7251389015057177
decision_type=2 2 2 2
left_child=-1 3 -3 -2
right_child=1 2 -4 -5
leaf_value=4.5806865045062591e-06 -4.9009539577306649e-06 0.00034369039618518054 -3.8313392169234028e-05 -0.00028008844652354753
leaf_weight=45 1908 46 56 84
leaf_count=45 1908 46 56 84
internal_value=-0.000446521 -0.000541986 0.00223077 -0.000686059
internal_weight=2139 2094 102 1992
internal_count=2139 2094 102 1992
is_linear=0
shrinkage=0.04


Tree=72
num_leaves=8
num_cat=0
split_feature=107 33 40 81 58 57 99
split_gain=0.587427 1.28172 1.19302 1.06879 0.743396 1.27835 0.469349
threshold=0.71984317501018513 -0.48647229090646366 1.4665418103017223 -0.52441703239213344 -0.4450573596980949 -0.081204104305007782 0.087761998103785988
decision_type=2 2 2 2 2 2 2
left_child=4 3 -3 -2 6 -6 -1
right_child=1 2 -4 -5 5 -7 -8
leaf_value=-0.00013626623457621361 0.00022797003856533452 -7.7259314285884996e-05 0.00017803204968333555 8.9120044875872685e-05 4.3900627602536004e-05 -4.1572433697275271e-05 -4.6125257209254e-05
leaf_weight=237 51 242 80 125 459 822 123
leaf_count=237 51 242 80 125 459 822 123
internal_value=-0.000465204 0.000735999 -0.000765433 0.00346067 -0.00083019 -0.000377242 -0.00243094
internal_weight=2139 498 322 176 1641 1281 360
internal_count=2139 498 322 176 1641 1281 360
is_linear=0
shrinkage=0.04


Tree=73
num_leaves=8
num_cat=0
split_feature=4 42 94 105 78 6 94
split_gain=0.961644 1.17822 1.29405 0.600624 0.423249 0.7094 0.284111
threshold=0.37019333941719762 -0.49141570050253386 0.37046810365418797 -0.24428420863325154 0.77956238687714474 0.47515806640847119 -0.4418782912815134
decision_type=2 2 2 2 2 2 2
left_child=1 3 -3 -1 6 -6 -2
right_child=4 2 -4 -5 5 -7 -8
leaf_value=8.0952489576245416e-06 -0.0001471008104120788 6.7731912776161098e-05 -3.8074994990917107e-05 -4.0499320360776955e-05 0.00023292146200643471 -9.2920995744816691e-05 -4.0796177732481659e-05
leaf_weight=188 161 662 330 304 55 80 359
leaf_count=188 161 662 330 304 55 80 359
internal_value=-0.000278376 0.000285329 0.00107847 -0.00131174 -0.00155251 0.000437955 -0.00206897
internal_weight=2139 1484 992 492 655 135 520
internal_count=2139 1484 992 492 655 135 520
is_linear=0
shrinkage=0.04


Tree=74
num_leaves=7
num_cat=0
split_feature=95 90 59 100 80 0
split_gain=0.647313 0.922153 1.06387 0.590587 0.550227 0.00106455
threshold=0.87846201903135768 0.69747266863022295 0.56188098775047257 1.2220702470168539 1.1939545051757492 -0.18966983835159712
decision_type=2 2 2 2 2 2
left_child=3 2 -2 4 -1 -5
right_child=1 -3 -4 5 -6 -7
leaf_value=-1.0920425462345136e-05 0.00011821542836359949 0.00035399560620731131 -0.00010339518067506936 -0.00011212258807714106 8.9615246806819118e-06 -0.00028986586522967707
leaf_weight=1653 54 66 132 40 132 62
leaf_count=1653 54 66 132 40 132 62
internal_value=-0.000353107 0.00154331 8.51054e-05 -0.00060773 -0.000436487 -0.00353846
internal_weight=2139 252 186 1887 1785 102
internal_count=2139 252 186 1887 1785 102
is_linear=0
shrinkage=0.04


Tree=75
num_leaves=7
num_cat=0
split_feature=95 42 85 43 49 109
split_gain=0.634644 1.06091 0.796192 0.734575 0.864751 0.45749
threshold=0.87846201903135768 0.63207893614588817 0.32626021411513489 0.14210294267976867 0.71361801907079891 0.6749456125562453
decision_type=2 2 2 2 2 2
left_child=3 2 -2 5 -5 -1
right_child=1 -3 -4 4 -6 -7
leaf_value=-2.7535306383290767e-05 0.00011413831739109242 0.00017523115475217622 -0.00012891638772132008 3.1926067693849182e-05 -3.8948633386377994e-05 -0.00011369153309321095
leaf_weight=870 83 52 117 562 253 202
leaf_count=870 83 52 117 562 253 202
internal_value=-0.000334424 0.00154331 0.000198019 -0.000586555 0.000318237 -0.00127374
internal_weight=2139 252 200 1887 815 1072
internal_count=2139 252 200 1887 815 1072
is_linear=0
shrinkage=0.04


Tree=76
num_leaves=5
num_cat=0
split_feature=40 107 33 109
split_gain=0.600367 0.68669 1.03051 0.731082
threshold=-0.91134200179108649 0.71984317501018513 -0.47881422409882229 0.61303053118287043
decision_type=2 2 2 2
left_child=-1 3 -3 -2
right_child=1 2 -4 -5
leaf_value=8.3676507598106142e-05 -6.0340225078957735e-06 0.0001615167022554535 -1.4304200620321441e-05 -0.00010154022204285808
leaf_weight=63 1303 180 318 275
leaf_count=63 1303 180 318 275
internal_value=-0.000278376 -0.000396536 0.000895999 -0.000805064
internal_weight=2139 2076 498 1578
internal_count=2139 2076 498 1578
is_linear=0
shrinkage=0.04


Tree=77
num_leaves=5
num_cat=0
split_feature=40 80 68 57
split_gain=0.600367 0.657949 0.976016 0.570848
threshold=-0.91134200179108649 1.1246592279553609 -0.23643249627171456 -0.94039920518317632
decision_type=2 2 2 2
left_child=-1 3 -3 -2
right_child=1 2 -4 -5
leaf_value=8.0329447294181928e-05 -0.00012885162476898904 -0.00015249901336227497 0.00011820787797690249 -5.3759834594207154e-06
leaf_weight=63 251 64 119 1642
leaf_count=63 251 64 119 1642
internal_value=-0.000278376 -0.000396536 0.00188108 -0.000618471
internal_weight=2139 2076 183 1893
internal_count=2139 2076 183 1893
is_linear=0
shrinkage=0.04


Tree=78
num_leaves=6
num_cat=0
split_feature=4 46 44 109 86
split_gain=0.652203 1.08783 0.797645 0.797589 0.471864
threshold=0.37019333941719762 3.8110196455723631 -2.5505211403811687 0.67616302311630272 0.4651828485657023
decision_type=2 2 2 2 2
left_child=1 3 -2 -1 -4
right_child=2 -3 4 -5 -6
leaf_value=4.0532556659840137e-06 0.00018746151584385029 0.00027136411761004232 -3.5971146888151048e-05 -5.452189985342165e-05 -0.00010104716624036049
leaf_weight=1134 46 52 464 298 145
leaf_count=1134 46 52 464 298 145
internal_value=-0.000259693 0.000204575 -0.00130898 -5.57975e-06 -0.00169558
internal_weight=2139 1484 655 1432 609
internal_count=2139 1484 655 1432 609
is_linear=0
shrinkage=0.04


Tree=79
num_leaves=7
num_cat=0
split_feature=4 17 76 58 95 71
split_gain=0.658251 0.968261 0.557627 0.384322 0.717936 0.298479
threshold=0.37019333941719762 0.58674307891442967 2.010484060974012 0.366529149892868 0.88271011590061288 1.0276295126622841
decision_type=2 2 2 2 2 2
left_child=1 2 -1 4 -2 -5
right_child=3 -3 -4 5 -6 -7
leaf_value=-2.2497864825206347e-06 -3.4782799651343785e-05 0.00025208262661515472 0.00014137897986971865 -0.00012884983256994373 6.1942218368440989e-05 -1.2500294473386899e-05
leaf_weight=1345 356 55 84 210 43 46
leaf_count=1345 356 55 84 210 43 46
internal_value=-0.000315741 0.000150739 -5.31107e-05 -0.00136986 -0.00058853 -0.00257364
internal_weight=2139 1484 1429 655 399 256
internal_count=2139 1484 1429 655 399 256
is_linear=0
shrinkage=0.04


Tree=80
num_leaves=7
num_cat=0
split_feature=92 46 72 81 34 105
split_gain=0.698138 0.821888 0.994438 0.598871 1.28026 0.784842
threshold=-0.73841100142677962 -0.77092700371302125 0.12366980004682535 -0.52441703239213344 -0.72042594033420826 -0.95677073893974185
decision_type=2 2 2 2 2 2
left_child=1 -1 -3 4 -2 -5
right_child=3 2 -4 5 -6 -7
leaf_value=-0.00010482422185673829 0.00019754397620067415 1.0118578689496462e-06 0.00025928931892486227 5.6172456620548491e-05 -2.1192883035402095e-06 -3.5973635632029347e-05
leaf_weight=79 42 182 132 84 381 1239
leaf_count=79 42 182 132 84 381 1239
internal_value=-0.000334424 0.00118481 0.00210126 -0.000677346 0.000630587 -0.00109585
internal_weight=2139 393 314 1746 423 1323
internal_count=2139 393 314 1746 423 1323
is_linear=0
shrinkage=0.04


Tree=81
num_leaves=6
num_cat=0
split_feature=63 63 56 89 0
split_gain=0.632169 1.06332 1.20776 0.713831 0.000281484
threshold=1.7251389015057177 1.1813681000959568 -0.098810375468203746 1.4484463143159578 -0.067283531434328581
decision_type=2 2 2 2 2
left_child=1 3 -3 -1 -2
right_child=4 2 -4 -5 -6
leaf_value=-8.4438981726226805e-06 -0.00016559313873493311 0.00035854940209101212 -9.0743813748636747e-05 7.0008447824079195e-05 -0.00023796679803093947
leaf_weight=1812 56 75 57 99 40
leaf_count=1812 56 75 57 99 40
internal_value=-0.00037179 -0.000221028 0.00322388 -0.000462102 -0.00351021
internal_weight=2139 2043 132 1911 96
internal_count=2139 2043 132 1911 96
is_linear=0
shrinkage=0.04


Tree=82
num_leaves=7
num_cat=0
split_feature=4 15 8 78 76 107
split_gain=0.618274 0.960891 0.690115 0.503225 1.10792 0.344708
threshold=0.37019333941719762 0.64649276416704826 -0.063222038339088335 0.99094382437946027 1.3516127281229429 -0.026690677636775986
decision_type=2 2 2 2 2 2
left_child=1 2 -1 5 -5 -2
right_child=3 -3 -4 4 -6 -7
leaf_value=5.4454043192301707e-06 -3.1356490667288114e-05 0.00036708343648739867 -2.3622921654771326e-05 0.0002149032895271653 -0.00015973288052263652 -7.6472575509944045e-05
leaf_weight=730 279 50 704 58 65 253
leaf_count=730 279 50 704 58 65 253
internal_value=-0.000409156 4.30677e-05 -0.000150419 -0.00143075 0.000863999 -0.00196255
internal_weight=2139 1484 1434 655 123 532
internal_count=2139 1484 1434 655 123 532
is_linear=0
shrinkage=0.04


Tree=83
num_leaves=6
num_cat=0
split_feature=43 87 2 89 7
split_gain=0.619171 0.898828 0.721317 0.517341 0.472934
threshold=-0.2544936822875275 1.2485288453816501 0.92028566224850306 1.4484463143159578 -0.75154350492271516
decision_type=2 2 2 2 2
left_child=3 2 -2 4 -1
right_child=1 -3 -4 -5 -6
leaf_value=1.4035685047083645e-05 2.9477727410621753e-06 6.8572822751315692e-05 -7.7380579912968226e-05 0.00014453064418718209 -9.8760360005540986e-05
leaf_weight=92 1132 50 200 46 619
leaf_count=92 1132 50 200 46 619
internal_value=-0.000278376 0.000225433 2.39871e-05 -0.00119631 -0.00146424
internal_weight=2139 1382 1332 757 711
internal_count=2139 1382 1332 757 711
is_linear=0
shrinkage=0.04


Tree=84
num_leaves=7
num_cat=0
split_feature=56 57 61 77 1 65
split_gain=0.646471 0.991111 1.58469 0.877648 1.04766 0.840644
threshold=1.0675869715778132 -0.081204104305007782 0.2092166392218858 0.54299050999307608 0.65119647462493802 -0.68377580514458869
decision_type=2 2 2 2 2 2
left_child=1 2 -1 4 -2 -3
right_child=3 5 -4 -5 -6 -7
leaf_value=-7.2449154350223787e-06 -5.7970544793014861e-05 3.9981664113143414e-05 0.00022579814911673449 0.00018656883706842263 9.8129666143851135e-05 -5.6144402745312919e-05
leaf_weight=726 70 180 186 78 41 858
leaf_count=726 70 180 186 78 41 858
internal_value=-0.000315741 -0.000532788 0.000428883 0.00190576 -0.000389381 -0.00137692
internal_weight=2139 1950 912 189 111 1038
internal_count=2139 1950 912 189 111 1038
is_linear=0
shrinkage=0.04


Tree=85
num_leaves=8
num_cat=0
split_feature=43 26 46 2 2 8 45
split_gain=0.621343 0.805791 0.837918 0.455268 0.42741 0.313503 0.243951
threshold=-0.54328577027383806 0.87324575338371913 4.0457853707502291 -0.36350220740529215 -0.65689290067821615 0.73158001923641025 -1.1382501827625562
decision_type=2 2 2 2 2 2 2
left_child=3 2 -2 4 -1 -5 -3
right_child=1 6 -4 5 -6 -7 -8
leaf_value=-0.00010453583075220287 6.5214982385377604e-07 -9.3822483304716015e-05 0.00026425197400466177 -0.00011286566240479709 0.00012424816218974775 5.2035656843507903e-06 -0.00018551138342518949
leaf_weight=40 1506 40 51 274 40 69 119
leaf_count=40 1506 40 51 274 40 69 119
internal_value=-0.000353107 -1.39707e-05 0.000264271 -0.00172235 0.000975609 -0.00235362 -0.00270808
internal_weight=2139 1716 1557 423 80 343 159
internal_count=2139 1716 1557 423 80 343 159
is_linear=0
shrinkage=0.04


Tree=86
num_leaves=7
num_cat=0
split_feature=81 103 17 92 81 74
split_gain=0.621407 1.14851 0.978928 0.58497 0.807868 0.621949
threshold=-0.44114575020501184 -1.5769449167935756 0.64811015616568146 -0.73841100142677962 -0.016257971981063636 -1.1491075884552315
decision_type=2 2 2 2 2 2
left_child=1 -1 -3 4 -2 -5
right_child=3 2 -4 5 -6 -7
leaf_value=0.00023704797070526169 0.00039528355730860754 5.2154937065953872e-06 -9.6112167545249027e-05 -0.00019415853930358822 -5.2555812281958469e-06 -1.484463684595262e-05
leaf_weight=48 69 439 92 114 219 1158
leaf_count=48 69 439 92 114 219 1158
internal_value=-0.000353107 0.000764199 0.000217635 -0.000768247 0.000855171 -0.00113658
internal_weight=2139 579 531 1560 288 1272
internal_count=2139 579 531 1560 288 1272
is_linear=0
shrinkage=0.04


Tree=87
num_leaves=5
num_cat=0
split_feature=59 43 26 80
split_gain=0.649261 0.651068 0.765022 0.411192
threshold=1.888917666184005 -0.53211548954859611 0.87324575338371913 -0.58970003609416366
decision_type=2 2 2 2
left_child=1 3 -3 -1
right_child=-2 2 -4 -5
leaf_value=1.7465679256367728e-06 0.00022051269063926723 6.3878041296488384e-07 -0.00016659439470960696 -0.00010752924517528103
leaf_weight=76 42 1519 150 352
leaf_count=76 42 1519 150 352
internal_value=-0.000446521 -0.000546928 -0.000189109 -0.00193488
internal_weight=2139 2097 1669 428
internal_count=2139 2097 1669 428
is_linear=0
shrinkage=0.04


Tree=88
num_leaves=7
num_cat=0
split_feature=50 57 46 56 35 99
split_gain=0.564281 0.755447 1.21937 0.904949 0.409971 0.29165
threshold=-0.91873387643433635 -0.081204104305007782 0.87279913133779463 0.77646301446242882 0.44308371539232483 0.44299536881376395
decision_type=2 2 2 2 2 2
left_child=4 2 -2 -3 5 -1
right_child=1 3 -4 -5 -6 -7
leaf_value=-7.4121779705464328e-05 9.6237973915479969e-07 -5.75861102573976e-05 0.0002729191810750678 3.3261486062970945e-05 1.1586816999410407e-06 -5.4210245244780583e-05
leaf_weight=144 694 839 123 222 58 59
leaf_count=144 694 839 123 222 58 59
internal_value=-0.000409156 -0.000165958 0.000747252 -0.000869239 -0.00214449 -0.00298537
internal_weight=2139 1878 817 1061 261 203
internal_count=2139 1878 817 1061 261 203
is_linear=0
shrinkage=0.04


Tree=89
num_leaves=5
num_cat=0
split_feature=86 43 29 86
split_gain=0.766457 0.62562 0.796381 0.62376
threshold=-2.0309691812947488 -0.35645440121968647 0.97526958811269726 0.922281315985224
decision_type=2 2 2 2
left_child=-1 3 -3 -2
right_child=1 2 -4 -5
leaf_value=1.8472365600855144e-05 -9.7823773736008818e-05 2.9028292015541856e-06 -0.00010904390065970572 0.00010648534495140912
leaf_weight=45 566 1315 158 55
leaf_count=45 566 1315 158 55
internal_value=-0.00037179 -0.000484734 -3.52552e-05 -0.00154735
internal_weight=2139 2094 1473 621
internal_count=2139 2094 1473 621
is_linear=0
shrinkage=0.04


Tree=90
num_leaves=8
num_cat=0
split_feature=50 70 102 56 70 70 18
split_gain=0.620748 0.737003 1.05931 1.05206 0.485426 0.793943 0.1807
threshold=-0.72605412380214995 -1.0712626606471478 -0.28365911655987258 0.89243943107147172 0.20122449774901374 0.609308309932454 0.44437142850637673
decision_type=2 2 2 2 2 2 2
left_child=4 2 -2 -3 6 -6 -1
right_child=1 3 -4 -5 5 -7 -8
leaf_value=-8.8728549479877663e-05 0.00021731577005634949 -1.6597298407717079e-05 -6.1871749170445965e-06 7.6155872830387981e-05 5.5783347764900357e-05 -6.8423707608014696e-05 -1.5840998806446429e-05
leaf_weight=181 64 1398 125 183 66 72 50
leaf_count=181 64 1398 125 183 66 72 50
internal_value=-0.000334424 -2.25743e-05 0.00232461 -0.00030575 -0.0018221 5.71419e-05 -0.00293562
internal_weight=2139 1770 189 1581 369 138 231
internal_count=2139 1770 189 1581 369 138 231
is_linear=0
shrinkage=0.04


Tree=91
num_leaves=4
num_cat=0
split_feature=86 44 57
split_gain=0.749606 0.575874 0.568822
threshold=-2.0309691812947488 -9.6009674677612598 -0.081204104305007782
decision_type=2 2 2
left_child=-1 -2 -3
right_child=1 2 -4
leaf_value=1.6663465754292033e-05 0.00018157855230417543 2.1922301494010239e-06 -3.1500161179485387e-05
leaf_weight=45 44 910 1140
leaf_count=45 44 910 1140
internal_value=-0.000315741 -0.000427482 -0.000526317
internal_weight=2139 2094 2050
internal_count=2139 2094 2050
is_linear=0
shrinkage=0.04


Tree=92
num_leaves=5
num_cat=0
split_feature=86 43 29 86
split_gain=0.727418 0.712915 0.842508 0.633284
threshold=-2.0309691812947488 -0.2544936822875275 0.97526958811269726 0.25677232749950679
decision_type=2 2 2 2
left_child=-1 3 -3 -2
right_child=1 2 -4 -5
leaf_value=1.5996927124120318e-05 -0.00010487002923144102 4.0740085906260398e-06 -0.00010340544067638303 1.18572002198457e-06
leaf_weight=45 461 1205 149 279
leaf_count=45 461 1205 149 279
internal_value=-0.00024101 -0.000351146 0.000194689 -0.00134771
internal_weight=2139 2094 1354 740
internal_count=2139 2094 1354 740
is_linear=0
shrinkage=0.04


Tree=93
num_leaves=7
num_cat=0
split_feature=40 47 43 2 82 18
split_gain=0.714345 1.43174 0.755913 1.041 0.614861 0.525482
threshold=1.1767752525930495 -0.29671060411516464 -0.34229764468509288 0.92028566224850306 0.28339535250363052 -0.79654915518663227
decision_type=2 2 2 2 2 2
left_child=2 -2 5 -4 -3 -1
right_child=1 4 3 -5 -6 -7
leaf_value=7.4422525855720865e-05 0.00013992821827568032 -0.00024174990469999179 4.1158500060889621e-06 -7.7343485523369998e-05 7.6337341905152578e-06 -9.0679142085986332e-05
leaf_weight=52 71 86 1137 173 115 505
leaf_count=52 71 86 1137 173 115 505
internal_value=-0.000184961 0.00172263 -0.00046442 6.09747e-05 -1.97054e-05 -0.00169589
internal_weight=2139 272 1867 1310 201 557
internal_count=2139 272 1867 1310 201 557
is_linear=0
shrinkage=0.04


Tree=94
num_leaves=7
num_cat=0
split_feature=7 68 9 89 41 81
split_gain=0.790624 1.15036 1.20416 0.481891 0.514288 0.500178
threshold=-0.66587539767191772 -0.62924177813227844 -0.29719670475938104 -0.86746639011596516 0.67149052719439084 -0.53429718605622778
decision_type=2 2 2 2 2 2
left_child=1 -1 -3 5 -5 -2
right_child=3 2 -4 4 -6 -7
leaf_value=0.00027102592979073056 5.8157962068309721e-05 4.765467575701194e-05 -2.1176653755740602e-05 -7.7071633073642575e-08 -0.00011365097478081291 -9.8973260381263835e-05
leaf_weight=49 41 65 174 1389 215 206
leaf_count=49 41 65 174 1389 215 206
internal_value=-0.000259693 0.00168276 0.000514522 -0.000563412 -0.000308843 -0.0022008
internal_weight=2139 288 239 1851 1604 247
internal_count=2139 288 239 1851 1604 247
is_linear=0
shrinkage=0.04


Tree=95
num_leaves=7
num_cat=0
split_feature=56 64 62 62 8 47
split_gain=0.762315 0.899114 0.731979 0.72094 0.573181 0.541653
threshold=1.0675869715778132 -0.11434970831049469 0.15652348119616069 0.19048832776117178 0.95002303708392799 0.045423429151869719
decision_type=2 2 2 2 2 2
left_child=2 -2 4 -4 -1 -3
right_child=1 5 3 -5 -6 -7
leaf_value=-4.6489775979035153e-05 0.00011087288236415901 -7.7072543854671838e-05 0.00019469420855786648 -1.0639412769253474e-08 0.00010065480433269058 0.00012531993574810374
leaf_weight=942 75 62 54 825 129 52
leaf_count=942 75 62 54 825 129 52
internal_value=-0.000297058 0.00211518 -0.000532788 0.00032236 -0.00123392 -0.000137932
internal_weight=2139 189 1950 879 1071 114
internal_count=2139 189 1950 879 1071 114
is_linear=0
shrinkage=0.04


Tree=96
num_leaves=8
num_cat=0
split_feature=43 109 46 70 76 26 10
split_gain=0.661956 0.88855 1.26556 0.822175 1.61413 0.755342 0.549995
threshold=0.14210294267976867 -0.48960967019109886 0.36336314767858452 -1.0434085330596408 0.092139652168800559 0.78611853605135462 1.7674980688574906
decision_type=2 2 2 2 2 2 2
left_child=3 2 -2 4 -1 -3 -5
right_child=1 5 -4 6 -6 -7 -8
leaf_value=-6.6528072466778615e-05 8.8441630184473414e-05 2.9691234184798324e-06 -8.8176350076028581e-05 -3.420848690434661e-05 0.00030297590368121545 -0.00015451708631472385 0.00027642489612110451
leaf_weight=90 124 634 66 1028 51 92 54
leaf_count=90 124 634 66 1028 51 92 54
internal_value=-0.000315741 0.000496731 0.00291667 -0.000924083 0.00193007 -0.000142858 -0.00129889
internal_weight=2139 916 190 1223 141 726 1082
internal_count=2139 916 190 1223 141 726 1082
is_linear=0
shrinkage=0.04


Tree=97
num_leaves=8
num_cat=0
split_feature=43 42 32 70 76 65 40
split_gain=0.621955 0.756013 0.857068 0.668643 1.34893 0.642386 0.588357
threshold=0.14210294267976867 -0.12270213281777477 0.81432009667173921 -1.0434085330596408 0.092139652168800559 0.78782546588747271 -0.41622744342721707
decision_type=2 2 2 2 2 2 2
left_child=3 5 -3 4 -1 -2 -5
right_child=1 2 -4 6 -6 -7 -8
leaf_value=-6.3866949568107468e-05 -3.2106268883845379e-05 8.3278522917680061e-05 -6.7213555354120338e-05 3.3692332385329442e-06 0.00029085686753396679 8.6382188652270293e-05 -4.6484913913442134e-05
leaf_weight=90 304 378 133 241 51 101 841
leaf_count=90 304 378 133 241 51 101 841
internal_value=-0.000334424 0.000453158 0.00147368 -0.000924083 0.00165035 -0.000835382 -0.00126199
internal_weight=2139 916 511 1223 141 405 1082
internal_count=2139 916 511 1223 141 405 1082
is_linear=0
shrinkage=0.04


Tree=98
num_leaves=5
num_cat=0
split_feature=4 95 50 59
split_gain=0.517812 0.643786 1.64481 0.673735
threshold=1.2418852046205731 1.5928050381474497 0.30823759325994626 -0.38153061468065042
decision_type=2 2 2 2
left_child=1 3 -3 -1
right_child=-2 2 -4 -5
leaf_value=1.8870704180949961e-05 -0.00011640081192401862 -5.4427430011620522e-05 0.00017057831252225567 -1.3117521012913676e-05
leaf_weight=570 64 79 43 1383
leaf_count=570 64 79 43 1383
internal_value=-0.000390473 -0.00027925 0.00251613 -0.000456267
internal_weight=2139 2075 122 1953
internal_count=2139 2075 122 1953
is_linear=0
shrinkage=0.04


Tree=99
num_leaves=5
num_cat=0
split_feature=59 57 46 109
split_gain=0.614576 0.623163 1.2338 0.651246
threshold=1.888917666184005 -0.081204104305007782 0.87279913133779463 -0.66876465847037714
decision_type=2 2 2 2
left_child=1 2 -1 -3
right_child=-2 3 -4 -5
leaf_value=-3.5260152962587036e-06 0.00020097819872682871 1.0035788001145216e-05 0.00024564112866401982 -2.8262283993463513e-05
leaf_weight=811 42 198 137 951
leaf_count=811 42 198 137 951
internal_value=-0.000315741 -0.000413531 0.000345262 -0.0010391
internal_weight=2139 2097 948 1149
internal_count=2139 2097 948 1149
is_linear=0
shrinkage=0.04


Tree=100
num_leaves=8
num_cat=0
split_feature=85 82 94 87 108 14 102
split_gain=0.518375 1.18383 1.19599 0.813151 0.664298 0.652344 0.527686
threshold=-0.20217034630026628 -0.39922032496942089 -0.15204416141527746 0.61785984081074086 -0.39075513019889357 0.41748483532466429 -0.75377050818254998
decision_type=2 2 2 2 2 2 2
left_child=3 2 -2 6 -3 -5 -1
right_child=1 4 -4 5 -6 -7 -8
leaf_value=7.5106703362295513e-05 3.8218634067301889e-07 5.0233964044728939e-05 0.00022712319562902307 -3.8084577141032307e-07 -8.7866664036131412e-06 0.00031673971826003377 -5.6093223950365949e-05
leaf_weight=42 162 174 117 122 822 40 660
leaf_count=42 162 174 117 122 822 40 660
internal_value=-0.00037179 0.000140954 0.00243416 -0.00112702 -0.000505011 0.00141463 -0.00171591
internal_weight=2139 1275 279 864 996 162 702
internal_count=2139 1275 279 864 996 162 702
is_linear=0
shrinkage=0.04


Tree=101
num_leaves=7
num_cat=0
split_feature=81 10 74 72 4 70
split_gain=0.572917 1.17867 0.948052 0.64395 0.811926 0.483549
threshold=-0.44114575020501184 -0.82969994640742217 -1.8840936682107656 0.051467244694255586 -1.4595970696918152 -1.0593255342404004
decision_type=2 2 2 2 2 2
left_child=1 -1 -3 5 -5 -2
right_child=3 2 -4 4 -6 -7
leaf_value=0.00013649000328642041 4.4996152004813732e-06 0.00018534941827693557 -6.9433165575141972e-06 8.5186933754296886e-05 -4.5832659571330315e-06 -4.8529064114665727e-05
leaf_weight=43 168 45 491 42 708 642
leaf_count=43 168 45 491 42 708 642
internal_value=-0.000446521 0.000626505 0.000104088 -0.000845071 -9.51138e-10 -0.00162562
internal_weight=2139 579 536 1560 750 810
internal_count=2139 579 536 1560 750 810
is_linear=0
shrinkage=0.04


Tree=102
num_leaves=8
num_cat=0
split_feature=50 57 107 51 18 87 99
split_gain=0.654383 0.602445 1.28508 0.636533 0.369426 0.771762 0.113674
threshold=-0.91873387643433635 -0.081204104305007782 1.1344758353375319 -0.068895565409454088 0.18950460584226617 1.0000000180025095e-35 0.49984459353187999
decision_type=2 2 2 2 2 2 2
left_child=4 2 -2 -3 6 -6 -1
right_child=1 3 -4 -5 5 -7 -8
leaf_value=-0.00010333018572617674 4.708536634668528e-06 -0.00010294696821293753 0.00032051011845553063 -1.6192722811105709e-06 0.00038684620353576869 -8.5887007416899857e-05 -5.6612868947148339e-05
leaf_weight=128 771 408 46 653 40 41 52
leaf_count=128 771 408 46 653 40 41 52
internal_value=-0.000427838 -0.000165958 0.000649572 -0.00079398 -0.00229658 -4.81937e-05 -0.0032967
internal_weight=2139 1878 817 1061 261 81 180
internal_count=2139 1878 817 1061 261 81 180
is_linear=0
shrinkage=0.04


Tree=103
num_leaves=6
num_cat=0
split_feature=26 46 109 1 2
split_gain=0.612672 0.79609 0.824247 0.258285 0.00314899
threshold=0.90164302213847503 4.0457853707502291 0.67616302311630272 0.17709842785041 1.329594698880979
decision_type=2 2 2 2 2
left_child=1 2 -1 -2 -5
right_child=3 -3 -4 4 -6
leaf_value=7.1583611393141312e-07 -8.0865661733936736e-06 0.00019713626948727488 -4.5241393204457393e-05 -0.0001748186657781244 -0.00012429826564426931
leaf_weight=1500 70 69 378 82 40
leaf_count=1500 70 69 378 82 40
internal_value=-0.00037179 -0.000158031 -0.000314895 -0.00251546 -0.0036129
internal_weight=2139 1947 1878 192 122
internal_count=2139 1947 1878 192 122
is_linear=0
shrinkage=0.04


Tree=104
num_leaves=6
num_cat=0
split_feature=78 78 70 0 3
split_gain=0.659306 1.27277 0.591329 0.21335 0.0613079
threshold=-0.84425060121029594 -0.77212757847484514 -1.0712626606471478 0.46656218000580213 0.43453235435236098
decision_type=2 2 2 2 2
left_child=3 -2 -3 4 -1
right_child=1 2 -4 -5 -6
leaf_value=-0.00010984906546709366 0.00018395920195512502 9.2589603098922491e-05 -6.687574641307539e-06 -6.3251610867032496e-06 -7.4178286039326902e-05
leaf_weight=99 45 192 1722 41 40
leaf_count=99 45 192 1722 41 40
internal_value=-0.000334424 -0.000120348 -0.00027975 -0.00263736 -0.00337589
internal_weight=2139 1959 1914 180 139
internal_count=2139 1959 1914 180 139
is_linear=0
shrinkage=0.04


Tree=105
num_leaves=6
num_cat=0
split_feature=78 78 43 0 3
split_gain=0.648645 1.28076 0.654993 0.21335 0.0613079
threshold=-0.84425060121029594 -0.77212757847484514 -0.54328577027383806 0.46656218000580213 0.43453235435236098
decision_type=2 2 2 2 2
left_child=3 -2 -3 4 -1
right_child=1 2 -4 -5 -6
leaf_value=-0.00010545510284840991 0.00017660083387692 -7.1364449454446158e-05 8.1515014258940801e-07 -6.0721546432351405e-06 -7.1211154597753822e-05
leaf_weight=99 45 393 1521 41 40
leaf_count=99 45 393 1521 41 40
internal_value=-0.000353107 -0.000140745 -0.000300627 -0.00263736 -0.00337589
internal_weight=2139 1959 1914 180 139
internal_count=2139 1959 1914 180 139
is_linear=0
shrinkage=0.04


Tree=106
num_leaves=6
num_cat=0
split_feature=78 78 102 0 3
split_gain=0.691803 1.24897 0.624295 0.21335 0.0613079
threshold=-0.84425060121029594 -0.77212757847484514 0.79372504363300234 0.46656218000580213 0.43453235435236098
decision_type=2 2 2 2 2
left_child=3 -2 -3 4 -1
right_child=1 2 -4 -5 -6
leaf_value=-0.00010123689873447352 0.00016953680052184315 5.5267810322191871e-07 -8.5543726043795578e-05 -5.8292684575057385e-06 -6.8362708413843639e-05
leaf_weight=99 45 1704 210 41 40
leaf_count=99 45 1704 210 41 40
internal_value=-0.000278376 -5.91544e-05 -0.00021712 -0.00263736 -0.00337589
internal_weight=2139 1959 1914 180 139
internal_count=2139 1959 1914 180 139
is_linear=0
shrinkage=0.04


Tree=107
num_leaves=5
num_cat=0
split_feature=84 109 103 42
split_gain=0.552392 0.607112 0.875234 0.392943
threshold=-1.3849173254395073 0.8286288817232631 0.05897613198411434 0.3469379590941401
decision_type=2 2 2 2
left_child=-1 2 -2 -3
right_child=1 3 -4 -5
leaf_value=-0.0001102444843380861 8.8110042830530458e-06 -8.6501140356256379e-05 -1.6719486515160881e-05 1.3490394737143618e-06
leaf_weight=81 852 214 891 101
leaf_count=81 852 214 891 101
internal_value=-0.000222327 -9.32048e-05 0.000199426 -0.00170347
internal_weight=2139 2058 1743 315
internal_count=2139 2058 1743 315
is_linear=0
shrinkage=0.04


Tree=108
num_leaves=5
num_cat=0
split_feature=86 43 29 5
split_gain=0.510313 0.667612 1.01254 0.774663
threshold=-1.8579205287096958 -0.2544936822875275 0.87028355109815803 1.0214003562331311
decision_type=2 2 2 2
left_child=-1 3 -3 -2
right_child=1 2 -4 -5
leaf_value=5.3107828656328836e-06 -7.5773310120200957e-05 3.7798198580161191e-06 -8.2976699179721457e-05 2.0995639731947224e-05
leaf_weight=72 671 1150 184 62
leaf_count=72 671 1150 184 62
internal_value=-0.000128913 -0.00024553 0.000287424 -0.00121361
internal_weight=2139 2067 1334 733
internal_count=2139 2067 1334 733
is_linear=0
shrinkage=0.04


Tree=109
num_leaves=7
num_cat=0
split_feature=71 67 85 109 10 65
split_gain=0.596918 0.818439 0.685834 0.928845 0.681982 0.587809
threshold=-0.85148287903649156 -0.82776605467797781 -0.20217034630026628 -0.66876465847037714 -0.91287901369230107 -0.2598044813259533
decision_type=2 2 2 2 2 2
left_child=1 -1 4 -4 -2 -3
right_child=2 5 3 -5 -6 -7
leaf_value=0.00024214044355908736 6.0021245201352536e-05 7.0922063659122295e-05 6.7278928065050322e-05 -1.8646071602524084e-06 -5.022757675264596e-05 -3.4676461510348253e-05
leaf_weight=48 74 42 126 1110 694 45
leaf_count=48 74 42 126 1110 694 45
internal_value=-7.28641e-05 0.00248175 -0.000247259 0.000336025 -0.00118442 0.000134831
internal_weight=2139 135 2004 1236 768 87
internal_count=2139 135 2004 1236 768 87
is_linear=0
shrinkage=0.04


Tree=110
num_leaves=7
num_cat=0
split_feature=104 107 39 33 42 80
split_gain=0.580171 0.837717 0.903312 0.831225 0.446452 0.428349
threshold=0.69210602377100816 0.71984317501018513 -0.18829293475310374 -0.47309521400437254 0.64115928407044342 1.1939545051757492
decision_type=2 2 2 2 2 2
left_child=1 2 -1 -3 5 -2
right_child=4 3 -4 -5 -6 -7
leaf_value=8.9227959189806085e-06 -7.663438240853756e-05 0.00012058811005752618 -3.6917205902156374e-05 1.0853120330335865e-06 1.0502281289750504e-05 2.9753144283553248e-06
leaf_weight=628 245 133 785 212 78 58
leaf_count=628 245 133 785 212 78 58
internal_value=-0.000166278 0.000140908 -0.000291167 0.00190202 -0.00157702 -0.00226885
internal_weight=2139 1758 1413 345 381 303
internal_count=2139 1758 1413 345 381 303
is_linear=0
shrinkage=0.04


Tree=111
num_leaves=7
num_cat=0
split_feature=109 57 57 60 7 47
split_gain=0.614043 0.804096 1.13031 0.975161 0.48722 0.44211
threshold=0.67172777812005979 -0.062710782924355668 -0.83507211880235277 -0.36729023322064897 1.2706919627403199 -0.35265196469123905
decision_type=2 2 2 2 2 2
left_child=1 2 -1 -3 5 -2
right_child=4 3 -4 -5 -6 -7
leaf_value=-6.1651793058936145e-05 -1.1352221881121318e-05 0.00019905919149472873 7.7954312161838065e-05 -2.4707296466388764e-05 2.9155260301802588e-05 -6.8518088486975285e-05
leaf_weight=210 129 114 462 900 51 273
leaf_count=210 129 114 462 900 51 273
internal_value=-0.000128913 0.000222748 0.00129377 -0.00048819 -0.00143297 -0.00190099
internal_weight=2139 1686 672 1014 453 402
internal_count=2139 1686 672 1014 453 402
is_linear=0
shrinkage=0.04


Tree=112
num_leaves=7
num_cat=0
split_feature=65 11 70 57 37 37
split_gain=0.708457 1.15878 1.30187 1.04646 0.660882 0.771781
threshold=-0.019305511910676424 -0.43357785501756491 -0.30487560859067236 -0.054568645379515807 -1.0086444641345784 0.81821365397727275
decision_type=2 2 2 2 2 2
left_child=1 2 -1 -3 -2 -6
right_child=4 3 -4 -5 5 -7
leaf_value=-4.2064763597322919e-06 8.6858402518688439e-05 3.6149408049943839e-05 0.00022461074090518793 -4.1511177744097181e-05 -4.756192078469588e-05 2.7678595938058017e-05
leaf_weight=124 71 284 128 496 789 247
leaf_count=124 71 284 128 496 789 247
internal_value=-0.000297058 0.000456479 0.00280315 -0.000306906 -0.000999099 -0.00125626
internal_weight=2139 1032 252 780 1107 1036
internal_count=2139 1032 252 780 1107 1036
is_linear=0
shrinkage=0.04


Tree=113
num_leaves=7
num_cat=0
split_feature=50 56 69 56 1 35
split_gain=0.576279 0.67672 1.1032 0.931184 0.204294 0.126724
threshold=-1.0098763292489659 -0.36785974358421353 -1.0112383144215276 0.77646301446242882 -1.4169582847393023 0.46375559689834428
decision_type=2 2 2 2 2 2
left_child=4 2 -2 -3 -1 -6
right_child=1 3 -4 -5 5 -7
leaf_value=-2.3436742124340063e-05 1.6597774763153336e-05 -3.1332134416983428e-05 6.308129332073674e-06 1.5415824564039492e-05 -5.7436180850419069e-05 -1.231873474579248e-05
leaf_weight=65 52 1044 523 295 120 40
leaf_count=65 52 1044 523 295 120 40
internal_value=-0.000297058 -7.09822e-05 0.00107452 -0.000563759 -0.00220264 -0.00296296
internal_weight=2139 1914 575 1339 225 160
internal_count=2139 1914 575 1339 225 160
is_linear=0
shrinkage=0.04


Tree=114
num_leaves=8
num_cat=0
split_feature=106 102 29 56 84 71 87
split_gain=0.508886 0.939277 1.38298 0.625611 0.963158 0.678165 0.572384
threshold=-0.45915722583754542 0.095789416555005016 0.76742772053195163 -0.30788219066312567 0.45939142402143596 -0.79962657786139202 0.61785984081074086
decision_type=2 2 2 2 2 2 2
left_child=1 2 -1 4 -2 -5 -3
right_child=3 6 -4 5 -6 -7 -8
leaf_value=0.00019128836666996104 6.3718395411228258e-05 -3.5389879630419864e-05 -0.00021990119855360335 2.9050168860962961e-05 -7.1027953636417225e-05 -3.258379073700743e-05 0.00014467090101901537
leaf_weight=121 315 330 59 84 219 942 69
leaf_count=121 315 330 59 84 219 942 69
internal_value=-0.000315741 0.000695352 0.00307692 -0.000691422 0.000417909 -0.00126848 -0.000389028
internal_weight=2139 579 180 1560 534 1026 399
internal_count=2139 579 180 1560 534 1026 399
is_linear=0
shrinkage=0.04


Tree=115
num_leaves=6
num_cat=0
split_feature=78 78 56 76 24
split_gain=0.549186 1.27277 0.649125 0.2423 0.0587311
threshold=-0.84425060121029594 -0.77212757847484514 1.0675869715778132 -2.0258977009403245 0.53603025452230424
decision_type=2 2 2 2 2
left_child=3 -2 -3 -1 -5
right_child=1 2 -4 4 -6
leaf_value=-4.5831816965534455e-06 0.0001529893884811793 -7.0501173697598075e-06 1.7747630326460699e-05 -0.00010444556959055467 -5.923838262011548e-05
leaf_weight=51 45 1743 171 89 40
leaf_count=51 45 1743 171 89 40
internal_value=-0.000315741 -0.000120348 -0.00027975 -0.00241758 -0.00332825
internal_weight=2139 1959 1914 180 129
internal_count=2139 1959 1914 180 129
is_linear=0
shrinkage=0.04


Tree=116
num_leaves=7
num_cat=0
split_feature=43 26 46 5 42 2
split_gain=0.522599 0.689522 0.829235 0.477823 0.476058 0.274215
threshold=-0.54328577027383806 0.87324575338371913 4.0457853707502291 1.0214003562331311 -0.85567959179105724 0.36732819512596709
decision_type=2 2 2 2 2 2
left_child=3 2 -2 4 -1 -3
right_child=1 5 -4 -5 -6 -7
leaf_value=7.3664021424371966e-05 1.0060942385615158e-06 -9.4752734103307009e-05 0.00020743371003597522 1.1415452091504239e-05 -8.1689586833214397e-05 -0.00013813721019207938
leaf_weight=50 1506 50 51 53 320 109
leaf_count=50 1506 50 51 53 320 109
internal_value=-0.000278376 3.25951e-05 0.000289928 -0.00153412 -0.00204301 -0.00245963
internal_weight=2139 1716 1557 423 370 159
internal_count=2139 1716 1557 423 370 159
is_linear=0
shrinkage=0.04


Tree=117
num_leaves=8
num_cat=0
split_feature=56 11 11 62 57 45 2
split_gain=0.582985 0.876367 0.964171 0.636085 0.724225 0.303505 0.231825
threshold=1.0675869715778132 -0.023398408536653544 -0.51608109679729919 -0.79419090988194341 -0.062710782924355668 0.16100492685603615 0.32388794080334971
decision_type=2 2 2 2 2 2 2
left_child=3 2 -2 6 -5 -3 -1
right_child=1 5 -4 4 -6 -7 -8
leaf_value=-0.00011879704032104209 -1.3988779360965182e-05 -9.2876769955303192e-05 0.00018545717419546758 6.1320308562336151e-06 -1.4205453599273596e-05 2.2919680564542599e-05 -1.6250656893343291e-05
leaf_weight=104 40 58 51 873 927 40 46
leaf_count=104 40 58 51 873 927 40 46
internal_value=-0.000203644 0.00190576 0.00468817 -0.000409837 -0.000199779 -0.000720001 -0.00289474
internal_weight=2139 189 91 1950 1800 98 150
internal_count=2139 189 91 1950 1800 98 150
is_linear=0
shrinkage=0.04


Tree=118
num_leaves=7
num_cat=0
split_feature=69 9 82 84 41 56
split_gain=0.444795 0.989522 0.871108 0.951988 0.671081 0.513122
threshold=0.57425115107183833 -1.3747748021113266 -0.39525489425441723 -0.71196262948416289 -0.019892964730772612 -0.30788219066312567
decision_type=2 2 2 2 2 2
left_child=2 -2 3 -1 -3 -4
right_child=1 4 5 -5 -6 -7
leaf_value=-2.4081004635081786e-05 9.2996034106653634e-05 -2.7982857843934692e-05 -3.2682292420079655e-07 0.00010472377973953628 1.9997962692826686e-05 -4.5621417004725756e-05
leaf_weight=294 40 233 360 267 219 726
leaf_count=294 40 233 360 267 219 726
internal_value=-0.000259693 0.000793521 -0.000574895 0.000703374 0.000246695 -0.0012353
internal_weight=2139 492 1647 561 452 1086
internal_count=2139 492 1647 561 452 1086
is_linear=0
shrinkage=0.04


Tree=119
num_leaves=6
num_cat=0
split_feature=78 78 65 76 33
split_gain=0.529818 1.28876 0.619336 0.2423 0.056056
threshold=-0.84425060121029594 -0.77212757847484514 -0.49255256854171126 -2.0258977009403245 0.51279623176051159
decision_type=2 2 2 2 2
left_child=3 -2 -3 -1 -5
right_child=1 2 -4 4 -6
leaf_value=-2.9086497224271745e-06 0.00014590534324535596 1.7277871620069266e-05 -8.3964177475167078e-06 -9.9282598617559753e-05 -5.6945794638362203e-05
leaf_weight=51 45 450 1464 88 41
leaf_count=51 45 450 1464 88 41
internal_value=-0.000353107 -0.000161143 -0.000321504 -0.00241758 -0.00332825
internal_weight=2139 1959 1914 180 129
internal_count=2139 1959 1914 180 129
is_linear=0
shrinkage=0.04


end of trees

feature_importances:
Column_70=28
Column_56=26
Column_43=23
Column_85=22
Column_46=19
Column_15=18
Column_65=17
Column_109=16
Column_4=15
Column_81=15
Column_37=14
Column_57=13
Column_78=13
Column_36=12
Column_87=12
Column_99=12
Column_40=11
Column_86=11
Column_26=10
Column_48=10
Column_59=10
Column_2=9
Column_72=9
Column_77=9
Column_105=9
Column_106=9
Column_107=9
Column_7=8
Column_50=8
Column_58=8
Column_76=8
Column_0=7
Column_10=7
Column_29=7
Column_42=7
Column_62=7
Column_102=7
Column_1=6
Column_9=6
Column_74=6
Column_91=6
Column_94=6
Column_95=6
Column_11=5
Column_24=5
Column_44=5
Column_60=5
Column_63=5
Column_71=5
Column_80=5
Column_82=5
Column_84=5
Column_101=5
Column_3=4
Column_18=4
Column_33=4
Column_41=4
Column_47=4
Column_53=4
Column_89=4
Column_92=4
Column_8=3
Column_22=3
Column_51=3
Column_90=3
Column_93=3
Column_104=3
Column_5=2
Column_13=2
Column_17=2
Column_28=2
Column_32=2
Column_34=2
Column_35=2
Column_45=2
Column_49=2
Column_67=2
Column_68=2
Column_69=2
Column_83=2
Column_98=2
Column_103=2
Column_6=1
Column_14=1
Column_16=1
Column_20=1
Column_25=1
Column_38=1
Column_39=1
Column_61=1
Column_64=1
Column_75=1
Column_79=1
Column_97=1
Column_100=1
Column_108=1

parameters:
[boosting: gbdt]
[objective: quantile]
[metric: quantile]
[tree_learner: serial]
[device_type: cpu]
[data_sample_strategy: bagging]
[data: ]
[valid: ]
[num_iterations: 120]
[learning_rate: 0.04]
[num_leaves: 15]
[num_threads: 2]
[seed: 42]
[deterministic: 0]
[force_col_wise: 0]
[force_row_wise: 0]
[histogram_pool_size: -1]
[max_depth: 3]
[min_data_in_leaf: 40]
[min_sum_hessian_in_leaf: 0.001]
[bagging_fraction: 0.85]
[pos_bagging_fraction: 1]
[neg_bagging_fraction: 1]
[bagging_freq: 0]
[bagging_seed: 400]
[bagging_by_query: 0]
[feature_fraction: 0.8]
[feature_fraction_bynode: 1]
[feature_fraction_seed: 30056]
[extra_trees: 0]
[extra_seed: 12879]
[early_stopping_round: 0]
[early_stopping_min_delta: 0]
[first_metric_only: 0]
[max_delta_step: 0]
[lambda_l1: 0]
[lambda_l2: 2]
[linear_lambda: 0]
[min_gain_to_split: 0]
[drop_rate: 0.1]
[max_drop: 50]
[skip_drop: 0.5]
[xgboost_dart_mode: 0]
[uniform_drop: 0]
[drop_seed: 17869]
[top_rate: 0.2]
[other_rate: 0.1]
[min_data_per_group: 100]
[max_cat_threshold: 32]
[cat_l2: 10]
[cat_smooth: 10]
[max_cat_to_onehot: 4]
[top_k: 20]
[monotone_constraints: ]
[monotone_constraints_method: basic]
[monotone_penalty: 0]
[feature_contri: ]
[forcedsplits_filename: ]
[refit_decay_rate: 0.9]
[cegb_tradeoff: 1]
[cegb_penalty_split: 0]
[cegb_penalty_feature_lazy: ]
[cegb_penalty_feature_coupled: ]
[path_smooth: 0]
[interaction_constraints: ]
[verbosity: -1]
[saved_feature_importance_type: 0]
[use_quantized_grad: 0]
[num_grad_quant_bins: 4]
[quant_train_renew_leaf: 0]
[stochastic_rounding: 1]
[linear_tree: 0]
[max_bin: 255]
[max_bin_by_feature: ]
[min_data_in_bin: 3]
[bin_construct_sample_cnt: 200000]
[data_random_seed: 175]
[is_enable_sparse: 1]
[enable_bundle: 1]
[use_missing: 1]
[zero_as_missing: 0]
[feature_pre_filter: 1]
[pre_partition: 0]
[two_round: 0]
[header: 0]
[label_column: ]
[weight_column: ]
[group_column: ]
[ignore_column: ]
[categorical_feature: ]
[forcedbins_filename: ]
[precise_float_parser: 0]
[parser_config_file: ]
[objective_seed: 16083]
[num_class: 1]
[is_unbalance: 0]
[scale_pos_weight: 1]
[sigmoid: 1]
[boost_from_average: 1]
[reg_sqrt: 0]
[alpha: 0.9]
[fair_c: 1]
[poisson_max_delta_step: 0.7]
[tweedie_variance_power: 1.5]
[lambdarank_truncation_level: 30]
[lambdarank_norm: 1]
[label_gain: ]
[lambdarank_position_bias_regularization: 0]
[eval_at: ]
[multi_error_top_k: 1]
[auc_mu_weights: ]
[num_machines: 1]
[local_listen_port: 12400]
[time_out: 120]
[machine_list_filename: ]
[machines: ]
[gpu_platform_id: -1]
[gpu_device_id: -1]
[gpu_device_id_list: ]
[gpu_use_dp: 0]
[num_gpu: 1]

end of parameters

pandas_categorical:null
