tree
version=v4
num_class=1
num_tree_per_iteration=1
label_index=0
max_feature_idx=118
objective=regression
feature_names=Column_0 Column_1 Column_2 Column_3 Column_4 Column_5 Column_6 Column_7 Column_8 Column_9 Column_10 Column_11 Column_12 Column_13 Column_14 Column_15 Column_16 Column_17 Column_18 Column_19 Column_20 Column_21 Column_22 Column_23 Column_24 Column_25 Column_26 Column_27 Column_28 Column_29 Column_30 Column_31 Column_32 Column_33 Column_34 Column_35 Column_36 Column_37 Column_38 Column_39 Column_40 Column_41 Column_42 Column_43 Column_44 Column_45 Column_46 Column_47 Column_48 Column_49 Column_50 Column_51 Column_52 Column_53 Column_54 Column_55 Column_56 Column_57 Column_58 Column_59 Column_60 Column_61 Column_62 Column_63 Column_64 Column_65 Column_66 Column_67 Column_68 Column_69 Column_70 Column_71 Column_72 Column_73 Column_74 Column_75 Column_76 Column_77 Column_78 Column_79 Column_80 Column_81 Column_82 Column_83 Column_84 Column_85 Column_86 Column_87 Column_88 Column_89 Column_90 Column_91 Column_92 Column_93 Column_94 Column_95 Column_96 Column_97 Column_98 Column_99 Column_100 Column_101 Column_102 Column_103 Column_104 Column_105 Column_106 Column_107 Column_108 Column_109 Column_110 Column_111 Column_112 Column_113 Column_114 Column_115 Column_116 Column_117 Column_118
feature_infos=[-6.1350603860835218:6.5902212948372325] [-5.6563692682262818:5.4872523923045282] [-4.8699831936412705:4.1570831193712037] [-4.3103913855127995:3.7861854214241508] [-3.6321919258120077:2.1451965935113884] [-2.5909572098145284:2.3689566693126922] [-4.2141143886524288:3.9410025881352952] [-1.3669807796978382:6.6107424303221407] [-1.6726824778143519:1.6228058544985609] [-3.5896889854114669:2.1868555394768356] [-1.4910446590131281:5.2073002682100071] [-2.4955692381891721:2.172932269163022] [-2.5587804219541663:2.4489364020469107] [-1.4686699446760725:3.9085903037146408] [-2.8417645718393483:2.6265690540601514] [-1.5847574461983109:1.6112466735826232] [-1.776310951246215:1.7835936615689025] [-0.97092564463265885:0.75100737654809802] [-1.0110693197770437:0.76781876107620117] [-0.97092564463265851:0.75100737654809802] [-2.229419660364123:1.6439193212422301] [-3.9833211920745719:4.0721272928257104] [-3.2855483598351314:2.2847622945657151] [-2.3355037392175526:2.6028310174523495] [-2.1381453158104073:1.5669228146452534] [-2.1591720471031142:1.5684402521801832] [-3.3595729167820245:2.0096976594259743] [-1.7922595538955706:1.4050057438539048] [-1.1782543780075934:3.6297288745372471] [-3.7051337337553538:4.2528543563699337] [-3.7065846806242115:4.4861240957594175] [-3.0471818385453782:3.2391260236509201] [-3.181805339707902:3.4187348574864309] [-1.9568770736010839:2.0661896917102331] [-2.188451180322065:2.2152839009149918] [-1.7781844141828242:1.7412274050574919] [-1.7868065415379133:1.8147018751300745] [-1.6028831032106337:3.8365448362021155] [-1.4763282912075182:4.9761943279180256] [-1.4616413159645021:3.7849680842652669] [-1.2328218163973241:3.2797359232318106] [-1.6906657952835142:1.4600973569315396] [-1.9878857565143537:1.734860440620946] [-1.8808742001470049:14.140501053845345] [-182.23363383791562:162.69483669511439] [-397.11984602364515:131.16893569313888] [-324.56194022697241:76.168803682459568] [-1.3783933514296198:2.8429304334920538] [-1.9447187312109406:1.9861564708114674] [-1.1947448146289448:9.0108227240998655] [-4.8921986665684356:4.4518591960696483] [-8.9957168621609807:6.6828873716137958] [-1:1] [-0.95238095238095233:1.1428571428571428] [0:1] [0:1] [-6.4248323925164978:3.3446695350366427] [-3.0138395397872002:2.2665341364775928] [-2.3462428911216708:2.2332578489993344] [-1.0700623569538665:3.0755152593517043] [-2.2256769207393932:1.8647416472641745] [-2.632460445052875:0.57782694734039408] [-4.5549217160510889:3.6709528775796465] [-3.3661536672911145:2.5202418180929742] [-3.0025132756437714:2.0880477012729801] [-3.1058837932455075:4.0712458565765521] [-3.4221526346391165:2.2573596950749195] [-2.3348652561224661:1.5917974902048624] [-0.94468786763482537:2.1803540037406974] [-2.0993719181046955:1.2451889169974579] [-1.3899825765526272:0.34726244319409849] [-4.6318458094467889:7.3062784214641896] [-4.1935674570191512:5.8756316311791652] [-2.4171515602763467:4.2171447541138489] [-1.2878056982568249:4.8558297285568202] [-1.1712422436844641:7.9151376779382794] [-1.251698151415358:2.3181469868425277] [-6.6124837587665484:6.7850165361444503] [-4.6569527542975671:3.614319927797331] [-3.3729838195104089:3.7294043371042056] [-1.2133181860282023:3.589178542550477] [-1.7919209780636189:4.4046685451213197] [-0.79024940466222371:2.0494368916944703] [-11.520858839773082:11.292209285695826] [-6.0555880634502746:5.2972551213869474] [-3.7979782058557299:4.1637413676800294] [-0.98673736911764687:3.0555588465638115] [-2.2164108823150057:4.2887867435626337] [-1.344237627030243:0.70445232232488364] [-3.9565040814172456:2.9687431292111781] [-3.4372225584920288:3.0357539453712743] [-2.5348977863201587:1.70484341196221] [-1.2886841169389405:3.0359676649469169] [-2.0495849613562096:1.8643051033155318] [-1.4092640267823675:0.45782463141655749] [-5.2622029609633953:2.6462837140051008] [-4.071247550259482:3.49397418361088] [-1.8689689304586261:2.8333810528420287] [-1.4485503360648693:4.2301493987489254] [-1.684941305528677:4.5240693423732772] [-1.5099139823367373:1.252236620652843] [-4.259352768115634:2.4584013945610761] [-3.7916347425594772:3.5383262209879276] [-1.9214723829722662:2.6379451918411361] [-1.462576646359715:3.9968445686195224] [-1.5264652522970572:3.9258287829236815] [-1.4755499108667769:1.1790581843548447] [-3.4052855104822695:3.6836318442081639] [-2.230579043573047:2.6800463271529358] [-1.9621055503017224:2.0601943417434239] [-1.4686220080707373:2.033607657027344] [-1.4519711294295161:1.9231109319901636] [-2.2000016213054172:0.59182497157190583] [-3.1154874723498596:3.3147399908685355] [-2.7804256007522339:3.6145216231242241] [-1.666238353524047:2.4241998298005867] [-0.85758461265513397:2.909498167414073] [-1.4190902986572289:2.3417847755436725] [-1.430504127044995:0.99984621031521681]
tree_sizes=607 607 598 783 789 606 786 788 796 601 876 789 874 786 798 696 878 788 889 793 880 787 699 795 888 891 791 894 619 696 621 882 892 621 885 608 807 791 700 800 896 522 714 804 620 803 614 702 701 713 792 795 893 880 893 796 710 702 800 800 620 619 710 803 705 799 901 887 520 623 798 804 884 711 790 522 802 804 891 622

Tree=0
num_leaves=5
num_cat=0
split_feature=38 36 61 42
split_gain=0.0218874 0.0182925 0.0198107 0.00414246
threshold=3.008819650348753 -1.2455672242339679 -1.6998938370497407 0.054743967581036397
decision_type=2 2 2 2
left_child=1 3 -3 -1
right_child=-2 2 -4 -5
leaf_value=-0.00052637402257747681 -0.001986563960285528 -0.0015994358390866003 -0.00093282937919178315 0.00010741830886123224
leaf_weight=66 32 74 1978 22
leaf_count=66 32 74 1978 22
internal_value=-0.000948178 -0.000932651 -0.000956869 -0.000367926
internal_weight=2172 2140 2052 88
internal_count=2172 2140 2052 88
is_linear=0
shrinkage=1


Tree=1
num_leaves=5
num_cat=0
split_feature=38 13 36 47
split_gain=0.0201714 0.0172562 0.0160059 0.00462624
threshold=3.008819650348753 2.2178292160366597 1.1274019881394708 -0.33709937752354385
decision_type=2 2 2 2
left_child=1 2 -1 -3
right_child=-2 3 -4 -5
leaf_value=2.6944842722834209e-05 -0.00099685067652899306 0.0012630128869495821 -0.00043806009505975194 0.0004129687961678775
leaf_weight=1973 32 20 126 21
leaf_count=1973 32 20 126 21
internal_value=-7.58554e-12 1.49062e-05 -9.68746e-07 0.000827624
internal_weight=2172 2140 2099 41
internal_count=2172 2140 2099 41
is_linear=0
shrinkage=0.04


Tree=2
num_leaves=5
num_cat=0
split_feature=38 10 36 18
split_gain=0.01859 0.0169563 0.019438 0.0127542
threshold=3.008819650348753 1.8803675629287062 1.2242659702979521 0.38292142680886804
decision_type=2 2 2 2
left_child=1 2 -1 -3
right_child=-2 3 -4 -5
leaf_value=1.7138911893054923e-05 -0.0009569766430649907 0.00020481486759130278 -0.00061135181873219044 0.001255440881299176
leaf_weight=1978 32 51 82 29
leaf_count=1978 32 51 82 29
internal_value=4.51896e-12 1.43099e-05 -7.87868e-06 0.000585667
internal_weight=2172 2140 2060 80
internal_count=2172 2140 2060 80
is_linear=0
shrinkage=0.04


Tree=3
num_leaves=7
num_cat=0
split_feature=36 61 38 25 109 67
split_gain=0.0176792 0.0183653 0.0186305 0.0115996 0.00459614 0.00334111
threshold=-1.2647984183601648 -1.8822120639032012 3.008819650348753 -0.45059628270585456 -1.2735572796800956 -1.0551471898033957
decision_type=2 2 2 2 2 2
left_child=4 3 -3 -2 -1 -6
right_child=1 2 -4 -5 5 -7
leaf_value=8.6390330794860014e-05 -0.0012695901812985538 1.205551101560479e-05 -0.0010269225476492595 -0.00014770479920994618 0.0010805404206205693 0.00047774269666162229
leaf_weight=22 30 2004 28 29 28 31
leaf_count=22 30 2004 28 29 28 31
internal_value=4.96152e-12 -2.24609e-05 -2.26112e-06 -0.000718155 0.000579824 0.000763816
internal_weight=2172 2091 2032 59 81 59
internal_count=2172 2091 2032 59 81 59
is_linear=0
shrinkage=0.04


Tree=4
num_leaves=7
num_cat=0
split_feature=36 61 28 25 42 88
split_gain=0.0163466 0.0169202 0.0178136 0.0127795 0.00379792 0.00459159
threshold=-1.2455672242339679 -1.6998938370497407 1.4810559760257276 -0.45059628270585456 0.054743967581036397 0.58434245862567702
decision_type=2 2 2 2 2 2
left_child=4 3 -3 -2 5 -1
right_child=1 2 -4 -5 -6 -7
leaf_value=0.00066342900592224825 -0.0011138743565728268 2.2544325577152426e-05 -0.00061399298389952582 -7.6131228911312858e-05 0.00098462202162905173 -1.1779510833579918e-06
leaf_weight=39 39 1933 73 37 22 29
leaf_count=39 39 1933 73 37 22 29
internal_value=-3.10069e-12 -2.28152e-05 -6.19794e-07 -0.000608657 0.000527792 0.000379994
internal_weight=2172 2082 2006 76 90 68
internal_count=2172 2082 2006 76 90 68
is_linear=0
shrinkage=0.04


Tree=5
num_leaves=5
num_cat=0
split_feature=38 10 34 66
split_gain=0.0153958 0.0160732 0.0179657 0.0114954
threshold=3.008819650348753 1.8803675629287062 0.9425291703321016 -0.25332947176158688
decision_type=2 2 2 2
left_child=1 2 -1 -3
right_child=-2 3 -4 -5
leaf_value=2.9508026197617192e-05 -0.00087089053871750369 1.1582002454601665e-05 -0.00037493609362575898 0.00098152901167454921
leaf_weight=1866 32 34 194 46
leaf_count=1866 32 34 194 46
internal_value=4.73674e-14 1.30227e-05 -8.5804e-06 0.000569302
internal_weight=2172 2140 2060 80
internal_count=2172 2140 2060 80
is_linear=0
shrinkage=0.04


Tree=6
num_leaves=7
num_cat=0
split_feature=36 61 38 25 109 67
split_gain=0.0150193 0.0158542 0.0156479 0.00987565 0.00403293 0.00301301
threshold=-1.2647984183601648 -1.8822120639032012 3.008819650348753 -0.45789490892787793 -1.2735572796800956 -1.0551471898033957
decision_type=2 2 2 2 2 2
left_child=4 3 -3 -2 -1 -6
right_child=1 2 -4 -5 5 -7
leaf_value=7.2215317579155613e-05 -0.0012116137059638276 1.1186352152079425e-05 -0.00094099971112362774 -0.0001752575719729066 0.0010075500481096763 0.00043511518645250515
leaf_weight=22 28 2004 28 31 28 31
leaf_count=22 28 2004 28 31 28 31
internal_value=-7.28822e-13 -2.07024e-05 -1.93432e-06 -0.000667088 0.000534429 0.000706779
internal_weight=2172 2091 2032 59 81 59
internal_count=2172 2091 2032 59 81 59
is_linear=0
shrinkage=0.04


Tree=7
num_leaves=7
num_cat=0
split_feature=36 61 28 64 42 88
split_gain=0.0138723 0.014715 0.0155657 0.0121009 0.00343806 0.00409736
threshold=-1.2455672242339679 -1.6998938370497407 1.1614133359457002 -0.58867221971373418 0.054743967581036397 0.58434245862567702
decision_type=2 2 2 2 2 2
left_child=4 3 -3 -2 5 -1
right_child=1 2 -4 -5 -6 -7
leaf_value=0.00061333465485427627 -0.0014119333839043974 2.9252852074278675e-05 -0.00042015159905228451 -0.00026571489005748714 0.0009208581173284487 -1.4485304017053468e-05
leaf_weight=39 20 1874 132 56 22 29
leaf_count=39 20 1874 132 56 22 29
internal_value=-5.29694e-12 -2.10177e-05 -3.19126e-07 -0.000567351 0.00048621 0.000345588
internal_weight=2172 2082 2006 76 90 68
internal_count=2172 2082 2006 76 90 68
is_linear=0
shrinkage=0.04


Tree=8
num_leaves=7
num_cat=0
split_feature=9 28 60 80 28 57
split_gain=0.0131193 0.0116263 0.0157097 0.0142422 0.0109507 0.0057065
threshold=0.99590410711824606 -0.38161067593784986 0.88484328483660335 -0.024256967114009282 1.4810559760257276 -0.2518375014165119
decision_type=2 2 2 2 2 2
left_child=1 2 -1 -3 5 -2
right_child=4 3 -4 -5 -6 -7
leaf_value=-7.953023651202823e-05 -0.00080747024854645134 -6.0526535377143208e-05 -0.0011684692634100263 0.00019762231370325689 -0.0010236566150260548 -7.2429028992250638e-05
leaf_weight=581 20 584 22 825 31 109
leaf_count=581 20 584 22 825 31 109
internal_value=-1.50114e-12 2.77224e-05 -0.000119259 9.06252e-05 -0.00034861 -0.000186389
internal_weight=2172 2012 603 1409 160 129
internal_count=2172 2012 603 1409 160 129
is_linear=0
shrinkage=0.04


Tree=9
num_leaves=5
num_cat=0
split_feature=38 10 36 18
split_gain=0.0128969 0.0149756 0.0168949 0.0111851
threshold=3.008819650348753 1.8803675629287062 1.2242659702979521 0.38292142680886804
decision_type=2 2 2 2
left_child=1 2 -1 -3
right_child=-2 3 -4 -5
leaf_value=1.4390357243011716e-05 -0.00079708589582878637 0.00019221362078051065 -0.00057154781303635411 0.0011760913494749572
leaf_weight=1978 32 51 82 29
leaf_count=1978 32 51 82 29
internal_value=4.99887e-13 1.1919e-05 -8.9334e-06 0.000548869
internal_weight=2172 2140 2060 80
internal_count=2172 2140 2060 80
is_linear=0
shrinkage=0.04


Tree=10
num_leaves=8
num_cat=0
split_feature=4 28 10 36 115 98 76
split_gain=0.0125167 0.0135968 0.0138208 0.0113713 0.0138365 0.0103061 0.00825737
threshold=0.38631519781727208 1.4005651504592629 1.5735580128904774 1.1274019881394708 -0.17038973375419061 1.4305601791771956 0.13714731491809684
decision_type=2 2 2 2 2 2 2
left_child=3 2 -2 5 -5 -1 -3
right_child=1 6 -4 4 -6 -7 -8
leaf_value=6.0337499116229868e-05 -0.00014279279924845183 -0.0012427707623552393 0.0006370203857286236 -0.0013117301944155424 9.6448314070585178e-06 0.00058718507236335429 -0.00029293180826243768
leaf_weight=1421 538 27 39 21 32 62 32
leaf_count=1421 538 27 39 21 32 62 32
internal_value=8.53016e-13 -0.000149225 -9.00845e-05 6.17886e-05 -0.000513919 8.23635e-05 -0.000727604
internal_weight=2172 636 577 1536 53 1483 59
internal_count=2172 636 577 1536 53 1483 59
is_linear=0
shrinkage=0.04


Tree=11
num_leaves=7
num_cat=0
split_feature=36 61 38 25 109 67
split_gain=0.0122962 0.0136383 0.0131447 0.00916803 0.00349632 0.00275689
threshold=-1.2647984183601648 -1.8822120639032012 3.008819650348753 -0.45789490892787793 -1.2735572796800956 -0.80255634040927937
decision_type=2 2 2 2 2 2
left_child=4 3 -3 -2 -1 -6
right_child=1 2 -4 -5 5 -7
leaf_value=5.3192966998639435e-05 -0.0011429011453375486 1.0700815070383092e-05 -0.00086200668963491418 -0.00014436404693931822 0.00087045488752690808 0.00031383802435205633
leaf_weight=22 28 2004 28 31 35 24
leaf_count=22 28 2004 28 31 35 24
internal_value=3.44777e-12 -1.87318e-05 -1.32468e-06 -0.000618246 0.000483559 0.000644034
internal_weight=2172 2091 2032 59 81 59
internal_count=2172 2091 2032 59 81 59
is_linear=0
shrinkage=0.04


Tree=12
num_leaves=8
num_cat=0
split_feature=4 28 10 36 115 98 76
split_gain=0.0114455 0.0124107 0.0128092 0.0104872 0.0127517 0.00962585 0.00752378
threshold=0.38631519781727208 1.4005651504592629 1.5735580128904774 1.1274019881394708 -0.17038973375419061 1.9877614170997606 0.13714731491809684
decision_type=2 2 2 2 2 2 2
left_child=3 2 -2 5 -5 -1 -3
right_child=1 6 -4 4 -6 -7 -8
leaf_value=6.2096387353806999e-05 -0.0001369368606997865 -0.0011870234749383397 0.00061379680027946455 -0.001259689000656917 8.8309982675127679e-06 0.00069894199928221038 -0.00028035785835527348
leaf_weight=1444 538 27 39 21 32 39 32
leaf_count=1444 538 27 39 21 32 39 32
internal_value=1.42973e-12 -0.000142697 -8.6194e-05 5.90853e-05 -0.00049379 7.88442e-05 -0.000695273
internal_weight=2172 636 577 1536 53 1483 59
internal_count=2172 636 577 1536 53 1483 59
is_linear=0
shrinkage=0.04


Tree=13
num_leaves=7
num_cat=0
split_feature=36 61 38 25 109 67
split_gain=0.0111807 0.0126079 0.0120647 0.00847087 0.00321241 0.00259432
threshold=-1.2647984183601648 -1.8822120639032012 3.008819650348753 -0.45059628270585456 -1.2735572796800956 -1.0551471898033957
decision_type=2 2 2 2 2 2
left_child=4 3 -3 -2 -1 -6
right_child=1 2 -4 -5 5 -7
leaf_value=4.8581387805329131e-05 -0.0010655173563864082 1.0395563972660547e-05 -0.00082569253032228776 -0.00010680036410560897 0.0008940179409858372 0.0003628424221589681
leaf_weight=22 30 2004 28 29 28 31
leaf_count=22 30 2004 28 29 28 31
internal_value=-1.81041e-12 -1.7862e-05 -1.12533e-06 -0.000594284 0.000461104 0.000614926
internal_weight=2172 2091 2032 59 81 59
internal_count=2172 2091 2032 59 81 59
is_linear=0
shrinkage=0.04


Tree=14
num_leaves=7
num_cat=0
split_feature=9 28 60 80 28 57
split_gain=0.0108036 0.010767 0.0144818 0.0123737 0.00835989 0.00512546
threshold=0.99590410711824606 -0.38161067593784986 0.88484328483660335 -0.024256967114009282 1.4810559760257276 -0.2518375014165119
decision_type=2 2 2 2 2 2
left_child=1 2 -1 -3 5 -2
right_child=4 3 -4 -5 -6 -7
leaf_value=-7.8144002573167119e-05 -0.00076322485646232972 -5.5197502733603438e-05 -0.001123660041696646 0.00018542246578832751 -0.00090616296180674142 -6.6609665203557587e-05
leaf_weight=581 20 584 22 825 31 109
leaf_count=581 20 584 22 825 31 109
internal_value=1.75606e-12 2.51571e-05 -0.000116289 8.56907e-05 -0.00031635 -0.000174612
internal_weight=2172 2012 603 1409 160 129
internal_count=2172 2012 603 1409 160 129
is_linear=0
shrinkage=0.04


Tree=15
num_leaves=6
num_cat=0
split_feature=36 38 10 39 106
split_gain=0.0105848 0.0115274 0.0154456 0.00687936 0.0061152
threshold=1.2242659702979521 2.7304122450306285 1.9425131994134441 1.1588814867558686 0.23822855093496129
decision_type=2 2 2 2 2
left_child=1 2 -1 4 -2
right_child=3 -3 -4 -5 -6
leaf_value=1.3701017973947331e-05 -0.00037336787353221248 -0.00068072522820502126 0.00070560207116013437 0.00013067579034853864 -0.0011917565048982699
leaf_weight=1986 48 37 53 27 21
leaf_count=1986 48 37 53 27 21
internal_value=-7.77342e-14 1.89886e-05 3.16857e-05 -0.000410628 -0.000622443
internal_weight=2172 2076 2039 96 69
internal_count=2172 2076 2039 96 69
is_linear=0
shrinkage=0.04


Tree=16
num_leaves=8
num_cat=0
split_feature=4 28 10 13 64 36 76
split_gain=0.0100714 0.0105686 0.0113914 0.00962356 0.0174827 0.011054 0.00655069
threshold=0.38631519781727208 1.4005651504592629 1.5735580128904774 0.3043068295964117 -0.20402284136591678 1.1274019881394708 0.13714731491809684
decision_type=2 2 2 2 2 2 2
left_child=3 2 -2 5 -5 -1 -3
right_child=1 6 -4 4 -6 -7 -8
leaf_value=7.1074822227815355e-06 -0.0001295684779538482 -0.0011026261784826163 0.00057839896246337174 -6.2451769207790618e-05 0.0004013978237519441 -0.00074839486769633372 -0.00025662154672318138
leaf_weight=978 538 27 39 235 291 32 32
leaf_count=978 538 27 39 235 291 32 32
internal_value=2.246e-12 -0.000133857 -8.17163e-05 5.54252e-05 0.000194165 -1.68292e-05 -0.000643776
internal_weight=2172 636 577 1536 526 1010 59
internal_count=2172 636 577 1536 526 1010 59
is_linear=0
shrinkage=0.04


Tree=17
num_leaves=7
num_cat=0
split_feature=36 61 38 13 109 67
split_gain=0.00955235 0.0118097 0.0104665 0.00798623 0.00293042 0.00235494
threshold=-1.2647984183601648 -1.8822120639032012 3.008819650348753 1.5342085941313359 -1.2735572796800956 -0.80255634040927937
decision_type=2 2 2 2 2 2
left_child=4 3 -3 -2 -1 -6
right_child=1 2 -4 -5 5 -7
leaf_value=3.2205301633274009e-05 -0.00090765081772891179 1.0418775478128028e-05 -0.00076832370537366454 7.5476241996511826e-05 0.00078238630374627459 0.00026794423485019555
leaf_weight=22 39 2004 28 20 35 24
leaf_count=22 39 2004 28 20 35 24
internal_value=1.91513e-12 -1.65101e-05 -3.11928e-07 -0.000574387 0.000426206 0.000573122
internal_weight=2172 2091 2032 59 81 59
internal_count=2172 2091 2032 59 81 59
is_linear=0
shrinkage=0.04


Tree=18
num_leaves=8
num_cat=0
split_feature=62 105 11 46 35 98 70
split_gain=0.00940287 0.0104373 0.0139084 0.00984202 0.00926577 0.0106243 0.00800783
threshold=-0.27146629075207079 0.17971917608651375 -0.7033247529701584 1.584091750070274 1.2693560423143346 -0.94936641071643713 0.23782713350651438
decision_type=2 2 2 2 2 2 2
left_child=1 3 -3 -1 6 -6 -2
right_child=4 2 -4 -5 5 -7 -8
leaf_value=-6.8204726552415534e-05 -0.00010146893178610232 -0.00019775309903732156 0.00043068655541257157 0.00064040798981509659 -0.0012899194471538067 -0.00019590810093344474 0.00011174210330547559
leaf_weight=404 943 73 247 34 20 49 402
leaf_count=404 943 73 247 34 20 49 402
internal_value=9.43559e-13 0.000113671 0.000287324 -1.31983e-05 -6.09355e-05 -0.000513013 -3.77434e-05
internal_weight=2172 758 320 438 1414 69 1345
internal_count=2172 758 320 438 1414 69 1345
is_linear=0
shrinkage=0.04


Tree=19
num_leaves=7
num_cat=0
split_feature=9 74 38 115 28 47
split_gain=0.00921217 0.0102005 0.0104612 0.00768606 0.00633089 0.0026113
threshold=0.99590410711824606 -1.1604756432732091 -0.19627548452570934 -0.2578423707318736 1.5188976265299494 0.95083995205015659
decision_type=2 2 2 2 2 2
left_child=1 -1 -3 5 -5 -2
right_child=3 2 -4 4 -6 -7
leaf_value=0.00074320714719848882 0.00012784193632926741 -9.9020377125749341e-05 8.8094135794288263e-05 -0.00036565132017924703 -0.0011967002958990633 -0.00033979052657678985
leaf_weight=31 56 806 1175 55 20 29
leaf_count=31 56 806 1175 55 20 29
internal_value=8.25948e-13 2.32304e-05 1.19637e-05 -0.000292123 -0.000587264 -3.17033e-05
internal_weight=2172 2012 1981 160 75 85
internal_count=2172 2012 1981 160 75 85
is_linear=0
shrinkage=0.04


Tree=20
num_leaves=8
num_cat=0
split_feature=4 74 42 98 42 45 91
split_gain=0.00887322 0.00951775 0.00968908 0.00917832 0.0190639 0.00912929 0.00874121
threshold=0.38631519781727208 -1.0127141341500678 0.49879194778561625 1.4305601791771956 0.45464981472343241 -2.1371303108301576 0.18846456597253838
decision_type=2 2 2 2 2 2 2
left_child=3 2 -2 6 -5 -3 -1
right_child=1 5 -4 4 -6 -7 -8
leaf_value=0.00011730077614533442 0.0010343635090711441 0.00030263627019032081 -0.00011661949958652259 4.4766122002675687e-05 0.0015452183580491692 -0.00022189603922756845 -7.9225849819181349e-05
leaf_weight=834 22 59 25 42 20 530 640
leaf_count=834 22 59 25 42 20 530 640
internal_value=-1.58078e-12 -0.000125643 0.000422139 5.2024e-05 0.000528783 -0.000169354 3.19704e-05
internal_weight=2172 636 47 1536 62 589 1474
internal_count=2172 636 47 1536 62 589 1474
is_linear=0
shrinkage=0.04


Tree=21
num_leaves=7
num_cat=0
split_feature=36 61 38 63 109 67
split_gain=0.00865768 0.0107579 0.00954914 0.00795747 0.00262985 0.00229111
threshold=-1.2647984183601648 -1.8822120639032012 3.008819650348753 -0.53243865369777221 -1.2735572796800956 -1.0551471898033957
decision_type=2 2 2 2 2 2
left_child=4 3 -3 -2 -1 -6
right_child=1 2 -4 -5 5 -7
leaf_value=3.2508297696370967e-05 -0.0011730635104080041 9.9917918987625709e-06 -0.00073384224988071113 -0.00020283944321818127 0.00080720998280282537 0.00030803877567391719
leaf_weight=22 21 2004 28 38 28 31
leaf_count=22 21 2004 28 38 28 31
internal_value=-2.204e-13 -1.5718e-05 -2.5789e-07 -0.000548173 0.000405756 0.000544934
internal_weight=2172 2091 2032 59 81 59
internal_count=2172 2091 2032 59 81 59
is_linear=0
shrinkage=0.04


Tree=22
num_leaves=6
num_cat=0
split_feature=36 38 10 39 106
split_gain=0.00846338 0.00917898 0.0132575 0.00590919 0.00512937
threshold=1.2242659702979521 2.7304122450306285 1.9425131994134441 1.1588814867558686 0.23822855093496129
decision_type=2 2 2 2 2
left_child=1 2 -1 4 -2
right_child=3 -3 -4 -5 -6
leaf_value=1.1647465085140163e-05 -0.00033537594732479191 -0.00060740397349503389 0.00065266888307512932 0.00013450382710154238 -0.0010849013454502538
leaf_weight=1986 48 37 53 27 21
leaf_count=1986 48 37 53 27 21
internal_value=-4.38098e-13 1.69795e-05 2.83096e-05 -0.000367181 -0.000563492
internal_weight=2172 2076 2039 96 69
internal_count=2172 2076 2039 96 69
is_linear=0
shrinkage=0.04


Tree=23
num_leaves=7
num_cat=0
split_feature=24 41 28 73 38 91
split_gain=0.00839953 0.00907302 0.00850139 0.0133139 0.00987003 0.00389975
threshold=1.1351726673003013 0.46824605793841206 -0.43020656322540118 -0.13339028292048405 2.7304122450306285 0.17996133652434956
decision_type=2 2 2 2 2 2
left_child=2 -2 3 -1 -4 -3
right_child=1 5 4 -5 -6 -7
leaf_value=0.00010538305888442299 0.00024845008253275108 -0.00043231915863644748 7.808382283506906e-05 -0.00029862812279752687 -0.00058310780271485045 -0.0011289559113793076
leaf_weight=231 24 36 1524 300 37 20
leaf_count=231 24 36 1524 300 37 20
internal_value=5.0899e-13 -0.000402248 1.53823e-05 -0.000122872 6.24118e-05 -0.000681118
internal_weight=2172 80 2092 531 1561 56
internal_count=2172 80 2092 531 1561 56
is_linear=0
shrinkage=0.04


Tree=24
num_leaves=8
num_cat=0
split_feature=62 105 11 46 35 98 70
split_gain=0.00836407 0.00956376 0.0127871 0.00887464 0.00756565 0.00930329 0.0073993
threshold=-0.27146629075207079 0.17971917608651375 -0.7033247529701584 1.584091750070274 1.2693560423143346 -0.94936641071643713 0.23782713350651438
decision_type=2 2 2 2 2 2 2
left_child=1 3 -3 -1 6 -6 -2
right_child=4 2 -4 -5 5 -7 -8
leaf_value=-6.6469288336016281e-05 -9.7770734909079766e-05 -0.00019167788781238442 0.00041089823930791759 0.00060641790159827319 -0.0011929777737241238 -0.00016923761270864278 0.00010717912035124302
leaf_weight=404 943 73 247 34 20 49 402
leaf_count=404 943 73 247 34 20 49 402
internal_value=1.51968e-13 0.000107208 0.000273436 -1.4236e-05 -5.7471e-05 -0.000465974 -3.65143e-05
internal_weight=2172 758 320 438 1414 69 1345
internal_count=2172 758 320 438 1414 69 1345
is_linear=0
shrinkage=0.04


Tree=25
num_leaves=8
num_cat=0
split_feature=4 24 94 110 47 13 86
split_gain=0.00800738 0.009018 0.00986908 0.00880632 0.0112189 0.00783734 0.00288164
threshold=0.38631519781727208 -0.27239203213768709 0.35783563134202367 1.0693727648964599 -0.82899368692926334 1.3868978902623323 0.20536038933545805
decision_type=2 2 2 2 2 2 2
left_child=3 6 -3 4 -1 -5 -2
right_child=1 2 -4 5 -6 -7 -8
leaf_value=-0.00034395634047687057 -0.00083147123347346991 -1.3125308312393674e-05 -0.00062472421999226085 0.00020476480419841491 5.3388016843901719e-05 0.00095521347073372457 -0.00032968837297224301
leaf_weight=125 30 513 46 127 1257 27 47
leaf_count=125 30 513 46 127 1257 27 47
internal_value=2.93915e-13 -0.000119355 -6.34537e-05 4.94206e-05 1.74488e-05 0.000336337 -0.000525188
internal_weight=2172 636 559 1536 1382 154 77
internal_count=2172 636 559 1536 1382 154 77
is_linear=0
shrinkage=0.04


Tree=26
num_leaves=7
num_cat=0
split_feature=36 61 64 28 42 42
split_gain=0.00767294 0.0105089 0.0108556 0.00913751 0.00260463 0.00338064
threshold=-1.2455672242339679 -1.6998938370497407 -0.58867221971373418 1.1614133359457002 0.054743967581036397 -0.3446042775147431
decision_type=2 2 2 2 2 2
left_child=4 2 -2 -3 5 -1
right_child=1 3 -4 -5 -6 -7
leaf_value=0.00042125867597254306 -0.0012772722691297531 2.4518267224050828e-05 -0.00019163425014994572 -0.0003198060557152723 0.00073991770771416753 -0.00019772379915229975
leaf_weight=48 20 1874 56 132 22 20
leaf_count=48 20 1874 56 132 22 20
internal_value=3.02997e-14 -1.56312e-05 -0.000477328 1.86083e-06 0.000361601 0.000239205
internal_weight=2172 2082 76 2006 90 68
internal_count=2172 2082 76 2006 90 68
is_linear=0
shrinkage=0.04


Tree=27
num_leaves=8
num_cat=0
split_feature=62 103 11 25 35 98 74
split_gain=0.00750454 0.00886522 0.0146244 0.00813175 0.00698441 0.00848401 0.00707936
threshold=-0.27146629075207079 0.52747776163854476 -0.7033247529701584 -0.64687566297144772 1.2693560423143346 -0.94936641071643713 -0.097397675813358092
decision_type=2 2 2 2 2 2 2
left_child=1 3 -3 -1 6 -6 -2
right_child=4 2 -4 -5 5 -7 -8
leaf_value=0.00035860192076996803 6.8264095575568573e-05 -0.00036873651041080139 0.00053520459924974212 -4.0954154153515136e-05 -0.0011411903561092914 -0.00016356578818997556 -0.00011641058372114491
leaf_weight=98 598 36 140 484 20 49 747
leaf_count=98 598 36 140 484 20 49 747
internal_value=-2.22684e-13 0.000101551 0.000350308 2.6325e-05 -5.4438e-05 -0.000446935 -3.43024e-05
internal_weight=2172 758 176 582 1414 69 1345
internal_count=2172 758 176 582 1414 69 1345
is_linear=0
shrinkage=0.04


Tree=28
num_leaves=5
num_cat=0
split_feature=74 4 13 97
split_gain=0.00745317 0.00914158 0.00865655 0.0078113
threshold=-1.1604756432732091 0.38631519781727208 0.3043068295964117 -0.17782750185432464
decision_type=2 2 2 2
left_child=-1 2 -2 -3
right_child=1 3 -4 -5
leaf_value=0.0005707554350374267 -2.6390412789430753e-05 -0.00032246096474534475 0.00017413378227448505 -2.8154432224264885e-05
leaf_weight=36 998 233 526 379
leaf_count=36 998 233 526 379
internal_value=-6.55979e-13 -9.61947e-06 4.28194e-05 -0.000140203
internal_weight=2172 2136 1524 612
internal_count=2172 2136 1524 612
is_linear=0
shrinkage=0.04


Tree=29
num_leaves=6
num_cat=0
split_feature=24 41 38 13 102
split_gain=0.00718927 0.00812525 0.00775504 0.0121109 0.00378487
threshold=1.1351726673003013 0.46824605793841206 2.7304122450306285 2.2178292160366597 0.13965557890485672
decision_type=2 2 2 2 2
left_child=2 -2 3 -1 -3
right_child=1 4 -4 -5 -6
leaf_value=1.0883463014559008e-05 0.00024363309271090356 -0.000307199806814294 -0.00055972198279247295 0.00071377160884730979 -0.00096489035125289638
leaf_weight=2015 24 28 37 40 28
leaf_count=2015 24 28 37 40 28
internal_value=-5.6902e-13 -0.000372142 1.4231e-05 2.4565e-05 -0.000636045
internal_weight=2172 80 2092 2055 56
internal_count=2172 80 2092 2055 56
is_linear=0
shrinkage=0.04


Tree=30
num_leaves=5
num_cat=0
split_feature=74 4 110 24
split_gain=0.00688512 0.00830485 0.00846058 0.0073773
threshold=-1.1604756432732091 0.38631519781727208 0.97914396638014634 -0.27239203213768709
decision_type=2 2 2 2
left_child=-1 2 -2 -3
right_child=1 3 -4 -5
leaf_value=0.00054857407121744473 6.1363503699031608e-06 -0.00049977955508178902 0.00029745960017284813 -8.1022333613244341e-05
leaf_weight=36 1343 77 181 535
leaf_count=36 1343 77 181 535
internal_value=-6.82546e-13 -9.24563e-06 4.07358e-05 -0.000133709
internal_weight=2172 2136 1524 612
internal_count=2172 2136 1524 612
is_linear=0
shrinkage=0.04


Tree=31
num_leaves=8
num_cat=0
split_feature=62 59 41 10 63 4 29
split_gain=0.0066895 0.00827827 0.0071596 0.00672391 0.00651835 0.0132291 0.00618829
threshold=-0.27146629075207079 1.4380456730104105 -0.33036181407694704 0.83682450313810353 1.2082789995235432 0.54945690186015139 -0.44737354366948173
decision_type=2 2 2 2 2 2 2
left_child=1 3 -3 -1 6 -6 -2
right_child=4 2 -4 -5 5 -7 -8
leaf_value=0.00010160247560767555 0.00014960288141284964 1.4846088909377744e-05 0.00084059816492039572 -0.00027280817557105117 0.001107942061903684 -0.00014173549709305393 -0.00010221484956296754
leaf_weight=600 180 28 42 88 23 33 1178
leaf_count=600 180 28 42 88 23 33 1178
internal_value=5.61383e-13 9.58775e-05 0.000510297 5.37127e-05 -5.13969e-05 0.000371525 -6.88369e-05
internal_weight=2172 758 70 688 1414 56 1358
internal_count=2172 758 70 688 1414 56 1358
is_linear=0
shrinkage=0.04


Tree=32
num_leaves=8
num_cat=0
split_feature=9 28 73 80 115 42 47
split_gain=0.0065125 0.00834522 0.0122015 0.00878902 0.00646091 0.00508781 0.00291661
threshold=0.99590410711824606 -0.43020656322540118 -0.13339028292048405 -0.024256967114009282 -0.15537310075047114 0.38711494072779568 0.95083995205015659
decision_type=2 2 2 2 2 2 2
left_child=1 2 -1 -3 6 -6 -2
right_child=4 3 -4 -5 5 -7 -8
leaf_value=0.00010199494059618412 0.0001289293657583719 -4.6678872092577579e-05 -0.00028477090826296869 0.00015088553054351219 -0.001085915355011821 -0.00031647666905138807 -0.00032914502759064947
leaf_weight=231 61 619 300 862 20 44 35
leaf_count=231 61 619 300 862 20 44 35
internal_value=-4.10166e-13 1.95321e-05 -0.000116517 6.83113e-05 -0.000245617 -0.000556926 -3.80769e-05
internal_weight=2172 2012 531 1481 160 64 96
internal_count=2172 2012 531 1481 160 64 96
is_linear=0
shrinkage=0.04


Tree=33
num_leaves=5
num_cat=0
split_feature=74 4 117 97
split_gain=0.00644793 0.00723573 0.00814512 0.00708696
threshold=-1.1604756432732091 0.38631519781727208 1.9772434338121299 -0.17782750185432464
decision_type=2 2 2 2
left_child=-1 2 -2 -3
right_child=1 3 -4 -5
leaf_value=0.00053087160877314293 2.5055025596417753e-05 -0.00029872600075737834 0.00071363835312825228 -1.8396868709429344e-05
leaf_weight=36 1496 233 28 379
leaf_count=36 1496 233 28 379
internal_value=-6.08507e-13 -8.94727e-06 3.77062e-05 -0.000125123
internal_weight=2172 2136 1524 612
internal_count=2172 2136 1524 612
is_linear=0
shrinkage=0.04


Tree=34
num_leaves=8
num_cat=0
split_feature=36 81 10 93 33 46 36
split_gain=0.00623497 0.00917215 0.0112338 0.00755378 0.0116602 0.00913878 0.0047478
threshold=1.1274019881394708 -0.10455957744326587 0.12171459093490093 0.058559746023368421 -0.74290399604546342 1.0000000180025095e-35 1.2242659702979521
decision_type=2 2 2 2 2 2 2
left_child=3 2 -2 5 -5 -1 -3
right_child=1 6 -4 4 -6 -7 -8
leaf_value=0.00020516365755537635 -0.0013177861622049628 0.00053172232874203478 -0.000117689913425308 0.00016642047119346578 -0.00014951321345631316 -2.65873977892065e-05 -0.00018297859214663761
leaf_weight=543 24 20 26 255 700 546 58
leaf_count=543 24 20 26 255 700 546 58
internal_value=8.42246e-14 -0.000270821 -0.000693736 1.69595e-05 -6.5154e-05 8.89689e-05 2.78054e-07
internal_weight=2172 128 50 2044 955 1089 78
internal_count=2172 128 50 2044 955 1089 78
is_linear=0
shrinkage=0.04


Tree=35
num_leaves=5
num_cat=0
split_feature=38 13 47 47
split_gain=0.0061703 0.0102147 0.0113342 0.0035433
threshold=3.008819650348753 2.2178292160366597 -0.91738395201435874 -0.33709937752354385
decision_type=2 2 2 2
left_child=1 2 -1 -3
right_child=-2 3 -4 -5
leaf_value=-0.00037978103457014887 -0.00055133431548711083 0.001014568901155144 1.9019904742670026e-05 0.00027064068608784251
leaf_weight=121 32 20 1978 21
leaf_count=121 32 20 1978 21
internal_value=3.37649e-13 8.24425e-06 -3.96957e-06 0.000633532
internal_weight=2172 2140 2099 41
internal_count=2172 2140 2099 41
is_linear=0
shrinkage=0.04


Tree=36
num_leaves=7
num_cat=0
split_feature=62 74 46 118 79 102
split_gain=0.00611767 0.00994052 0.00875569 0.00808582 0.00659067 0.00555783
threshold=0.3081354791967551 -1.1604756432732091 2.0263481949859066 -0.30049146003272548 -0.026067835350456797 0.47654708177989119
decision_type=2 2 2 2 2 2
left_child=1 -1 -3 4 -2 -5
right_child=3 2 -4 5 -6 -7
leaf_value=0.00087290261588666746 -0.00013812838862489036 8.0313241124079496e-06 0.00040758859240474734 -0.00026620270794220426 0.00029023519376865944 3.1905790194708759e-05
leaf_weight=23 103 1320 94 364 130 138
leaf_count=23 103 1320 94 364 130 138
internal_value=9.08322e-14 4.80107e-05 3.45931e-05 -9.38659e-05 0.000100873 -0.000184253
internal_weight=2172 1437 1414 735 233 502
internal_count=2172 1437 1414 735 233 502
is_linear=0
shrinkage=0.04


Tree=37
num_leaves=7
num_cat=0
split_feature=36 61 64 28 91 67
split_gain=0.00598126 0.0090178 0.0107392 0.0067203 0.00234995 0.00283685
threshold=-1.2647984183601648 -1.6998938370497407 -0.58867221971373418 1.1614133359457002 0.93483969428098412 -0.80255634040927937
decision_type=2 2 2 2 2 2
left_child=4 2 -2 -3 5 -1
right_child=1 3 -4 -5 -6 -7
leaf_value=0.00072509105422795988 -0.0012353816498070955 2.2840713425445366e-05 -0.00015807769432859986 -0.00026834279199486929 -4.8772934014382574e-06 0.00016258022694203716
leaf_weight=32 20 1878 57 136 23 26
leaf_count=32 20 1878 57 136 23 26
internal_value=1.91697e-13 -1.30645e-05 -0.000437897 3.17787e-06 0.000337257 0.000472931
internal_weight=2172 2091 77 2014 81 58
internal_count=2172 2091 77 2014 81 58
is_linear=0
shrinkage=0.04


Tree=38
num_leaves=6
num_cat=0
split_feature=9 28 91 74 74
split_gain=0.0059105 0.00832733 0.010077 0.0095129 0.00416059
threshold=-1.5815431501112336 1.1614133359457002 1.1420596193054358 0.94085297969184678 0.43821297460610376
decision_type=2 2 2 2 2
left_child=4 2 -2 -3 -1
right_child=1 3 -4 -5 -6
leaf_value=9.3870220104387645e-05 2.4929139451327606e-05 -0.00044491291411925821 -0.00062447964177968413 0.00039720007820645922 0.00086482406549510504
leaf_weight=24 1939 123 39 26 21
leaf_count=24 1939 123 39 26 21
internal_value=-1.74347e-13 -9.59765e-06 1.21248e-05 -0.000297967 0.000453649
internal_weight=2172 2127 1978 149 45
internal_count=2172 2127 1978 149 45
is_linear=0
shrinkage=0.04


Tree=39
num_leaves=7
num_cat=0
split_feature=35 97 40 11 98 46
split_gain=0.00565972 0.00745754 0.0139771 0.00899397 0.00495448 0.00283838
threshold=1.3011972729358123 -0.013866570026470614 -0.87353347958117722 0.83285887424158744 -0.68603908672562042 0.27123756731108306
decision_type=2 2 2 2 2 2
left_child=1 3 -3 -1 -2 -6
right_child=4 2 -4 -5 5 -7
leaf_value=-1.8873959544227092e-05 -0.00083302918092712105 -0.0006355239078402519 0.00011806853379676889 -0.00037283774223160853 -0.00048797503137029707 0.00013143679946018704
leaf_weight=932 23 41 996 131 20 29
leaf_count=932 23 41 996 131 20 29
internal_value=1.41891e-13 1.1956e-05 8.82737e-05 -6.24951e-05 -0.000348715 -0.000121384
internal_weight=2172 2100 1037 1063 72 49
internal_count=2172 2100 1037 1063 72 49
is_linear=0
shrinkage=0.04


Tree=40
num_leaves=8
num_cat=0
split_feature=62 94 90 64 47 47 94
split_gain=0.00549987 0.00778007 0.0114661 0.00597382 0.00929881 0.00765456 0.00472745
threshold=-0.27146629075207079 -0.16916655185333165 0.42352448214655253 0.15542446052959333 -0.40409661900294497 -0.87340206887420535 -1.1117533405091666
decision_type=2 2 2 2 2 2 2
left_child=1 6 -3 5 -5 -2 -1
right_child=3 2 -4 4 -6 -7 -8
leaf_value=0.00038493165022483679 -0.0005221239288563512 0.0003532796733223064 -6.207008445169441e-05 0.00033439527622610663 -3.8672063590029501e-05 -7.9225770846475153e-05 -0.00012164059111231495
leaf_weight=33 68 276 173 141 442 763 276
leaf_count=33 68 276 173 141 442 763 276
internal_value=-8.9308e-13 8.69354e-05 0.000193245 -4.66033e-05 5.15552e-05 -0.000115468 -6.75406e-05
internal_weight=2172 758 449 1414 583 831 309
internal_count=2172 758 449 1414 583 831 309
is_linear=0
shrinkage=0.04


Tree=41
num_leaves=4
num_cat=0
split_feature=38 117 10
split_gain=0.00550465 0.00961224 0.00977376
threshold=3.008819650348753 1.9772434338121299 1.8803675629287062
decision_type=2 2 2
left_child=1 2 -1
right_child=-2 -3 -4
leaf_value=-1.9411761723531887e-05 -0.00052074696370254972 0.0007187482059622805 0.00043134165169612975
leaf_weight=2030 32 30 80
leaf_count=2030 32 30 80
internal_value=-3.78772e-13 7.78687e-06 -2.32158e-06
internal_weight=2172 2140 2110
internal_count=2172 2140 2110
is_linear=0
shrinkage=0.04


Tree=42
num_leaves=6
num_cat=0
split_feature=15 28 80 41 115
split_gain=0.00539396 0.00653411 0.0115029 0.00752606 0.00540753
threshold=1.1664344236637858 -0.43020656322540118 -0.25711895617178676 0.70810435959726603 -0.36417720189439862
decision_type=2 2 2 2 2
left_child=1 2 -1 -3 -2
right_child=4 3 -4 -5 -6
leaf_value=6.8795426614154411e-05 1.9885289926875246e-05 8.4311819457020686e-05 -0.00030482310710666589 -0.00017539362462731534 -0.00076674880411732821
leaf_weight=273 27 1383 255 205 29
leaf_count=273 27 1383 255 205 29
internal_value=-3.56596e-14 1.02546e-05 -0.000111645 5.07856e-05 -0.000387479
internal_weight=2172 2116 528 1588 56
internal_count=2172 2116 528 1588 56
is_linear=0
shrinkage=0.04


Tree=43
num_leaves=7
num_cat=0
split_feature=46 46 60 36 24 25
split_gain=0.00539744 0.00921534 0.0162962 0.00929825 0.00772341 0.00759946
threshold=2.2192365338978477 1.0000000180025095e-35 0.76391221799266351 1.0605144958925561 0.63843763710193169 0.065325487504811028
decision_type=2 2 2 2 2 2
left_child=1 3 -3 -1 5 -2
right_child=4 2 -4 -5 -6 -7
leaf_value=9.1516771145151352e-05 0.00028899429463596855 -4.4814418975571476e-05 -0.00053923715454927542 -0.00039159449758966841 0.00072156112950515791 -0.00038350889564026146
leaf_weight=1018 82 803 123 68 38 40
leaf_count=1018 82 803 123 68 38 40
internal_value=-9.21521e-13 -1.77816e-05 -0.000110488 6.12667e-05 0.000223603 6.85014e-05
internal_weight=2172 2012 926 1086 160 122
internal_count=2172 2012 926 1086 160 122
is_linear=0
shrinkage=0.04


Tree=44
num_leaves=5
num_cat=0
split_feature=74 39 26 41
split_gain=0.00540733 0.00626457 0.0110081 0.00798347
threshold=-1.1604756432732091 -0.58693372484227202 -0.64357108823332831 0.71702197012848956
decision_type=2 2 2 2
left_child=-1 2 -2 -3
right_child=1 3 -4 -5
leaf_value=0.0004861505715396359 -0.00094039632393374899 5.1282569166791193e-05 -9.8716811168806151e-05 -0.00021859484796252755
leaf_weight=36 27 1598 314 197
leaf_count=36 27 1598 314 197
internal_value=7.37627e-13 -8.19355e-06 -0.00016536 2.16637e-05
internal_weight=2172 2136 341 1795
internal_count=2172 2136 341 1795
is_linear=0
shrinkage=0.04


Tree=45
num_leaves=7
num_cat=0
split_feature=62 74 118 46 39 102
split_gain=0.00527344 0.00881716 0.00760009 0.0075858 0.00597098 0.0052367
threshold=0.3081354791967551 -1.1604756432732091 -0.25977570782282206 2.0263481949859066 0.19293436865156735 0.51776274564477942
decision_type=2 2 2 2 2 2
left_child=1 -1 4 -3 -2 -4
right_child=2 3 5 -5 -6 -7
leaf_value=0.00082146007527151828 -8.7448872799103384e-05 7.2146738371388486e-06 -0.00025772821633414708 0.00037912178420346541 0.00030570549071406983 4.0370895060277693e-05
leaf_weight=23 135 1320 358 94 114 128
leaf_count=23 135 1320 358 94 114 128
internal_value=6.67633e-14 4.45751e-05 -8.71488e-05 3.19383e-05 9.25495e-05 -0.000179217
internal_weight=2172 1437 735 1414 249 486
internal_count=2172 1437 735 1414 249 486
is_linear=0
shrinkage=0.04


Tree=46
num_leaves=5
num_cat=0
split_feature=38 13 47 47
split_gain=0.00515064 0.00884337 0.0100726 0.00320248
threshold=3.008819650348753 2.2178292160366597 -0.91738395201435874 -0.33709937752354385
decision_type=2 2 2 2
left_child=1 2 -1 -3
right_child=-2 3 -4 -5
leaf_value=-0.00035811099304609801 -0.00050372387158859055 0.00095158365694805985 1.7840152190991074e-05 0.00024433803650373149
leaf_weight=121 32 20 1978 21
leaf_count=121 32 20 1978 21
internal_value=-5.11092e-13 7.53232e-06 -3.83211e-06 0.000589336
internal_weight=2172 2140 2099 41
internal_count=2172 2140 2099 41
is_linear=0
shrinkage=0.04


Tree=47
num_leaves=6
num_cat=0
split_feature=9 61 63 6 74
split_gain=0.00519183 0.00826751 0.00924586 0.00593898 0.00367502
threshold=-1.5815431501112336 -1.6751629657039719 -0.58783479911405701 -1.4053586150913289 0.43821297460610376
decision_type=2 2 2 2 2
left_child=4 2 -2 -3 -1
right_child=1 3 -4 -5 -6
leaf_value=8.7042069062590605e-05 -0.001044627910790344 -0.00035038050662555646 -0.00015074578895704982 2.2053111630918939e-05 0.00081161264463194783
leaf_weight=24 24 71 81 1951 21
leaf_count=24 24 71 81 1951 21
internal_value=5.76332e-13 -8.99524e-06 -0.000355062 8.97557e-06 0.000425175
internal_weight=2172 2127 105 2022 45
internal_count=2172 2127 105 2022 45
is_linear=0
shrinkage=0.04


Tree=48
num_leaves=6
num_cat=0
split_feature=24 41 38 10 102
split_gain=0.00515786 0.00644852 0.00579386 0.00946666 0.00378876
threshold=1.1351726673003013 0.46824605793841206 2.7304122450306285 1.9425131994134441 0.13965557890485672
decision_type=2 2 2 2 2
left_child=2 -2 3 -1 -3
right_child=1 4 -4 -5 -6
leaf_value=6.7491270625851028e-06 0.00023336092078049357 -0.00022129871416836977 -0.00048404492676962875 0.00053869562092321839 -0.00087932666547463421
leaf_weight=2000 24 28 37 55 28
leaf_count=2000 24 28 37 55 28
internal_value=1.12993e-12 -0.000315211 1.20539e-05 2.09861e-05 -0.000550313
internal_weight=2172 80 2092 2055 56
internal_count=2172 80 2092 2055 56
is_linear=0
shrinkage=0.04


Tree=49
num_leaves=6
num_cat=0
split_feature=62 47 74 46 8
split_gain=0.00501524 0.00642106 0.00578492 0.00654536 0.00457589
threshold=0.71128420548782822 -0.84483230931276154 -1.2288993254812197 2.0263481949859066 -0.48824939705421083
decision_type=2 2 2 2 2
left_child=2 -2 -1 -4 -3
right_child=1 4 3 -5 -6
leaf_value=0.00065878507417991108 -0.00077796160962189667 -0.00037519013697925001 -1.0931452243312378e-06 0.00029923599093424852 -1.9749957539804785e-05
leaf_weight=23 23 72 1632 125 297
leaf_count=23 23 72 1632 125 297
internal_value=-7.85599e-13 -0.000129522 2.85239e-05 2.02735e-05 -8.91041e-05
internal_weight=2172 392 1780 1757 369
internal_count=2172 392 1780 1757 369
is_linear=0
shrinkage=0.04


Tree=50
num_leaves=7
num_cat=0
split_feature=36 61 64 110 7 44
split_gain=0.00498187 0.0081998 0.00927043 0.00570506 0.00247194 0.0028195
threshold=-1.2647984183601648 -1.6998938370497407 -0.58867221971373418 -0.0053167914126466195 1.3385259350946581 -0.030778045547915259
decision_type=2 2 2 2 2 2
left_child=4 2 -2 -3 5 -1
right_child=1 3 -4 -5 -6 -7
leaf_value=0.00010291053751564545 -0.0011579762306064367 -6.126320943325195e-05 -0.00015704799091173827 7.347778313132864e-05 -4.310799195714619e-05 0.00067302524089297685
leaf_weight=23 20 1045 57 969 23 35
leaf_count=23 20 1045 57 969 23 35
internal_value=-5.45529e-14 -1.19232e-05 -0.000417029 3.565e-06 0.000307794 0.000446945
internal_weight=2172 2091 77 2014 81 58
internal_count=2172 2091 77 2014 81 58
is_linear=0
shrinkage=0.04


Tree=51
num_leaves=7
num_cat=0
split_feature=26 36 81 46 94 81
split_gain=0.00502103 0.0056933 0.00977938 0.00759105 0.00409243 0.000802441
threshold=1.1151742718819475 1.1274019881394708 -0.10455957744326587 1.0000000180025095e-35 0.21122961310774177 -0.30560511846648791
decision_type=2 2 2 2 2 2
left_child=1 3 -3 -1 5 -2
right_child=4 2 -4 -5 -6 -7
leaf_value=0.0001065950694936899 6.2670705891731713e-05 -0.00072173352447053841 2.0505810162512128e-05 -5.0444762119305117e-05 -0.0006706866808235645 -0.00026276967477646066
leaf_weight=988 27 45 77 982 31 22
leaf_count=988 27 45 77 982 31 22
internal_value=6.83293e-14 1.1893e-05 -0.000253271 2.83143e-05 -0.000311001 -8.34454e-05
internal_weight=2172 2092 122 1970 80 49
internal_count=2172 2092 122 1970 80 49
is_linear=0
shrinkage=0.04


Tree=52
num_leaves=8
num_cat=0
split_feature=103 11 40 13 64 26 61
split_gain=0.00482673 0.00916406 0.00906559 0.00902797 0.0110642 0.0102251 0.00658696
threshold=-0.15093480121068029 0.90134381505599592 0.40250088174546089 -0.59147273627342678 -0.20402284136591678 -0.64357108823332831 -1.6550954443993307
decision_type=2 2 2 2 2 2 2
left_child=1 6 -3 5 -5 -2 -1
right_child=3 2 -4 4 -6 -7 -8
leaf_value=-0.00043449832000217196 -0.00094576652564753137 -0.00019376856722925421 -0.0010638212835140249 -6.4073129695878624e-05 0.00019770268349976011 -8.7765073250588088e-05 4.2459997157014809e-06
leaf_weight=59 26 66 27 427 654 153 760
leaf_count=59 26 66 27 427 654 153 760
internal_value=7.21143e-13 -7.00881e-05 -0.000446365 5.07304e-05 9.43e-05 -0.000212391 -2.73607e-05
internal_weight=2172 912 93 1260 1081 179 819
internal_count=2172 912 93 1260 1081 179 819
is_linear=0
shrinkage=0.04


Tree=53
num_leaves=8
num_cat=0
split_feature=45 74 26 73 42 68 76
split_gain=0.00482054 0.010734 0.00687957 0.00825624 0.00610655 0.00537457 0.00314758
threshold=-1.7122498000528947 0.50516257995001823 1.0531974988182775 -0.15251327579162754 0.19200801060017234 1.0607524438874558 -0.13403171479606593
decision_type=2 2 2 2 2 2 2
left_child=1 4 3 -2 -1 -3 -4
right_child=2 5 6 -5 -6 -7 -8
leaf_value=-0.00025611145573849274 0.0001020586352241 0.00033532982950823173 -0.00077813125579901364 -6.9121841444549594e-05 0.00029539323448010815 0.0011181149954063586 -0.00022234975983987431
leaf_weight=72 733 36 23 1171 58 23 56
leaf_count=72 733 36 23 1171 58 23 56
internal_value=-2.77806e-13 0.000193023 -1.8397e-05 -3.22095e-06 -1.00555e-05 0.000640483 -0.00038416
internal_weight=2172 189 1983 1904 130 59 79
internal_count=2172 189 1983 1904 130 59 79
is_linear=0
shrinkage=0.04


Tree=54
num_leaves=8
num_cat=0
split_feature=62 105 11 63 63 106 111
split_gain=0.00474533 0.00702379 0.0100062 0.00715221 0.00580434 0.011167 0.00520714
threshold=-0.27146629075207079 0.17971917608651375 -0.67579232852561233 0.2471584803653448 1.2082789995235432 -0.15951872995470354 -0.93538561013594601
decision_type=2 2 2 2 2 2 2
left_child=1 3 -3 -1 6 -6 -2
right_child=4 2 -4 -5 5 -7 -8
leaf_value=9.3328399424434701e-05 -0.00038837018670763001 -0.00017414913023670821 0.0003491162761701884 -0.00024729552908684126 0.0010080338068655691 -0.00013337792649963378 -4.1076821227152997e-05
leaf_weight=288 73 77 243 150 24 32 1285
leaf_count=288 73 77 243 150 24 32 1285
internal_value=2.59013e-13 8.0752e-05 0.000223206 -2.33236e-05 -4.32886e-05 0.000355799 -5.97458e-05
internal_weight=2172 758 320 438 1414 56 1358
internal_count=2172 758 320 438 1414 56 1358
is_linear=0
shrinkage=0.04


Tree=55
num_leaves=7
num_cat=0
split_feature=9 53 80 94 10 41
split_gain=0.0046781 0.00693074 0.0106677 0.00670087 0.00945851 0.0054667
threshold=0.48713512087756833 0.85714285714285721 0.14949448767231593 0.4042241586435697 1.5735580128904774 -0.43021882113429605
decision_type=2 2 2 2 2 2
left_child=1 2 -1 4 -2 -3
right_child=3 5 -4 -5 -6 -7
leaf_value=-0.00010232995996535039 -0.00012665600914343582 -0.0001478319339480044 0.00011663634750382258 -0.00077129948317356727 0.00048716274059684527 0.00034766983224333631
leaf_weight=752 461 45 676 23 44 171
leaf_count=752 461 45 676 23 44 171
internal_value=-1.12213e-12 3.32683e-05 1.32636e-06 -0.000103586 -7.31748e-05 0.00024444
internal_weight=2172 1644 1428 528 505 216
internal_count=2172 1644 1428 528 505 216
is_linear=0
shrinkage=0.04


Tree=56
num_leaves=6
num_cat=0
split_feature=36 93 112 86 10
split_gain=0.00461225 0.00605781 0.00837436 0.00750832 0.00271666
threshold=-1.3309024050166995 0.063226594439600214 0.14792568259236086 -0.81108499093508324 0.87821710437308598
decision_type=2 2 2 2 2
left_child=4 2 -2 -3 -1
right_child=1 3 -4 -5 -6
leaf_value=0.00056472915929690426 0.00015927823676930883 0.00038587977769602015 -5.4423463424302897e-05 -0.00011326444922873042 3.3948938534767543e-05
leaf_weight=36 576 51 598 884 27
leaf_count=36 576 51 598 884 27
internal_value=-5.94773e-14 -1.00744e-05 5.04251e-05 -8.60384e-05 0.000337252
internal_weight=2172 2109 1174 935 63
internal_count=2172 2109 1174 935 63
is_linear=0
shrinkage=0.04


Tree=57
num_leaves=6
num_cat=0
split_feature=9 91 28 31 5
split_gain=0.00455848 0.00679418 0.0083906 0.00702506 0.00318241
threshold=-1.5815431501112336 0.88298186774303644 1.1830041027316651 -0.6539847048857278 -0.94172232762851271
decision_type=2 2 2 2 2
left_child=4 2 -2 -3 -1
right_child=1 3 -4 -5 -6
leaf_value=9.7529809083789584e-05 3.1242207465262949e-05 7.6506857120835074e-06 -0.000309828124198366 -0.00056946106148911095 0.00077448416547849775
leaf_weight=25 1869 67 123 68 20
leaf_count=25 1869 67 123 68 20
internal_value=-5.64322e-13 -8.42874e-06 1.01821e-05 -0.000283043 0.000398398
internal_weight=2172 2127 1992 135 45
internal_count=2172 2127 1992 135 45
is_linear=0
shrinkage=0.04


Tree=58
num_leaves=7
num_cat=0
split_feature=47 61 18 13 35 41
split_gain=0.00449121 0.0109798 0.00879661 0.00615924 0.0107701 0.00848319
threshold=-0.91738395201435874 0.25024437361900098 0.36266909539781628 -0.58323228792944848 -0.2582621257098548 0.71702197012848956
decision_type=2 2 2 2 2 2
left_child=1 2 -1 4 -2 -5
right_child=3 -3 -4 5 -6 -7
leaf_value=-0.00075491607165500767 0.00030557496961209572 0.00035291675000304453 2.5427429921508427e-05 7.8630025108916463e-05 -0.00025418259164772077 -0.00019873683871192042
leaf_weight=59 69 38 38 1497 271 200
leaf_count=59 69 38 38 1497 271 200
internal_value=4.70467e-13 -0.000223429 -0.000449214 1.48075e-05 -0.000140585 4.59409e-05
internal_weight=2172 135 97 2037 340 1697
internal_count=2172 135 97 2037 340 1697
is_linear=0
shrinkage=0.04


Tree=59
num_leaves=7
num_cat=0
split_feature=35 97 40 11 105 92
split_gain=0.00442847 0.00586116 0.0115742 0.00694191 0.00420498 0.00311745
threshold=1.3011972729358123 -0.013866570026470614 -0.87353347958117722 0.83285887424158744 0.46621343506008345 -0.55340108678894218
decision_type=2 2 2 2 2 2
left_child=1 3 -3 -1 -2 -6
right_child=4 2 -4 -5 5 -7
leaf_value=-1.710428870209371e-05 9.8139545969808334e-05 -0.00058041616388392156 0.0001053469573783087 -0.0003280771235030727 -0.00091372921224683518 -0.00024947116639500912
leaf_weight=932 26 41 996 131 20 26
leaf_count=932 26 41 996 131 20 26
internal_value=9.40649e-14 1.05758e-05 7.82339e-05 -5.54274e-05 -0.000308461 -0.000538279
internal_weight=2172 2100 1037 1063 72 46
internal_count=2172 2100 1037 1063 72 46
is_linear=0
shrinkage=0.04


Tree=60
num_leaves=5
num_cat=0
split_feature=26 46 46 68
split_gain=0.00438116 0.00494795 0.00874274 0.00796859
threshold=1.3671894238092446 1.0000000180025095e-35 1.3921888795824844 1.6772440601274761
decision_type=2 2 2 2
left_child=1 3 -3 -1
right_child=-2 2 -4 -5
leaf_value=4.7967668970625772e-05 -0.00053744776523672049 -0.00011613495913815189 0.00015434111696278354 0.00068888241235981701
leaf_weight=1033 24 835 248 32
leaf_count=1033 24 835 248 32
internal_value=-4.59069e-13 6.005e-06 -5.41977e-05 6.72252e-05
internal_weight=2172 2148 1083 1065
internal_count=2172 2148 1083 1065
is_linear=0
shrinkage=0.04


Tree=61
num_leaves=5
num_cat=0
split_feature=109 97 11 40
split_gain=0.00429364 0.00459771 0.00821085 0.00776574
threshold=1.5718275338472634 -0.17782750185432464 0.90134381505599592 -0.88545460254232822
decision_type=2 2 2 2
left_child=1 2 -1 -3
right_child=-2 3 -4 -5
leaf_value=-2.150538370792314e-05 -0.00043320397497154773 -0.0004415936601193001 -0.00042631375944121542 7.7338467263213796e-05
leaf_weight=808 36 48 89 1191
leaf_count=808 36 48 89 1191
internal_value=5.06223e-13 7.30119e-06 -6.16703e-05 5.72346e-05
internal_weight=2172 2136 897 1239
internal_count=2172 2136 897 1239
is_linear=0
shrinkage=0.04


Tree=62
num_leaves=6
num_cat=0
split_feature=62 47 74 46 8
split_gain=0.00427725 0.00568322 0.00509511 0.00561839 0.00422488
threshold=0.71128420548782822 -0.84483230931276154 -1.2288993254812197 2.0263481949859066 -0.48824939705421083
decision_type=2 2 2 2 2
left_child=2 -2 -1 -4 -3
right_child=1 4 3 -5 -6
leaf_value=0.00061783371250266617 -0.00072966047282376238 -0.00035648305084679227 -1.197013593631638e-06 0.0002770539857982658 -1.494756777062722e-05
leaf_weight=23 23 72 1632 125 297
leaf_count=23 23 72 1632 125 297
internal_value=-3.38975e-13 -0.000119613 2.63418e-05 1.85989e-05 -8.15886e-05
internal_weight=2172 392 1780 1757 369
internal_count=2172 392 1780 1757 369
is_linear=0
shrinkage=0.04


Tree=63
num_leaves=7
num_cat=0
split_feature=47 61 10 53 41 42
split_gain=0.00418097 0.00986691 0.00488896 0.00869798 0.00795148 0.00442718
threshold=-1.025226592159705 -0.37435419051580798 -0.21211446492986463 0.85714285714285721 0.70810435959726603 -0.034595853279743259
decision_type=2 2 2 2 2 2
left_child=1 -1 3 -2 -4 -3
right_child=2 5 4 -5 -6 -7
leaf_value=-0.0010547591336071492 -0.00012816992551531505 0.00037424367414787415 9.2030961249733577e-05 0.00021997759532515907 -0.00023013956813366037 -0.00036446532394081635
leaf_weight=20 660 25 1164 139 137 27
leaf_count=20 660 25 1164 139 137 27
internal_value=-7.34061e-13 -0.000299717 1.0276e-05 -6.76036e-05 5.81052e-05 -9.31677e-06
internal_weight=2172 72 2100 799 1301 52
internal_count=2172 72 2100 799 1301 52
is_linear=0
shrinkage=0.04


Tree=64
num_leaves=6
num_cat=0
split_feature=91 15 36 41 39
split_gain=0.00407795 0.00793497 0.00457327 0.00665105 0.00206884
threshold=1.1926674387055811 -0.36895520448176217 -1.3309024050166995 -0.62501446317203524 0.76324447366718873
decision_type=2 2 2 2 2
left_child=2 -2 4 -4 -1
right_child=1 -3 3 -5 -6
leaf_value=0.00068758032191544778 9.8269601725041868e-05 -0.00097067180584417653 -0.00015088881366029694 3.2661862046043528e-05 0.00018497132181533073
leaf_weight=20 25 20 389 1680 38
leaf_count=20 25 20 389 1680 38
internal_value=1.45963e-13 -0.000376815 7.97212e-06 -1.84815e-06 0.000358285
internal_weight=2172 45 2127 2069 58
internal_count=2172 45 2127 2069 58
is_linear=0
shrinkage=0.04


Tree=65
num_leaves=7
num_cat=0
split_feature=46 46 40 35 74 40
split_gain=0.00409569 0.0077913 0.0154785 0.00761732 0.00716811 0.005895
threshold=1.0000000180025095e-35 1.3921888795824844 -0.93737521391222511 1.2693560423143346 2.2021131629023807 -0.74087783018675435
decision_type=2 2 2 2 2 2
left_child=3 2 -2 4 -1 -3
right_child=1 5 -4 -5 -6 -7
leaf_value=5.0344651104430392e-05 -0.0012126324963755905 0.00064869092457229269 -8.6331908043580266e-05 -0.00063520651145372543 0.00058976591582017492 6.6954892315186079e-05
leaf_weight=1020 20 32 818 25 41 216
leaf_count=1020 20 32 818 25 41 216
internal_value=-2.26503e-13 -5.4928e-05 -0.000113213 5.4928e-05 7.11894e-05 0.000142018
internal_weight=2172 1086 838 1086 1061 248
internal_count=2172 1086 838 1086 1061 248
is_linear=0
shrinkage=0.04


Tree=66
num_leaves=8
num_cat=0
split_feature=62 117 115 14 118 39 102
split_gain=0.00410078 0.00723596 0.00944338 0.00826976 0.00685159 0.00536097 0.0042597
threshold=0.3081354791967551 0.45825507320558528 0.55957469567033591 0.42448608118171971 -0.25977570782282206 0.19293436865156735 0.51776274564477942
decision_type=2 2 2 2 2 2 2
left_child=1 3 -3 -1 5 -2 -6
right_child=4 2 -4 -5 6 -7 -8
leaf_value=-7.9402398413110049e-05 -7.6786759379535429e-05 0.00056178423472416866 7.8710574898719948e-05 0.00016732726041809656 -0.0002350773095230066 0.00029574387658565108 3.3779564182623291e-05
leaf_weight=789 135 86 262 300 358 114 128
leaf_count=789 135 86 262 300 358 114 128
internal_value=-1.19342e-12 3.93078e-05 0.000198091 -1.14328e-05 -7.68508e-05 9.37694e-05 -0.000164267
internal_weight=2172 1437 348 1089 735 249 486
internal_count=2172 1437 348 1089 735 249 486
is_linear=0
shrinkage=0.04


Tree=67
num_leaves=8
num_cat=0
split_feature=4 24 98 42 70 97 86
split_gain=0.00400306 0.00792574 0.00657532 0.0161565 0.00786745 0.00643009 0.00237567
threshold=0.38631519781727208 -0.27239203213768709 1.4305601791771956 0.45464981472343241 0.18263131844841621 -0.46992356699057108 0.20536038933545805
decision_type=2 2 2 2 2 2 2
left_child=2 6 4 -4 -1 -3 -2
right_child=1 5 3 -5 -6 -7 -8
leaf_value=-5.1274224553170733e-05 -0.00074294958480944243 -0.00025702408593047987 -7.109968213453179e-06 0.0013741965655935928 0.00014130160946255926 4.9799903495401923e-05 -0.00028734429868215576
leaf_weight=944 30 149 42 20 530 410 47
leaf_count=944 30 149 42 20 530 410 47
internal_value=-1.2385e-13 -8.43904e-05 3.49429e-05 0.000438473 1.79695e-05 -3.19832e-05 -0.000464853
internal_weight=2172 636 1536 62 1474 559 77
internal_count=2172 636 1536 62 1474 559 77
is_linear=0
shrinkage=0.04


Tree=68
num_leaves=4
num_cat=0
split_feature=38 117 13
split_gain=0.004036 0.00808277 0.00748877
threshold=3.008819650348753 1.9772434338121299 2.2178292160366597
decision_type=2 2 2
left_child=1 2 -1
right_child=-2 -3 -4
leaf_value=-1.2669346885207782e-05 -0.00044589984099729918 0.00065861703362315896 0.00056145516727623104
leaf_weight=2073 32 30 37
leaf_count=2073 32 30 37
internal_value=5.49248e-13 6.66766e-06 -2.60176e-06
internal_weight=2172 2140 2110
internal_count=2172 2140 2110
is_linear=0
shrinkage=0.04


Tree=69
num_leaves=5
num_cat=0
split_feature=26 46 60 36
split_gain=0.00400578 0.00425823 0.00779492 0.00761845
threshold=1.3671894238092446 1.0000000180025095e-35 0.76391221799266351 1.0605144958925561
decision_type=2 2 2 2
left_child=1 3 -3 -1
right_child=-2 2 -4 -5
leaf_value=9.0475163171537239e-05 -0.00051390784637381638 -9.0986847590005871e-06 -0.00033092735647780659 -0.00034711349572770652
leaf_weight=997 24 945 138 68
leaf_count=997 24 945 138 68
internal_value=-2.90804e-13 5.74199e-06 -5.01073e-05 6.25352e-05
internal_weight=2172 2148 1083 1065
internal_count=2172 2148 1083 1065
is_linear=0
shrinkage=0.04


Tree=70
num_leaves=7
num_cat=0
split_feature=47 61 18 47 73 7
split_gain=0.00396147 0.00976734 0.00760802 0.00567148 0.0109558 0.00613055
threshold=-0.91738395201435874 0.25024437361900098 0.36266909539781628 -0.4104325189651406 0.44755138361149471 0.087521231207770708
decision_type=2 2 2 2 2 2
left_child=1 2 -1 4 -2 -5
right_child=3 -3 -4 5 -6 -7
leaf_value=-0.00070709324416199358 0.0002502294857428448 0.00033375553927678418 1.8617821624502539e-05 -9.3390627665090691e-05 -0.00023429931009256205 6.3378050971188847e-05
leaf_weight=59 336 38 38 861 96 744
leaf_count=59 336 38 38 861 96 744
internal_value=-3.44235e-13 -0.000209839 -0.000422794 1.39069e-05 0.000142556 -2.07203e-05
internal_weight=2172 135 97 2037 432 1605
internal_count=2172 135 97 2037 432 1605
is_linear=0
shrinkage=0.04


Tree=71
num_leaves=7
num_cat=0
split_feature=93 33 116 35 14 47
split_gain=0.00387239 0.00757178 0.00925575 0.0074739 0.00765893 0.00619753
threshold=0.063226594439600214 -0.74290399604546342 -0.60104815393202438 1.3011972729358123 0.42448608118171971 0.84777920684896413
decision_type=2 2 2 2 2 2
left_child=3 5 -3 4 -1 -2
right_child=1 2 -4 -5 -6 -7
leaf_value=-2.5563658092329474e-06 0.00027680702613973307 0.00048570624466887433 -0.00015516936182631064 -0.00055377889359078838 0.00022222525559156936 -0.00013777714343336046
leaf_weight=795 164 38 705 32 349 89
leaf_count=795 164 38 705 32 349 89
internal_value=1.15996e-12 -5.80355e-05 -0.000122392 4.91525e-05 6.60177e-05 0.000130965
internal_weight=2172 996 743 1176 1144 253
internal_count=2172 996 743 1176 1144 253
is_linear=0
shrinkage=0.04


Tree=72
num_leaves=8
num_cat=0
split_feature=45 74 2 62 18 42 68
split_gain=0.00383924 0.00885005 0.00554798 0.00679321 0.00648003 0.00546295 0.00438316
threshold=-1.7122498000528947 0.50516257995001823 -1.3110390924761066 -0.27146629075207079 -0.7142154767448603 0.19200801060017234 1.0607524438874558
decision_type=2 2 2 2 2 2 2
left_child=1 5 4 -4 -2 -1 -3
right_child=2 6 3 -5 -6 -7 -8
leaf_value=-0.00024486723388286518 5.8314892952554283e-05 0.00030298509643924063 0.00011337922172417614 -5.1138723086864606e-05 -0.00053299467275054132 0.0002767659645272441 0.0010098955087343474
leaf_weight=72 52 36 586 1276 69 58 23
leaf_count=72 52 36 586 1276 69 58 23
internal_value=2.58283e-13 0.000172259 -1.64181e-05 6.37601e-07 -0.000278878 -1.21386e-05 0.00057856
internal_weight=2172 189 1983 1862 121 130 59
internal_count=2172 189 1983 1862 121 130 59
is_linear=0
shrinkage=0.04


Tree=73
num_leaves=6
num_cat=0
split_feature=15 115 28 80 25
split_gain=0.00382099 0.0048909 0.00450742 0.0101736 0.00647365
threshold=1.1539208144267612 -0.36417720189439862 -0.43020656322540118 -0.010021425020485244 -0.39526439921533779
decision_type=2 2 2 2 2
left_child=2 -2 3 -1 -4
right_child=1 -3 4 -5 -6
leaf_value=3.558393743646709e-05 2.3979123866678601e-05 -0.00067674062501949569 -6.6884849431988173e-05 -0.00033403694610639761 0.00010262748474374459
leaf_weight=345 34 30 556 182 1025
leaf_count=345 34 30 556 182 1025
internal_value=5.81608e-13 -0.000304483 9.24427e-06 -9.2065e-05 4.3014e-05
internal_weight=2172 64 2108 527 1581
internal_count=2172 64 2108 527 1581
is_linear=0
shrinkage=0.04


Tree=74
num_leaves=7
num_cat=0
split_feature=24 68 25 25 41 91
split_gain=0.00381253 0.0052361 0.0101086 0.00768216 0.0049895 0.00436978
threshold=1.1212345238316666 -0.52753527140431655 1.0956385524422882 1.0171616053018726 0.46824605793841206 0.19887421803508382
decision_type=2 2 2 2 2 2
left_child=1 3 -3 -1 -2 -6
right_child=4 2 -4 -5 5 -7
leaf_value=0.00023236811618654898 0.00022023563589900733 -2.6281261269854013e-05 0.00075357570709591668 -0.00050126455576973965 -0.00022043493072783878 -0.00093610153888585039
leaf_weight=264 25 1768 27 25 43 20
leaf_count=264 25 1768 27 25 43 20
internal_value=4.80642e-13 1.089e-05 -1.45508e-05 0.000168905 -0.000257896 -0.000447631
internal_weight=2172 2084 1795 289 88 63
internal_count=2172 2084 1795 289 88 63
is_linear=0
shrinkage=0.04


Tree=75
num_leaves=4
num_cat=0
split_feature=38 117 13
split_gain=0.00376804 0.00734189 0.00653562
threshold=3.008819650348753 1.9772434338121299 2.2178292160366597
decision_type=2 2 2
left_child=1 2 -1
right_child=-2 -3 -4
leaf_value=-1.1796962361298092e-05 -0.00043084374770842261 0.00062779422414799529 0.00052454802427893954
leaf_weight=2073 32 30 37
leaf_count=2073 32 30 37
internal_value=3.32007e-13 6.44252e-06 -2.39186e-06
internal_weight=2172 2140 2110
internal_count=2172 2140 2110
is_linear=0
shrinkage=0.04


Tree=76
num_leaves=7
num_cat=0
split_feature=62 47 41 15 60 8
split_gain=0.00370936 0.00487913 0.00448944 0.0135039 0.00968994 0.0037882
threshold=0.71128420548782822 -0.84483230931276154 -0.61547031055782275 0.04794194785561616 -0.92309756979483804 -0.48824939705421083
decision_type=2 2 2 2 2 2
left_child=2 -2 3 -1 -4 -3
right_child=1 5 4 -5 -6 -7
leaf_value=-3.8853416953356914e-05 -0.00067663619993254545 -0.00033645857174027094 0.00043991745437843484 -0.0010810517194026726 2.9199477383539437e-05 -1.3054825481370731e-05
leaf_weight=377 23 72 99 21 1283 297
leaf_count=377 23 72 99 21 1283 297
internal_value=1.08637e-13 -0.00011139 2.45309e-05 -9.38438e-05 5.86214e-05 -7.6158e-05
internal_weight=2172 392 1780 398 1382 369
internal_count=2172 392 1780 398 1382 369
is_linear=0
shrinkage=0.04


Tree=77
num_leaves=7
num_cat=0
split_feature=47 61 10 53 41 42
split_gain=0.00366773 0.00873396 0.00403472 0.00726927 0.0067441 0.00379125
threshold=-1.025226592159705 -0.37435419051580798 -0.21211446492986463 0.85714285714285721 0.70810435959726603 -0.034595853279743259
decision_type=2 2 2 2 2 2
left_child=1 -1 3 -2 -4 -3
right_child=2 5 4 -5 -6 -7
leaf_value=-0.00099109152518212797 -0.00011649376290789046 0.00034744641417637468 8.4318881304842609e-05 0.00020177902998452966 -0.00021238547191958549 -0.00033615186093676906
leaf_weight=20 660 25 1164 139 137 27
leaf_count=20 660 25 1164 139 137 27
internal_value=-2.57841e-13 -0.000280719 9.62465e-06 -6.11247e-05 5.30748e-05 -7.49884e-06
internal_weight=2172 72 2100 799 1301 52
internal_count=2172 72 2100 799 1301 52
is_linear=0
shrinkage=0.04


Tree=78
num_leaves=8
num_cat=0
split_feature=2 18 62 94 63 37 109
split_gain=0.00370538 0.00594155 0.00573248 0.00820313 0.00591027 0.00514573 0.00237008
threshold=-1.3561827907092394 -0.75949566695856852 -0.16892065849151988 -0.16916655185333165 -0.15535097236459738 1.5161663668620959 0.24704575276560328
decision_type=2 2 2 2 2 2 2
left_child=1 6 3 -2 -4 -3 -1
right_child=2 5 4 -5 -6 -7 -8
leaf_value=0.00037965383389274834 -4.9279402927630036e-05 -0.00018854266398799763 -0.00014556119150897922 0.0002163945610763149 3.004644895725339e-05 -0.00087880061956605428 -0.00016665639421262313
leaf_weight=27 330 48 502 426 788 27 24
leaf_count=27 330 48 502 426 788 27 24
internal_value=-3.92498e-13 -0.00021053 1.29652e-05 0.000100426 -3.82908e-05 -0.000437036 0.000122567
internal_weight=2172 126 2046 756 1290 75 51
internal_count=2172 126 2046 756 1290 75 51
is_linear=0
shrinkage=0.04


Tree=79
num_leaves=5
num_cat=0
split_feature=26 46 60 36
split_gain=0.00363755 0.00381363 0.0070302 0.00673522
threshold=1.3671894238092446 1.0000000180025095e-35 0.76391221799266351 1.0605144958925561
decision_type=2 2 2 2
left_child=1 3 -3 -1
right_child=-2 2 -4 -5
leaf_value=8.5488825543607479e-05 -0.00048971817285443345 -8.4364828016313616e-06 -0.00031407125860362389 -0.00032595313558190619
leaf_weight=997 24 945 138 68
leaf_count=997 24 945 138 68
internal_value=-1.08629e-13 5.47171e-06 -4.73816e-05 5.92184e-05
internal_weight=2172 2148 1083 1065
internal_count=2172 2148 1083 1065
is_linear=0
shrinkage=0.04


end of trees

feature_importances:
Column_36=28
Column_38=22
Column_47=19
Column_28=18
Column_61=18
Column_46=17
Column_74=17
Column_10=16
Column_62=14
Column_41=13
Column_42=13
Column_13=12
Column_4=10
Column_25=10
Column_9=8
Column_11=8
Column_24=8
Column_35=8
Column_98=8
Column_109=8
Column_26=7
Column_64=7
Column_67=7
Column_91=7
Column_115=7
Column_18=6
Column_39=6
Column_40=6
Column_60=6
Column_63=6
Column_80=6
Column_94=6
Column_97=6
Column_102=5
Column_117=5
Column_15=4
Column_68=4
Column_73=4
Column_76=4
Column_105=4
Column_8=3
Column_45=3
Column_53=3
Column_70=3
Column_81=3
Column_86=3
Column_93=3
Column_106=3
Column_110=3
Column_118=3
Column_2=2
Column_7=2
Column_14=2
Column_33=2
Column_57=2
Column_88=2
Column_103=2
Column_5=1
Column_6=1
Column_29=1
Column_31=1
Column_34=1
Column_37=1
Column_44=1
Column_59=1
Column_66=1
Column_79=1
Column_90=1
Column_92=1
Column_111=1
Column_112=1
Column_116=1

parameters:
[boosting: gbdt]
[objective: regression]
[metric: l2]
[tree_learner: serial]
[device_type: cpu]
[data_sample_strategy: bagging]
[data: ]
[valid: ]
[num_iterations: 80]
[learning_rate: 0.04]
[num_leaves: 15]
[num_threads: 2]
[seed: 42]
[deterministic: 0]
[force_col_wise: 0]
[force_row_wise: 0]
[histogram_pool_size: -1]
[max_depth: 3]
[min_data_in_leaf: 20]
[min_sum_hessian_in_leaf: 0.001]
[bagging_fraction: 1]
[pos_bagging_fraction: 1]
[neg_bagging_fraction: 1]
[bagging_freq: 0]
[bagging_seed: 400]
[bagging_by_query: 0]
[feature_fraction: 1]
[feature_fraction_bynode: 1]
[feature_fraction_seed: 30056]
[extra_trees: 0]
[extra_seed: 12879]
[early_stopping_round: 0]
[early_stopping_min_delta: 0]
[first_metric_only: 0]
[max_delta_step: 0]
[lambda_l1: 0]
[lambda_l2: 0]
[linear_lambda: 0]
[min_gain_to_split: 0]
[drop_rate: 0.1]
[max_drop: 50]
[skip_drop: 0.5]
[xgboost_dart_mode: 0]
[uniform_drop: 0]
[drop_seed: 17869]
[top_rate: 0.2]
[other_rate: 0.1]
[min_data_per_group: 100]
[max_cat_threshold: 32]
[cat_l2: 10]
[cat_smooth: 10]
[max_cat_to_onehot: 4]
[top_k: 20]
[monotone_constraints: ]
[monotone_constraints_method: basic]
[monotone_penalty: 0]
[feature_contri: ]
[forcedsplits_filename: ]
[refit_decay_rate: 0.9]
[cegb_tradeoff: 1]
[cegb_penalty_split: 0]
[cegb_penalty_feature_lazy: ]
[cegb_penalty_feature_coupled: ]
[path_smooth: 0]
[interaction_constraints: ]
[verbosity: -1]
[saved_feature_importance_type: 0]
[use_quantized_grad: 0]
[num_grad_quant_bins: 4]
[quant_train_renew_leaf: 0]
[stochastic_rounding: 1]
[linear_tree: 0]
[max_bin: 255]
[max_bin_by_feature: ]
[min_data_in_bin: 3]
[bin_construct_sample_cnt: 200000]
[data_random_seed: 175]
[is_enable_sparse: 1]
[enable_bundle: 1]
[use_missing: 1]
[zero_as_missing: 0]
[feature_pre_filter: 1]
[pre_partition: 0]
[two_round: 0]
[header: 0]
[label_column: ]
[weight_column: ]
[group_column: ]
[ignore_column: ]
[categorical_feature: ]
[forcedbins_filename: ]
[precise_float_parser: 0]
[parser_config_file: ]
[objective_seed: 16083]
[num_class: 1]
[is_unbalance: 0]
[scale_pos_weight: 1]
[sigmoid: 1]
[boost_from_average: 1]
[reg_sqrt: 0]
[alpha: 0.9]
[fair_c: 1]
[poisson_max_delta_step: 0.7]
[tweedie_variance_power: 1.5]
[lambdarank_truncation_level: 30]
[lambdarank_norm: 1]
[label_gain: ]
[lambdarank_position_bias_regularization: 0]
[eval_at: ]
[multi_error_top_k: 1]
[auc_mu_weights: ]
[num_machines: 1]
[local_listen_port: 12400]
[time_out: 120]
[machine_list_filename: ]
[machines: ]
[gpu_platform_id: -1]
[gpu_device_id: -1]
[gpu_device_id_list: ]
[gpu_use_dp: 0]
[num_gpu: 1]

end of parameters

pandas_categorical:null
