tree
version=v4
num_class=1
num_tree_per_iteration=1
label_index=0
max_feature_idx=109
objective=binary sigmoid:1
feature_names=Column_0 Column_1 Column_2 Column_3 Column_4 Column_5 Column_6 Column_7 Column_8 Column_9 Column_10 Column_11 Column_12 Column_13 Column_14 Column_15 Column_16 Column_17 Column_18 Column_19 Column_20 Column_21 Column_22 Column_23 Column_24 Column_25 Column_26 Column_27 Column_28 Column_29 Column_30 Column_31 Column_32 Column_33 Column_34 Column_35 Column_36 Column_37 Column_38 Column_39 Column_40 Column_41 Column_42 Column_43 Column_44 Column_45 Column_46 Column_47 Column_48 Column_49 Column_50 Column_51 Column_52 Column_53 Column_54 Column_55 Column_56 Column_57 Column_58 Column_59 Column_60 Column_61 Column_62 Column_63 Column_64 Column_65 Column_66 Column_67 Column_68 Column_69 Column_70 Column_71 Column_72 Column_73 Column_74 Column_75 Column_76 Column_77 Column_78 Column_79 Column_80 Column_81 Column_82 Column_83 Column_84 Column_85 Column_86 Column_87 Column_88 Column_89 Column_90 Column_91 Column_92 Column_93 Column_94 Column_95 Column_96 Column_97 Column_98 Column_99 Column_100 Column_101 Column_102 Column_103 Column_104 Column_105 Column_106 Column_107 Column_108 Column_109
feature_infos=[-6.1065138203337854:6.5649124600237023] [-5.6342967467520779:5.4751391396357034] [-4.8741952092472181:4.1695782545307623] [-4.2884129568072273:3.7805106643313677] [-3.6196907852411244:2.0185213200559016] [-2.5938095799731142:2.3616114684346425] [-4.1677412709416739:3.9171613155545022] [-1.373897241478097:6.6467315702303242] [-1.6419229727444997:1.6184036452682244] [-3.5796595223064909:2.0444979455996002] [-1.4887796588848086:5.2324589775720343] [-2.4990797494958716:2.1607594441349502] [-2.541888992137245:2.4270999611115753] [-1.4732034145640041:3.9160036145910571] [-2.8565150159722559:2.6281523046312421] [-1.5702881371619881:1.6086965587412931] [-1.7688041033666848:1.7815353743658411] [-0.9605151652700854:0.75575863734100701] [-1.0052151911842016:0.76166220950875152] [-0.96051516527008529:0.75575863734100701] [-2.2228011977007647:1.6461780453874819] [-3.9638611158303902:4.0669248708568828] [-3.2742488515025507:2.1421053010555284] [-2.3381549280644234:2.5948138070340807] [-2.1338319504516652:1.5571134238453468] [-2.1402696512004731:1.5481593565322596] [-3.3660717400242315:2.0149948250527387] [-1.7936220495724666:1.4113690450894474] [-1.1829476742887415:3.6379348669938505] [-3.672890806434514:4.2283313322283806] [-3.670593826060772:4.462232987296419] [-3.0332262698845018:3.2283196104460443] [-3.1688387440259262:3.411148448544763] [-1.947933405563617:2.0552815039609027] [-2.176710930267741:2.2033997030073955] [-1.7037836241616433:1.6712895048225969] [-1.7750645743124447:1.6760892663975369] [-1.5000147208673744:3.8629191189520404] [-1.4793367843841709:5.0219435495029741] [-1.4740869195518493:3.799816181323008] [-1.2638917881311866:3.3507847125166244] [-1.6887858863666407:1.4584738249192066] [-1.9834726661620192:1.6796597616798254] [-1.8782404684846929:14.143134785507655] [-163.28737502954078:53.962806984356405] [-166.2730738689223:68.680665881904048] [-99.819452414294204:62.975754306417628] [-1.3887810794016067:2.8406681437623154] [-1.9371164130590168:1.9865509959387688] [-1.196715920108286:8.6830606853481438] [-3.4431897291174196:3.9828025916602816] [-8.9088304111242866:6.6229390168684139] [-1:1] [-1.2:1] [0:1] [0:1] [-3.0925452551196368:4.0537614715535719] [-3.4238118881307691:2.2584541909539335] [-2.3752561624203183:1.6144728210889268] [-0.93334945011055981:2.1983554255725322] [-2.1064911544706457:1.2379473603263103] [-1.4015259639737911:0.33898633839411402] [-4.5249885367910823:7.8871025299820428] [-4.1887024728963986:5.8392826783312195] [-2.422450429993936:4.2224388368228354] [-1.2874189542379075:4.8650459485450792] [-1.1668410795979265:7.8980741579494813] [-1.2554146539087412:2.3385973883298394] [-6.572606811035385:6.7440991199907696] [-4.6174271522008263:3.5836436081407474] [-3.3770194503018676:3.7652762771254777] [-1.2035040552775833:3.5702827322084389] [-1.8051205203374909:4.437113953917498] [-0.76999485003649026:2.0820221973618969] [-11.478049013656054:11.250249087873696] [-6.110895827359264:5.3368008395669948] [-3.8369189433102009:4.1888544727459642] [-0.96373615718206107:3.0142617515606496] [-2.2067386128138593:4.252263235826697] [-1.3504123320094721:0.68644122578649314] [-3.961810806118454:2.9720973166236151] [-3.484183963911915:3.0553334394916707] [-2.5540324139867674:1.713152651121413] [-1.2867290394014916:3.0495479705552078] [-2.0410730327397726:1.8417824863807533] [-1.4044942024964675:0.4515424288372758] [-5.2949924406838313:2.6704766851407755] [-4.1188826685305173:3.5332079140148567] [-1.8991382120459619:2.8696026051357801] [-1.4293971637134002:4.2295613401194663] [-1.7109429323748528:4.5570226080862115] [-1.5200233624513257:1.2677175341669706] [-4.2946759014335285:2.4886670104549413] [-3.8116684757763029:3.5444066583125693] [-1.9467744936353126:2.6605957839663961] [-1.458904744254351:3.9976846904705163] [-1.5665814444409418:3.9788359048568358] [-1.5079928857983851:1.196510581168966] [-3.3839848274577449:3.6740825633810119] [-2.2240502832869411:2.6801146686957789] [-1.9622211811677654:2.0503628907121918] [-1.4486677931285941:1.9557355917510417] [-1.4475320423553377:1.943544748834485] [-2.2346454704557597:0.60676641185024749] [-3.0949727177816011:3.287114969471217] [-2.772040268494504:3.58192613755867] [-1.6691171952192694:2.4438215580903107] [-0.8492641284886322:2.9004944911464494] [-1.4327928724219308:2.3482168266328678] [-1.4350482125452564:0.98909159489249054]
tree_sizes=984 1007 997 686 895 681 998 681 998 895 579 994 999 577 580 892 893 890 579 893 685 896 891 889 789 998 676 995 999 889 577 677 993 890 1000 790 893 579 892 682 681 784 788 581 678 786 787 893 1004 579 681 787 993 683 889 580 1000 789 578 680 895 889 680 789 783 679 890 999 686 784 894 1002 894 891 791 1008 998 679 886 683

Tree=0
num_leaves=8
num_cat=0
split_feature=81 71 81 42 11 65 51
split_gain=11.2063 12.5288 11.9846 15.6569 11.6916 11.1646 6.19796
threshold=-0.39515479881387922 1.2755736385885947 -0.11873745694069408 0.62925604283523262 0.9447291659509317 2.1609574644845009 0.16151560693460262
decision_type=2 2 2 2 2 2 2
left_child=1 4 3 -2 -1 -4 -3
right_child=2 6 5 -5 -6 -7 -8
leaf_value=-0.036727765065822635 -0.067528416071331393 -0.11914854026576654 -0.05954392886720393 -0.12092778239706692 -0.080571335873481115 -0.012707996293267555 -0.060814816103847057
leaf_weight=84.93004322052002 40.216873407363892 4.9958848953247053 197.8370418548584 11.240741014480589 10.990946769714354 8.4930043220520002 6.9942388534545898
leaf_count=340 161 20 792 45 44 34 28
internal_value=-0.0573928 -0.0465703 -0.0619231 -0.0791933 -0.0417515 -0.0576161 -0.0851205
internal_weight=365.699 107.911 257.788 51.4576 95.921 206.33 11.9901
internal_count=1464 432 1032 206 384 826 48
is_linear=0
shrinkage=1


Tree=1
num_leaves=8
num_cat=0
split_feature=81 33 86 81 42 75 48
split_gain=10.3269 11.8815 12.6095 11.0573 14.6785 10.5626 10.0519
threshold=-0.39515479881387922 -0.20993820966778309 -0.80803851683947681 -0.11873745694069408 0.37072992889279305 0.18956662966270016 -0.37957141126419486
decision_type=2 2 2 2 2 2 2
left_child=1 2 -1 4 -2 -5 -3
right_child=3 6 -4 5 -6 -7 -8
leaf_value=-0.025206221238387342 -0.0051252779223191249 -0.043755105911380258 0.042823557053863537 0.0090804257452366359 -0.049818586454380663 -0.0090268754727652993 0.0065371308849429986
leaf_weight=5.2482297867536571 33.212122797966003 6.9945034980773917 25.737844899296761 100.41435462236404 18.200997442007065 105.90990522503853 69.948756337165833
leaf_count=21 133 28 103 402 73 424 280
internal_value=-2.26427e-07 0.0103875 0.0313011 -0.00435016 -0.0209474 -0.000214373 0.00196533
internal_weight=365.667 107.929 30.9861 257.737 51.4131 206.324 76.9433
internal_count=1464 432 124 1032 206 826 308
is_linear=0
shrinkage=0.04


Tree=2
num_leaves=8
num_cat=0
split_feature=81 71 15 26 81 80 51
split_gain=9.51759 11.3587 11.0217 10.225 11.4881 11.0377 5.73481
threshold=-0.39515479881387922 1.2755736385885947 0.87475507437100775 -0.89937156394525342 -0.11873745694069408 0.92710201790431801 0.16151560693460262
decision_type=2 2 2 2 2 2 2
left_child=1 2 -1 5 -5 -2 -3
right_child=3 6 -4 4 -6 -7 -8
leaf_value=0.020038181728239363 0.029707394021186322 -0.059553778853891758 -0.018960579305408783 -0.024612897877432691 -0.0024722057164507263 -0.030915864880526601 -0.0033957344715969595
leaf_weight=82.469097048044205 24.22606493532658 4.9824550300836545 13.491789221763609 47.355792671442032 180.09322349727154 5.9942620396614066 6.9930112659931183
leaf_count=330 97 20 54 190 721 24 28
internal_value=-4.57172e-07 0.00997114 0.0145551 -0.00417751 -0.00708199 0.0176826 -0.0267606
internal_weight=365.606 107.936 95.9609 257.669 227.449 30.2203 11.9755
internal_count=1464 432 384 1032 911 121 48
is_linear=0
shrinkage=0.04


Tree=3
num_leaves=5
num_cat=0
split_feature=10 75 6 64
split_gain=9.15786 9.99386 17.7807 10.2254
threshold=2.8544597115570278 0.26596505139802368 0.54580056246771347 -0.29239651825812568
decision_type=2 2 2 2
left_child=1 3 -3 -1
right_child=-2 2 -4 -5
leaf_value=0.016806715325645597 -0.053797070172948706 -0.0018633296113764928 -0.043010756807346312 -0.00072357879045697462
leaf_weight=85.146560370922089 4.9938203543424597 113.59614123404026 19.719717636704445 142.06504742801189
leaf_count=341 20 455 79 569
internal_value=-6.59856e-07 0.000744497 -0.00794974 0.00584582
internal_weight=365.521 360.527 133.316 227.212
internal_count=1464 1444 534 910
is_linear=0
shrinkage=0.04


Tree=4
num_leaves=7
num_cat=0
split_feature=50 28 69 82 95 75
split_gain=8.58561 12.7558 12.3431 10.0606 7.56623 9.55306
threshold=0.032850143853443724 0.85117446225733151 -0.10144114127057688 0.079421963921702851 1.7203326610424916 0.19672021798481301
decision_type=2 2 2 2 2 2
left_child=1 3 -3 -1 5 -2
right_child=4 2 -4 -5 -6 -7
leaf_value=0.019003786849405426 -0.00075419142066960763 -0.050044871516885955 0.0052939304726558056 -0.00078589557735353108 0.029317757879888481 -0.020527776089539818
leaf_weight=89.645554855465889 101.382638245821 11.970192611217501 13.98111507296562 75.904915004968643 8.9829550832509977 63.626011788845062
leaf_count=359 406 48 56 304 36 255
internal_value=-7.72539e-07 0.00584287 -0.0202314 0.00993021 -0.00643251 -0.00837873
internal_weight=365.493 191.502 25.9513 165.55 173.992 165.009
internal_count=1464 767 104 663 697 661
is_linear=0
shrinkage=0.04


Tree=5
num_leaves=5
num_cat=0
split_feature=10 64 26 7
split_gain=8.33298 9.12714 14.5057 12.9333
threshold=2.8544597115570278 -0.38427029112015426 0.73298153399305843 -0.94470140665820501
decision_type=2 2 2 2
left_child=1 2 -1 -3
right_child=-2 3 -4 -5
leaf_value=0.019355714557998619 -0.051395945483984573 -0.041537144955531298 -0.014314050709902786 -0.0012687536758174398
leaf_weight=78.40114563703537 4.9787587374448767 13.475435867905615 27.708405330777168 240.8761755079031
leaf_count=314 20 54 111 965
internal_value=-9.33127e-07 0.000708945 0.0105635 -0.00340216
internal_weight=365.44 360.461 106.11 254.352
internal_count=1464 1444 425 1019
is_linear=0
shrinkage=0.04


Tree=6
num_leaves=8
num_cat=0
split_feature=81 25 99 81 42 65 0
split_gain=8.06462 10.7801 10.7604 9.67169 13.5874 9.95158 8.95662
threshold=-0.39515479881387922 -0.60616250121032633 0.017738562777932235 -0.11873745694069408 0.65453553543016729 2.1609574644845009 0.14179580344425333
decision_type=2 2 2 2 2 2 2
left_child=1 6 -3 4 -2 -5 -1
right_child=3 2 -4 5 -6 -7 -8
leaf_value=0.060455353825938321 -0.0091692770524732965 0.029642854313222639 -0.0044045909950313879 -0.0018039792102210908 -0.060858845031421555 0.042403107017802311 0.0078444781371455156
leaf_weight=10.742901816964151 41.131158962845802 18.988081216812134 68.178895398974419 197.71751843392849 10.143330201506613 8.4977511763572675 9.9938131570816022
leaf_count=43 165 76 273 792 41 34 40
internal_value=-1.03625e-06 0.00917877 0.00301216 -0.00384793 -0.0193947 1.77133e-05 0.0351002
internal_weight=365.393 107.904 87.167 257.49 51.2745 206.215 20.7367
internal_count=1464 432 349 1032 206 826 83
is_linear=0
shrinkage=0.04


Tree=7
num_leaves=5
num_cat=0
split_feature=82 104 62 39
split_gain=7.81452 8.44662 12.7098 9.61859
threshold=1.20684723037714 -0.83032027128009722 1.0274775719645726 2.1747898990062957
decision_type=2 2 2 2
left_child=1 2 -1 -3
right_child=-2 3 -4 -5
leaf_value=0.028773663027937241 -0.04191153026016136 -0.00024811923477436292 -0.026026004519169192 -0.042904123405259557
leaf_weight=33.455971196293831 6.9822859466075888 307.63562101125717 8.4902707785367948 8.6971806138753873
leaf_count=134 28 1233 34 35
internal_value=-1.1786e-06 0.000815587 0.0176818 -0.00142089
internal_weight=365.261 358.279 41.9462 316.333
internal_count=1464 1436 168 1268
is_linear=0
shrinkage=0.04


Tree=8
num_leaves=8
num_cat=0
split_feature=50 28 73 37 96 64 69
split_gain=7.80168 9.35051 11.7521 8.78661 11.6317 10.2407 7.06637
threshold=0.109874177500887 0.82833206550218541 -0.12545819555835583 -0.94872512317214286 -0.07881304410443904 -0.38427029112015426 -0.55432335050837267
decision_type=2 2 2 2 2 2 2
left_child=1 2 -1 5 -5 -2 -3
right_child=3 6 -4 4 -6 -7 -8
leaf_value=-0.0034867146569190388 0.057832187933289404 -0.054634912102169766 0.017407224073678552 -0.022424850945407849 0.00040731494124093354 -0.011288609637897344 -0.0058738490464674865
leaf_weight=74.36607863008976 6.9921079128980637 5.9506704807281521 102.35404922068119 63.341590046882629 81.808265134692192 6.7309265136718732 23.670131251215935
leaf_count=298 28 24 410 254 328 27 95
internal_value=-1.26078e-06 0.00512868 0.00861479 -0.00666393 -0.00955636 0.0239296 -0.0156697
internal_weight=365.214 206.341 176.72 158.873 145.15 13.723 29.6208
internal_count=1464 827 708 637 582 55 119
is_linear=0
shrinkage=0.04


Tree=9
num_leaves=7
num_cat=0
split_feature=75 6 62 39 64 90
split_gain=7.49858 15.5775 13.9804 10.8274 9.06956 7.19651
threshold=0.26596505139802368 0.58219597621763086 -0.023543562889884174 2.1747898990062957 -0.29239651825812568 0.3225010044982401
decision_type=2 2 2 2 2 2
left_child=3 2 -2 4 -1 -3
right_child=1 5 -4 -5 -6 -7
leaf_value=0.016277191672154946 0.012334727596604271 -0.059069618296390514 -0.015336359569788998 -0.044853512883935298 -0.00035202256343983289 -0.0020911323017259258
leaf_weight=84.134639412164688 55.387353479862213 12.437013804912569 61.820953711867332 6.9324091374874106 139.45967082679272 4.9615512639284125
leaf_count=337 222 50 248 28 559 20
internal_value=-1.38464e-06 -0.00750293 -0.00226025 0.00437884 0.00590526 -0.0428211
internal_weight=365.134 134.607 117.208 230.527 223.594 17.3986
internal_count=1464 540 470 924 896 70
is_linear=0
shrinkage=0.04


Tree=10
num_leaves=4
num_cat=0
split_feature=86 82 84
split_gain=7.42866 8.33977 8.27572
threshold=-2.0390360873602917 1.1821970488111571 0.95881785199226555
decision_type=2 2 2
left_child=-1 2 -2
right_child=1 -3 -4
leaf_value=0.039444892914412215 -0.0011899023245903315 -0.042689416007656064 0.03021916484526143
leaf_weight=7.4820172488689414 336.09774185717106 7.4554898291826239 13.980256661772726
leaf_count=30 1348 30 56
internal_value=-1.62991e-06 -0.000827118 6.44091e-05
internal_weight=365.016 357.533 350.078
internal_count=1464 1434 1404
is_linear=0
shrinkage=0.04


Tree=11
num_leaves=8
num_cat=0
split_feature=50 28 69 28 7 75 105
split_gain=7.21711 10.1989 10.7745 8.98501 7.13201 10.0923 9.26032
threshold=0.032850143853443724 0.85117446225733151 -0.10144114127057688 0.41432148372099131 1.4002914637358683 -1.0561777422729615 -0.73028576156888958
decision_type=2 2 2 2 2 2 2
left_child=1 3 -3 -1 5 -2 -6
right_child=4 2 -4 -5 6 -7 -8
leaf_value=0.0042071884146565779 0.021185153992313792 -0.046058486146906427 0.005794937327197598 0.027108823438088785 -0.02070063685195991 -0.011649828744584239 0.048406900413903282
leaf_weight=130.79202026128769 16.719017118215561 11.859370410442354 13.957340165972708 34.676961913704872 4.9802038073539725 143.77575245499611 8.2278671860694867
leaf_count=524 67 48 56 139 20 577 33
internal_value=-1.64446e-06 0.00535835 -0.0180249 0.00900663 -0.0059042 -0.00822935 0.0223494
internal_weight=364.989 191.286 25.8167 165.469 173.703 160.495 13.2081
internal_count=1464 767 104 663 697 644 53
is_linear=0
shrinkage=0.04


Tree=12
num_leaves=8
num_cat=0
split_feature=81 25 99 26 57 80 51
split_gain=7.04563 9.96688 9.63444 9.39894 10.9469 9.80967 8.30592
threshold=-0.39515479881387922 -0.60616250121032633 0.017738562777932235 -0.89937156394525342 0.4914879002478339 0.92710201790431801 0.80360238302290732
decision_type=2 2 2 2 2 2 2
left_child=1 6 -3 5 -5 -2 -1
right_child=3 2 -4 4 -6 -7 -8
leaf_value=0.050188828880291345 0.028703499836867964 0.027870819598281797 -0.0043643526026325378 -0.0026467050515014581 -0.027011796493823837 -0.02853013038136084 -0.0050601856044147136
leaf_weight=14.451804414391519 24.201914042234424 18.96486596763134 68.123260349035263 192.07292149960995 34.857965528964996 5.9742986708879462 6.2307595014572135
leaf_count=58 97 76 273 771 140 24 25
internal_value=-1.81364e-06 0.00858344 0.00265538 -0.00360046 -0.00638933 0.0173724 0.0335447
internal_weight=364.878 107.771 87.0881 257.107 226.931 30.1762 20.6826
internal_count=1464 432 349 1032 911 121 83
is_linear=0
shrinkage=0.04


Tree=13
num_leaves=4
num_cat=0
split_feature=86 82 84
split_gain=6.90284 7.54438 7.65067
threshold=-2.0390360873602917 1.1821970488111571 0.95881785199226555
decision_type=2 2 2
left_child=-1 2 -2
right_child=1 -3 -4
leaf_value=0.038024006092581684 -0.0011582713609425677 -0.04071350431800444 0.029044869682710084
leaf_weight=7.4815471023321143 335.87258298695087 7.4190417230129233 13.977271139621733
leaf_count=30 1348 30 56
internal_value=-1.75564e-06 -0.000798051 4.84106e-05
internal_weight=364.75 357.269 349.85
internal_count=1464 1434 1404
is_linear=0
shrinkage=0.04


Tree=14
num_leaves=4
num_cat=0
split_feature=10 4 75
split_gain=6.83783 8.23517 9.34916
threshold=2.8544597115570278 -1.4394247660719139 0.26596505139802368
decision_type=2 2 2
left_child=1 -1 -3
right_child=-2 2 -4
leaf_value=0.037944583526394064 -0.046894256180354338 0.0045616218530497099 -0.0090422782846206716
leaf_weight=9.2244611233472806 4.9084757268428794 224.16350860893726 126.40938927233219
leaf_count=37 20 899 508
internal_value=-1.75675e-06 0.000637966 -0.000343665
internal_weight=364.706 359.797 350.573
internal_count=1464 1444 1407
is_linear=0
shrinkage=0.04


Tree=15
num_leaves=7
num_cat=0
split_feature=50 82 49 51 95 103
split_gain=6.66605 9.66223 11.9037 10.6209 6.45049 8.53889
threshold=0.032850143853443724 0.079421963921702851 1.5295489355643297 0.57377601155389713 1.7203326610424916 -1.3248288308801437
decision_type=2 2 2 2 2 2
left_child=1 2 -1 -3 5 -2
right_child=4 3 -4 -5 -6 -7
leaf_value=0.016868627149369708 -0.032975676479429998 0.0043431866234769816 -0.046608901099748565 -0.025941724540272382 0.027381192890936577 -0.0042209139475149517
leaf_weight=95.234204739332199 18.633147031068802 64.984312325716019 4.973581224679946 25.917440563440323 8.9563014954328519 145.94067130982876
leaf_count=382 75 261 20 104 36 586
internal_value=-1.80012e-06 0.00515177 0.0137181 -0.00429149 -0.00567745 -0.00747655
internal_weight=364.64 191.11 100.208 90.9018 173.53 164.574
internal_count=1464 767 402 365 697 661
is_linear=0
shrinkage=0.04


Tree=16
num_leaves=7
num_cat=0
split_feature=104 62 44 88 74 82
split_gain=6.60972 12.4539 13.1052 8.07809 14.7163 8.02046
threshold=-0.83032027128009722 0.94692937795377685 0.12231843619168685 -0.32301169270206415 -0.80323751204709593 -0.82321657430433459
decision_type=2 2 2 2 2 2
left_child=1 2 -1 4 -2 -5
right_child=3 -3 -4 5 -6 -7
leaf_value=0.0040728604220456252 0.025425514465145009 -0.027175019557369607 0.054250182818008731 -0.027925341534429552 -0.016737159074208884 0.0045646026326073719
leaf_weight=19.200652211904526 15.417650446295736 8.965252071619032 14.707293301820753 12.946491524577139 94.00582791864872 199.31734342873096
leaf_count=77 62 36 59 52 378 800
internal_value=-1.85292e-06 0.0147515 0.0258369 -0.00196812 -0.0107965 0.00258296
internal_weight=364.561 42.8732 33.9079 321.687 109.423 212.264
internal_count=1464 172 136 1292 440 852
is_linear=0
shrinkage=0.04


Tree=17
num_leaves=7
num_cat=0
split_feature=8 43 81 33 81 93
split_gain=6.41721 8.21418 8.1543 11.3002 10.4086 6.22286
threshold=1.2772774211765257 -0.3775912369783137 -0.34673898301308764 -0.67083653885533634 -0.18910997771666441 -0.12229274678884686
decision_type=2 2 2 2 2 2
left_child=2 -2 3 -1 -4 -3
right_child=1 5 4 -5 -6 -7
leaf_value=0.04796095920403981 0.019748123483846785 -0.013830222695995887 -0.026529039907558314 0.0058765933404725558 3.1305354871704619e-05 -0.070480007926753852
leaf_weight=11.431101143360136 4.9711997807025936 6.4474221467971811 26.53996080160141 95.456279188394547 213.64099782705307 5.9802000969648335
leaf_count=46 20 26 107 383 858 24
internal_value=-1.83618e-06 -0.0237075 0.00118655 0.0103773 -0.00290361 -0.0410902
internal_weight=364.467 17.3988 347.068 106.887 240.181 12.4276
internal_count=1464 70 1394 429 965 50
is_linear=0
shrinkage=0.04


Tree=18
num_leaves=4
num_cat=0
split_feature=10 4 64
split_gain=6.30782 7.59192 8.63632
threshold=2.8544597115570278 -1.4394247660719139 -0.38427029112015426
decision_type=2 2 2
left_child=1 -1 -3
right_child=-2 2 -4
leaf_value=0.036439923154155472 -0.045203615105894331 0.0092630455289780932 -0.0044437250082529009
leaf_weight=9.2197509855031949 4.8734891414642325 105.0654609054327 245.19165091216564
leaf_count=37 20 422 985
internal_value=-1.84008e-06 0.000610968 -0.000332151
internal_weight=364.35 359.477 350.257
internal_count=1464 1444 1407
is_linear=0
shrinkage=0.04


Tree=19
num_leaves=7
num_cat=0
split_feature=75 34 62 39 74 80
split_gain=6.26996 13.9886 16.4776 9.25608 8.57672 6.18092
threshold=0.26596505139802368 0.40311039118321046 0.91901051280948864 2.1747898990062957 1.0207064042945395 -0.27283080325529541
decision_type=2 2 2 2 2 2
left_child=3 2 -2 4 -1 -3
right_child=1 5 -4 -5 -6 -7
leaf_value=0.0034034269307076023 0.0074267144386275007 -0.0010503164788857467 -0.032994266922407547 -0.041840154051464386 0.036049736309979867 -0.043073761772508615
leaf_weight=209.54015997052193 85.838361442089081 7.6625752747058895 19.871751189231873 6.8367522060871115 13.718755915760992 20.804605349898338
leaf_count=841 345 31 80 28 55 84
internal_value=-1.85635e-06 -0.00687402 -0.000171761 0.00400556 0.00540947 -0.0317622
internal_weight=364.273 134.177 105.71 230.096 223.259 28.4672
internal_count=1464 540 425 924 896 115
is_linear=0
shrinkage=0.04


Tree=20
num_leaves=5
num_cat=0
split_feature=86 78 49 74
split_gain=6.21631 7.14544 11.0377 6.68706
threshold=-2.0390360873602917 -0.49210692373207626 1.4713597865150354 -0.54983163639259414
decision_type=2 2 2 2
left_child=-1 2 -2 -3
right_child=1 3 -4 -5
leaf_value=0.036122673833097273 0.01356182876022323 0.0082756734642782711 -0.042911657911503073 -0.0070981703601900072
leaf_weight=7.4652535915374747 77.18328969180584 57.252339899539948 5.9654278606176367 216.25430683791637
leaf_count=30 310 230 24 870
internal_value=-2.15083e-06 -0.00075829 0.00951019 -0.00388001
internal_weight=364.121 356.655 83.1487 273.507
internal_count=1464 1434 334 1100
is_linear=0
shrinkage=0.04


Tree=21
num_leaves=7
num_cat=0
split_feature=50 28 7 69 71 103
split_gain=6.08014 8.26046 8.15798 7.91457 6.29391 6.15249
threshold=0.010853801723451696 0.93645320219732231 -0.94470140665820501 -0.10144114127057688 -0.97366812625264476 -1.3248288308801437
decision_type=2 2 2 2 2 2
left_child=1 2 -1 -3 -2 -6
right_child=4 3 -4 -5 5 -7
leaf_value=-0.030038587485338462 0.039081084120446113 -0.045406472017865476 0.010286117702199985 0.0030694764819440591 -0.028462167126911315 -0.0039449304692734987
leaf_weight=8.4671837985515577 4.9811653494834891 9.5154086053371447 154.45225009322166 12.426019489765165 18.298800960183144 155.91414858400822
leaf_count=34 20 39 620 50 74 627
internal_value=-2.12232e-06 0.00508735 0.00819038 -0.0179532 -0.00525254 -0.00652015
internal_weight=364.055 184.861 162.919 21.9414 179.194 174.213
internal_count=1464 743 654 89 721 701
is_linear=0
shrinkage=0.04


Tree=22
num_leaves=7
num_cat=0
split_feature=104 62 44 35 39 104
split_gain=5.87363 11.039 11.8734 7.33773 10.7948 8.45602
threshold=-0.83032027128009722 0.94692937795377685 0.12231843619168685 -1.2396402524557142 2.1747898990062957 0.27325618388846529
decision_type=2 2 2 2 2 2
left_child=1 2 -1 5 -5 -2
right_child=3 -3 -4 4 -6 -7
leaf_value=0.0036544709865437754 -0.0099819644434525467 -0.025618853085415987 0.051478027917796015 -0.0020077407767776019 -0.052229028234683748 0.052687168423502538
leaf_weight=19.17809097468853 5.9467885345220557 8.9358317106962186 14.652718082070349 300.00260877609253 7.0078995972871772 8.1883493959903699
leaf_count=77 24 36 59 1206 29 33
internal_value=-2.28049e-06 0.0139233 0.0243677 -0.00185674 -0.0031541 0.0263217
internal_weight=363.912 42.7666 33.8308 321.146 307.011 14.1351
internal_count=1464 172 136 1292 1235 57
is_linear=0
shrinkage=0.04


Tree=23
num_leaves=7
num_cat=0
split_feature=8 43 43 100 42 93
split_gain=5.81605 7.64115 7.2976 11.772 8.7698 5.83526
threshold=1.2772774211765257 -0.3775912369783137 -0.56807264234199006 -0.44959596834555998 0.74028113432549769 -0.12229274678884686
decision_type=2 2 2 2 2 2
left_child=2 -2 3 -1 -4 -3
right_child=1 5 4 -5 -6 -7
leaf_value=-0.04224574817547512 0.019306830346207983 -0.012981026404545815 0.006663005150492513 -0.001617691841066758 -0.014011209447492644 -0.067963024987487589
leaf_weight=14.877193674445151 4.9650478065013912 6.4189922809600839 244.65795734524727 48.974353089928627 37.916199877858162 5.9523684829473469
leaf_count=60 20 26 984 197 153 24
internal_value=-2.26774e-06 -0.0226118 0.00112919 -0.0110839 0.00388891 -0.0394351
internal_weight=363.762 17.3364 346.426 63.8515 282.574 12.3714
internal_count=1464 70 1394 257 1137 50
is_linear=0
shrinkage=0.04


Tree=24
num_leaves=6
num_cat=0
split_feature=86 14 44 79 43
split_gain=5.72732 8.98865 6.58993 20.2828 9.98123
threshold=-1.6575845656196255 0.0081342051676209174 -0.32058898472525016 0.56246753339921751 -0.63061984281733818
decision_type=2 2 2 2 2
left_child=1 -1 3 -2 -4
right_child=2 -3 4 -5 -6
leaf_value=0.048793569839095115 -0.0023686234517253458 -0.01516549312762226 -0.015479718427097666 -0.054297663703678188 0.0059339718799645202
leaf_weight=9.1811418086290342 83.178637936711311 5.697344869375228 41.75949139893055 14.070192471146582 209.80291929841042
leaf_count=37 335 23 168 57 844
internal_value=-2.42063e-06 0.024302 -0.00103912 -0.00988184 0.00237929
internal_weight=363.69 14.8785 348.811 97.2488 251.562
internal_count=1464 60 1404 392 1012
is_linear=0
shrinkage=0.04


Tree=25
num_leaves=8
num_cat=0
split_feature=78 79 74 63 104 16 74
split_gain=5.61193 9.84332 7.5722 8.14293 7.40687 6.98737 6.51996
threshold=-0.54981110528860555 -0.04034236523670346 -1.729365726412061 -0.20600146769691788 -0.83032027128009722 0.3284671075944991 -0.014242005729102529
decision_type=2 2 2 2 2 2 2
left_child=1 6 3 -2 -4 -3 -1
right_child=2 5 4 -5 -6 -7 -8
leaf_value=-0.0068583568900613115 -0.0084121602119043501 0.071215857952939193 0.013661697872051249 0.056849417898378614 -0.0063395710931294525 0.0097889329662827242 0.019598926340357325
leaf_weight=38.295584127306938 5.4762014001607895 6.4665961861610395 33.739963605999947 6.930428594350813 242.81864784657955 5.4684620201587677 24.397508382797241
leaf_count=154 22 26 136 28 978 22 98
internal_value=-2.53567e-06 0.00977613 -0.00252797 0.0280434 -0.00389943 0.043071 0.0034377
internal_weight=363.593 74.6282 288.965 12.4066 276.559 11.9351 62.6931
internal_count=1464 300 1164 50 1114 48 252
is_linear=0
shrinkage=0.04


Tree=26
num_leaves=5
num_cat=0
split_feature=2 2 2 8
split_gain=5.61313 8.08995 8.71358 6.74858
threshold=1.9761929065703596 1.2905378204206885 0.9958856860284494 0.62279125799108459
decision_type=2 2 2 2
left_child=1 2 -1 -3
right_child=-2 3 -4 -5
leaf_value=0.00081334115837500959 -0.042440848889267441 0.04735785841519289 -0.027190597262014039 -0.0067255879669214794
leaf_weight=323.59761859476566 4.9191178828477851 10.444197222590448 18.811273381114006 5.7095477879047385
leaf_count=1303 20 42 76 23
internal_value=-2.34204e-06 0.000579871 -0.00072514 0.028242
internal_weight=363.482 358.563 342.409 16.1537
internal_count=1464 1444 1379 65
is_linear=0
shrinkage=0.04


Tree=27
num_leaves=8
num_cat=0
split_feature=57 74 64 36 51 46 98
split_gain=5.51628 9.37688 9.36778 8.02513 15.4831 6.96078 5.73236
threshold=0.80741393865586353 -1.729365726412061 -0.38427029112015426 -0.15781280558019398 0.19301448584090039 -0.12994569808361575 -0.11380221940868102
decision_type=2 2 2 2 2 2 2
left_child=1 6 -3 4 -2 -5 -1
right_child=3 2 -4 5 -6 -7 -8
leaf_value=0.0063600938837123557 0.043143243821501108 0.012242126489283146 -0.0037137756181357109 -0.005163623179791633 -0.028751376845077902 -0.052320645187832658 0.059837736862754974
leaf_weight=5.9604256004095078 8.8924145698547381 78.890197068452835 232.0213567763567 8.9264990985393542 10.395838737487791 11.409686014056204 6.942631393671034
leaf_count=24 36 318 934 36 42 46 28
internal_value=-2.34853e-06 0.00172151 0.000334849 -0.0140898 0.00439402 -0.0316212 0.0351343
internal_weight=363.439 323.815 310.912 39.6244 19.2883 20.3362 12.9031
internal_count=1464 1304 1252 160 78 82 52
is_linear=0
shrinkage=0.04


Tree=28
num_leaves=8
num_cat=0
split_feature=50 82 49 84 7 105 3
split_gain=5.49144 7.57816 10.6656 9.45116 6.49973 8.8344 8.1698
threshold=0.029214349746824637 0.11275934676493815 1.5295489355643297 -0.052093005792029322 1.4002914637358683 -0.75462067140024713 -0.10769559216219156
decision_type=2 2 2 2 2 2 2
left_child=1 2 -1 -3 6 -6 -2
right_child=4 3 -4 -5 5 -7 -8
leaf_value=0.015106009306651059 -0.021141625515027615 -0.047051546140734112 -0.045230802767267521 0.00010647081414025447 -0.020755306071022911 0.046570349635009008 -0.0014612636027357445
leaf_weight=96.390853688120842 48.153673946857452 7.4295308440923682 4.9271044582128516 80.218930646777153 4.9490823149681082 8.4305174946784955 112.82419818639755
leaf_count=388 194 30 20 323 20 34 455
internal_value=-2.27374e-06 0.00472144 0.0121718 -0.00389088 -0.00512178 0.0216667 -0.00734829
internal_weight=363.324 188.966 101.318 87.6485 174.357 13.3796 160.978
internal_count=1464 761 408 353 703 54 649
is_linear=0
shrinkage=0.04


Tree=29
num_leaves=7
num_cat=0
split_feature=75 6 62 39 74 105
split_gain=5.34224 12.4921 12.8498 7.8206 7.73606 6.37239
threshold=0.26596505139802368 0.54580056246771347 -0.023543562889884174 2.1747898990062957 1.0207064042945395 0.10718106764656334
decision_type=2 2 2 2 2 2
left_child=3 2 -2 4 -1 -3
right_child=1 5 -4 -5 -6 -7
leaf_value=0.0030750009087213166 0.012921201768199633 -0.056131653508794781 -0.013948427337252911 -0.038814516393414544 0.034113942203063734 -0.0097602536434393209
leaf_weight=209.12133914232254 53.683037936687469 10.978635758161547 60.649422287940979 6.7202805727720252 13.688715696334837 8.346219673752783
leaf_count=841 216 45 245 28 55 34
internal_value=-2.32654e-06 -0.00635973 -0.00133221 0.00369964 0.00498193 -0.0361043
internal_weight=363.188 133.657 114.332 229.53 222.81 19.3249
internal_count=1464 540 461 924 896 79
is_linear=0
shrinkage=0.04


Tree=30
num_leaves=4
num_cat=0
split_feature=86 82 84
split_gain=5.19755 6.265 6.93952
threshold=-2.0390360873602917 1.1821970488111571 0.95881785199226555
decision_type=2 2 2
left_child=-1 2 -2
right_child=1 -3 -4
leaf_value=0.033143810981800054 -0.001077912549732638 -0.037391984010960659 0.027742052877242896
leaf_weight=7.4144879430532447 334.34401638805866 7.2904700040817252 13.924613937735556
leaf_count=30 1348 30 56
internal_value=-2.63652e-06 -0.000693841 7.43787e-05
internal_weight=362.974 355.559 348.269
internal_count=1464 1434 1404
is_linear=0
shrinkage=0.04


Tree=31
num_leaves=5
num_cat=0
split_feature=2 2 2 75
split_gain=5.18463 7.29194 7.8685 6.45979
threshold=1.9761929065703596 1.2905378204206885 0.9958856860284494 -0.18579460743957113
decision_type=2 2 2 2
left_child=1 2 -1 -3
right_child=-2 3 -4 -5
leaf_value=0.00077717832369717486 -0.040916783710730202 0.053335875970195519 -0.02589276667100231 0.0026450549577184406
leaf_weight=323.16165180504322 4.8887645155191413 7.6966532766819027 18.725363165140152 8.425703823566435
leaf_count=1303 20 31 76 34
internal_value=-2.57801e-06 0.000556122 -0.000683551 0.0268443
internal_weight=362.898 358.009 341.887 16.1224
internal_count=1464 1444 1379 65
is_linear=0
shrinkage=0.04


Tree=32
num_leaves=8
num_cat=0
split_feature=57 74 64 36 51 49 46
split_gain=5.15708 8.57475 8.37604 7.40612 14.1117 6.67203 5.42342
threshold=0.80741393865586353 -1.729365726412061 -0.38427029112015426 -0.15781280558019398 0.19301448584090039 -0.30399815394567087 -0.088402383887035682
decision_type=2 2 2 2 2 2 2
left_child=1 6 -3 4 -2 -5 -1
right_child=3 2 -4 5 -6 -7 -8
leaf_value=0.0020875206844035489 0.041249301450690827 0.011604990933980635 -0.0034930023275430251 -0.05919742992768845 -0.027529863709416125 -0.012153587879982105 0.055025853077432831
leaf_weight=5.1910360008478165 8.847513213753702 78.782144382596016 231.70603321492672 7.9118510037660625 10.363951012492178 12.357751771807669 7.6734813600778562
leaf_count=21 36 318 934 32 42 50 31
internal_value=-2.54683e-06 0.0016638 0.000337908 -0.01365 0.00414521 -0.0305163 0.0336644
internal_weight=362.834 323.353 310.488 39.4811 19.2115 20.2696 12.8645
internal_count=1464 1304 1252 160 78 82 52
is_linear=0
shrinkage=0.04


Tree=33
num_leaves=7
num_cat=0
split_feature=8 43 81 33 81 93
split_gain=5.0747 7.14528 6.49046 10.0023 9.22025 5.33307
threshold=1.2772774211765257 -0.3775912369783137 -0.34673898301308764 -0.67083653885533634 -0.18910997771666441 -0.12229274678884686
decision_type=2 2 2 2 2 2
left_child=2 -2 3 -1 -4 -3
right_child=1 5 4 -5 -6 -7
leaf_value=0.044851828364273143 0.019373126588589317 -0.012220975008519236 -0.024904613015395167 0.0050451590689869017 0.00016376322965924131 -0.065010308455779625
leaf_weight=11.300560086965559 4.9490987509489086 6.3778998553752908 26.387171149253845 95.045914471149445 212.7271986156702 5.8895435333251926
leaf_count=46 20 26 107 383 858 24
internal_value=-2.4775e-06 -0.0211974 0.0010538 0.00927508 -0.00260263 -0.0375649
internal_weight=362.677 17.2165 345.461 106.346 239.114 12.2674
internal_count=1464 70 1394 429 965 50
is_linear=0
shrinkage=0.04


Tree=34
num_leaves=8
num_cat=0
split_feature=50 93 86 75 25 3 104
split_gain=5.02786 7.6625 11.0795 7.82964 5.53889 9.82073 5.36897
threshold=0.010853801723451696 -0.74939252928477373 -1.3153464643364423 -0.28988427884956802 -0.61549310737329932 -0.10769559216219156 -0.019473714740921706
decision_type=2 2 2 2 2 2 2
left_child=1 3 -3 -1 6 -6 -2
right_child=4 2 -4 -5 5 -7 -8
leaf_value=0.019751450943696697 -0.0054395507976902095 0.06192710536789503 0.0062492010445195922 -0.02454249448586019 -0.024036896065710286 -0.0013439789215511553 0.026794600821248661
leaf_weight=8.6717545390129072 17.294164255261421 5.9527355730533591 145.2448528110981 24.215583562850952 43.594264566898346 101.68554171919823 15.839964672923086
leaf_count=35 70 24 586 98 176 411 64
internal_value=-2.51617e-06 0.00463519 0.00844127 -0.012863 -0.00478764 -0.00815347 0.00997017
internal_weight=362.499 184.085 151.198 32.8873 178.414 145.28 33.1341
internal_count=1464 743 610 133 721 587 134
is_linear=0
shrinkage=0.04


Tree=35
num_leaves=6
num_cat=0
split_feature=78 49 79 76 74
split_gain=4.89562 9.32244 9.72117 6.73867 9.67489
threshold=-0.54981110528860555 1.4713597865150354 -0.04034236523670346 -1.2830325574780621 -1.729365726412061
decision_type=2 2 2 2 2
left_child=1 2 -1 -2 -5
right_child=3 -3 -4 4 -6
leaf_value=0.0066881230281209984 -0.046487712496535431 -0.040097831719925418 0.047889714099774272 0.035583782275624025 -0.0029936824069010342
leaf_weight=57.827421069145203 5.4338434785604468 5.6815454810857764 10.887493297457693 10.815575972199438 271.73158271610737
leaf_count=233 22 23 44 44 1098
internal_value=-2.44971e-06 0.00914477 0.0132163 -0.00236552 -0.00151698
internal_weight=362.377 74.3965 68.7149 287.981 282.547
internal_count=1464 300 277 1164 1142
is_linear=0
shrinkage=0.04


Tree=36
num_leaves=7
num_cat=0
split_feature=104 62 44 107 107 75
split_gain=4.8583 9.98185 10.3487 7.37853 12.2953 10.7899
threshold=-0.83032027128009722 0.94692937795377685 0.12231843619168685 -0.24772131409176362 0.77105615251547954 0.29351620634503939
decision_type=2 2 2 2 2 2
left_child=1 2 -1 5 -5 -2
right_child=3 -3 -4 4 -6 -7
leaf_value=0.0033185354567826092 0.013987815263099779 -0.024945928193075294 0.048149663022295064 -0.011801478425285339 0.009949818425882391 -0.015774972807634548
leaf_weight=19.06219944357872 81.501183927059174 8.9032716751098615 14.509104058146475 155.96954849362373 56.694591999053955 25.613985747098923
leaf_count=77 328 36 59 630 230 104
internal_value=-2.31912e-06 0.012708 0.022694 -0.00169056 -0.00600275 0.00687077
internal_weight=362.254 42.4746 33.5713 319.779 212.664 107.115
internal_count=1464 172 136 1292 860 432
is_linear=0
shrinkage=0.04


Tree=37
num_leaves=4
num_cat=0
split_feature=10 4 64
split_gain=4.81815 6.5117 6.70913
threshold=2.8544597115570278 -1.4394247660719139 -0.38427029112015426
decision_type=2 2 2
left_child=1 -1 -3
right_child=-2 2 -4
leaf_value=0.033854876897332298 -0.040191515253566512 0.0081426776700012811 -0.0039783666382842463
leaf_weight=9.1403466910123807 4.7107509970664969 104.31465268135071 243.89216050505638
leaf_count=37 20 422 985
internal_value=-2.1509e-06 0.000527648 -0.000347184
internal_weight=362.058 357.347 348.207
internal_count=1464 1444 1407
is_linear=0
shrinkage=0.04


Tree=38
num_leaves=7
num_cat=0
split_feature=57 62 74 36 51 46
split_gain=4.85121 7.31351 7.83137 6.5401 12.9639 6.22851
threshold=0.80741393865586353 -1.3287699042679815 -1.729365726412061 -0.15781280558019398 0.19301448584090039 -0.12994569808361575
decision_type=2 2 2 2 2 2
left_child=1 -1 -3 4 -2 -5
right_child=3 2 -4 5 -6 -7
leaf_value=0.037292926011118097 0.03917727818929323 0.031289582156842147 -0.00070364023211452774 -0.0041245185587499237 -0.026884243833144136 -0.048888083325288573
leaf_weight=8.9377804547548276 8.7967661023139971 12.760784909129141 300.93665358424187 8.8935232907533663 10.339083239436148 11.283169895410536
leaf_count=36 36 52 1216 36 42 46
internal_value=-2.14025e-06 0.00161434 0.000597801 -0.0132685 0.00348429 -0.0291571
internal_weight=361.948 322.635 313.697 39.3125 19.1358 20.1767
internal_count=1464 1304 1268 160 78 82
is_linear=0
shrinkage=0.04


Tree=39
num_leaves=5
num_cat=0
split_feature=82 18 84 53
split_gain=4.77036 5.50472 5.9223 3.61357
threshold=1.20684723037714 -0.88850585215019384 0.95881785199226555 -1.0000000180025095e-35
decision_type=2 2 2 2
left_child=1 3 -3 -1
right_child=-2 2 -4 -5
leaf_value=0.054280565538508962 -0.033349160266181385 -0.0012954456292092634 0.025137534261333548 0.005923777129060807
leaf_weight=4.9351920187473297 6.735883191227912 331.03817956149578 14.141145199537275 4.9549792706966382
leaf_count=20 28 1339 57 20
internal_value=-2.1207e-06 0.000630493 -0.000212552 0.0300538
internal_weight=361.805 355.069 345.179 9.89017
internal_count=1464 1436 1396 40
is_linear=0
shrinkage=0.04


Tree=40
num_leaves=5
num_cat=0
split_feature=2 2 104 50
split_gain=4.74312 6.59967 6.38488 6.38432
threshold=1.9761929065703596 1.3619811325442499 -0.13822768446512504 0.16404943373709149
decision_type=2 2 2 2
left_child=1 3 -3 -1
right_child=-2 2 -4 -5
leaf_value=0.0038446674777331273 -0.03927280653938911 -0.00018121301487021777 0.05467890161769115 -0.0073209357041286493
leaf_weight=208.17881609499454 4.8548690229654303 6.6368228644132614 6.9477696269750577 135.11314910650253
leaf_count=842 20 27 28 547
internal_value=-2.06494e-06 0.000532165 0.0278767 -0.0005499
internal_weight=361.731 356.877 13.5846 343.292
internal_count=1464 1444 55 1389
is_linear=0
shrinkage=0.04


Tree=41
num_leaves=6
num_cat=0
split_feature=78 49 79 76 74
split_gain=4.67924 8.56766 9.04993 6.1812 8.49829
threshold=-0.54981110528860555 1.4713597865150354 -0.04034236523670346 -1.2830325574780621 -1.729365726412061
decision_type=2 2 2 2 2
left_child=1 2 -1 -2 -5
right_child=3 -3 -4 4 -6
leaf_value=0.0065535215606068896 -0.044672182295997835 -0.038385756080797466 0.04637545789390056 0.033413320658144431 -0.002883593679670986
leaf_weight=57.76329904794693 5.4086187034845343 5.6525643169879904 10.845461949706076 10.729021012783049 271.2385910898447
leaf_count=233 22 23 44 44 1098
internal_value=-2.0079e-06 0.00894865 0.0128485 -0.00231496 -0.00150248
internal_weight=361.638 74.2613 68.6088 287.376 281.968
internal_count=1464 300 277 1164 1142
is_linear=0
shrinkage=0.04


Tree=42
num_leaves=6
num_cat=0
split_feature=8 43 81 33 81
split_gain=4.65795 6.2988 5.35782 9.11157 8.78629
threshold=1.3352119118544363 -0.18403310442980853 -0.34673898301308764 -0.67083653885533634 -0.18910997771666441
decision_type=2 2 2 2 2
left_child=2 -2 3 -1 -4
right_child=1 -3 4 -5 -6
leaf_value=0.042497715465564419 0.0090625599908247707 -0.046425631262474301 -0.024163474228091321 0.0043403756783736121 0.00025384716834432825
leaf_weight=11.162445202469824 5.644988477230072 7.790579140186308 26.511982411146164 97.221969813108444 213.15528869628906
leaf_count=46 23 32 108 393 862
internal_value=-1.87822e-06 -0.0231121 0.000890229 0.00827018 -0.0024472
internal_weight=361.487 13.4356 348.052 108.384 239.667
internal_count=1464 55 1409 439 970
is_linear=0
shrinkage=0.04


Tree=43
num_leaves=4
num_cat=0
split_feature=58 60 57
split_gain=4.65161 7.4329 7.01863
threshold=-1.8068304492630041 -1.6274193574269138 -1.5166326154163445
decision_type=2 2 2
left_child=-1 -2 -3
right_child=1 2 -4
leaf_value=-0.031567479478490673 0.039234738485591961 -0.032705736183273833 0.00077858392557085901
leaf_weight=7.3182519972324362 7.8121723085641852 10.323765099048613 335.84494104981422
leaf_count=30 32 42 1360
internal_value=-1.86299e-06 0.000650729 -0.000220017
internal_weight=361.299 353.981 346.169
internal_count=1464 1434 1402
is_linear=0
shrinkage=0.04


Tree=44
num_leaves=5
num_cat=0
split_feature=51 3 75 68
split_gain=4.57082 7.34748 10.04 8.99915
threshold=-2.6564714849225441 -0.7559386189511258 0.26596505139802368 1.707273379185039
decision_type=2 2 2 2
left_child=-1 3 -3 -2
right_child=1 2 -4 -5
leaf_value=-0.034899598309586319 0.019359513095978702 0.003306638471263969 -0.01218070056844507 -0.037470317399300943
leaf_weight=5.9068803936243048 48.964841887354851 201.02126820385456 100.43427312374115 4.9048876315355292
leaf_count=24 198 813 409 20
internal_value=-1.81352e-06 0.000578323 -0.00185319 0.0141851
internal_weight=361.232 355.325 301.456 53.8697
internal_count=1464 1440 1222 218
is_linear=0
shrinkage=0.04


Tree=45
num_leaves=6
num_cat=0
split_feature=57 62 64 39 2
split_gain=4.47699 6.52253 7.2174 6.1337 6.26501
threshold=0.80741393865586353 -1.3287699042679815 -0.29239651825812568 0.61707369658278199 0.33364117170707636
decision_type=2 2 2 2 2
left_child=1 -1 -3 4 -2
right_child=3 2 -4 -5 -6
leaf_value=0.035270222791774414 -0.0050322557274250007 0.0096088412076264437 -0.0035003220155947891 0.015597281973015955 -0.041871340020456296
leaf_weight=8.9242610484361631 16.409622043371204 97.669964104890823 215.37722347676754 9.2949867248535138 13.432413339614866
leaf_count=36 67 396 872 38 55
internal_value=-1.84935e-06 0.00155096 0.000589705 -0.0127765 -0.0216142
internal_weight=361.108 321.971 313.047 39.137 29.842
internal_count=1464 1304 1268 160 122
is_linear=0
shrinkage=0.04


Tree=46
num_leaves=6
num_cat=0
split_feature=83 49 37 4 64
split_gain=4.42505 8.81399 6.35754 5.75844 5.71113
threshold=-0.81793726225902297 -0.27443047290405259 0.10235520187855374 1.2416034413174548 -0.38427029112015426
decision_type=2 2 2 2 2
left_child=1 -1 -3 4 -2
right_child=3 2 -4 -5 -6
leaf_value=-0.021556830256831298 0.0077242176400237096 0.072137091600706429 0.013639893397588174 -0.03435696650037167 -0.0036454258928630312
leaf_weight=5.7129750251770046 101.33642674982548 5.1995104104280454 6.9406920224428177 8.0909914970397931 233.72868581116199
leaf_count=23 412 21 28 33 947
internal_value=-1.89382e-06 0.0194136 0.0386936 -0.00101201 -0.000206813
internal_weight=361.009 17.8532 12.1402 343.156 335.065
internal_count=1464 72 49 1392 1359
is_linear=0
shrinkage=0.04


Tree=47
num_leaves=7
num_cat=0
split_feature=104 62 109 88 74 82
split_gain=4.43648 9.0906 10.1244 6.8159 11.4679 6.98022
threshold=-0.83032027128009722 0.94692937795377685 -0.70690285758790006 -0.32301169270206415 -0.54983163639259414 -0.82321657430433459
decision_type=2 2 2 2 2 2
left_child=1 2 -1 4 -2 -5
right_child=3 -3 -4 5 -6 -7
leaf_value=0.071905871703242211 0.016232406280725219 -0.023833736389076765 0.012066738409462905 -0.026055588578399739 -0.016295409199822329 0.0044309618343935323
leaf_weight=5.3969325572252265 21.689463019371033 8.8603495508432371 27.967770472168922 12.793975248932837 86.512224018573761 197.697978079319
leaf_count=22 88 36 114 52 352 800
internal_value=-1.84695e-06 0.0121818 0.0217461 -0.0016161 -0.00977508 0.00257795
internal_weight=360.919 42.2251 33.3647 318.694 108.202 210.492
internal_count=1464 172 136 1292 440 852
is_linear=0
shrinkage=0.04


Tree=48
num_leaves=8
num_cat=0
split_feature=44 79 63 44 43 73 65
split_gain=4.30533 18.0284 8.91213 8.41541 12.9069 7.1774 5.2835
threshold=-0.32058898472525016 0.56246753339921751 0.55041968843436828 -0.09581171477680045 -0.21458228910095831 -0.49475895179586393 0.47230194019605992
decision_type=2 2 2 2 2 2 2
left_child=1 2 -1 5 -5 -2 -3
right_child=3 6 -4 4 -6 -7 -8
leaf_value=-0.0076288456465244073 -0.023634716493005685 -0.070130652130397611 0.021997444636879561 -0.013725764779702955 0.0068479516735083928 0.022305155734171852 -0.021067541236026509
leaf_weight=64.221152320504189 6.1586270183324805 8.0321594774723035 21.747483924031258 78.379466116428375 129.22804781794548 46.720949873328209 6.2401011586189261
leaf_count=261 25 33 88 318 524 189 26
internal_value=-1.71427e-06 -0.00704611 -0.000134284 0.00270912 -0.000919382 0.0169548 -0.0486793
internal_weight=360.728 100.241 85.9686 260.487 207.608 52.8796 14.2723
internal_count=1464 408 349 1056 842 214 59
is_linear=0
shrinkage=0.04


Tree=49
num_leaves=4
num_cat=0
split_feature=78 76 8
split_gain=4.28565 6.23498 5.33959
threshold=-1.4963082907569016 -1.9918005038124897 1.3352119118544363
decision_type=2 2 2
left_child=-1 -2 -3
right_child=1 2 -4
leaf_value=0.033722305274172255 -0.039847066767756276 0.0011101744799293278 -0.025399017132034189
leaf_weight=5.9298929423093787 6.3495396822690955 335.68383964896202 12.614076539874075
leaf_count=24 26 1362 52
internal_value=-2.10325e-06 -0.000565993 0.000150109
internal_weight=360.577 354.647 348.298
internal_count=1464 1440 1414
is_linear=0
shrinkage=0.04


Tree=50
num_leaves=5
num_cat=0
split_feature=51 3 75 66
split_gain=4.27392 6.70146 8.91242 8.27575
threshold=-2.6564714849225441 -0.7559386189511258 0.26596505139802368 -0.28886095768078807
decision_type=2 2 2 2
left_child=-1 3 -3 -2
right_child=1 2 -4 -5
leaf_value=-0.0337906221570584 0.046228296514245759 0.0030966551382899917 -0.011513628801673018 0.0060268525112108888
leaf_weight=5.8918582797050467 10.083745330572127 200.73724496364594 100.12343707680702 43.695709004998207
leaf_count=24 41 813 409 177
internal_value=-2.10151e-06 0.000559248 -0.0017655 0.0135647
internal_weight=360.532 354.64 300.861 53.7795
internal_count=1464 1440 1222 218
is_linear=0
shrinkage=0.04


Tree=51
num_leaves=6
num_cat=0
split_feature=86 14 81 74 74
split_gain=4.20093 7.72168 5.20572 7.88421 7.46817
threshold=-1.6575845656196255 0.0081342051676209174 0.97142194699196682 0.037589792366349427 0.93424983029148134
decision_type=2 2 2 2 2
left_child=1 -1 4 -4 -2
right_child=2 -3 3 -5 -6
leaf_value=0.043929992230279158 -0.0018619399970240592 -0.015733867646250326 0.016009345339073743 -0.029657263146032248 0.01586504832636346
leaf_weight=9.0187867730855924 271.57045605778694 5.6416855007410041 8.4117247760295886 21.535049840807915 44.215473026037216
leaf_count=37 1102 23 34 88 180
internal_value=-2.05889e-06 0.02097 -0.000891358 -0.01683 0.000620144
internal_weight=360.393 14.6605 345.733 29.9468 315.786
internal_count=1464 60 1404 122 1282
is_linear=0
shrinkage=0.04


Tree=52
num_leaves=8
num_cat=0
split_feature=57 74 64 40 84 36 98
split_gain=4.18591 6.22166 6.59598 5.66802 8.7684 7.14427 4.77973
threshold=0.80741393865586353 -1.729365726412061 -0.38427029112015426 0.58182254721614535 0.26697690312680383 -0.15781280558019398 -0.11380221940868102
decision_type=2 2 2 2 2 2 2
left_child=1 6 -3 5 -5 -2 -1
right_child=3 2 -4 4 -6 -7 -8
leaf_value=0.0027239546378886935 0.0056357113414061445 0.010407080265444213 -0.0030338390441920168 0.041552860364704784 -0.028256615252390815 -0.037342442462986424 0.052045395590487147
leaf_weight=5.8974355906248093 9.4950618296861666 78.25434798002243 230.44789983332157 6.5598602890968305 5.1301929652690887 17.770433381199837 6.7329329252243024
leaf_count=24 39 318 934 27 21 73 28
internal_value=-2.00101e-06 0.00149919 0.000373361 -0.0123849 0.0109169 -0.0223755 0.029016
internal_weight=360.288 321.333 308.702 38.9555 11.6901 27.2655 12.6304
internal_count=1464 1304 1252 160 48 112 52
is_linear=0
shrinkage=0.04


Tree=53
num_leaves=5
num_cat=0
split_feature=2 1 41 29
split_gain=4.2111 6.27663 8.92404 8.03944
threshold=1.9761929065703596 0.99720658865654921 -0.59321057289681833 0.89702697817411214
decision_type=2 2 2 2
left_child=1 3 -3 -1
right_child=-2 2 -4 -5
leaf_value=0.00023985237076597666 -0.037193781778299809 -0.029107260957920333 0.026021516619215777 -0.028529337120283219
leaf_weight=304.98924346268177 4.8060105443000785 5.6338167190551749 28.287473857402802 16.375885903835297
leaf_count=1239 20 23 115 67
internal_value=-1.93419e-06 0.000501165 0.0168655 -0.00122615
internal_weight=360.092 355.286 33.9213 321.365
internal_count=1464 1444 138 1306
is_linear=0
shrinkage=0.04


Tree=54
num_leaves=7
num_cat=0
split_feature=78 49 0 7 76 101
split_gain=4.21544 8.29828 10.3604 6.51989 6.26896 6.01766
threshold=-0.49210692373207626 1.4713597865150354 -0.85796098925880548 1.4002914637358683 -1.2830325574780621 0.23585929849407963
decision_type=2 2 2 2 2 2
left_child=1 2 -1 4 -2 -5
right_child=3 -3 -4 5 -6 -7
leaf_value=0.047316711484183233 -0.048759164419287633 -0.038040055898728026 0.0054087749076707527 0.04581086039327105 -0.0031276402711053141 -0.00036087928777502612
leaf_weight=11.015755742788313 4.9101665019989005 5.8421984910964957 65.921225532889366 8.3304474353790301 254.15515293180943 9.8646245151758176
leaf_count=45 20 24 267 34 1033 41
internal_value=-1.97654e-06 0.0079192 0.0114091 -0.00236693 -0.00399251 0.0207784
internal_weight=360.04 82.7792 76.937 277.26 259.065 18.1951
internal_count=1464 336 312 1128 1053 75
is_linear=0
shrinkage=0.04


Tree=55
num_leaves=4
num_cat=0
split_feature=58 60 57
split_gain=4.12895 6.69118 6.31344
threshold=-1.8068304492630041 -1.6274193574269138 -1.5166326154163445
decision_type=2 2 2
left_child=-1 -2 -3
right_child=1 2 -4
leaf_value=-0.029863189010306174 0.037377668695888301 -0.031114327050925126 0.00073485771329707408
leaf_weight=7.2592810839414588 7.7465874850749961 10.263850793242453 334.62873910367489
leaf_count=30 32 42 1360
internal_value=-1.9011e-06 0.000612811 -0.00021296
internal_weight=359.898 352.639 344.893
internal_count=1464 1434 1402
is_linear=0
shrinkage=0.04


Tree=56
num_leaves=8
num_cat=0
split_feature=50 28 69 73 3 41 90
split_gain=4.11555 6.75892 7.0916 6.76899 4.94723 14.0272 6.62985
threshold=0.010853801723451696 0.86264460025654055 0.0066367775606065013 -0.12545819555835583 -0.10769559216219156 0.37383604093903738 0.017583783554658224
decision_type=2 2 2 2 2 2 2
left_child=1 3 -3 -1 5 -2 -6
right_child=4 2 -4 -5 6 -7 -8
leaf_value=-0.0025064068982710592 -0.0058986626777337396 -0.035253619172824706 0.0087041881613760322 0.014212549213506684 -0.0085717742579873805 -0.062955635948585512 0.01008178701005143
leaf_weight=66.85834127664566 46.412970319390297 13.19013822078705 10.583893015980719 92.147346273064613 65.491792052984238 8.0966741293668729 57.035684645175934
leaf_count=271 189 55 43 374 267 33 232
internal_value=-1.85201e-06 0.00420834 -0.0156842 0.0071826 -0.00434861 -0.0143737 0.000111328
internal_weight=359.817 182.78 23.774 159.006 177.037 54.5096 122.527
internal_count=1464 743 98 645 721 222 499
is_linear=0
shrinkage=0.04


Tree=57
num_leaves=6
num_cat=0
split_feature=86 11 81 18 74
split_gain=3.89739 7.21423 4.72016 7.23418 7.03411
threshold=-1.6575845656196255 0.10871218472806152 0.97142194699196682 -0.88850585215019384 0.037589792366349427
decision_type=2 2 2 2 2
left_child=1 -1 3 -2 -4
right_child=2 -3 4 -5 -6
leaf_value=0.044163350721597321 0.039700985371207892 -0.012843121179835127 0.014952624456064292 -0.00035779949444512954 -0.028231843055953117
leaf_weight=8.4675925523042661 7.3860276192426673 6.1183887124061576 8.401522636413576 307.82911598682404 21.424655750393867
leaf_count=35 30 25 34 1252 88
internal_value=-2.12215e-06 0.0202508 -0.000858278 0.000580846 -0.0160675
internal_weight=359.627 14.586 345.041 315.215 29.8262
internal_count=1464 60 1404 1282 122
is_linear=0
shrinkage=0.04


Tree=58
num_leaves=4
num_cat=0
split_feature=78 76 8
split_gain=3.87989 5.82442 4.89283
threshold=-1.4963082907569016 -1.9918005038124897 1.3352119118544363
decision_type=2 2 2
left_child=-1 -2 -3
right_child=1 2 -4
leaf_value=0.032137054400187826 -0.038652261314910612 0.0010711813307251912 -0.024375375732790951
leaf_weight=5.9111453294754019 6.3011322170495978 334.75945679843426 12.542856052517889
leaf_count=24 26 1362 52
internal_value=-2.04431e-06 -0.00053931 0.000152177
internal_weight=359.515 353.603 347.302
internal_count=1464 1440 1414
is_linear=0
shrinkage=0.04


Tree=59
num_leaves=5
num_cat=0
split_feature=2 2 104 2
split_gain=3.86996 5.83074 5.61349 5.48323
threshold=1.9761929065703596 1.3619811325442499 -0.13822768446512504 0.9958856860284494
decision_type=2 2 2 2
left_child=1 3 -3 -1
right_child=-2 2 -4 -5
leaf_value=0.00075779894218334768 -0.035790212392086018 -0.00014127715359093406 0.051532585946249279 -0.02035971829882275
leaf_weight=320.26640182733536 4.770299717783927 6.5735949128866196 6.8883831650018674 20.960534259676933
leaf_count=1303 20 27 28 86
internal_value=-2.04633e-06 0.000479278 0.0262998 -0.000539386
internal_weight=359.459 354.689 13.462 341.227
internal_count=1464 1444 55 1389
is_linear=0
shrinkage=0.04


Tree=60
num_leaves=7
num_cat=0
split_feature=104 62 109 107 107 75
split_gain=3.88739 8.58201 9.22744 6.23056 10.0734 8.75643
threshold=-0.83032027128009722 0.94692937795377685 -0.70690285758790006 -0.24772131409176362 0.77105615251547954 0.29351620634503939
decision_type=2 2 2 2 2 2
left_child=1 2 -1 5 -5 -2
right_child=3 -3 -4 4 -6 -7
leaf_value=0.069012040776103109 0.012776553808610747 -0.023592474104282259 0.011541038713355583 -0.010763171609013578 0.0090191610863102432 -0.014152854979606473
leaf_weight=5.3266064226627341 81.199218109250069 8.8322508931159955 27.7941724807024 154.74429780244827 56.122248560190201 25.351061582565308
leaf_count=22 328 36 114 630 230 104
internal_value=-1.97179e-06 0.0114413 0.0207837 -0.00151444 -0.00549809 0.00636935
internal_weight=359.37 41.953 33.1208 317.417 210.867 106.55
internal_count=1464 172 136 1292 860 432
is_linear=0
shrinkage=0.04


Tree=61
num_leaves=7
num_cat=0
split_feature=82 7 34 51 41 87
split_gain=3.85528 10.6159 8.81523 6.57265 7.9925 6.63636
threshold=0.18695827697552322 -0.94470140665820501 -0.64321376822213816 0.35273465496169076 0.81690280512264335 0.8589672607167369
decision_type=2 2 2 2 2 2
left_child=3 -2 -3 4 -1 -5
right_child=1 2 -4 5 -6 -7
leaf_value=0.002299539515441631 -0.051051653282886356 0.0135609228564717 -0.0088327405426850344 0.009751908499098445 -0.025559059104402544 0.052624783658768472
leaf_weight=127.97376799583435 7.5952801555395117 39.25945408642292 99.175788730382919 59.816121563315392 18.912257120013237 6.3943019658327094
leaf_count=521 31 161 404 244 77 26
internal_value=-1.75384e-06 -0.00500821 -0.00248202 0.00342906 -0.00128738 0.0138924
internal_weight=359.127 146.031 138.435 213.096 146.886 66.2104
internal_count=1464 596 565 868 598 270
is_linear=0
shrinkage=0.04


Tree=62
num_leaves=5
num_cat=0
split_feature=51 3 68 75
split_gain=3.90197 5.87319 7.71907 7.54951
threshold=-2.6564714849225441 -0.7559386189511258 1.707273379185039 0.26596505139802368
decision_type=2 2 2 2
left_child=-1 2 -2 -3
right_child=1 3 -4 -5
leaf_value=-0.032388870888989112 0.017531741372143042 0.0028319693359999576 -0.035383812508938788 -0.010650570730408298
leaf_weight=5.8549011945724478 48.688304379582405 200.08847700059414 4.8502017259597769 99.491605967283249
leaf_count=24 198 813 20 409
internal_value=-1.83708e-06 0.000535158 0.012738 -0.00164563
internal_weight=358.973 353.119 53.5385 299.58
internal_count=1464 1440 218 1222
is_linear=0
shrinkage=0.04


Tree=63
num_leaves=6
num_cat=0
split_feature=57 62 64 39 2
split_gain=3.84526 5.87769 6.16252 5.34381 5.98685
threshold=0.80741393865586353 -1.3287699042679815 -0.29239651825812568 0.65092169937979794 0.33364117170707636
decision_type=2 2 2 2 2
left_child=1 -1 -3 4 -2
right_child=3 2 -4 -5 -6
leaf_value=0.033527556096253963 -0.0037923455768541438 0.008886385613475753 -0.0032653438829263965 0.015583876804727217 -0.039746637405619387
leaf_weight=8.8793336004018766 16.492381066083912 97.012415170669556 214.21952383220196 8.7522174119949323 13.455467268824576
leaf_count=36 68 396 872 36 56
internal_value=-1.86514e-06 0.00143791 0.000522406 -0.0119111 -0.0199465
internal_weight=358.811 320.111 311.232 38.7001 29.9478
internal_count=1464 1304 1268 160 124
is_linear=0
shrinkage=0.04


Tree=64
num_leaves=6
num_cat=0
split_feature=14 64 4 13 87
split_gain=3.79605 6.13945 5.46677 6.31527 3.87581
threshold=-1.3971806099773696 0.082619290601449735 -1.4394247660719139 2.0120134665826801 0.13276460047211905
decision_type=2 2 2 2 2
left_child=1 -1 -2 -4 -3
right_child=2 4 3 -5 -6
leaf_value=0.0073334752497129464 0.031762654699208505 -0.012085560313461688 0.00086609656442922613 -0.044011252530679751 -0.059104354470753233
leaf_weight=9.307163357734682 9.0039727836847288 5.3820693194866163 324.03296190500259 5.0960574299097052 5.8582684099674225
leaf_count=38 37 22 1321 22 24
internal_value=-1.92539e-06 -0.016695 0.00101247 0.00017124 -0.0365909
internal_weight=358.68 20.5475 338.133 329.129 11.2403
internal_count=1464 84 1380 1343 46
is_linear=0
shrinkage=0.04


Tree=65
num_leaves=5
num_cat=0
split_feature=58 58 45 45
split_gain=3.78147 6.36792 6.90125 5.34668
threshold=-1.8068304492630041 -1.3085565627710749 0.81349928054090948 4.514487574009781
decision_type=2 2 2 2
left_child=-1 2 -2 -3
right_child=1 3 -4 -5
leaf_value=-0.028684874875423896 0.034610769329922332 -0.0015857693512852334 -0.019740234542217985 0.030952384673210289
leaf_weight=7.2064254432916632 16.07626444101334 322.1333572268486 4.8703642338514319 8.2880199849605543
leaf_count=30 66 1314 20 34
internal_value=-2.0662e-06 0.000586207 0.0219735 -0.000769609
internal_weight=358.574 351.368 20.9466 330.421
internal_count=1464 1434 86 1348
is_linear=0
shrinkage=0.04


Tree=66
num_leaves=7
num_cat=0
split_feature=78 49 0 7 76 101
split_gain=3.69841 7.49164 9.45541 5.78535 5.52106 5.3423
threshold=-0.49210692373207626 1.4713597865150354 -0.85796098925880548 1.4002914637358683 -1.2830325574780621 0.23585929849407963
decision_type=2 2 2 2 2 2
left_child=1 2 -1 4 -2 -5
right_child=3 -3 -4 5 -6 -7
leaf_value=0.045190516275249046 -0.046004693821038528 -0.036468410813352996 0.0050150769636947978 0.043388596992310964 -0.0029430374531402344 -0.00030882212506950672
leaf_weight=10.931828603148459 4.855246275663375 5.7832466363906851 65.732103809714317 8.2503151148557681 253.15783694386482 9.786412373185156
leaf_count=45 20 24 267 34 1033 41
internal_value=-1.97785e-06 0.00743216 0.0107439 -0.00222232 -0.00375336 0.0196791
internal_weight=358.497 82.4472 76.6639 276.05 258.013 18.0367
internal_count=1464 336 312 1128 1053 75
is_linear=0
shrinkage=0.04


Tree=67
num_leaves=8
num_cat=0
split_feature=26 64 64 96 48 95 98
split_gain=3.69794 9.29912 7.72485 7.6235 7.58987 7.38473 7.34562
threshold=0.73820406478056932 -0.38427029112015426 -0.68615425155239718 -0.87487967238297015 0.82617036247170461 0.093814306668904321 -0.017081812832698846
decision_type=2 2 2 2 2 2 2
left_child=1 4 6 -3 -1 -4 -2
right_child=2 3 5 -5 -6 -7 -8
leaf_value=0.017863594537452059 -0.059079748156836573 -0.031201891271195176 -0.011033510017147804 -0.00054504899707400216 -0.022564622904539169 0.0290375038268216 -0.008370425981728798
leaf_weight=70.011256650090218 8.122446149587633 13.818932652473448 23.543003097176552 213.35850417613983 8.3120513409376127 10.704308345913885 10.452143043279646
leaf_count=287 34 57 96 869 34 44 43
internal_value=-1.86928e-06 0.00168781 -0.00977429 -0.00240987 0.0135732 0.00149105 -0.030545
internal_weight=358.323 305.501 52.8219 227.177 78.3233 34.2473 18.5746
internal_count=1464 1247 217 926 321 140 77
is_linear=0
shrinkage=0.04


Tree=68
num_leaves=5
num_cat=0
split_feature=51 3 12 66
split_gain=3.69009 5.25171 7.19711 7.15545
threshold=-2.6564714849225441 -0.7559386189511258 -0.71932357523696788 -0.28886095768078807
decision_type=2 2 2 2
left_child=-1 3 -3 -2
right_child=1 2 -4 -5
leaf_value=-0.031595251377652019 0.042728327666611381 -0.022057737757183352 0.00033410376897527108 0.0050791858691275468
leaf_weight=5.8190671652555457 9.9213154613971692 25.068959295749664 273.87148466706276 43.447517305612564
leaf_count=24 41 103 1119 177
internal_value=-2.0068e-06 0.000519817 -0.00154366 0.0120782
internal_weight=358.128 352.309 298.94 53.3688
internal_count=1464 1440 1222 218
is_linear=0
shrinkage=0.04


Tree=69
num_leaves=6
num_cat=0
split_feature=83 49 37 4 0
split_gain=3.69267 7.92467 5.85217 4.80624 5.57586
threshold=-0.81793726225902297 -0.27443047290405259 0.10235520187855374 1.2416034413174548 2.0742924738609445
decision_type=2 2 2 2 2
left_child=1 -1 -3 4 -2
right_child=3 2 -4 -5 -6
leaf_value=-0.021108524775910156 0.00043274172865517997 0.068398941200900204 0.012087496186732277 -0.031624696770455388 -0.043041408014409858
leaf_weight=5.6967692822217968 327.50800444185734 5.1530420929193479 6.9159217923879623 7.970908358693122 4.7893315106630316
leaf_count=23 1339 21 28 33 20
internal_value=-1.90581e-06 0.0177763 0.0361306 -0.000930121 -0.000193842
internal_weight=358.034 17.7657 12.069 340.268 332.297
internal_count=1464 72 49 1392 1359
is_linear=0
shrinkage=0.04


Tree=70
num_leaves=7
num_cat=0
split_feature=101 105 27 24 51 48
split_gain=3.63707 8.42455 8.37581 8.1904 6.56153 3.90768
threshold=0.97299203354588248 0.84066413738774404 0.77077955733894277 1.1240629692895627 0.61849748774348134 -0.069295268320591547
decision_type=2 2 2 2 2 2
left_child=3 2 -2 4 -1 -3
right_child=1 5 -4 -5 -6 -7
leaf_value=0.002301054989588238 0.025689994840676224 0.001654909719553774 -0.024002086623824886 -0.045233569454014022 -0.012454698644680681 -0.049096435397367938
leaf_weight=240.22921359539032 34.502702370285988 4.8842407763004303 6.4401760548353186 6.7440307885408393 60.325380116701126 4.8257759064435941
leaf_count=981 141 20 27 28 247 20
internal_value=-1.84164e-06 0.00992937 0.0178736 -0.00163883 -0.000660625 -0.023568
internal_weight=357.952 50.6529 40.9429 307.299 300.555 9.71002
internal_count=1464 208 168 1256 1228 40
is_linear=0
shrinkage=0.04


Tree=71
num_leaves=8
num_cat=0
split_feature=96 75 41 5 96 4 25
split_gain=3.66938 9.73236 7.71669 13.6792 7.70422 7.58076 4.35954
threshold=-0.07881304410443904 -1.0133882023499501 -0.24657849713469807 0.29826002897888387 -0.17908673539229661 -1.0540756894532406 -0.0089037682360059798
decision_type=2 2 2 2 2 2 2
left_child=1 6 5 -4 -3 -2 -1
right_child=2 4 3 -5 -6 -7 -8
leaf_value=0.0087606381860550874 0.020851829527707574 -0.003059218820115664 0.024094874457970077 -0.0028502646590352794 -0.027359141976160045 -0.012846947603584291 0.058913216445410026
leaf_weight=6.0684523433446884 13.076540559530256 129.49807201325893 57.274289965629578 63.641990154981613 24.887584984302521 58.299048289656639 5.1068925112485868
leaf_count=25 54 530 233 260 102 239 21
internal_value=-1.99424e-06 -0.00436721 0.0037564 0.00991281 -0.00697646 -0.00667308 0.0316793
internal_weight=357.853 165.561 192.292 120.916 154.386 71.3756 11.1753
internal_count=1464 678 786 493 632 293 46
is_linear=0
shrinkage=0.04


Tree=72
num_leaves=7
num_cat=0
split_feature=57 74 62 39 104 46
split_gain=3.57366 5.55526 5.76073 4.97348 5.20617 4.33847
threshold=0.80741393865586353 -1.729365726412061 -1.3287699042679815 0.61707369658278199 0.45163807929063332 -0.088402383887035682
decision_type=2 2 2 2 2 2
left_child=1 5 -3 4 -2 -1
right_child=3 2 -4 -5 -6 -7
leaf_value=-0.00084566248095421087 -0.028757027593062971 0.032123758115643428 -0.00062076712038546997 0.014211131346373798 0.01128118125960696 0.047218752726922289
leaf_weight=5.0782238692045212 22.591114893555645 8.8519099950790388 297.89507555961609 9.1630703508853895 6.7484665066003791 7.3590924590826017
leaf_count=21 94 36 1216 38 28 31
internal_value=-1.89885e-06 0.00138674 0.000324154 -0.0115136 -0.0195477 0.0275938
internal_weight=357.687 319.184 306.747 38.5027 29.3396 12.4373
internal_count=1464 1304 1252 160 122 52
is_linear=0
shrinkage=0.04


Tree=73
num_leaves=7
num_cat=0
split_feature=104 62 44 88 74 106
split_gain=3.58494 7.96414 8.57361 5.6297 9.66651 5.91287
threshold=-0.83032027128009722 0.94692937795377685 0.12231843619168685 -0.32301169270206415 -0.80323751204709593 -0.80837888931317836
decision_type=2 2 2 2 2 2
left_child=1 2 -1 4 -2 -5
right_child=3 -3 -4 5 -6 -7
leaf_value=0.0023795473560760832 0.020777237101364615 -0.02277637445053118 0.043687772259545489 -0.031939844013409865 -0.01378121474972706 0.0036868181023638398
leaf_weight=18.750091314315796 15.072877541184424 8.7919297069311124 14.072996526956556 7.7404450327157965 91.964670851826668 201.15979723632336
leaf_count=77 62 36 59 32 378 820
internal_value=-1.71957e-06 0.0110341 0.0200906 -0.00145535 -0.00891474 0.00236673
internal_weight=357.553 41.615 32.8231 315.938 107.038 208.9
internal_count=1464 172 136 1292 440 852
is_linear=0
shrinkage=0.04


Tree=74
num_leaves=6
num_cat=0
split_feature=86 14 14 64 107
split_gain=3.54676 6.65951 4.45148 6.5732 5.68041
threshold=-1.6575845656196255 0.0081342051676209174 -1.3971806099773696 0.082619290601449735 -0.24772131409176362
decision_type=2 2 2 2 2
left_child=1 -1 3 -2 -4
right_child=2 -3 4 -5 -6
leaf_value=0.04098787685346296 0.0052984640476545029 -0.014809046277231223 0.0084179484577119063 -0.041572847423984961 -0.0031642734681449508
leaf_weight=8.8550201654434186 9.0394674390554446 5.5786471962928763 96.56048296391964 10.176667809486387 227.08072082698345
leaf_count=37 37 23 393 42 932
internal_value=-1.53394e-06 0.0194222 -0.000819239 -0.0195241 0.000291359
internal_weight=357.291 14.4337 342.857 19.2161 323.641
internal_count=1464 60 1404 79 1325
is_linear=0
shrinkage=0.04


Tree=75
num_leaves=8
num_cat=0
split_feature=50 43 82 26 3 41 90
split_gain=3.51399 5.88851 6.51333 5.53381 4.9769 12.371 5.85658
threshold=0.010853801723451696 -0.54048673657061597 -0.023010686406935311 -0.84617093062131632 -0.10769559216219156 0.37383604093903738 0.017583783554658224
decision_type=2 2 2 2 2 2 2
left_child=1 3 -3 -1 5 -2 -6
right_child=4 2 -4 -5 6 -7 -8
leaf_value=0.029784388438944737 -0.0061664873091655395 0.016634847153409908 -0.00046123471334322909 -0.015788274741009502 -0.0077399084729131351 -0.060097892458595155 0.0098536462489675954
leaf_weight=4.8837810009717932 46.078456372022629 67.757346957921982 75.259252816438675 33.549682021141052 64.998970478773117 7.9844106435775748 56.664436027407646
leaf_count=20 189 278 308 137 267 33 232
internal_value=-1.4936e-06 0.00390295 0.00763842 -0.00999731 -0.00403311 -0.0141315 0.000454247
internal_weight=357.176 181.45 143.017 38.4335 175.726 54.0629 121.663
internal_count=1464 743 586 157 721 222 499
is_linear=0
shrinkage=0.04


Tree=76
num_leaves=8
num_cat=0
split_feature=44 79 44 43 63 65 106
split_gain=3.44598 11.8318 8.78672 10.6171 8.48941 7.65792 6.94746
threshold=-0.29870759005381914 0.56246753339921751 -0.09581171477680045 -0.21458228910095831 0.55041968843436828 0.47230194019605992 0.46558799472312445
decision_type=2 2 2 2 2 2 2
left_child=1 4 6 -4 -1 -3 -2
right_child=2 5 3 -5 -6 -7 -8
leaf_value=-0.007893904178233789 0.026516459811911003 -0.066462185560788395 -0.012837734527868157 0.0059204037715829497 0.02079035278824664 -0.0084705786922776236 -0.00755485526104821
leaf_weight=65.255974277853966 36.593465402722359 7.832908093929289 77.571769148111343 127.83952675759792 22.099328070878983 6.8116956949234009 12.969462260603903
leaf_count=268 149 33 318 524 90 29 53
internal_value=-1.68134e-06 -0.00621533 0.00248403 -0.00116344 -0.000637301 -0.0394883 0.0176008
internal_weight=356.974 102 254.974 205.411 87.3553 14.6446 49.5629
internal_count=1464 420 1044 842 358 62 202
is_linear=0
shrinkage=0.04


Tree=77
num_leaves=5
num_cat=0
split_feature=51 3 68 75
split_gain=3.48186 4.54972 6.924 6.5878
threshold=-2.6564714849225441 -0.7559386189511258 1.707273379185039 0.26596505139802368
decision_type=2 2 2 2
left_child=-1 2 -2 -3
right_child=1 3 -4 -5
leaf_value=-0.030806532067656708 0.01584301962892546 0.0027710736256497631 -0.034495832747071173 -0.0098645563654202913
leaf_weight=5.7758565545082083 48.318998202681541 199.11337803304195 4.8068221211433402 98.765797436237335
leaf_count=24 198 813 20 409
internal_value=-2.11208e-06 0.000504781 0.0112884 -0.00141844
internal_weight=356.781 351.005 53.1258 297.879
internal_count=1464 1440 218 1222
is_linear=0
shrinkage=0.04


Tree=78
num_leaves=7
num_cat=0
split_feature=56 88 56 78 0 96
split_gain=3.42592 7.35484 6.01871 8.90645 8.38207 4.41377
threshold=-1.3485089383835203 -0.32301169270206415 -0.6538720965877568 0.74905005884453535 -0.84443470805347365 0.56076216945736179
decision_type=2 2 2 2 2 2
left_child=1 -1 3 -2 -4 -3
right_child=2 5 4 -5 -6 -7
leaf_value=-0.046764435101672046 0.022715454801004186 0.02538735614930502 0.01886829727271928 -0.016572480789759161 -0.0036417514214489221 -0.01956152878980669
leaf_weight=7.7129596173763302 39.5986437946558 6.6814901679754239 29.550974696874619 12.039064228534697 253.6871572881937 7.3299495577812195
leaf_count=32 162 28 122 50 1040 30
internal_value=-2.12225e-06 -0.0153952 0.000996474 0.0135557 -0.00129322 0.00187278
internal_weight=356.6 21.7244 334.876 51.6377 283.238 14.0114
internal_count=1464 90 1374 212 1162 58
is_linear=0
shrinkage=0.04


Tree=79
num_leaves=5
num_cat=0
split_feature=58 58 20 57
split_gain=3.43072 6.00524 6.17632 5.06798
threshold=-1.8068304492630041 -1.3085565627710749 -0.70004581218114736 -1.5166326154163445
decision_type=2 2 2 2
left_child=-1 2 -2 -3
right_child=1 3 -4 -5
leaf_value=-0.027467344260022043 -0.015944914295460518 -0.031740212301430114 0.034124713918696883 3.566540373690106e-05
leaf_weight=7.1312167793512335 5.2846229374408749 8.2373527437448484 15.513664305210112 320.29525680840015
leaf_count=30 22 34 64 1314
internal_value=-2.1628e-06 0.00055851 0.0214026 -0.000761056
internal_weight=356.462 349.331 20.7983 328.533
internal_count=1464 1434 86 1348
is_linear=0
shrinkage=0.04


end of trees

feature_importances:
Column_74=18
Column_75=17
Column_81=17
Column_64=16
Column_2=14
Column_51=14
Column_62=14
Column_104=13
Column_82=12
Column_57=11
Column_49=10
Column_50=10
Column_86=10
Column_3=9
Column_43=9
Column_44=9
Column_78=9
Column_39=8
Column_4=7
Column_7=7
Column_8=7
Column_28=6
Column_58=6
Column_76=6
Column_79=6
Column_84=6
Column_0=5
Column_10=5
Column_14=5
Column_26=5
Column_41=5
Column_69=5
Column_96=5
Column_107=5
Column_25=4
Column_33=4
Column_36=4
Column_42=4
Column_46=4
Column_65=4
Column_88=4
Column_93=4
Column_105=4
Column_6=3
Column_37=3
Column_48=3
Column_63=3
Column_68=3
Column_71=3
Column_73=3
Column_80=3
Column_90=3
Column_95=3
Column_98=3
Column_101=3
Column_11=2
Column_18=2
Column_34=2
Column_45=2
Column_56=2
Column_60=2
Column_66=2
Column_83=2
Column_87=2
Column_99=2
Column_103=2
Column_106=2
Column_109=2
Column_1=1
Column_5=1
Column_12=1
Column_13=1
Column_15=1
Column_16=1
Column_20=1
Column_24=1
Column_27=1
Column_29=1
Column_35=1
Column_40=1
Column_53=1
Column_100=1

parameters:
[boosting: gbdt]
[objective: binary]
[metric: binary_logloss]
[tree_learner: serial]
[device_type: cpu]
[data_sample_strategy: bagging]
[data: ]
[valid: ]
[num_iterations: 80]
[learning_rate: 0.04]
[num_leaves: 15]
[num_threads: 2]
[seed: 42]
[deterministic: 0]
[force_col_wise: 0]
[force_row_wise: 0]
[histogram_pool_size: -1]
[max_depth: 3]
[min_data_in_leaf: 20]
[min_sum_hessian_in_leaf: 0.001]
[bagging_fraction: 1]
[pos_bagging_fraction: 1]
[neg_bagging_fraction: 1]
[bagging_freq: 0]
[bagging_seed: 400]
[bagging_by_query: 0]
[feature_fraction: 1]
[feature_fraction_bynode: 1]
[feature_fraction_seed: 30056]
[extra_trees: 0]
[extra_seed: 12879]
[early_stopping_round: 0]
[early_stopping_min_delta: 0]
[first_metric_only: 0]
[max_delta_step: 0]
[lambda_l1: 0]
[lambda_l2: 0]
[linear_lambda: 0]
[min_gain_to_split: 0]
[drop_rate: 0.1]
[max_drop: 50]
[skip_drop: 0.5]
[xgboost_dart_mode: 0]
[uniform_drop: 0]
[drop_seed: 17869]
[top_rate: 0.2]
[other_rate: 0.1]
[min_data_per_group: 100]
[max_cat_threshold: 32]
[cat_l2: 10]
[cat_smooth: 10]
[max_cat_to_onehot: 4]
[top_k: 20]
[monotone_constraints: ]
[monotone_constraints_method: basic]
[monotone_penalty: 0]
[feature_contri: ]
[forcedsplits_filename: ]
[refit_decay_rate: 0.9]
[cegb_tradeoff: 1]
[cegb_penalty_split: 0]
[cegb_penalty_feature_lazy: ]
[cegb_penalty_feature_coupled: ]
[path_smooth: 0]
[interaction_constraints: ]
[verbosity: -1]
[saved_feature_importance_type: 0]
[use_quantized_grad: 0]
[num_grad_quant_bins: 4]
[quant_train_renew_leaf: 0]
[stochastic_rounding: 1]
[linear_tree: 0]
[max_bin: 255]
[max_bin_by_feature: ]
[min_data_in_bin: 3]
[bin_construct_sample_cnt: 200000]
[data_random_seed: 175]
[is_enable_sparse: 1]
[enable_bundle: 1]
[use_missing: 1]
[zero_as_missing: 0]
[feature_pre_filter: 1]
[pre_partition: 0]
[two_round: 0]
[header: 0]
[label_column: ]
[weight_column: ]
[group_column: ]
[ignore_column: ]
[categorical_feature: ]
[forcedbins_filename: ]
[precise_float_parser: 0]
[parser_config_file: ]
[objective_seed: 16083]
[num_class: 1]
[is_unbalance: 0]
[scale_pos_weight: 1]
[sigmoid: 1]
[boost_from_average: 1]
[reg_sqrt: 0]
[alpha: 0.9]
[fair_c: 1]
[poisson_max_delta_step: 0.7]
[tweedie_variance_power: 1.5]
[lambdarank_truncation_level: 30]
[lambdarank_norm: 1]
[label_gain: ]
[lambdarank_position_bias_regularization: 0]
[eval_at: ]
[multi_error_top_k: 1]
[auc_mu_weights: ]
[num_machines: 1]
[local_listen_port: 12400]
[time_out: 120]
[machine_list_filename: ]
[machines: ]
[gpu_platform_id: -1]
[gpu_device_id: -1]
[gpu_device_id_list: ]
[gpu_use_dp: 0]
[num_gpu: 1]

end of parameters

pandas_categorical:null
