tree
version=v4
num_class=1
num_tree_per_iteration=1
label_index=0
max_feature_idx=118
objective=regression
feature_names=Column_0 Column_1 Column_2 Column_3 Column_4 Column_5 Column_6 Column_7 Column_8 Column_9 Column_10 Column_11 Column_12 Column_13 Column_14 Column_15 Column_16 Column_17 Column_18 Column_19 Column_20 Column_21 Column_22 Column_23 Column_24 Column_25 Column_26 Column_27 Column_28 Column_29 Column_30 Column_31 Column_32 Column_33 Column_34 Column_35 Column_36 Column_37 Column_38 Column_39 Column_40 Column_41 Column_42 Column_43 Column_44 Column_45 Column_46 Column_47 Column_48 Column_49 Column_50 Column_51 Column_52 Column_53 Column_54 Column_55 Column_56 Column_57 Column_58 Column_59 Column_60 Column_61 Column_62 Column_63 Column_64 Column_65 Column_66 Column_67 Column_68 Column_69 Column_70 Column_71 Column_72 Column_73 Column_74 Column_75 Column_76 Column_77 Column_78 Column_79 Column_80 Column_81 Column_82 Column_83 Column_84 Column_85 Column_86 Column_87 Column_88 Column_89 Column_90 Column_91 Column_92 Column_93 Column_94 Column_95 Column_96 Column_97 Column_98 Column_99 Column_100 Column_101 Column_102 Column_103 Column_104 Column_105 Column_106 Column_107 Column_108 Column_109 Column_110 Column_111 Column_112 Column_113 Column_114 Column_115 Column_116 Column_117 Column_118
feature_infos=[-4.5246569796643614:5.8683304951716435] [-3.8483317312919141:4.0611245336775506] [-3.7165608892503164:3.6460980568993127] [-3.471179090487273:3.2470913221419679] [-3.2000898742835249:2.6093591629082535] [-2.2094508562453106:2.5260658110634444] [-3.4167495219691313:3.3103007499864665] [-1.2038586352580145:4.7438745066219639] [-1.6196211720935372:1.5915560085612732] [-3.1254559763453948:2.6736652371830401] [-1.2764595325682329:3.7940579431605443] [-2.375582201444459:2.5793874139849589] [-2.1133671055225531:2.5394927446067146] [-1.363892024810462:2.7452542808903315] [-2.4995040071767329:2.9316533359298353] [-1.6292724910842746:1.4832596839144898] [-1.6706861747807973:1.7810882072124219] [-1.0581345034894849:0.67442788629758321] [-1.1268897310678205:0.70317287560806341] [-1.0581345034894853:0.67442788629758355] [-2.3614500537697323:2.9197845122480479] [-3.2116238564251809:3.5026453439082985] [-2.8839355870667065:2.8561733815724315] [-1.9923875542401346:2.8525739000217816] [-2.2249982887715571:1.864183512388228] [-2.0855611497146658:1.878513144009726] [-3.3088787175464276:2.2457013496027951] [-1.8299960383121703:1.5777171044341509] [-0.95007380532454333:2.8124259000924141] [-3.5629386815198516:3.3445863489141225] [-3.279132089137855:2.9403353669842796] [-2.539750330496819:2.235049279960474] [-2.4931497127214359:2.3863223975962811] [-2.0211792757538567:2.4403659800507729] [-2.1743939418213825:2.2867904515577959] [-1.9611161526943559:2.0497958654422579] [-2.108076804544746:2.3017451579565664] [-1.2170748910810707:3.01182461586989] [-1.2704378374622722:3.6393831521767264] [-1.3877396087921847:2.6882426044158754] [-1.2718167055920624:1.8188043011831037] [-1.8652473891348877:1.6406502390605286] [-1.8308513715556798:1.7005338842116664] [-1.9984221700162703:12.005250762453134] [-584.26025222600413:93.19546959301428] [-501.72022293667891:104.42900508250204] [-667.90182920824236:49.12634747335035] [-1.1314939387644072:3.3924706273238989] [-1.8854563708690788:1.7384977121976941] [-1.1594253330845792:6.209575150288221] [-3.851173048546102:4.5644810841322103] [-9.9145616446653211:8.2215300476964543] [-1:1] [-0.83333333333333337:1] [0:1] [0:1] [-3.4715503978333344:4.1941342628947957] [-4.022138616913101:2.3102140494418046] [-2.2877560963606602:1.5318447975613174] [-0.98987343817054474:2.2321745333393417] [-2.2866728762593382:1.2432735075572485] [-1.6035825507136212:0.35316256307345917] [-3.1765942845691071:3.6298704472903989] [-2.7104668297525052:2.5009705495068344] [-2.1911029386559537:1.7663288322361037] [-3.0223577417344791:3.9551520678124485] [-3.4149498866153079:2.2677137154778295] [-2.3397597373140329:1.6127554831018598] [-0.95075334285663837:2.1562696053678985] [-2.1211140803485597:1.2908735021838265] [-1.3967218143103128:0.36699424482144022] [-4.5360179090540669:7.1240779943370907] [-4.0810519287532969:5.6758859817749876] [-2.4260530297268907:4.1793998134715222] [-1.3231520676798663:4.8272771626131865] [-1.193342813183524:7.8142635476191291] [-1.1005835492302987:2.3037014448182416] [-6.4412327197933017:6.6276857963514502] [-4.5369687106929879:3.5265223255674054] [-2.6884878031148296:3.6774164470140449] [-1.2121277645860722:3.522640958954486] [-1.7023912099759433:4.2894882072743155] [-0.7848562908005825:1.9997905542851755] [-11.175912636043204:10.960345117972413] [-6.1079852054384709:5.3382598349047674] [-3.8380760595729755:4.2594180335562637] [-0.99062914295098914:3.0354538882434343] [-2.2098376328450606:4.2840952943601041] [-1.2082253342092084:0.74552169860627582] [-3.9202121772003609:2.9418874692249117] [-3.411156229408864:2.9640817625433615] [-2.5169913834093207:1.7127557429580238] [-1.2546832809631983:3.0886735393285356] [-2.1028086511259794:1.9119322520528053] [-1.3999657591802337:0.47006187738622468] [-5.3384433480701112:3.1154183721777278] [-4.0665390430363928:3.452512321670846] [-1.8354241965025593:2.7405467020632663] [-1.4155605465935477:4.0738282782536821] [-1.6971639065786672:4.356198212643803] [-1.5224846043701004:1.2308959597987599] [-4.29946168131411:2.5703334447893242] [-3.7815553088359368:3.5014905519357442] [-1.9241366945774216:2.5966542254913163] [-1.4299433179609489:3.8868879609824898] [-1.5578825963456364:3.8160327202357491] [-1.4984199931073048:1.1549561034347979] [-3.3317428228201753:3.5904069879607796] [-2.2265419590332214:2.6479667126294446] [-1.9819735798884239:2.0081819947421939] [-1.4568773298266016:2.056614987280807] [-1.4597756483277293:1.9585136029686425] [-2.1908119086644704:0.58042596422369575] [-3.1091931623032423:3.3396906366953623] [-2.761371798988816:3.5433675804097335] [-1.6896260896227224:2.3785366100307046] [-0.83862440989215081:2.8352357815547671] [-1.4194361986704627:2.2819805083793669] [-1.3638318246701211:0.96370650156641158]
tree_sizes=858 883 887 698 886 695 884 790 891 881 882 884 898 699 884 884 698 796 700 796 799 794 704 885 795 702 886 796 703 883 887 881 704 898 885 615 887 704 886 888 702 609 889 890 709 890 895 894 705 611 619 796 709 898 614 799 887 708 617 797 893 619 891 891 705 703 618 899 890 620 806 805 802 805 890 707 803 704 618 707

Tree=0
num_leaves=8
num_cat=0
split_feature=28 98 110 74 40 45 38
split_gain=0.0330003 0.0261126 0.0285213 0.0202963 0.0216149 0.0198419 0.0144728
threshold=0.8647542415707844 -1.0308852543641673 1.2823918330656776 0.55593763913385474 0.38711099433283408 -0.060721035546089354 0.24340380059615077
decision_type=2 2 2 2 2 2 2
left_child=1 5 -3 4 -2 -1 -5
right_child=3 2 -4 6 -6 -7 -8
leaf_value=0.0011899688993254472 0.0025301867868814665 0.0011801571837740947 0.0018315356444102782 0.0020575178537366244 0.0016828423292955595 0.001979653198576146 0.0010148264344326629
leaf_weight=80 65 1477 116 28 186 140 89
leaf_count=80 65 1477 116 28 186 140 89
internal_value=0.0013541 0.001284 0.00122759 0.00169946 0.00190227 0.0016925 0.00126436
internal_weight=2181 1813 1593 368 251 220 117
internal_count=2181 1813 1593 368 251 220 117
is_linear=0
shrinkage=1


Tree=1
num_leaves=8
num_cat=0
split_feature=28 45 10 100 74 40 38
split_gain=0.0304131 0.0252821 0.0279361 0.0243098 0.0187051 0.0199203 0.0133382
threshold=0.8647542415707844 -1.3536558675108774 -0.87075559526368329 0.98276633515324596 0.55593763913385474 0.38711099433283408 0.24340380059615077
decision_type=2 2 2 2 2 2 2
left_child=1 2 -1 -3 5 -2 -6
right_child=4 3 -4 -5 6 -7 -8
leaf_value=-0.0017413150239735842 0.00112903976920419 2.3435884187275803e-05 -0.00030442167505502336 -0.00079108533827343679 0.00067527760705810838 0.00031558910455734354 -0.00032570615326763349
leaf_weight=24 65 1507 221 61 28 186 89
leaf_count=24 65 1507 221 61 28 186 89
internal_value=2.23556e-12 -6.72957e-05 -0.000445179 -8.25148e-06 0.000331541 0.000526244 -8.61545e-05
internal_weight=2181 1813 245 1568 368 251 117
internal_count=2181 1813 245 1568 368 251 117
is_linear=0
shrinkage=0.04


Tree=2
num_leaves=8
num_cat=0
split_feature=28 78 64 74 40 14 38
split_gain=0.0280287 0.024976 0.0254555 0.0172386 0.0183585 0.0149462 0.0122925
threshold=0.8647542415707844 -0.65268439086000096 0.85732637828589875 0.55593763913385474 0.38711099433283408 0.068086151788931029 0.24340380059615077
decision_type=2 2 2 2 2 2 2
left_child=1 5 -3 4 -2 -1 -5
right_child=3 2 -4 6 -6 -7 -8
leaf_value=0.00049133901648550624 0.0010838782020235577 -0.00018160540390048139 0.00039982834731221596 0.00064826651318331387 0.00030296553749345766 -8.7813755601708746e-05 -0.00031267790764758592
leaf_weight=185 65 1380 132 28 186 116 89
leaf_count=185 65 1380 132 28 186 116 89
internal_value=3.92315e-12 -6.46039e-05 -0.000130845 0.000318279 0.000505194 0.000268144 -8.27083e-05
internal_weight=2181 1813 1512 368 251 301 117
internal_count=2181 1813 1512 368 251 301 117
is_linear=0
shrinkage=0.04


Tree=3
num_leaves=6
num_cat=0
split_feature=41 24 78 99 76
split_gain=0.0267195 0.0300689 0.032769 0.0268137 0.0158461
threshold=-1.2800085422489962 0.6318127781261742 -0.65799897337676605 1.4528499599413567 0.57007030248921886
decision_type=2 2 2 2 2
left_child=4 2 -2 -3 -1
right_child=1 3 -4 -5 -6
leaf_value=0.00024248236597611988 0.00029489420226152131 0.0004033520131082108 -0.00016616929501059427 -0.0010706084773742727 0.0016166790351271629
leaf_weight=29 296 331 1479 21 25
leaf_count=29 296 331 1479 21 25
internal_value=-2.96109e-13 -2.23079e-05 -8.92821e-05 0.000315417 0.000878685
internal_weight=2181 2127 1775 352 54
internal_count=2181 2127 1775 352 54
is_linear=0
shrinkage=0.04


Tree=4
num_leaves=8
num_cat=0
split_feature=28 45 10 100 74 40 38
split_gain=0.0250619 0.0233047 0.0257065 0.0220089 0.0154598 0.0164268 0.0110161
threshold=0.8647542415707844 -1.3536558675108774 -0.87075559526368329 0.98276633515324596 0.55593763913385474 0.38711099433283408 0.24340380059615077
decision_type=2 2 2 2 2 2 2
left_child=1 2 -1 -3 5 -2 -6
right_child=4 3 -4 -5 6 -7 -8
leaf_value=-0.0016672297248927256 0.0010253664943604514 2.5749466599526412e-05 -0.00028887070012194571 -0.00074926594457375346 0.00061321257031522693 0.00028667894798839184 -0.00029647581134085657
leaf_weight=24 65 1507 221 61 28 186 89
leaf_count=24 65 1507 221 61 28 186 89
internal_value=-1.54018e-12 -6.10892e-05 -0.000423894 -4.40101e-06 0.000300964 0.000477973 -7.87726e-05
internal_weight=2181 1813 245 1568 368 251 117
internal_count=2181 1813 245 1568 368 251 117
is_linear=0
shrinkage=0.04


Tree=5
num_leaves=6
num_cat=0
split_feature=41 24 78 99 76
split_gain=0.024397 0.0266301 0.0302376 0.0240721 0.0146059
threshold=-1.2800085422489962 0.6318127781261742 -0.44362232712963562 1.4528499599413567 0.57007030248921886
decision_type=2 2 2 2 2
left_child=4 2 -2 -3 -1
right_child=1 3 -4 -5 -6
leaf_value=0.00022882815145341487 0.00019768925759338447 0.00037982875729960358 -0.00018098695201300812 -0.00101674814841577 0.0015481559328734875
leaf_weight=29 453 331 1322 21 25
leaf_count=29 453 331 1322 21 25
internal_value=2.47227e-12 -2.13164e-05 -8.43445e-05 0.00029651 0.000839628
internal_weight=2181 2127 1775 352 54
internal_count=2181 2127 1775 352 54
is_linear=0
shrinkage=0.04


Tree=6
num_leaves=8
num_cat=0
split_feature=46 92 110 80 41 88 44
split_gain=0.0236284 0.0328861 0.0239612 0.0225361 0.0163408 0.0143126 0.00902569
threshold=0.61892751644496069 -0.16545161137735001 1.2823918330656776 1.6363815589664295 -1.0214696826900338 -0.11520303001046371 0.20326061645440952
decision_type=2 2 2 2 2 2 2
left_child=2 5 3 -1 -3 -2 -4
right_child=1 4 6 -5 -6 -7 -8
leaf_value=-7.4985087679627611e-05 0.0008978706010128372 0.00081894730387086227 0.0007675388094134511 -0.00072366441835413926 -0.0001226845359982795 0.00021006532925581914 -9.9813453077028211e-06
leaf_weight=1469 125 33 71 91 277 79 36
leaf_count=1469 125 33 71 91 277 79 36
internal_value=8.52686e-13 0.000237102 -7.31078e-05 -0.000112825 -2.24463e-05 0.000631515 0.000505943
internal_weight=2181 514 1667 1560 310 204 107
internal_count=2181 514 1667 1560 310 204 107
is_linear=0
shrinkage=0.04


Tree=7
num_leaves=7
num_cat=0
split_feature=13 74 41 28 41 37
split_gain=0.0229301 0.0255051 0.0263716 0.022333 0.0222974 0.0262664
threshold=-0.081730432107269671 0.9587538117696629 0.46761932994961097 -0.43528451410384256 -1.2277921654495694 0.7832834612145988
decision_type=2 2 2 2 2 2
left_child=1 2 -1 -3 -2 -6
right_child=4 3 -4 -5 5 -7
leaf_value=-0.00022919408260338621 0.0010989621188491584 -0.0002422726884995225 0.00023385452815782371 -0.0017338301665310203 0.00023259540482897255 -0.0001645370607973112
leaf_weight=646 36 36 283 29 732 419
leaf_count=646 36 36 283 29 732 419
internal_value=3.04026e-12 -0.000141732 -8.81362e-05 -0.000907737 0.000118687 8.80268e-05
internal_weight=2181 994 929 65 1187 1151
internal_count=2181 994 929 65 1187 1151
is_linear=0
shrinkage=0.04


Tree=8
num_leaves=8
num_cat=0
split_feature=78 5 41 74 14 100 33
split_gain=0.0217019 0.0245834 0.0217697 0.0133118 0.0105255 0.0102702 0.00550308
threshold=-0.49244597425786024 0.80388193288773568 -1.2800085422489962 -0.38019130612439589 -0.077185157488150191 0.216120195537268 -0.039956961618692804
decision_type=2 2 2 2 2 2 2
left_child=3 2 -2 6 -5 -3 -1
right_child=1 5 -4 4 -6 -7 -8
leaf_value=-0.00047160836217580772 0.00075909652642981522 0.00012066790099380961 -0.00015448647394530546 0.00053511400406776896 0.00011827627915449235 0.00071831777735302852 6.4224940269132669e-05
leaf_weight=46 43 119 1416 210 180 75 92
leaf_count=46 43 119 1416 210 180 75 92
internal_value=-9.18669e-13 -7.13118e-05 -0.000127561 0.000223255 0.000342727 0.000351718 -0.000114386
internal_weight=2181 1653 1459 528 390 194 138
internal_count=2181 1653 1459 528 390 194 138
is_linear=0
shrinkage=0.04


Tree=9
num_leaves=8
num_cat=0
split_feature=46 92 110 80 41 88 44
split_gain=0.0207156 0.029547 0.0214042 0.0201527 0.0141853 0.0126003 0.0082436
threshold=0.61892751644496069 -0.16545161137735001 1.2823918330656776 1.6363815589664295 -1.0214696826900338 -0.11520303001046371 0.20326061645440952
decision_type=2 2 2 2 2 2 2
left_child=2 5 3 -1 -3 -2 -4
right_child=1 4 6 -5 -6 -7 -8
leaf_value=-7.0208497263537302e-05 0.00084577573191374543 0.00075992506244360947 0.00072883434432991585 -0.0006836282376425115 -0.00011740535124106052 0.00020042401229332 -1.4236048381361696e-05
leaf_weight=1469 125 33 71 91 277 79 36
leaf_count=1469 125 33 71 91 277 79 36
internal_value=-1.45468e-12 0.000222007 -6.84533e-05 -0.000105991 -2.40121e-05 0.00059586 0.000478829
internal_weight=2181 514 1667 1560 310 204 107
internal_count=2181 514 1667 1560 310 204 107
is_linear=0
shrinkage=0.04


Tree=10
num_leaves=8
num_cat=0
split_feature=13 41 81 68 88 14 68
split_gain=0.0202 0.0227513 0.0266321 0.019653 0.023179 0.0193819 0.0177958
threshold=-0.081730432107269671 0.46761932994961097 -0.46971279723448206 0.37924745713875924 -0.20862994321276321 -1.4943038802371327 0.2239818555480545
decision_type=2 2 2 2 2 2 2
left_child=1 2 -1 4 -2 -5 -3
right_child=3 6 -4 5 -6 -7 -8
leaf_value=0.00027058925937628375 0.0006168538317898127 0.00027036243374106673 -0.0003740165038410988 0.0011649770908323783 7.1952227555679478e-05 -6.9669984587659192e-05 -0.00070190332526930013
leaf_weight=125 213 264 571 21 302 651 34
leaf_count=125 213 264 571 21 302 651 34
internal_value=4.63646e-13 -0.000133027 -0.000258247 0.000111397 0.000297319 -3.10873e-05 0.000159433
internal_weight=2181 994 696 1187 515 672 298
internal_count=2181 994 696 1187 515 672 298
is_linear=0
shrinkage=0.04


Tree=11
num_leaves=8
num_cat=0
split_feature=28 45 10 100 74 41 38
split_gain=0.0195854 0.0228592 0.0240054 0.0170203 0.0153578 0.0131435 0.010121
threshold=0.79000113273126138 -1.3536558675108774 -0.87075559526368329 0.98276633515324596 0.68928809571125838 -1.1111275055353682 0.10681146005295912
decision_type=2 2 2 2 2 2 2
left_child=1 2 -1 -3 5 -2 -6
right_child=4 3 -4 -5 6 -7 -8
leaf_value=-0.0016529499326387179 0.0012696620047092438 2.5063364237224519e-05 -0.00029207928619574825 -0.00066773332426545487 0.0005807870423781093 0.00031270975655046745 -0.0003892905981710204
leaf_weight=23 25 1480 211 59 22 282 79
leaf_count=23 25 1480 211 59 22 282 79
internal_value=-2.63952e-12 -5.75009e-05 -0.00042584 -1.49609e-06 0.000249875 0.000390637 -0.000177987
internal_weight=2181 1773 234 1539 408 307 101
internal_count=2181 1773 234 1539 408 307 101
is_linear=0
shrinkage=0.04


Tree=12
num_leaves=8
num_cat=0
split_feature=78 24 46 74 74 14 33
split_gain=0.0190826 0.0213318 0.0220117 0.0132998 0.0119441 0.00967027 0.00489763
threshold=-0.49244597425786024 0.62359862748369677 -0.52790258212415764 0.99519223818242641 -0.38019130612439589 0.068086151788931029 -0.039956961618692804
decision_type=2 2 2 2 2 2 2
left_child=4 2 -2 -3 6 -6 -1
right_child=1 3 -4 -5 5 -7 -8
leaf_value=-0.00044747494249705876 -0.00044480425814826213 0.0003593854262158045 -4.8709324339442677e-05 -0.00064884675393366942 0.00048776713856450563 8.2438722627717741e-05 5.8023384974702551e-05
leaf_weight=46 281 233 1116 23 231 159 92
leaf_count=46 281 233 1116 23 231 159 92
internal_value=-1.63487e-12 -6.68701e-05 -0.000128382 0.000268802 0.000209349 0.000322518 -0.000110476
internal_weight=2181 1653 1397 256 528 390 138
internal_count=2181 1653 1397 256 528 390 138
is_linear=0
shrinkage=0.04


Tree=13
num_leaves=6
num_cat=0
split_feature=41 63 64 14 76
split_gain=0.0186499 0.0194785 0.0200657 0.0158746 0.0121257
threshold=-1.2800085422489962 0.8921707594908671 -0.87083064370986751 0.78797149839123592 0.57007030248921886
decision_type=2 2 2 2 2
left_child=4 2 -2 -3 -1
right_child=1 3 -4 -5 -6
leaf_value=0.00017757520978820736 0.00026101932101073712 0.00021208415265449579 -0.00011166083863320997 0.001249301672257759 0.0013796765782870353
leaf_weight=29 269 188 1643 27 25
leaf_count=29 269 188 1643 27 25
internal_value=3.98241e-13 -1.86373e-05 -5.92283e-05 0.000342339 0.000734104
internal_weight=2181 2127 1912 215 54
internal_count=2181 2127 1912 215 54
is_linear=0
shrinkage=0.04


Tree=14
num_leaves=8
num_cat=0
split_feature=13 74 28 41 68 88 14
split_gain=0.018103 0.0216627 0.0224048 0.0218076 0.0175243 0.0209107 0.0172122
threshold=-0.081730432107269671 1.1048466423584344 -0.43528451410384256 0.46761932994961097 0.37924745713875924 -0.20862994321276321 -1.4943038802371327
decision_type=2 2 2 2 2 2 2
left_child=1 3 -3 -1 5 -2 -6
right_child=4 2 -4 -5 6 -7 -8
leaf_value=-0.0002061884377910037 0.00058451783011249047 -0.00020372324312726658 -0.0017446729533660871 0.0002137609878575364 0.0010980404953339271 6.6965413134191794e-05 -6.5448746410875003e-05
leaf_weight=647 213 36 26 285 21 302 651
leaf_count=647 213 36 26 285 21 302 651
internal_value=-1.00067e-12 -0.000125933 -0.000849928 -7.77704e-05 0.000105457 0.000281021 -2.90897e-05
internal_weight=2181 994 62 932 1187 515 672
internal_count=2181 994 62 932 1187 515 672
is_linear=0
shrinkage=0.04


Tree=15
num_leaves=8
num_cat=0
split_feature=78 5 25 20 14 11 94
split_gain=0.0171901 0.018915 0.0178756 0.011022 0.00993096 0.00973374 0.00833642
threshold=-0.49244597425786024 0.80388193288773568 -1.2658748283457617 -0.31917476801045602 -1.2514451220228284 0.83244764755936684 0.073901627792149441
decision_type=2 2 2 2 2 2 2
left_child=3 2 -2 5 -5 -1 -3
right_child=1 6 -4 4 -6 -7 -8
leaf_value=0.00034155853017803347 0.00049726658438137825 4.8080171192330975e-05 -0.00014494008835022531 0.00093945544154848903 2.2204936348769956e-05 0.0012112265473115259 0.00057252751757914673
leaf_weight=145 73 98 1386 20 339 24 96
leaf_count=145 73 98 1386 20 339 24 96
internal_value=1.34588e-12 -6.34676e-05 -0.000112808 0.000198697 7.33052e-05 0.000465062 0.000307601
internal_weight=2181 1653 1459 528 359 169 194
internal_count=2181 1653 1459 528 359 169 194
is_linear=0
shrinkage=0.04


Tree=16
num_leaves=6
num_cat=0
split_feature=41 63 78 76 14
split_gain=0.0169654 0.0176099 0.0192834 0.0109909 0.00976252
threshold=-1.2800085422489962 1.0583551957311486 -0.48397007846989476 0.57007030248921886 0.78797149839123592
decision_type=2 2 2 2 2
left_child=3 2 -2 -1 -3
right_child=1 4 -4 -5 -6
leaf_value=0.00017031907225388971 0.00016743258612118776 0.0002513160911352046 -0.0001225421178945941 0.001314788357168436 0.0011118424259126186
leaf_weight=29 488 135 1479 25 25
leaf_count=29 488 135 1479 25 25
internal_value=2.12594e-12 -1.77757e-05 -5.06013e-05 0.000700166 0.000385773
internal_weight=2181 2127 1967 54 160
internal_count=2181 2127 1967 54 160
is_linear=0
shrinkage=0.04


Tree=17
num_leaves=7
num_cat=0
split_feature=74 35 76 41 57 46
split_gain=0.0167223 0.021038 0.0205476 0.0251773 0.0185139 0.0184108
threshold=1.1048466423584344 -1.5075410079648093 -0.21296745026890504 0.57178351756465939 0.11155390784868975 1.1593749184486386
decision_type=2 2 2 2 2 2
left_child=2 -2 3 -1 -3 -4
right_child=1 4 5 -5 -6 -7
leaf_value=-0.00026599600549025908 0.00096076740307034919 -0.00064740174908455418 7.6513747154270572e-05 0.00032494481705676613 5.1337359234859138e-05 0.00051948325978592037
leaf_weight=523 20 162 1056 148 97 175
leaf_count=523 20 162 1056 148 97 175
internal_value=-8.8678e-13 -0.00028919 4.24206e-05 -0.000135654 -0.000385712 0.000139487
internal_weight=2181 279 1902 671 259 1231
internal_count=2181 279 1902 671 259 1231
is_linear=0
shrinkage=0.04


Tree=18
num_leaves=6
num_cat=0
split_feature=41 35 38 40 76
split_gain=0.0154501 0.016626 0.0317809 0.0186843 0.00997528
threshold=-1.2800085422489962 -0.25951200704343963 -0.70196604798891815 -0.055909747328136784 0.57007030248921886
decision_type=2 2 2 2 2
left_child=4 2 -2 -3 -1
right_child=1 3 -4 -5 -6
leaf_value=0.00016339378925200938 -0.0014237002562731505 -6.1779238084861605e-05 -0.00011525629880346 0.0002351043190548666 0.0012537049017846585
leaf_weight=29 31 796 709 591 25
leaf_count=29 31 796 709 591 25
internal_value=-1.0625e-12 -1.69633e-05 -0.000170069 6.47227e-05 0.000668167
internal_weight=2181 2127 740 1387 54
internal_count=2181 2127 740 1387 54
is_linear=0
shrinkage=0.04


Tree=19
num_leaves=7
num_cat=0
split_feature=74 35 80 28 78 81
split_gain=0.0156085 0.0193294 0.019251 0.0217137 0.0173704 0.0137583
threshold=1.1048466423584344 -1.5075410079648093 0.52380695339448535 0.99338375394231415 -0.27169502480334157 -0.61479910048280695
decision_type=2 2 2 2 2 2
left_child=2 -2 3 -1 -3 -4
right_child=1 4 5 -5 -6 -7
leaf_value=-7.528169864751503e-05 0.0009187331733701285 6.5738993929386115e-05 0.00072946079857697497 0.00036908291454244255 -0.00061710245527203634 0.00015736728047289973
leaf_weight=1364 20 93 93 202 166 243
leaf_count=1364 20 93 93 202 166 243
internal_value=-1.13131e-12 -0.000279393 4.09835e-05 -1.79626e-05 -0.000371912 0.000315715
internal_weight=2181 279 1902 1566 259 336
internal_count=2181 279 1902 1566 259 336
is_linear=0
shrinkage=0.04


Tree=20
num_leaves=7
num_cat=0
split_feature=63 78 13 14 14 45
split_gain=0.0145232 0.01579 0.0157398 0.0119701 0.00843237 0.00477937
threshold=1.0583551957311486 -0.49244597425786024 -0.081730432107269671 0.068086151788931029 0.78797149839123592 0.61952045570175784
decision_type=2 2 2 2 2 2
left_child=1 3 -3 -1 5 -2
right_child=4 2 -4 -5 -6 -7
leaf_value=0.00034191769787000274 0.00013403277923576494 -0.00022899617618828236 2.8103005012433155e-05 -5.6375609067536316e-05 0.0010416426569223405 0.00076708487741163252
leaf_weight=277 112 717 813 214 25 23
leaf_count=277 112 717 813 214 25 23
internal_value=-1.56094e-12 -2.90429e-05 -9.23807e-05 0.000168323 0.000366848 0.000241886
internal_weight=2181 2021 1530 491 160 135
internal_count=2181 2021 1530 491 160 135
is_linear=0
shrinkage=0.04


Tree=21
num_leaves=7
num_cat=0
split_feature=74 46 53 68 35 57
split_gain=0.0145184 0.0180397 0.0194527 0.0181257 0.0178035 0.0159579
threshold=1.1048466423584344 1.1593749184486386 0.75000000000000011 -0.24711886980279249 -1.5075410079648093 0.11155390784868975
decision_type=2 2 2 2 2 2
left_child=1 3 -3 -1 -2 -6
right_child=4 2 -4 -5 5 -7
leaf_value=-0.00015319347907924411 0.00088040106627158821 0.00051503440083516653 -0.00034790762763385337 0.0001137154665877734 -0.00060120801489159219 4.7507390926577647e-05
leaf_weight=759 20 213 52 878 162 97
leaf_count=759 20 213 52 878 162 97
internal_value=-1.75736e-13 3.95265e-05 0.000345702 -1.00377e-05 -0.00026946 -0.000358253
internal_weight=2181 1902 265 1637 279 259
internal_count=2181 1902 265 1637 279 259
is_linear=0
shrinkage=0.04


Tree=22
num_leaves=6
num_cat=0
split_feature=41 35 38 73 76
split_gain=0.0139652 0.0154021 0.028662 0.0165888 0.00903678
threshold=-1.2800085422489962 -0.25951200704343963 -0.70196604798891815 -0.22273247634158336 0.57007030248921886
decision_type=2 2 2 2 2
left_child=4 2 -2 -3 -1
right_child=1 3 -4 -5 -6
leaf_value=0.00015480409460623973 -0.0013540183378744027 0.00022761858534805642 -0.00011143662971282695 -5.3396304407884779e-05 0.0011925590317696333
leaf_weight=29 31 572 709 815 25
leaf_count=29 31 572 709 815 25
internal_value=-7.68463e-13 -1.61275e-05 -0.000163491 6.24945e-05 0.000635246
internal_weight=2181 2127 740 1387 54
internal_count=2181 2127 740 1387 54
is_linear=0
shrinkage=0.04


Tree=23
num_leaves=8
num_cat=0
split_feature=74 64 46 80 76 38 82
split_gain=0.0133642 0.0171227 0.0210456 0.017071 0.0184712 0.0133533 0.0119262
threshold=1.1048466423584344 0.30593224673170577 0.71442172794871583 0.93307841849377959 0.98586830164994821 1.2407389787971013 -0.14107921304533788
decision_type=2 2 2 2 2 2 2
left_child=3 5 -3 4 -1 -2 -5
right_child=1 2 -4 6 -6 -7 -8
leaf_value=-4.895919858675122e-05 0.00015610848657628856 -0.0011337591470369408 -1.8127072204758104e-05 0.00081772589844320833 0.00036459538897720337 -0.00078694148149726728 0.0001577512977431373
leaf_weight=1518 140 62 48 69 195 29 120
leaf_count=1518 140 62 48 69 195 29 120
internal_value=-5.99374e-13 -0.000258528 -0.000646938 3.79229e-05 -1.88206e-06 -5.71666e-06 0.000398694
internal_weight=2181 279 110 1902 1713 169 189
internal_count=2181 279 110 1902 1713 169 189
is_linear=0
shrinkage=0.04


Tree=24
num_leaves=7
num_cat=0
split_feature=63 76 59 74 14 26
split_gain=0.0131479 0.0154731 0.02544 0.0177062 0.010782 0.00702661
threshold=0.8921707594908671 -0.21296745026890504 -0.37874311889734091 1.1048466423584344 0.78797149839123592 0.11214442310830856
decision_type=2 2 2 2 2 2
left_child=1 2 -1 -3 5 -2
right_child=4 3 -4 -5 -6 -7
leaf_value=-0.00053204155489944705 -5.5783807301269648e-05 0.00010189191601370131 -5.2485270708868985e-06 -0.00033096497567322363 0.0010439289671679338 0.00043201202964777817
leaf_weight=229 94 1154 408 174 27 95
leaf_count=229 94 1154 408 174 27 95
internal_value=-1.26569e-12 -3.25616e-05 -0.000194629 4.51772e-05 0.00029622 0.000189405
internal_weight=2181 1965 637 1328 216 189
internal_count=2181 1965 637 1328 216 189
is_linear=0
shrinkage=0.04


Tree=25
num_leaves=6
num_cat=0
split_feature=41 35 63 81 76
split_gain=0.0128138 0.0139832 0.0264613 0.0156404 0.008123
threshold=-1.2800085422489962 -0.25951200704343963 -1.3221470651567342 -0.043289247251915457 0.57007030248921886
decision_type=2 2 2 2 2
left_child=4 2 -2 -3 -1
right_child=1 3 -4 -5 -6
leaf_value=0.00015299290583212056 0.00098805041442955694 0.00019214975988530761 -0.00020587525656257474 -7.6513831468424796e-05 0.0011368817627429963
leaf_weight=29 31 702 709 685 25
leaf_count=29 31 702 709 685 25
internal_value=5.34513e-13 -1.54484e-05 -0.000155859 5.94644e-05 0.000608497
internal_weight=2181 2127 740 1387 54
internal_count=2181 2127 740 1387 54
is_linear=0
shrinkage=0.04


Tree=26
num_leaves=8
num_cat=0
split_feature=46 105 99 11 64 68 58
split_gain=0.0125078 0.0165983 0.0143689 0.0125774 0.0218046 0.0117684 0.00652421
threshold=0.11607022766494861 -0.9809067475566462 1.3567878190362344 0.57968536663016212 -0.32395111880000493 -0.26212980454682916 0.65274844263040344
decision_type=2 2 2 2 2 2 2
left_child=3 6 -3 5 -5 -1 -2
right_child=1 2 -4 4 -6 -7 -8
leaf_value=-0.0001958059618018624 -0.00088851900079420633 0.00020507338002624651 -0.00034186289797756163 -0.0007975868441898262 -5.1653272699451001e-05 9.2394079384755981e-05 -3.2250086854522426e-05
leaf_weight=364 35 802 85 99 171 601 24
leaf_count=364 35 802 85 99 171 601 24
internal_value=8.01748e-13 0.000109449 0.000152661 -8.38367e-05 -0.000325162 -1.63156e-05 -0.000540206
internal_weight=2181 946 887 1235 270 965 59
internal_count=2181 946 887 1235 270 965 59
is_linear=0
shrinkage=0.04


Tree=27
num_leaves=7
num_cat=0
split_feature=63 25 35 11 14 60
split_gain=0.0121746 0.0147268 0.0192044 0.0176774 0.00965701 0.0068774
threshold=0.8921707594908671 -1.0149012827160326 -0.25951200704343963 0.87890796149460271 0.78797149839123592 -0.41694778913294434
decision_type=2 2 2 2 2 2
left_child=1 3 -3 -1 5 -2
right_child=4 2 -4 -5 -6 -7
leaf_value=0.00016910626117913106 -0.00040708461358142947 -0.00026440651520627821 2.0543445316016212e-05 0.0014233333970187232 0.00099267023098137657 0.0002824621423142611
leaf_weight=178 27 549 1218 20 27 162
leaf_count=178 27 549 1218 20 27 162
internal_value=3.21701e-13 -3.13332e-05 -6.79894e-05 0.000295796 0.000285045 0.000183955
internal_weight=2181 1965 1767 198 216 189
internal_count=2181 1965 1767 198 216 189
is_linear=0
shrinkage=0.04


Tree=28
num_leaves=6
num_cat=0
split_feature=41 63 64 37 76
split_gain=0.0117551 0.0128072 0.0155061 0.00912221 0.00732179
threshold=-1.2800085422489962 0.8921707594908671 -0.87083064370986751 0.90922267041613314 0.57007030248921886
decision_type=2 2 2 2 2
left_child=4 2 -2 -3 -1
right_child=1 3 -4 -5 -6
leaf_value=0.00015036012190554676 0.00023381050413199197 0.00038282925819992276 -9.3802345780816869e-05 -0.0003691098296743197 0.0010844667382538318
leaf_weight=29 269 185 1643 30 25
leaf_count=29 269 185 1643 30 25
internal_value=6.24478e-13 -1.47965e-05 -4.77104e-05 0.000277908 0.000582817
internal_weight=2181 2127 1912 215 54
internal_count=2181 2127 1912 215 54
is_linear=0
shrinkage=0.04


Tree=29
num_leaves=8
num_cat=0
split_feature=74 43 80 28 36 81 90
split_gain=0.0114932 0.0162942 0.0153935 0.0179375 0.01192 0.0103911 0.005839
threshold=1.1048466423584344 0.67415394468339451 0.52380695339448535 0.99338375394231415 -1.6315516448040988 -0.61479910048280695 -0.062598231366475091
decision_type=2 2 2 2 2 2 2
left_child=2 4 3 -1 -2 -4 -3
right_child=1 6 5 -5 -6 -7 -8
leaf_value=-6.963949369324155e-05 0.00081931244042194023 -0.00031343321981174607 0.00064040588285718919 0.00033424229293111898 -0.00016529389196738941 0.00014322427043944228 -0.0010556743605343929
leaf_weight=1364 22 28 93 202 186 243 43
leaf_count=1364 22 28 93 202 186 243 43
internal_value=3.31338e-13 -0.000239749 3.51682e-05 -1.75424e-05 -6.11528e-05 0.000280837 -0.00076296
internal_weight=2181 279 1902 1566 208 336 71
internal_count=2181 279 1902 1566 208 336 71
is_linear=0
shrinkage=0.04


Tree=30
num_leaves=8
num_cat=0
split_feature=13 74 28 41 37 25 46
split_gain=0.0112145 0.0156379 0.0169657 0.0155449 0.0144546 0.0166455 0.0140492
threshold=-0.081730432107269671 0.9587538117696629 -0.43528451410384256 0.46761932994961097 0.45658745652819804 -1.0149012827160326 0.81369311077575834
decision_type=2 2 2 2 2 2 2
left_child=1 3 -3 -1 6 -6 -2
right_child=4 2 -4 -5 5 -7 -8
leaf_value=-0.0001654502935732348 0.0001271818388237878 -0.00011890664640911078 -0.0014189352239642678 0.00019005967729252701 0.00028231270878043561 -0.00017715413987598447 0.00061846047170732526
leaf_weight=646 442 36 29 283 175 452 118
leaf_count=646 442 36 29 283 175 452 118
internal_value=-2.32007e-13 -9.91185e-05 -0.000698919 -5.71518e-05 8.30023e-05 -4.89138e-05 0.000230701
internal_weight=2181 994 65 929 1187 627 560
internal_count=2181 994 65 929 1187 627 560
is_linear=0
shrinkage=0.04


Tree=31
num_leaves=8
num_cat=0
split_feature=98 36 25 35 11 28 76
split_gain=0.0108617 0.0174999 0.0137474 0.0252843 0.0153801 0.0121989 0.0101155
threshold=-1.0308852543641673 0.05347156934109356 -1.0149012827160326 -0.25951200704343963 0.87890796149460271 0.31361568248759569 0.4721416211564825
decision_type=2 2 2 2 2 2 2
left_child=1 6 4 -4 -2 -3 -1
right_child=2 5 3 -5 -6 -7 -8
leaf_value=0.00040225479346135576 0.00016881866353655483 -0.00032030071811202696 -0.00028508126116411032 3.9074173253165977e-05 0.0013404213562607764 0.00049416988860401842 0.0012985366197495623
leaf_weight=66 173 85 568 1195 20 45 29
leaf_count=66 173 85 568 1195 20 45 29
internal_value=-5.03345e-13 0.000263193 -3.02753e-05 -6.53616e-05 0.000290228 -3.83686e-05 0.000675857
internal_weight=2181 225 1956 1763 193 130 95
internal_count=2181 225 1956 1763 193 130 95
is_linear=0
shrinkage=0.04


Tree=32
num_leaves=6
num_cat=0
split_feature=41 63 64 37 76
split_gain=0.0106529 0.0116345 0.0131885 0.00810689 0.00658559
threshold=-1.2800085422489962 0.8921707594908671 -0.85904583161083292 0.90922267041613314 0.31327406834096921
decision_type=2 2 2 2 2
left_child=4 2 -2 -3 -1
right_child=1 3 -4 -5 -6
leaf_value=0.00011308769902421369 0.00020923687213371847 0.00036380572564116475 -8.878865271726414e-05 -0.00034505324632239841 0.0009965547215607432
leaf_weight=27 278 185 1634 30 27
leaf_count=27 278 185 1634 30 27
internal_value=-4.02154e-13 -1.40857e-05 -4.54565e-05 0.000264895 0.000554821
internal_weight=2181 2127 1912 215 54
internal_count=2181 2127 1912 215 54
is_linear=0
shrinkage=0.04


Tree=33
num_leaves=8
num_cat=0
split_feature=78 24 46 31 115 11 28
split_gain=0.0105257 0.0142526 0.0165513 0.0113174 0.0109665 0.00958837 0.0065881
threshold=-0.65799897337676605 0.61617541054629033 -0.52790258212415764 -0.05966965955789507 0.025055099570753126 0.83244764755936684 -0.61403274734353752
decision_type=2 2 2 2 2 2 2
left_child=3 2 -2 5 -3 -1 -5
right_child=1 4 -4 6 -6 -7 -8
leaf_value=0.00033313237800030037 -0.00035081567110502825 0.00042497285145759228 -2.2586551776733838e-05 -0.00066688396701855318 -6.4766006194535183e-05 0.0012711481570731847 7.8774747968567781e-05
leaf_weight=136 309 169 1202 21 129 20 195
leaf_count=136 309 169 1202 21 129 20 195
internal_value=-6.48264e-13 -3.98482e-05 -8.97095e-05 0.000193778 0.000212972 0.000453391 6.28015e-06
internal_weight=2181 1809 1511 372 298 156 216
internal_count=2181 1809 1511 372 298 156 216
is_linear=0
shrinkage=0.04


Tree=34
num_leaves=8
num_cat=0
split_feature=13 81 36 64 53 40 99
split_gain=0.0101408 0.0144308 0.02375 0.0167241 0.0139829 0.0158729 0.0125786
threshold=-0.081730432107269671 -0.51158139977059147 0.45035692081602435 0.73697638004787491 0.75000000000000011 0.93155271749222657 1.5402599454392258
decision_type=2 2 2 2 2 2 2
left_child=1 2 -1 -3 6 -6 -2
right_child=4 3 -4 -5 5 -7 -8
leaf_value=0.00056428451445831771 0.00016348089858434864 -0.00024140111122314582 -0.00042001937814717871 0.00026293265685038225 8.2804112753365193e-06 -0.00094465008893505084 -0.00037382013507497808
leaf_weight=117 989 694 59 124 80 43 75
leaf_count=117 989 694 59 124 80 43 75
internal_value=3.61596e-13 -9.42541e-05 0.000234319 -0.00016495 7.89289e-05 -0.000324858 0.000125607
internal_weight=2181 994 176 818 1187 123 1064
internal_count=2181 994 176 818 1187 123 1064
is_linear=0
shrinkage=0.04


Tree=35
num_leaves=5
num_cat=0
split_feature=10 41 39 68
split_gain=0.0101146 0.00966159 0.012566 0.00913446
threshold=-1.1113578869276171 0.67137635978706733 -0.71510695759065313 1.2917205145113149
decision_type=2 2 2 2
left_child=-1 2 -2 -3
right_child=1 3 -4 -5
leaf_value=-0.00076939126468022123 -0.00031553647253514382 0.00014870812223208223 1.0978399112939606e-05 0.00099049962855960166
leaf_weight=27 214 330 1588 22
leaf_count=27 214 330 1588 22
internal_value=3.15158e-13 9.64418e-06 -2.77975e-05 0.00020132
internal_weight=2181 2154 1802 352
internal_count=2181 2154 1802 352
is_linear=0
shrinkage=0.04


Tree=36
num_leaves=8
num_cat=0
split_feature=74 43 80 76 45 82 25
split_gain=0.00996588 0.0143281 0.0135548 0.0142329 0.0103191 0.0084453 0.00553489
threshold=1.1048466423584344 0.67415394468339451 0.93307841849377959 0.98586830164994821 -0.04762106055063018 -0.15554484854539288 -0.4860231888581939
decision_type=2 2 2 2 2 2 2
left_child=2 4 3 -1 -2 -4 -3
right_child=1 6 5 -5 -6 -7 -8
leaf_value=-4.4046007105672141e-05 -0.00040501853074912525 -0.0012588361881318547 0.00071924559807291983 0.00031897582109582478 0.0001715087152773603 0.0001583604925081164 -0.00048500025903340434
leaf_weight=1518 82 21 66 195 126 123 50
leaf_count=1518 82 21 66 195 126 123 50
internal_value=9.53538e-13 -0.000223251 3.27482e-05 -2.72128e-06 -5.57761e-05 0.000354225 -0.000713881
internal_weight=2181 279 1902 1713 208 189 71
internal_count=2181 279 1902 1713 208 189 71
is_linear=0
shrinkage=0.04


Tree=37
num_leaves=6
num_cat=0
split_feature=41 35 38 73 76
split_gain=0.00986039 0.0106804 0.0240508 0.0141727 0.00577601
threshold=-1.2800085422489962 -0.25951200704343963 -0.70196604798891815 -0.22273247634158336 0.57007030248921886
decision_type=2 2 2 2 2
left_child=4 2 -2 -3 -1
right_child=1 3 -4 -5 -6
leaf_value=0.00014968153354230111 -0.0012268294457105859 0.00020454501379053337 -8.8581531908832217e-05 -5.5200127235221308e-05 0.0009793444296141388
leaf_weight=29 31 572 709 815 25
leaf_count=29 31 572 709 815 25
internal_value=2.12824e-13 -1.35517e-05 -0.000136265 5.1919e-05 0.000533785
internal_weight=2181 2127 740 1387 54
internal_count=2181 2127 740 1387 54
is_linear=0
shrinkage=0.04


Tree=38
num_leaves=8
num_cat=0
split_feature=98 36 25 35 11 11 28
split_gain=0.00962017 0.0158788 0.0117664 0.0214202 0.0135675 0.0114078 0.00960157
threshold=-1.0308852543641673 0.05347156934109356 -1.0149012827160326 -0.25951200704343963 0.87890796149460271 0.36048664590905322 -0.41519694226381026
decision_type=2 2 2 2 2 2 2
left_child=1 6 4 -4 -2 -3 -1
right_child=2 5 3 -5 -6 -7 -8
leaf_value=0.0010304081766885154 0.00015398988724320137 0.00012021459707863291 -0.00026318704594301942 3.5172296807907375e-05 0.0012543899081647397 -0.00091832096193684271 0.00022574155540812924
leaf_weight=49 173 110 568 1195 20 20 46
leaf_count=49 173 110 568 1195 20 20 46
internal_value=-4.92403e-14 0.000247695 -2.84925e-05 -6.09526e-05 0.000268021 -3.95601e-05 0.00064078
internal_weight=2181 225 1956 1763 193 130 95
internal_count=2181 225 1956 1763 193 130 95
is_linear=0
shrinkage=0.04


Tree=39
num_leaves=8
num_cat=0
split_feature=74 64 46 80 28 38 81
split_gain=0.00923292 0.0141145 0.0164264 0.0123793 0.0143381 0.0118601 0.00781301
threshold=1.1048466423584344 0.2722118867867111 0.71442172794871583 0.52380695339448535 0.68274636423671897 1.2407389787971013 -0.61479910048280695
decision_type=2 2 2 2 2 2 2
left_child=3 5 -3 4 -1 -2 -5
right_child=1 2 -4 6 -6 -7 -8
leaf_value=-7.828817800210525e-05 0.00018051397016905765 -0.00097376644292112018 -1.4766719712711434e-05 0.00056361774997444581 0.00021849257998154359 -0.00072407837591267053 0.00013250170030911144
leaf_weight=1236 135 65 51 93 330 28 243
leaf_count=1236 135 65 51 93 330 28 243
internal_value=-1.25718e-12 -0.000214884 -0.000552137 3.15209e-05 -1.57482e-05 2.51239e-05 0.000251828
internal_weight=2181 279 116 1902 1566 163 336
internal_count=2181 279 116 1902 1566 163 336
is_linear=0
shrinkage=0.04


Tree=40
num_leaves=6
num_cat=0
split_feature=41 63 80 37 5
split_gain=0.00899647 0.00986678 0.0114302 0.00724008 0.00533185
threshold=-1.2800085422489962 0.8921707594908671 -1.0427321605922761 0.90922267041613314 -1.0807320694350062
decision_type=2 2 2 2 2
left_child=4 2 -2 -3 -1
right_child=1 3 -4 -5 -6
leaf_value=0.0010280995219945908 -0.00084407354638512647 0.00033744342168918936 -2.9910949846030266e-05 -0.00033244807187535723 0.00020502081866759586
leaf_weight=20 28 185 1884 30 34
leaf_count=20 28 185 1884 30 34
internal_value=1.47696e-13 -1.29444e-05 -4.18338e-05 0.00024397 0.000509865
internal_weight=2181 2127 1912 215 54
internal_count=2181 2127 1912 215 54
is_linear=0
shrinkage=0.04


Tree=41
num_leaves=5
num_cat=0
split_feature=10 63 80 14
split_gain=0.0089228 0.0089198 0.0120497 0.00316255
threshold=-1.1113578869276171 1.1845348583182953 -1.0427321605922761 0.78797149839123592
decision_type=2 2 2 2
left_child=-1 2 -2 -3
right_child=1 3 -4 -5
leaf_value=-0.0007226426575356594 -0.00081989902139898265 0.00024920049131516009 1.3242497792302443e-06 0.00078196186826310374
leaf_weight=27 29 94 2009 22
leaf_count=27 29 94 2009 22
internal_value=7.87645e-13 9.0582e-06 -1.03615e-05 0.000350241
internal_weight=2181 2154 2038 116
internal_count=2181 2154 2038 116
is_linear=0
shrinkage=0.04


Tree=42
num_leaves=8
num_cat=0
split_feature=46 40 112 16 98 80 60
split_gain=0.0087926 0.0222123 0.0283161 0.0241351 0.0134594 0.0127305 0.0100696
threshold=-0.52790258212415764 -0.24063569960720435 -1.772841854893987 0.85120355271262738 -1.0308852543641673 -0.9333555897393423 -0.68938396248312339
decision_type=2 2 2 2 2 2 2
left_child=1 3 -3 -1 6 -6 -2
right_child=4 2 -4 -5 5 -7 -8
leaf_value=-0.00075236784279291498 -0.00045729566412046552 -0.0012297018122626468 0.00020579904457598654 0.00013645523268653937 -0.00059102831023152575 2.8924492559046887e-05 0.00049934766996575868
leaf_weight=144 20 24 262 74 55 1455 147
leaf_count=144 20 24 262 74 55 1455 147
internal_value=-9.83739e-13 -0.000146502 8.53374e-05 -0.000450657 4.40291e-05 6.34343e-06 0.00038478
internal_weight=2181 504 286 218 1677 1510 167
internal_count=2181 504 286 218 1677 1510 167
is_linear=0
shrinkage=0.04


Tree=43
num_leaves=8
num_cat=0
split_feature=74 64 46 76 41 38 46
split_gain=0.00854548 0.0128301 0.0155389 0.0115147 0.0169651 0.0106602 0.00987811
threshold=1.1048466423584344 0.28551832429267326 0.71442172794871583 -0.21296745026890504 0.57178351756465939 1.2407389787971013 1.1593749184486386
decision_type=2 2 2 2 2 2 2
left_child=3 5 -3 4 -1 -2 -5
right_child=1 2 -4 6 -6 -7 -8
leaf_value=-0.00020997440385598604 0.00015884340776963054 -0.00096106143901124601 -1.3300626841373743e-05 5.6860811278056644e-05 0.00027511028077070303 -0.00069664482609368863 0.00038133106239412367
leaf_weight=523 139 62 50 1056 148 28 175
leaf_count=523 139 62 50 1056 148 28 175
internal_value=-4.79334e-13 -0.00020673 -0.000537954 3.03247e-05 -0.000102981 1.54083e-05 0.000102988
internal_weight=2181 279 112 1902 671 167 1231
internal_count=2181 279 112 1902 671 167 1231
is_linear=0
shrinkage=0.04


Tree=44
num_leaves=6
num_cat=0
split_feature=41 79 14 92 5
split_gain=0.00835552 0.00912126 0.0192311 0.0110222 0.00499558
threshold=-1.2800085422489962 0.00055829492491531304 0.007497992885879828 0.22153723296256836 -1.0807320694350062
decision_type=2 2 2 2 2
left_child=4 2 -2 -3 -1
right_child=1 3 -4 -5 -6
leaf_value=0.00099299305630847802 0.0002341609830453809 -0.0002108173573939231 -0.00010366892113708856 5.0709830721210908e-05 0.00019629222840782915
leaf_weight=20 552 590 527 458 34
leaf_count=20 552 590 527 458 34
internal_value=-1.36754e-13 -1.24748e-05 6.91597e-05 -9.6524e-05 0.000491367
internal_weight=2181 2127 1079 1048 54
internal_count=2181 2127 1079 1048 54
is_linear=0
shrinkage=0.04


Tree=45
num_leaves=8
num_cat=0
split_feature=46 40 112 53 99 105 41
split_gain=0.00815444 0.0202585 0.0261987 0.0228778 0.0121539 0.0126355 0.00598826
threshold=-0.52790258212415764 -0.24063569960720435 -1.772841854893987 -0.58333333333333315 1.5402599454392258 -0.14358640812825108 -0.44214297005138603
decision_type=2 2 2 2 2 2 2
left_child=1 3 -3 -1 5 -2 -6
right_child=4 2 -4 -5 6 -7 -8
leaf_value=-0.0011369816913184795 -5.9895473073021208e-05 -0.0011845926916187939 0.00019619340263662559 -0.00019352904727780316 -9.8996615157492706e-05 0.00016513621961128852 -0.00087321323173289943
leaf_weight=55 726 24 262 163 31 887 33
leaf_count=55 726 24 262 163 31 887 33
internal_value=3.62347e-13 -0.000141085 8.03232e-05 -0.000431556 4.24012e-05 6.3851e-05 -0.000498202
internal_weight=2181 504 286 218 1677 1613 64
internal_count=2181 504 286 218 1677 1613 64
is_linear=0
shrinkage=0.04


Tree=46
num_leaves=8
num_cat=0
split_feature=78 45 11 41 20 14 40
split_gain=0.00798987 0.0114635 0.0169996 0.0102176 0.00896834 0.00772062 0.00732856
threshold=-0.49244597425786024 -1.3536558675108774 0.57968536663016212 0.37869876373632211 -0.31917476801045602 -1.2514451220228284 0.48910201991787838
decision_type=2 2 2 2 2 2 2
left_child=4 2 -2 -3 6 -6 -1
right_child=1 3 -4 -5 5 -7 -8
leaf_value=0.00052481285884255159 -9.5973006145750451e-05 -6.8836482616181735e-05 -0.00089448830325914136 0.00016905000110054973 0.00078605660051107406 -2.270139516866972e-05 -8.9678296651804769e-05
leaf_weight=128 154 1040 59 400 20 339 41
leaf_count=128 154 1040 59 400 20 339 41
internal_value=2.28254e-13 -4.32696e-05 -0.000317158 -2.7569e-06 0.000135463 2.23548e-05 0.000375735
internal_weight=2181 1653 213 1440 528 359 169
internal_count=2181 1653 213 1440 528 359 169
is_linear=0
shrinkage=0.04


Tree=47
num_leaves=8
num_cat=0
split_feature=74 43 80 76 100 82 90
split_gain=0.00787413 0.0121173 0.0109037 0.0115412 0.00890924 0.00716709 0.0048782
threshold=1.1048466423584344 0.67415394468339451 0.93307841849377959 0.98586830164994821 0.98276633515324596 -0.29786892374423057 -0.062598231366475091
decision_type=2 2 2 2 2 2 2
left_child=2 4 3 -1 -2 -4 -3
right_child=1 6 5 -5 -6 -7 -8
leaf_value=-3.9915412352299794e-05 0.00010089749770909665 -0.00023875646417894001 0.00085299646996921206 0.00028698105993391483 -0.00051600341822320066 0.00020414819504367188 -0.00091718759777587521
leaf_weight=1518 159 28 33 195 49 156 43
leaf_count=1518 159 28 33 195 49 156 43
internal_value=-1.77187e-13 -0.000198443 2.91092e-05 -2.70303e-06 -4.44301e-05 0.000317439 -0.000649637
internal_weight=2181 279 1902 1713 208 189 71
internal_count=2181 279 1902 1713 208 189 71
is_linear=0
shrinkage=0.04


Tree=48
num_leaves=6
num_cat=0
split_feature=41 63 64 49 76
split_gain=0.00773285 0.00845791 0.010244 0.00668728 0.00475822
threshold=-1.2800085422489962 0.8921707594908671 -0.85904583161083292 1.0648433011048268 0.57007030248921886
decision_type=2 2 2 2 2
left_child=4 2 -2 -3 -1
right_child=1 3 -4 -5 -6
leaf_value=0.00012408040094606836 0.00018571945626842255 0.00030494292606617914 -7.6938198341439004e-05 -0.00040346198918996381 0.00087710660323500644
leaf_weight=29 278 191 1634 24 25
leaf_count=29 278 191 1634 24 25
internal_value=2.74692e-13 -1.20009e-05 -3.87484e-05 0.000225865 0.000472704
internal_weight=2181 2127 1912 215 54
internal_count=2181 2127 1912 215 54
is_linear=0
shrinkage=0.04


Tree=49
num_leaves=5
num_cat=0
split_feature=10 63 80 8
split_gain=0.00769938 0.00764711 0.0106727 0.0028227
threshold=-1.1113578869276171 1.1845348583182953 -0.92078287408016479 -0.68374143327223147
decision_type=2 2 2 2
left_child=-1 2 -2 -3
right_child=1 3 -4 -5
leaf_value=-0.00067127581194519601 -0.00048788790920904524 0.00070077684745192533 7.9507260560042153e-06 0.00022089921007096603
leaf_weight=27 72 25 1966 91
leaf_count=27 72 25 1966 91
internal_value=1.574e-13 8.41432e-06 -9.56663e-06 0.000324321
internal_weight=2181 2154 2038 116
internal_count=2181 2154 2038 116
is_linear=0
shrinkage=0.04


Tree=50
num_leaves=5
num_cat=0
split_feature=35 111 47 74
split_gain=0.00733258 0.00873326 0.0129216 0.00821846
threshold=1.2169005437056934 0.86557974449173936 -0.46118414138485414 1.1048466423584344
decision_type=2 2 2 2
left_child=1 3 -3 -1
right_child=-2 2 -4 -5
leaf_value=-4.9764164174209831e-06 0.00069531269696502325 0.00073857896610052655 4.3020105939508689e-05 -0.00026408321261553442
leaf_weight=1722 24 59 155 221
leaf_count=1722 24 59 155 221
internal_value=4.99259e-13 -7.73644e-06 0.000234786 -3.44476e-05
internal_weight=2181 2157 214 1943
internal_count=2181 2157 214 1943
is_linear=0
shrinkage=0.04


Tree=51
num_leaves=7
num_cat=0
split_feature=13 53 40 117 41 99
split_gain=0.00728204 0.0123151 0.0140607 0.011434 0.0124701 0.00941671
threshold=-0.081730432107269671 0.75000000000000011 1.3803361827934992 0.6833607922399787 0.46761932994961097 1.5402599454392258
decision_type=2 2 2 2 2 2
left_child=3 5 -3 4 -1 -2
right_child=1 2 -4 -5 -6 -7
leaf_value=-0.0001519098520065704 0.00014346035290859282 -4.2341504171913995e-05 -0.0009901952881898198 -0.00089176173839304184 0.00016065781673829413 -0.00032143113350030034
leaf_weight=674 989 88 35 27 293 75
leaf_count=674 989 88 35 27 293 75
internal_value=-1.48747e-13 6.68846e-05 -0.000312056 -7.98713e-05 -5.72022e-05 0.000110691
internal_weight=2181 1187 123 994 967 1064
internal_count=2181 1187 123 994 967 1064
is_linear=0
shrinkage=0.04


Tree=52
num_leaves=6
num_cat=0
split_feature=41 46 40 98 5
split_gain=0.00725401 0.00791076 0.0194384 0.0107285 0.00452659
threshold=-1.2800085422489962 -0.52790258212415764 -0.24063569960720435 -1.0031258530780687 -1.0807320694350062
decision_type=2 2 2 2 2
left_child=4 2 -2 -3 -1
right_child=1 3 -4 -5 -6
leaf_value=0.00093533379118889565 -0.00045196421340491718 0.00033819685690819167 6.2123407565325457e-05 -3.7102943518734864e-06 0.00017695188796257273
leaf_weight=20 203 163 280 1481 34
leaf_count=20 203 163 280 1481 34
internal_value=2.53328e-13 -1.16234e-05 -0.000153942 3.01893e-05 0.000457834
internal_weight=2181 2127 483 1644 54
internal_count=2181 2127 483 1644 54
is_linear=0
shrinkage=0.04


Tree=53
num_leaves=8
num_cat=0
split_feature=78 45 11 41 14 28 41
split_gain=0.00688423 0.0101855 0.0152304 0.00882909 0.00841817 0.0079433 0.00779075
threshold=-0.49244597425786024 -1.3536558675108774 0.57968536663016212 0.37869876373632211 -0.077185157488150191 -0.23752845273274134 -0.67232276903470234
decision_type=2 2 2 2 2 2 2
left_child=4 2 -2 -3 5 -1 -6
right_child=1 3 -4 -5 6 -7 -8
leaf_value=0.00059169222733048213 -8.8975311645500158e-05 -6.3402381615070721e-05 -0.0008447963124441015 0.00015773012438039587 0.00055162327687045733 0.00013161770667701841 -0.00012569715785370632
leaf_weight=88 154 1040 59 400 31 189 220
leaf_count=88 154 1040 59 400 31 189 220
internal_value=8.56068e-13 -4.01643e-05 -0.000298334 -1.97669e-06 0.000125742 0.000277779 -4.2044e-05
internal_weight=2181 1653 213 1440 528 277 251
internal_count=2181 1653 213 1440 528 277 251
is_linear=0
shrinkage=0.04


Tree=54
num_leaves=5
num_cat=0
split_feature=10 63 80 14
split_gain=0.00688556 0.00698437 0.0100269 0.00273027
threshold=-1.1113578869276171 1.1845348583182953 -0.92078287408016479 0.78797149839123592
decision_type=2 2 2 2
left_child=-1 2 -2 -3
right_child=1 3 -4 -5
leaf_value=-0.00063480876377542273 -0.00047285273819903121 0.00021598280546195964 7.7522581089851412e-06 0.00071099594923328948
leaf_weight=27 72 94 1966 22
leaf_count=27 72 94 1966 22
internal_value=1.22217e-13 7.95721e-06 -9.22692e-06 0.000309865
internal_weight=2181 2154 2038 116
internal_count=2181 2154 2038 116
is_linear=0
shrinkage=0.04


Tree=55
num_leaves=7
num_cat=0
split_feature=25 35 98 73 11 80
split_gain=0.00685464 0.0129175 0.0359308 0.0119653 0.0117105 0.00870329
threshold=-1.0149012827160326 -0.25951200704343963 -0.76637438998288221 -0.22273247634158336 0.87890796149460271 -0.30996373207281619
decision_type=2 2 2 2 2 2
left_child=4 2 -2 -3 5 -1
right_child=1 3 -4 -5 -6 -7
leaf_value=-0.0005260772071778774 0.00063509857553933555 0.00018614693723670197 -0.00029568606615346159 -5.3077202420712313e-05 0.0011421341053210199 0.00024214523330253241
leaf_weight=28 76 566 523 818 20 150
leaf_count=28 76 566 523 818 20 150
internal_value=-3.02898e-13 -2.24076e-05 -0.00017759 4.47558e-05 0.000224416 0.000121301
internal_weight=2181 1983 599 1384 198 178
internal_count=2181 1983 599 1384 198 178
is_linear=0
shrinkage=0.04


Tree=56
num_leaves=8
num_cat=0
split_feature=74 64 46 10 80 76 82
split_gain=0.00666065 0.0109489 0.0128881 0.0100678 0.00962716 0.00973363 0.00629343
threshold=1.1048466423584344 0.2722118867867111 0.71442172794871583 1.4559071328392359 0.93307841849377959 0.98586830164994821 -0.29786892374423057
decision_type=2 2 2 2 2 2 2
left_child=4 3 -3 -2 5 -1 -6
right_child=1 2 -4 -5 6 -7 -8
leaf_value=-3.7294016198106494e-05 0.000149766316131769 -0.00085301586598731012 -3.5585967513422173e-06 -0.00078859062466238219 0.00079955397067930218 0.00026291438471973659 0.00019153742059829827
leaf_weight=1518 142 65 51 21 33 195 156
leaf_count=1518 142 65 51 21 33 195 156
internal_value=5.1659e-13 -0.000182513 -0.000479548 2.88737e-05 2.67724e-05 -3.11968e-06 0.000297699
internal_weight=2181 279 116 163 1902 1713 189
internal_count=2181 279 116 163 1902 1713 189
is_linear=0
shrinkage=0.04


Tree=57
num_leaves=6
num_cat=0
split_feature=41 81 37 112 94
split_gain=0.00653367 0.00708112 0.01611 0.0103431 0.00427517
threshold=-1.2800085422489962 0.037079276118954327 0.89949858992059972 0.17103788502040951 0.023248322197772519
decision_type=2 2 2 2 2
left_child=4 2 -2 -3 -1
right_child=1 3 -4 -5 -6
leaf_value=-2.9541423195041717e-05 0.00011517136116202677 1.8407108876812051e-05 -0.00035097090367020836 -0.00024160438296857431 0.0007074778932420646
leaf_weight=20 978 601 135 413 34
leaf_count=20 978 601 135 413 34
internal_value=6.40191e-13 -1.10312e-05 5.86312e-05 -8.7495e-05 0.000434508
internal_weight=2181 2127 1113 1014 54
internal_count=2181 2127 1113 1014 54
is_linear=0
shrinkage=0.04


Tree=58
num_leaves=5
num_cat=0
split_feature=35 111 13 63
split_gain=0.00649223 0.00723678 0.0118197 0.00741174
threshold=1.2169005437056934 0.86557974449173936 -0.3668108967862998 1.1845348583182953
decision_type=2 2 2 2
left_child=1 3 -3 -1
right_child=-2 2 -4 -5
leaf_value=-5.163868689784318e-05 0.00065425724339244584 -0.0002316693878365737 0.00041200530101304068 0.00027290454545194129
leaf_weight=1823 24 66 148 120
leaf_count=1823 24 66 148 120
internal_value=-9.01605e-13 -7.27964e-06 0.000213489 -3.15948e-05
internal_weight=2181 2157 214 1943
internal_count=2181 2157 214 1943
is_linear=0
shrinkage=0.04


Tree=59
num_leaves=7
num_cat=0
split_feature=25 35 98 64 11 73
split_gain=0.0063005 0.0116932 0.0322597 0.0114292 0.017929 0.0112776
threshold=-1.0149012827160326 -0.25951200704343963 -0.76637438998288221 0.59375195001889824 0.61003875415729436 0.64582390082100238
decision_type=2 2 2 2 2 2
left_child=3 2 -2 4 -1 -3
right_child=1 5 -4 -5 -6 -7
leaf_value=0.00017194045276607527 0.00060092579548884383 9.4453691584880426e-05 -0.00028102868071661096 -0.00053367273682462313 0.0013516637606759711 -0.00020813736142326507
leaf_weight=146 76 1146 523 28 24 238
leaf_count=146 76 1146 523 28 24 238
internal_value=-5.91985e-13 -2.14828e-05 -0.000169128 0.000215154 0.00033849 4.24185e-05
internal_weight=2181 1983 599 198 170 1384
internal_count=2181 1983 599 198 170 1384
is_linear=0
shrinkage=0.04


Tree=60
num_leaves=8
num_cat=0
split_feature=13 53 40 13 40 48 99
split_gain=0.00621143 0.0108149 0.0118488 0.0106512 0.0211739 0.00982896 0.00829597
threshold=-0.081730432107269671 0.75000000000000011 1.3803361827934992 -0.21304200756684757 -0.31002555071838617 -0.26197379075319732 1.5402599454392258
decision_type=2 2 2 2 2 2 2
left_child=3 6 -3 5 -5 -1 -2
right_child=1 2 -4 4 -6 -7 -8
leaf_value=-0.00022432443415175342 0.00013358186313860613 -4.5746478572255005e-05 -0.00091585818678140639 -0.0010366358471443303 -4.15042751992587e-05 7.2449225157625682e-05 -0.00030276884042347471
leaf_weight=257 989 88 35 52 100 585 75
leaf_count=257 989 88 35 52 100 585 75
internal_value=-6.74281e-13 6.17726e-05 -0.000293339 -7.37667e-05 -0.000381944 -1.81337e-05 0.000102824
internal_weight=2181 1187 123 994 152 842 1064
internal_count=2181 1187 123 994 152 842 1064
is_linear=0
shrinkage=0.04


Tree=61
num_leaves=5
num_cat=0
split_feature=10 41 39 68
split_gain=0.00610891 0.00611185 0.00913281 0.00717066
threshold=-1.1113578869276171 0.67137635978706733 -0.71510695759065313 1.2917205145113149
decision_type=2 2 2 2
left_child=-1 2 -2 -3
right_child=1 3 -4 -5
leaf_value=-0.00059793642463369504 -0.00026758770099226343 0.00011333111437578786 1.0772753178139454e-05 0.00085916595544073397
leaf_weight=27 214 330 1588 22
leaf_count=27 214 330 1588 22
internal_value=-3.0576e-13 7.49502e-06 -2.22845e-05 0.000159946
internal_weight=2181 2154 1802 352
internal_count=2181 2154 1802 352
is_linear=0
shrinkage=0.04


Tree=62
num_leaves=8
num_cat=0
split_feature=74 43 80 106 40 36 25
split_gain=0.00606017 0.0101004 0.00884463 0.00969144 0.00830953 0.0075797 0.00452835
threshold=1.1048466423584344 0.67415394468339451 0.21669421511560952 0.23463356312854711 -0.3281103414997853 -1.6315516448040988 -0.4860231888581939
decision_type=2 2 2 2 2 2 2
left_child=2 5 3 -1 -4 -2 -3
right_child=1 6 4 -5 -6 -7 -8
leaf_value=-9.3852789412639026e-05 0.000668622016091831 -0.0010789471159556082 -8.0531406886579624e-05 0.00016557594152982348 0.00024542284783408237 -0.00011652285998289084 -0.00037900142814032735
leaf_weight=993 22 21 176 300 433 186 50
leaf_count=993 22 21 176 300 433 186 50
internal_value=-1.70823e-13 -0.000174091 2.55371e-05 -3.36605e-05 0.000151223 -3.34787e-05 -0.000586028
internal_weight=2181 279 1902 1293 609 208 71
internal_count=2181 279 1902 1293 609 208 71
is_linear=0
shrinkage=0.04


Tree=63
num_leaves=8
num_cat=0
split_feature=46 40 112 16 99 99 41
split_gain=0.00598597 0.0166279 0.0239042 0.0195401 0.00933347 0.010201 0.0054505
threshold=-0.52790258212415764 -0.24063569960720435 -1.772841854893987 0.85120355271262738 1.3567878190362344 -0.32903797478305807 -0.44214297005138603
decision_type=2 2 2 2 2 2 2
left_child=1 3 -3 -1 5 -2 -6
right_child=4 2 -4 -5 6 -7 -8
leaf_value=-0.00065551308121939659 -8.2289894496220229e-05 -0.0011285465916929145 0.00019039068816418322 0.00014423820285309056 3.8797124495766569e-05 0.0001327823208973603 -0.00056960495282715607
leaf_weight=144 533 24 262 74 38 1044 62
leaf_count=144 533 24 262 74 38 1044 62
internal_value=-7.70364e-13 -0.000120879 7.97106e-05 -0.000384038 3.63286e-05 6.00915e-05 -0.000338412
internal_weight=2181 504 286 218 1677 1577 100
internal_count=2181 504 286 218 1677 1577 100
is_linear=0
shrinkage=0.04


Tree=64
num_leaves=6
num_cat=0
split_feature=41 63 68 60 5
split_gain=0.00607106 0.00657055 0.00965998 0.00597153 0.00389288
threshold=-1.2800085422489962 0.8921707594908671 -0.43371106173151347 -0.40548373450772285 -1.0807320694350062
decision_type=2 2 2 2 2
left_child=4 2 -2 -3 -1
right_child=1 3 -4 -5 -6
leaf_value=0.000861658774316311 -0.00021239752136230871 -0.00035724367204777619 1.1157112226518911e-05 0.00027890880757850219 0.00015836315119967741
leaf_weight=20 388 27 1524 188 34
leaf_count=20 388 27 1524 188 34
internal_value=2.34859e-14 -1.06335e-05 -3.42086e-05 0.00019902 0.000418843
internal_weight=2181 2127 1912 215 54
internal_count=2181 2127 1912 215 54
is_linear=0
shrinkage=0.04


Tree=65
num_leaves=6
num_cat=0
split_feature=41 45 40 99 1
split_gain=0.00559509 0.00621567 0.017574 0.0097574 0.00370226
threshold=-1.2800085422489962 -1.3536558675108774 -0.1856715976031004 1.3567878190362344 -0.81197813747966885
decision_type=2 2 2 2 2
left_child=4 2 -2 -3 -1
right_child=1 3 -4 -5 -6
leaf_value=0.00081727618595496532 -0.00059175824031523728 3.7993668923880155e-05 6.2307712618285804e-05 -0.00037415047905278227 0.00013787945414977994
leaf_weight=21 106 1751 173 97 33
leaf_count=21 106 1751 173 97 33
internal_value=2.38028e-13 -1.02082e-05 -0.00018619 1.63606e-05 0.000402089
internal_weight=2181 2127 279 1848 54
internal_count=2181 2127 279 1848 54
is_linear=0
shrinkage=0.04


Tree=66
num_leaves=5
num_cat=0
split_feature=35 111 13 63
split_gain=0.00554114 0.00638432 0.0105473 0.00623418
threshold=1.2169005437056934 0.86557974449173936 -0.3668108967862998 1.1845348583182953
decision_type=2 2 2 2
left_child=1 3 -3 -1
right_child=-2 2 -4 -5
leaf_value=-4.7946305832540728e-05 0.00060443742530575642 -0.00021988210821429236 0.0003881602083104529 0.00024970104432092433
leaf_weight=1823 24 66 148 120
leaf_count=1823 24 66 148 120
internal_value=-1.46295e-13 -6.72531e-06 0.000200633 -2.95636e-05
internal_weight=2181 2157 214 1943
internal_count=2181 2157 214 1943
is_linear=0
shrinkage=0.04


Tree=67
num_leaves=8
num_cat=0
split_feature=74 45 100 5 80 68 40
split_gain=0.00557685 0.00930791 0.0142791 0.00959113 0.00833785 0.00832602 0.00567245
threshold=1.1048466423584344 -0.042655055208623484 1.0267675653894963 -0.041794456470979131 0.93307841849377959 -0.30463063719056965 0.65307302318428018
decision_type=2 2 2 2 2 2 2
left_child=4 3 -3 -2 5 -1 -6
right_child=1 2 -4 -5 6 -7 -8
leaf_value=-0.00010927832858331738 -7.4421247628746201e-05 0.00023844984659761746 -0.00063069373421012639 -0.00080504245746977111 0.00036415054002277513 7.0074488852725722e-05 -0.00027205271579217738
leaf_weight=701 57 124 40 58 163 1012 26
leaf_count=701 57 124 40 58 163 1012 26
internal_value=-1.11516e-13 -0.000167005 2.64636e-05 -0.000442908 2.44976e-05 -3.32091e-06 0.000276631
internal_weight=2181 279 164 115 1902 1713 189
internal_count=2181 279 164 115 1902 1713 189
is_linear=0
shrinkage=0.04


Tree=68
num_leaves=8
num_cat=0
split_feature=98 36 11 28 25 25 64
split_gain=0.00551682 0.0131933 0.00911647 0.00798193 0.00737508 0.0139679 0.0107993
threshold=-1.0308852543641673 0.05347156934109356 0.35273949979884162 -0.41519694226381026 -1.0149012827160326 -0.34881541464470384 0.59375195001889824
decision_type=2 2 2 2 2 2 2
left_child=1 3 -3 -1 6 -6 -2
right_child=4 2 -4 -5 5 -7 -8
leaf_value=0.00090112840262602785 0.00033643195996167682 7.276087157602354e-05 -0.00083740846076536747 0.00016746151883600523 -0.00023902334733403842 1.8834584293649196e-05 -0.00051316931261681021
leaf_weight=49 165 109 21 46 452 1311 28
leaf_count=49 165 109 21 46 452 1311 28
internal_value=-6.5326e-13 0.000187573 -7.42665e-05 0.000545879 -2.15766e-05 -4.72753e-05 0.000213174
internal_weight=2181 225 130 95 1956 1763 193
internal_count=2181 225 130 95 1956 1763 193
is_linear=0
shrinkage=0.04


Tree=69
num_leaves=5
num_cat=0
split_feature=40 10 14 104
split_gain=0.00539729 0.00763726 0.00678914 0.00209275
threshold=-1.0928614119894047 -1.1113578869276171 0.075088756849722257 -0.56597122414737944
decision_type=2 2 2 2
left_child=3 -2 -3 -1
right_child=1 2 -4 -5
leaf_value=0.00067750689778476952 -0.00073409320239949496 6.3746222745819601e-05 -8.0346397581035795e-05 0.00012854846159461887
leaf_weight=25 23 1160 953 20
leaf_count=25 23 1160 953 20
internal_value=-2.23867e-13 -9.13326e-06 -1.24207e-06 0.000433525
internal_weight=2181 2136 2113 45
internal_count=2181 2136 2113 45
is_linear=0
shrinkage=0.04


Tree=70
num_leaves=7
num_cat=0
split_feature=46 112 40 43 80 91
split_gain=0.00529777 0.0151065 0.0216166 0.0084151 0.00854182 0.00771196
threshold=-0.52790258212415764 -1.8554950798940741 -0.16194344629198229 0.58044098251427911 -0.99556690308142792 0.92981302803416488
decision_type=2 2 2 2 2 2
left_child=1 -1 -3 4 -2 -5
right_child=3 2 -4 5 -6 -7
leaf_value=-0.0011639638387021564 -0.00054011875832015105 -0.00033843622766508818 0.00019678489135286758 -7.6099570619589941e-05 0.0001025867698357893 -0.00076371627121781264
leaf_weight=21 34 239 244 384 1231 28
leaf_count=21 34 239 244 384 1231 28
internal_value=-1.65819e-13 -0.000113718 -6.80554e-05 3.41765e-05 8.53125e-05 -0.000122831
internal_weight=2181 504 483 1677 1265 412
internal_count=2181 504 483 1677 1265 412
is_linear=0
shrinkage=0.04


Tree=71
num_leaves=7
num_cat=0
split_feature=24 99 111 10 13 115
split_gain=0.0052697 0.0113398 0.00909166 0.00954533 0.00927405 0.00778494
threshold=0.61617541054629033 1.4528499599413567 0.86557974449173936 -0.86044843756433631 -0.3668108967862998 -0.060932167364293112
decision_type=2 2 2 2 2 2
left_child=2 5 3 -1 -4 -2
right_child=1 -3 4 -5 -6 -7
leaf_value=-0.0004953041759405383 0.0003503154936635571 -0.00076458899636885945 -0.0003107239725604335 -3.6228271040799172e-05 0.00039388611193446981 -3.5013115889405912e-05
leaf_weight=76 205 21 38 1559 140 142
leaf_count=76 205 21 38 1559 140 142
internal_value=-1.09563e-12 0.000138007 -2.80124e-05 -5.75676e-05 0.000243464 0.000192631
internal_weight=2181 368 1813 1635 178 347
internal_count=2181 368 1813 1635 178 347
is_linear=0
shrinkage=0.04


Tree=72
num_leaves=7
num_cat=0
split_feature=41 112 35 64 73 97
split_gain=0.00518994 0.0160846 0.00869744 0.0180723 0.00883806 0.00468912
threshold=-1.0214696826900338 -0.88146273332850555 -0.25951200704343963 -0.87969781167483641 0.64582390082100238 0.23255434953053891
decision_type=2 2 2 2 2 2
left_child=1 -1 3 -2 -4 -3
right_child=2 5 4 -5 -6 -7
leaf_value=0.0010727178221488179 0.00044069379217342124 -0.00024037423531377789 8.5599337660072813e-05 -0.0002110005544550497 -0.00019125546002429804 0.00025318768778954866
leaf_weight=29 77 57 1143 588 220 67
leaf_count=29 77 57 1143 588 220 67
internal_value=-8.11906e-13 0.000224647 -1.69483e-05 -0.000135541 4.09126e-05 2.63084e-05
internal_weight=2181 153 2028 665 1363 124
internal_count=2181 153 2028 665 1363 124
is_linear=0
shrinkage=0.04


Tree=73
num_leaves=7
num_cat=0
split_feature=46 112 40 98 80 60
split_gain=0.00512197 0.0137587 0.0199065 0.00778335 0.00934724 0.00788621
threshold=-0.52790258212415764 -1.8554950798940741 -0.16194344629198229 -1.0308852543641673 -0.9333555897393423 -0.68938396248312339
decision_type=2 2 2 2 2 2
left_child=1 -1 -3 5 -5 -2
right_child=3 2 -4 4 -6 -7
leaf_value=-0.0011141129139633406 -0.00045248317834921186 -0.00032770333029003424 0.00018591165112486093 -0.00050692778698761354 2.4295834247866979e-05 0.0003941175271420372
leaf_weight=21 20 239 244 55 1455 147
leaf_count=21 20 239 244 55 1455 147
internal_value=-3.61696e-13 -0.000111816 -6.82374e-05 3.36047e-05 4.94663e-06 0.000292728
internal_weight=2181 504 483 1677 1510 167
internal_count=2181 504 483 1677 1510 167
is_linear=0
shrinkage=0.04


Tree=74
num_leaves=8
num_cat=0
split_feature=74 39 28 37 106 40 68
split_gain=0.00515869 0.00831386 0.012853 0.00855497 0.0073324 0.0105003 0.0101112
threshold=1.1048466423584344 -0.042682317157086952 -0.43528451410384256 0.95847463062681559 0.25029210940185209 0.85116213997419066 -0.25822705358493775
decision_type=2 2 2 2 2 2 2
left_child=4 2 -2 -3 6 -6 -1
right_child=1 3 -4 -5 5 -7 -8
leaf_value=-0.0001565414820375945 -4.3319610158505382e-05 0.00017362339811807033 -0.0011643631124558548 -0.00034120523699543394 9.3846434511135618e-05 0.00071433791425079107 6.4470785130083232e-05
leaf_weight=557 36 125 30 88 480 48 817
leaf_count=557 36 125 30 88 480 48 817
internal_value=-4.69739e-13 -0.000160622 -0.000552885 -3.90758e-05 2.35613e-05 0.000150255 -2.51244e-05
internal_weight=2181 279 66 213 1902 528 1374
internal_count=2181 279 66 213 1902 528 1374
is_linear=0
shrinkage=0.04


Tree=75
num_leaves=6
num_cat=0
split_feature=40 40 82 96 104
split_gain=0.00522274 0.00694813 0.008594 0.00581227 0.00199391
threshold=-1.0928614119894047 -0.94460249130374974 1.0846076302044318 0.0062389172018354781 -0.56597122414737944
decision_type=2 2 2 2 2
left_child=4 3 -3 -2 -1
right_child=1 2 -4 -5 -6
leaf_value=0.00066460786163806916 7.0294764979432025e-06 3.5913667484798621e-05 -0.00019581872289332588 -0.00082811873258712397 0.00012876929674530402
leaf_weight=25 24 1783 299 30 20
leaf_count=25 24 1783 299 30 20
internal_value=-4.97714e-13 -8.98436e-06 2.63414e-06 -0.000456942 0.000426457
internal_weight=2181 2136 2082 54 45
internal_count=2181 2136 2082 54 45
is_linear=0
shrinkage=0.04


Tree=76
num_leaves=7
num_cat=0
split_feature=63 68 25 80 60 80
split_gain=0.00517032 0.00867534 0.0124843 0.00794377 0.00578682 0.00682095
threshold=0.8921707594908671 -0.55178033532372905 -0.061025149544198097 -1.0427321605922761 -0.40548373450772285 2.7556157972479012
decision_type=2 2 2 2 2 2
left_child=1 2 -1 -3 -2 -6
right_child=4 3 -4 -5 5 -7
leaf_value=0.00014933237150921422 -0.00035072233960298558 -0.00066091507066240798 -0.00051581810941570439 1.8220983007313879e-05 0.00018252703518339245 0.00096395997796207668
leaf_weight=71 28 28 124 1742 168 20
leaf_count=71 28 28 124 1742 168 20
internal_value=-3.70945e-13 -2.04191e-05 -0.000273635 7.47759e-06 0.000185757 0.000265658
internal_weight=2181 1965 195 1770 216 188
internal_count=2181 1965 195 1770 216 188
is_linear=0
shrinkage=0.04


Tree=77
num_leaves=6
num_cat=0
split_feature=41 45 88 99 5
split_gain=0.00497213 0.00547984 0.014444 0.00784529 0.00348656
threshold=-1.2800085422489962 -1.3536558675108774 -0.80679094256064998 1.3567878190362344 -1.0807320694350062
decision_type=2 2 2 2 2
left_child=4 2 -2 -3 -1
right_child=1 3 -4 -5 -6
leaf_value=0.00079811400698963559 -0.00098890115153945756 3.4721434044271914e-05 -7.3105758493628893e-05 -0.00033483988769036194 0.00013253303559716134
leaf_weight=20 31 1751 248 97 34
leaf_count=20 31 1751 248 97 34
internal_value=6.65524e-13 -9.62313e-06 -0.000174861 1.53235e-05 0.000379045
internal_weight=2181 2127 279 1848 54
internal_count=2181 2127 279 1848 54
is_linear=0
shrinkage=0.04


Tree=78
num_leaves=5
num_cat=0
split_feature=35 26 40 110
split_gain=0.00487701 0.0058136 0.0098893 0.00663512
threshold=1.2169005437056934 0.662607426108617 -0.28055872233867202 0.43803677584066197
decision_type=2 2 2 2
left_child=1 3 -3 -1
right_child=-2 2 -4 -5
leaf_value=-2.8566826685257888e-05 0.00056705938244704156 -0.00055402176528745756 -4.4615309782415227e-05 0.00013751420027557139
leaf_weight=1226 24 77 293 561
leaf_count=1226 24 77 293 561
internal_value=1.48472e-13 -6.30942e-06 -0.000150627 2.35716e-05
internal_weight=2181 2157 370 1787
internal_count=2181 2157 370 1787
is_linear=0
shrinkage=0.04


Tree=79
num_leaves=6
num_cat=0
split_feature=40 88 63 40 104
split_gain=0.00478089 0.00628679 0.0122818 0.00873404 0.00187056
threshold=-1.0928614119894047 -0.62591346609161602 0.38900628440919011 -0.94460249130374974 -0.56597122414737944
decision_type=2 2 2 2 2
left_child=4 2 -2 -3 -1
right_child=1 3 -4 -5 -6
leaf_value=0.00063868632428348057 -0.00037756423080878213 -0.00056672270759008827 0.00018300039721897953 3.081256744728579e-05 0.00011968599515967071
leaf_weight=25 183 40 95 1818 20
leaf_count=25 183 40 95 1818 20
internal_value=3.77643e-13 -8.59592e-06 -0.000186004 1.79485e-05 0.00040802
internal_weight=2181 2136 278 1858 45
internal_count=2181 2136 278 1858 45
is_linear=0
shrinkage=0.04


end of trees

feature_importances:
Column_41=38
Column_40=26
Column_74=26
Column_80=21
Column_46=19
Column_76=19
Column_14=18
Column_63=18
Column_28=17
Column_35=17
Column_64=14
Column_11=12
Column_13=12
Column_25=12
Column_78=12
Column_99=12
Column_10=11
Column_38=11
Column_45=11
Column_68=11
Column_98=9
Column_5=8
Column_37=7
Column_81=7
Column_112=7
Column_36=6
Column_88=6
Column_100=6
Column_24=5
Column_43=5
Column_53=5
Column_60=5
Column_73=5
Column_82=5
Column_110=4
Column_111=4
Column_39=3
Column_92=3
Column_104=3
Column_16=2
Column_20=2
Column_26=2
Column_33=2
Column_44=2
Column_57=2
Column_90=2
Column_94=2
Column_105=2
Column_106=2
Column_115=2
Column_1=1
Column_8=1
Column_31=1
Column_47=1
Column_48=1
Column_49=1
Column_58=1
Column_59=1
Column_79=1
Column_91=1
Column_96=1
Column_97=1
Column_117=1

parameters:
[boosting: gbdt]
[objective: regression]
[metric: l2]
[tree_learner: serial]
[device_type: cpu]
[data_sample_strategy: bagging]
[data: ]
[valid: ]
[num_iterations: 80]
[learning_rate: 0.04]
[num_leaves: 15]
[num_threads: 2]
[seed: 42]
[deterministic: 0]
[force_col_wise: 0]
[force_row_wise: 0]
[histogram_pool_size: -1]
[max_depth: 3]
[min_data_in_leaf: 20]
[min_sum_hessian_in_leaf: 0.001]
[bagging_fraction: 1]
[pos_bagging_fraction: 1]
[neg_bagging_fraction: 1]
[bagging_freq: 0]
[bagging_seed: 400]
[bagging_by_query: 0]
[feature_fraction: 1]
[feature_fraction_bynode: 1]
[feature_fraction_seed: 30056]
[extra_trees: 0]
[extra_seed: 12879]
[early_stopping_round: 0]
[early_stopping_min_delta: 0]
[first_metric_only: 0]
[max_delta_step: 0]
[lambda_l1: 0]
[lambda_l2: 0]
[linear_lambda: 0]
[min_gain_to_split: 0]
[drop_rate: 0.1]
[max_drop: 50]
[skip_drop: 0.5]
[xgboost_dart_mode: 0]
[uniform_drop: 0]
[drop_seed: 17869]
[top_rate: 0.2]
[other_rate: 0.1]
[min_data_per_group: 100]
[max_cat_threshold: 32]
[cat_l2: 10]
[cat_smooth: 10]
[max_cat_to_onehot: 4]
[top_k: 20]
[monotone_constraints: ]
[monotone_constraints_method: basic]
[monotone_penalty: 0]
[feature_contri: ]
[forcedsplits_filename: ]
[refit_decay_rate: 0.9]
[cegb_tradeoff: 1]
[cegb_penalty_split: 0]
[cegb_penalty_feature_lazy: ]
[cegb_penalty_feature_coupled: ]
[path_smooth: 0]
[interaction_constraints: ]
[verbosity: -1]
[saved_feature_importance_type: 0]
[use_quantized_grad: 0]
[num_grad_quant_bins: 4]
[quant_train_renew_leaf: 0]
[stochastic_rounding: 1]
[linear_tree: 0]
[max_bin: 255]
[max_bin_by_feature: ]
[min_data_in_bin: 3]
[bin_construct_sample_cnt: 200000]
[data_random_seed: 175]
[is_enable_sparse: 1]
[enable_bundle: 1]
[use_missing: 1]
[zero_as_missing: 0]
[feature_pre_filter: 1]
[pre_partition: 0]
[two_round: 0]
[header: 0]
[label_column: ]
[weight_column: ]
[group_column: ]
[ignore_column: ]
[categorical_feature: ]
[forcedbins_filename: ]
[precise_float_parser: 0]
[parser_config_file: ]
[objective_seed: 16083]
[num_class: 1]
[is_unbalance: 0]
[scale_pos_weight: 1]
[sigmoid: 1]
[boost_from_average: 1]
[reg_sqrt: 0]
[alpha: 0.9]
[fair_c: 1]
[poisson_max_delta_step: 0.7]
[tweedie_variance_power: 1.5]
[lambdarank_truncation_level: 30]
[lambdarank_norm: 1]
[label_gain: ]
[lambdarank_position_bias_regularization: 0]
[eval_at: ]
[multi_error_top_k: 1]
[auc_mu_weights: ]
[num_machines: 1]
[local_listen_port: 12400]
[time_out: 120]
[machine_list_filename: ]
[machines: ]
[gpu_platform_id: -1]
[gpu_device_id: -1]
[gpu_device_id_list: ]
[gpu_use_dp: 0]
[num_gpu: 1]

end of parameters

pandas_categorical:null
