tree
version=v4
num_class=1
num_tree_per_iteration=1
label_index=0
max_feature_idx=118
objective=quantile
feature_names=Column_0 Column_1 Column_2 Column_3 Column_4 Column_5 Column_6 Column_7 Column_8 Column_9 Column_10 Column_11 Column_12 Column_13 Column_14 Column_15 Column_16 Column_17 Column_18 Column_19 Column_20 Column_21 Column_22 Column_23 Column_24 Column_25 Column_26 Column_27 Column_28 Column_29 Column_30 Column_31 Column_32 Column_33 Column_34 Column_35 Column_36 Column_37 Column_38 Column_39 Column_40 Column_41 Column_42 Column_43 Column_44 Column_45 Column_46 Column_47 Column_48 Column_49 Column_50 Column_51 Column_52 Column_53 Column_54 Column_55 Column_56 Column_57 Column_58 Column_59 Column_60 Column_61 Column_62 Column_63 Column_64 Column_65 Column_66 Column_67 Column_68 Column_69 Column_70 Column_71 Column_72 Column_73 Column_74 Column_75 Column_76 Column_77 Column_78 Column_79 Column_80 Column_81 Column_82 Column_83 Column_84 Column_85 Column_86 Column_87 Column_88 Column_89 Column_90 Column_91 Column_92 Column_93 Column_94 Column_95 Column_96 Column_97 Column_98 Column_99 Column_100 Column_101 Column_102 Column_103 Column_104 Column_105 Column_106 Column_107 Column_108 Column_109 Column_110 Column_111 Column_112 Column_113 Column_114 Column_115 Column_116 Column_117 Column_118
feature_infos=[-4.5246569796643614:5.8683304951716435] [-3.8483317312919141:4.0611245336775506] [-3.7165608892503164:3.6460980568993127] [-3.471179090487273:3.2470913221419679] [-3.2000898742835249:2.6093591629082535] [-2.2094508562453106:2.5260658110634444] [-3.4167495219691313:3.3103007499864665] [-1.2038586352580145:4.7438745066219639] [-1.6196211720935372:1.5915560085612732] [-3.1254559763453948:2.6736652371830401] [-1.2764595325682329:3.7940579431605443] [-2.375582201444459:2.5793874139849589] [-2.1133671055225531:2.5394927446067146] [-1.363892024810462:2.7452542808903315] [-2.4995040071767329:2.9316533359298353] [-1.6292724910842746:1.4832596839144898] [-1.6706861747807973:1.7810882072124219] [-1.0581345034894849:0.67442788629758321] [-1.1268897310678205:0.70317287560806341] [-1.0581345034894853:0.67442788629758355] [-2.3614500537697323:2.9197845122480479] [-3.2116238564251809:3.5026453439082985] [-2.8839355870667065:2.8561733815724315] [-1.9923875542401346:2.8525739000217816] [-2.2249982887715571:1.864183512388228] [-2.0855611497146658:1.878513144009726] [-3.3088787175464276:2.2457013496027951] [-1.8299960383121703:1.5777171044341509] [-0.95007380532454333:2.8124259000924141] [-3.5629386815198516:3.3445863489141225] [-3.279132089137855:2.9403353669842796] [-2.539750330496819:2.235049279960474] [-2.4931497127214359:2.3863223975962811] [-2.0211792757538567:2.4403659800507729] [-2.1743939418213825:2.2867904515577959] [-1.9611161526943559:2.0497958654422579] [-2.108076804544746:2.3017451579565664] [-1.2170748910810707:3.01182461586989] [-1.2704378374622722:3.6393831521767264] [-1.3877396087921847:2.6882426044158754] [-1.2718167055920624:1.8188043011831037] [-1.8652473891348877:1.6406502390605286] [-1.8308513715556798:1.7005338842116664] [-1.9984221700162703:12.005250762453134] [-584.26025222600413:93.19546959301428] [-501.72022293667891:104.42900508250204] [-667.90182920824236:49.12634747335035] [-1.1314939387644072:3.3924706273238989] [-1.8854563708690788:1.7384977121976941] [-1.1594253330845792:6.209575150288221] [-3.851173048546102:4.5644810841322103] [-9.9145616446653211:8.2215300476964543] [-1:1] [-0.83333333333333337:1] [0:1] [0:1] [-3.4715503978333344:4.1941342628947957] [-4.022138616913101:2.3102140494418046] [-2.2877560963606602:1.5318447975613174] [-0.98987343817054474:2.2321745333393417] [-2.2866728762593382:1.2432735075572485] [-1.6035825507136212:0.35316256307345917] [-3.1765942845691071:3.6298704472903989] [-2.7104668297525052:2.5009705495068344] [-2.1911029386559537:1.7663288322361037] [-3.0223577417344791:3.9551520678124485] [-3.4149498866153079:2.2677137154778295] [-2.3397597373140329:1.6127554831018598] [-0.95075334285663837:2.1562696053678985] [-2.1211140803485597:1.2908735021838265] [-1.3967218143103128:0.36699424482144022] [-4.5360179090540669:7.1240779943370907] [-4.0810519287532969:5.6758859817749876] [-2.4260530297268907:4.1793998134715222] [-1.3231520676798663:4.8272771626131865] [-1.193342813183524:7.8142635476191291] [-1.1005835492302987:2.3037014448182416] [-6.4412327197933017:6.6276857963514502] [-4.5369687106929879:3.5265223255674054] [-2.6884878031148296:3.6774164470140449] [-1.2121277645860722:3.522640958954486] [-1.7023912099759433:4.2894882072743155] [-0.7848562908005825:1.9997905542851755] [-11.175912636043204:10.960345117972413] [-6.1079852054384709:5.3382598349047674] [-3.8380760595729755:4.2594180335562637] [-0.99062914295098914:3.0354538882434343] [-2.2098376328450606:4.2840952943601041] [-1.2082253342092084:0.74552169860627582] [-3.9202121772003609:2.9418874692249117] [-3.411156229408864:2.9640817625433615] [-2.5169913834093207:1.7127557429580238] [-1.2546832809631983:3.0886735393285356] [-2.1028086511259794:1.9119322520528053] [-1.3999657591802337:0.47006187738622468] [-5.3384433480701112:3.1154183721777278] [-4.0665390430363928:3.452512321670846] [-1.8354241965025593:2.7405467020632663] [-1.4155605465935477:4.0738282782536821] [-1.6971639065786672:4.356198212643803] [-1.5224846043701004:1.2308959597987599] [-4.29946168131411:2.5703334447893242] [-3.7815553088359368:3.5014905519357442] [-1.9241366945774216:2.5966542254913163] [-1.4299433179609489:3.8868879609824898] [-1.5578825963456364:3.8160327202357491] [-1.4984199931073048:1.1549561034347979] [-3.3317428228201753:3.5904069879607796] [-2.2265419590332214:2.6479667126294446] [-1.9819735798884239:2.0081819947421939] [-1.4568773298266016:2.056614987280807] [-1.4597756483277293:1.9585136029686425] [-2.1908119086644704:0.58042596422369575] [-3.1091931623032423:3.3396906366953623] [-2.761371798988816:3.5433675804097335] [-1.6896260896227224:2.3785366100307046] [-0.83862440989215081:2.8352357815547671] [-1.4194361986704627:2.2819805083793669] [-1.3638318246701211:0.96370650156641158]
tree_sizes=751 780 853 776 769 690 776 781 779 772 777 606 781 690 777 770 778 692 769 778 687 687 776 776 596 604 606 606 770 775 514 866 783 599 601 775 770 593 771 786 851 607 686 603 603 778 518 690 779 513 770 774 686 603 606 688 870 685 875 870 771 775 768 869 605 862 870 604 781 606 608 687 607 604 601 695 608 603 609 780 595 776 868 695 867 610 608 608 869 777 692 603 782 602 607 693 790 786 773 771 695 873 786 605 785 608 604 686 780 601 692 784 781 690 880 777 692 783 777 783

Tree=0
num_leaves=7
num_cat=0
split_feature=87 68 98 63 28 108
split_gain=14.5748 15.3129 7.9654 7.64029 3.96759 1.35106
threshold=1.8354878602211164 0.28228042891877941 -1.0722517016646163 0.80614276338546231 0.53545843026394346 0.28654458257541882
decision_type=2 2 2 2 2 2
left_child=1 2 -1 -3 -2 -6
right_child=4 3 -4 -5 5 -7
leaf_value=0.0091475060023367399 0.009887161068618297 0.0084336627274751667 0.0099493068456649788 0.010214695222675801 0.011988680511713028 0.011371769458055497
leaf_weight=198 54 557 1164 76 92 40
leaf_count=198 54 557 1164 76 92 40
internal_value=0.00969655 0.00869419 0.011084 0.00356398 0.020344 0.0240341
internal_weight=2181 1995 1362 633 186 132
internal_count=2181 1995 1362 633 186 132
is_linear=0
shrinkage=1


Tree=1
num_leaves=7
num_cat=0
split_feature=61 68 13 40 20 70
split_gain=10.0222 12.4524 10.2647 7.98621 4.70847 1.91033
threshold=-1.0859606265375774 0.25083097400829857 -0.021493128642685957 -1.0928614119894047 -0.91200164120446059 -1.2668860301576472
decision_type=2 2 2 2 2 2
left_child=4 3 -3 -2 -1 -6
right_child=1 2 -4 -5 5 -7
leaf_value=-0.00029799364218488332 0.00090551499724388117 -0.0013835637420415879 -0.00062127090618014334 6.0236924141645401e-05 0.0019558898344635965 0.0007732422508299351
leaf_weight=44 45 119 523 1278 70 102
leaf_count=44 45 119 523 1278 70 102
internal_value=-6.41319e-05 -0.000965938 -0.00552795 0.00125283 0.00807339 0.0110345
internal_weight=2181 1965 642 1323 216 172
internal_count=2181 1965 642 1323 216 172
is_linear=0
shrinkage=0.04


Tree=2
num_leaves=8
num_cat=0
split_feature=87 68 98 110 40 11 87
split_gain=12.6147 15.4423 7.71475 6.9632 2.91986 3.77741 1.44106
threshold=1.5651567663441484 0.28228042891877941 -1.0722517016646163 1.017967913630393 0.82511266810707584 0.51394187666290136 2.1584505772963092
decision_type=2 2 2 2 2 2 2
left_child=1 2 -1 -3 5 -2 -6
right_child=4 3 -4 -5 6 -7 -8
leaf_value=-0.00053828374239802356 -7.8518694326281538e-05 -0.0013024739117920398 0.00023144506719708442 0.000214273073002696 0.0010890053873956205 0.0016725063687264919 0.0021397899417579173
leaf_weight=198 60 483 1164 114 51 49 62
leaf_count=198 60 483 1164 114 51 49 62
internal_value=-6.41319e-05 -0.00109128 0.001261 -0.00644407 0.00892857 0.00414414 0.0133913
internal_weight=2181 1959 1362 597 222 109 113
internal_count=2181 1959 1362 597 222 109 113
is_linear=0
shrinkage=0.04


Tree=3
num_leaves=7
num_cat=0
split_feature=100 115 69 15 40 115
split_gain=10.0324 11.0838 12.4818 9.67403 6.2876 5.09123
threshold=0.67693388009999722 1.0340226459865811 -0.49265215443205462 -0.7529424573628557 0.70947443966239032 0.53780098683762723
decision_type=2 2 2 2 2 2
left_child=1 2 -1 -2 -3 -5
right_child=3 4 -4 5 -6 -7
leaf_value=0.00096085093188881879 0.0010531283906167746 -0.0021991006705999374 9.9122399806972347e-07 -0.0014505839729243516 0.00087643122124522928 -0.00084406629329204568
leaf_weight=384 66 89 1371 132 40 99
leaf_count=384 66 89 1371 132 40 99
internal_value=-8.24553e-05 0.000996819 0.00183267 -0.00688963 -0.010229 -0.0107296
internal_weight=2181 1884 1755 297 129 231
internal_count=2181 1884 1755 297 129 231
is_linear=0
shrinkage=0.04


Tree=4
num_leaves=7
num_cat=0
split_feature=87 68 63 35 28 112
split_gain=12.0182 15.4099 8.68085 6.69479 2.49059 2.74573
threshold=1.5651567663441484 0.28228042891877941 0.80614276338546231 0.92398864751114729 0.53545843026394346 -1.007122721164891
decision_type=2 2 2 2 2 2
left_child=1 3 -3 -1 -2 -6
right_child=4 2 -4 -5 5 -7
leaf_value=0.00015097136229009629 0.00016282437834087612 -0.0012333579901197434 0.00053522976007671361 -0.00096369308799772267 0.0019867147436127665 0.00032281550490589141
leaf_weight=1305 68 523 74 57 105 49
leaf_count=1305 68 523 74 57 105 49
internal_value=-2.74851e-05 -0.00103009 -0.0063773 0.00131965 0.00875 0.0115385
internal_weight=2181 1959 597 1362 222 154
internal_count=2181 1959 597 1362 222 154
is_linear=0
shrinkage=0.04


Tree=5
num_leaves=6
num_cat=0
split_feature=81 99 41 40 94
split_gain=9.48475 7.96363 9.81854 6.87298 2.94835
threshold=-1.0775551337401605 0.80375033486117664 -0.62716318593823817 0.82511266810707584 0.16953201750204402
decision_type=2 2 2 2 2
left_child=4 3 -3 -2 -1
right_child=1 2 -4 -5 -6
leaf_value=-0.0011291119270767575 5.7862298762058668e-05 0.00066062081977052631 -0.0012572745979567781 0.0012822697951809998 -0.00071525373984404855
leaf_weight=69 1488 84 243 234 63
leaf_count=69 1488 84 243 234 63
internal_value=-0.000137426 0.000536324 -0.00516717 0.00162413 -0.0104478
internal_weight=2181 2049 327 1722 132
internal_count=2181 2049 327 1722 132
is_linear=0
shrinkage=0.04


Tree=6
num_leaves=7
num_cat=0
split_feature=87 68 70 41 28 99
split_gain=10.0611 14.3082 7.22267 6.05145 2.38639 1.62165
threshold=1.5651567663441484 0.28228042891877941 -1.1661385702249603 0.51802623981290197 0.16330667218864223 0.5787251350758873
decision_type=2 2 2 2 2 2
left_child=1 3 -3 -1 -2 -6
right_child=4 2 -4 -5 5 -7
leaf_value=-2.6733055643827463e-05 -7.2626610925002338e-05 0.00059843376839548872 -0.0010494044832983454 0.00047581616844058754 0.0017866453488889133 0.00028074202760523825
leaf_weight=1028 40 51 546 334 140 42
leaf_count=1028 40 51 546 334 140 42
internal_value=-0.000174072 -0.00109128 -0.00624374 0.00117302 0.00785714 0.00978261
internal_weight=2181 1959 597 1362 222 182
internal_count=2181 1959 597 1362 222 182
is_linear=0
shrinkage=0.04


Tree=7
num_leaves=7
num_cat=0
split_feature=87 68 114 37 28 99
split_gain=9.35148 13.624 8.48241 4.94211 2.29108 1.52083
threshold=1.5651567663441484 0.59038421376661365 -0.92412755441550387 0.65174495072400729 0.16330667218864223 0.5787251350758873
decision_type=2 2 2 2 2 2
left_child=1 2 -1 -3 -2 -6
right_child=4 3 -4 -5 5 -7
leaf_value=0.00078777546030310889 -6.9721546488002236e-05 -0.0014112059918521835 -2.8013063540064389e-05 -0.00064953493745540519 0.0017151795349333568 0.00026951234650102873
leaf_weight=167 40 161 1432 199 140 42
leaf_count=167 40 161 1432 199 140 42
internal_value=-6.41319e-05 -0.000948496 0.000637102 -0.0079558 0.00767857 0.00956522
internal_weight=2181 1959 1599 360 222 182
internal_count=2181 1959 1599 360 222 182
is_linear=0
shrinkage=0.04


Tree=8
num_leaves=7
num_cat=0
split_feature=87 68 110 116 28 99
split_gain=9.26325 11.7069 7.85069 5.07075 2.29108 1.52083
threshold=1.5651567663441484 0.59038421376661365 1.1476412609100486 -0.015501680173298322 0.16330667218864223 0.5787251350758873
decision_type=2 2 2 2 2 2
left_child=1 2 -1 -3 -2 -6
right_child=4 3 -4 -5 5 -7
leaf_value=-2.7330092725641534e-05 -6.6932684628482136e-05 0.00047060699635793028 0.00068909943317528816 -0.0012992559730664482 0.0016465723535360227 0.00025873185264098755
leaf_weight=1449 40 42 150 318 140 42
leaf_count=1449 40 42 150 318 140 42
internal_value=-2.74851e-05 -0.0009077 0.000562149 -0.00740331 0.00767857 0.00956522
internal_weight=2181 1959 1599 360 222 182
internal_count=2181 1959 1599 360 222 182
is_linear=0
shrinkage=0.04


Tree=9
num_leaves=7
num_cat=0
split_feature=87 118 74 64 28 112
split_gain=8.83891 9.89271 8.66064 6.08498 2.43855 2.60396
threshold=1.5651567663441484 0.42793668568477033 -0.29804647079187147 -0.90599341629609775 0.53545843026394346 -1.4852348974441603
decision_type=2 2 2 2 2 2
left_child=1 2 -1 -3 -2 -6
right_child=4 3 -4 -5 5 -7
leaf_value=-0.00031086936653884601 7.9044548129281571e-05 0.0009701085592398593 0.00026321239855649084 -0.0010243427267926251 0.0018368068976510113 0.00049907514156809858
leaf_weight=571 68 60 836 492 92 62
leaf_count=571 68 60 836 492 92 62
internal_value=-2.74851e-05 -0.000887302 0.000894251 -0.00541516 0.0075 0.0102564
internal_weight=2181 1959 1407 552 222 154
internal_count=2181 1959 1407 552 222 154
is_linear=0
shrinkage=0.04


Tree=10
num_leaves=7
num_cat=0
split_feature=81 87 118 42 42 67
split_gain=7.93948 7.40467 9.288 3.99457 2.30594 0.827922
threshold=-1.0775551337401605 2.0373774006401892 0.42793668568477033 0.019163916838292348 -0.11069735960151912 0.17479799183878417
decision_type=2 2 2 2 2 2
left_child=3 2 -2 -1 -3 -5
right_child=1 4 -4 5 -6 -7
leaf_value=-2.1897459394237434e-05 0.00013217972856552067 0.0018990225118498615 -0.00075668866721061048 -0.0012322914192570108 0.00017983748583575839 -0.00089862571025004152
leaf_weight=46 1344 99 552 46 54 40
leaf_count=46 1344 99 552 46 54 40
internal_value=-0.000119102 0.000497318 -0.000189673 -0.00955224 0.00890323 -0.0145455
internal_weight=2181 2049 1896 132 153 86
internal_count=2181 2049 1896 132 153 86
is_linear=0
shrinkage=0.04


Tree=11
num_leaves=5
num_cat=0
split_feature=40 35 70 111
split_gain=7.58979 8.5536 6.93929 5.01592
threshold=-1.0928614119894047 0.81016764702077859 -1.2668860301576472 -0.38544406018498134
decision_type=2 2 2 2
left_child=-1 2 -2 -3
right_child=1 3 -4 -5
leaf_value=0.00084514656010981363 0.0015884836729638259 -1.9150681439447924e-05 -1.8214200043323373e-05 -0.0011985368388364296
leaf_weight=45 74 67 1887 108
leaf_count=45 74 67 1887 108
internal_value=-0.000155749 -0.000505145 0.000254712 -0.00892655
internal_weight=2181 2136 1961 175
internal_count=2181 2136 1961 175
is_linear=0
shrinkage=0.04


Tree=12
num_leaves=7
num_cat=0
split_feature=87 64 28 118 28 8
split_gain=7.13422 8.63753 9.51094 7.48283 2.24994 1.87079
threshold=1.5651567663441484 0.59375195001889824 0.0543269668388019 0.38355335646609384 0.16330667218864223 0.34580291911697025
decision_type=2 2 2 2 2 2
left_child=1 3 -3 -1 -2 -6
right_child=4 2 -4 -5 5 -7
leaf_value=-3.0851571525975715e-05 -7.3882090600211546e-05 0.00084419346712085645 -0.00013996032409793421 -0.00096253683389593728 0.0012097530684448505 0.0018429381802114436
leaf_weight=1104 40 176 197 482 122 60
leaf_count=1104 40 176 197 482 122 60
internal_value=-0.000155749 -0.000928098 0.00453333 -0.00221662 0.00660714 0.00847826
internal_weight=2181 1959 373 1586 222 182
internal_count=2181 1959 373 1586 222 182
is_linear=0
shrinkage=0.04


Tree=13
num_leaves=6
num_cat=0
split_feature=81 87 68 66 40
split_gain=7.02418 6.52329 7.29723 2.75357 2.12479
threshold=-1.0775551337401605 2.0373774006401892 0.28228042891877941 -0.10479800945571631 0.93155271749222657
decision_type=2 2 2 2 2
left_child=3 2 -2 -1 -3
right_child=1 4 -4 -5 -6
leaf_value=-0.0010413465595370485 0.00013024705576039451 0.00073318694328314065 -0.00052430432301710792 -0.00048807234390848279 0.0014900707864303764
leaf_weight=69 1296 97 600 63 56
leaf_count=69 1296 97 600 63 56
internal_value=-8.24553e-05 0.000497318 -0.000147524 -0.00895522 0.0083871
internal_weight=2181 2049 1896 132 153
internal_count=2181 2049 1896 132 153
is_linear=0
shrinkage=0.04


Tree=14
num_leaves=7
num_cat=0
split_feature=81 106 16 87 42 6
split_gain=7.02418 6.47568 11.4113 5.84788 3.77324 0.739036
threshold=-1.0775551337401605 0.66651724395975342 -0.74017514335084744 0.77635159647215224 0.07783088322234348 0.17300175364643641
decision_type=2 2 2 2 2 2
left_child=4 3 -3 -2 -1 -6
right_child=1 2 -4 -5 5 -7
leaf_value=-1.5137238668956054e-05 3.3456368575336199e-05 0.0010210285988661708 -0.0012660154481371182 0.0008982408869701524 -0.0016557538303545469 -0.00059853197716262774
leaf_weight=51 1452 57 219 321 41 40
leaf_count=51 1452 57 219 321 41 40
internal_value=-8.24553e-05 0.000497318 -0.00517986 0.00138592 -0.00895522 -0.0142169
internal_weight=2181 2049 276 1773 132 81
internal_count=2181 2049 276 1773 132 81
is_linear=0
shrinkage=0.04


Tree=15
num_leaves=7
num_cat=0
split_feature=87 68 63 35 28 111
split_gain=6.49724 8.97775 6.94481 5.95439 2.61891 1.739
threshold=2.0762798821067272 0.25083097400829857 1.0102815006956933 0.92398864751114729 0.53545843026394346 -0.70679815610872487
decision_type=2 2 2 2 2 2
left_child=1 3 -3 -1 -2 -6
right_child=4 2 -4 -5 5 -7
leaf_value=0.00014813950829268327 -0.0001065084763155616 -0.00074861601600790292 0.00057492476131238172 -0.00087346524792629389 0.0017676210147512556 0.00084856198347578514
leaf_weight=1278 43 649 47 57 65 42
leaf_count=1278 43 649 47 57 65 42
internal_value=-8.24553e-05 -0.0006788 -0.0043553 0.00124159 0.00789474 0.0111927
internal_weight=2181 2031 696 1335 150 107
internal_count=2181 2031 696 1335 150 107
is_linear=0
shrinkage=0.04


Tree=16
num_leaves=7
num_cat=0
split_feature=81 41 106 42 81 3
split_gain=7.0532 6.51579 11.7612 3.77324 3.44484 0.739036
threshold=-1.0775551337401605 -0.83243692837169914 0.63775565825140423 0.07783088322234348 -0.24563664696750051 0.17740667607856861
decision_type=2 2 2 2 2 2
left_child=3 4 -3 -1 -2 -5
right_child=1 2 -4 5 -6 -7
leaf_value=-2.045732945390514e-05 -0.00049787879609490809 8.9529510540698533e-05 -0.0010459982310577738 -0.001559579036500049 0.00077033747539531324 -0.00055248627095122102
leaf_weight=51 41 1550 232 41 226 40
leaf_count=51 41 1550 232 41 226 40
internal_value=-6.41319e-05 0.000516821 -0.000358744 -0.00895522 0.0063197 -0.0142169
internal_weight=2181 2049 1782 132 267 81
internal_count=2181 2049 1782 132 267 81
is_linear=0
shrinkage=0.04


Tree=17
num_leaves=6
num_cat=0
split_feature=70 64 28 16 72
split_gain=7.15194 6.82542 11.4191 9.7208 0.800158
threshold=-1.2509397603273815 0.59375195001889824 0.0543269668388019 -0.88101750148011326 -0.043269813383094026
decision_type=2 2 2 2 2
left_child=4 3 -3 -2 -1
right_child=1 2 -4 -5 -6
leaf_value=0.00069391415342426831 0.00070522648846127662 0.00079261983513346764 -0.00015041680886078128 -0.00023682942492298743 0.0016634337660337319
leaf_weight=42 137 187 219 1548 48
leaf_count=42 137 187 219 1548 48
internal_value=-4.58085e-05 -0.000525561 0.00411765 -0.0016479 0.0108696
internal_weight=2181 2091 406 1685 90
internal_count=2181 2091 406 1685 90
is_linear=0
shrinkage=0.04


Tree=18
num_leaves=7
num_cat=0
split_feature=87 68 63 42 28 46
split_gain=6.43774 8.2144 6.53454 6.40885 2.61891 1.87484
threshold=2.0762798821067272 0.28228042891877941 0.80614276338546231 -1.227177216634362 0.53545843026394346 0.60739791337143301
decision_type=2 2 2 2 2 2
left_child=1 3 -3 -1 -2 -6
right_child=4 2 -4 -5 5 -7
leaf_value=0.00081549538092162948 -9.6356140687647591e-05 -0.00077100117344979055 0.00054375481951990812 5.0100357449323929e-05 0.0015602370763797252 0.0012061486234238995
leaf_weight=48 43 591 78 1314 62 45
leaf_count=48 43 591 78 1314 62 45
internal_value=-4.58085e-05 -0.000639449 -0.0042623 0.0011437 0.00789474 0.0111927
internal_weight=2181 2031 669 1362 150 107
internal_count=2181 2031 669 1362 150 107
is_linear=0
shrinkage=0.04


Tree=19
num_leaves=7
num_cat=0
split_feature=81 114 87 42 8 3
split_gain=7.22855 6.64094 6.74765 3.77324 2.52209 0.739036
threshold=-1.0775551337401605 -0.82362920365291148 2.0373774006401892 0.07783088322234348 -0.35025070788958179 0.17740667607856861
decision_type=2 2 2 2 2 2
left_child=3 4 -3 -1 -2 -5
right_child=1 2 -4 5 -6 -7
leaf_value=-1.2169873576802389e-05 0.00096115981163163284 -8.3752084830495297e-05 0.0011875487557926013 -0.0014568826511051358 0.00021155341400668664 -0.00051517124604542983
leaf_weight=51 92 1608 129 41 220 40
leaf_count=51 92 1608 129 41 220 40
internal_value=4.58085e-05 0.000633837 -0.000333525 -0.00895522 0.00598726 -0.0142169
internal_weight=2181 2049 1737 132 312 81
internal_count=2181 2049 1737 132 312 81
is_linear=0
shrinkage=0.04


Tree=20
num_leaves=6
num_cat=0
split_feature=81 33 64 42 3
split_gain=7.16986 6.97519 6.49845 3.77324 0.739036
threshold=-1.0775551337401605 -1.2076750641209206 0.59375195001889824 0.07783088322234348 0.17740667607856861
decision_type=2 2 2 2 2
left_child=3 -2 -3 -1 -5
right_child=1 2 -4 4 -6
leaf_value=-1.1683078633730296e-05 0.0014613444296658253 -8.0402001437275477e-05 0.00038545535936708024 -0.0013986073450609304 -0.00049456439620361263
leaf_weight=51 79 1588 382 41 40
leaf_count=51 79 1588 382 41 40
internal_value=9.1617e-06 0.000594832 0.000121704 -0.00895522 -0.0142169
internal_weight=2181 2049 1970 132 81
internal_count=2181 2049 1970 132 81
is_linear=0
shrinkage=0.04


Tree=21
num_leaves=6
num_cat=0
split_feature=81 87 40 57 28
split_gain=6.21841 5.69361 6.10726 3.80607 2.49854
threshold=-1.0912243685021303 2.0762798821067272 -1.0928614119894047 0.022551317285407154 0.53545843026394346
decision_type=2 2 2 2 2
left_child=3 2 -2 -1 -3
right_child=1 4 -4 -5 -6
leaf_value=-0.00086157581539910767 0.00084872490540082075 -1.377913996305144e-05 -2.3657637654731413e-05 -6.7812114995091202e-05 0.0012971782755739224
leaf_weight=72 45 41 1866 51 106
leaf_count=72 45 41 1866 51 106
internal_value=-0.000137426 0.00038835 -0.000198641 -0.0088 0.00791946
internal_weight=2181 2058 1911 123 147
internal_count=2181 2058 1911 123 147
is_linear=0
shrinkage=0.04


Tree=22
num_leaves=7
num_cat=0
split_feature=69 115 105 34 116 46
split_gain=6.09753 8.23715 11.0804 6.30252 2.85759 2.70514
threshold=-1.2910248561314217 0.68933880842728479 0.83558419089289748 0.40865575537417204 0.89990471398088412 0.71442172794871583
decision_type=2 2 2 2 2 2
left_child=4 2 -2 -3 5 -1
right_child=1 3 -4 -5 -6 -7
leaf_value=-0.00070501628087173336 0.00012348253606932265 -0.0014642431090566158 -0.00091574554491026278 0.00039072234672704663 0.0018110346088283432 0.0015500738365925013
leaf_weight=51 1530 190 234 65 63 48
leaf_count=51 1530 190 234 65 63 48
internal_value=-0.000100779 -0.000702622 0.000271801 -0.007393 0.00731707 0.0029703
internal_weight=2181 2019 1764 255 162 99
internal_count=2181 2019 1764 255 162 99
is_linear=0
shrinkage=0.04


Tree=23
num_leaves=7
num_cat=0
split_feature=69 115 105 34 116 46
split_gain=6.31993 7.35595 9.84452 5.76707 2.64405 2.39579
threshold=-1.2910248561314217 0.68933880842728479 0.83558419089289748 0.40865575537417204 0.89990471398088412 0.71442172794871583
decision_type=2 2 2 2 2 2
left_child=4 2 -2 -3 5 -1
right_child=1 3 -4 -5 -6 -7
leaf_value=-0.00067681562963686412 0.00011854323462654978 -0.0014056733846943509 -0.0008791157231138523 0.00037509345285796468 0.0017385932244752096 0.0014880708831288012
leaf_weight=51 1530 190 234 65 63 48
leaf_count=51 1530 190 234 65 63 48
internal_value=9.1617e-06 -0.000603662 0.000317101 -0.00692607 0.00756098 0.00336634
internal_weight=2181 2019 1764 255 162 99
internal_count=2181 2019 1764 255 162 99
is_linear=0
shrinkage=0.04


Tree=24
num_leaves=5
num_cat=0
split_feature=70 40 35 11
split_gain=5.99176 6.29335 8.46398 1.17222
threshold=-1.2509397603273815 -1.0928614119894047 0.82465092444481125 -0.02967648448769274
decision_type=2 2 2 2
left_child=3 -2 -3 -1
right_child=1 2 -4 -5
leaf_value=0.00082964234766829304 0.00080509487835695316 -9.2744050362233985e-07 -0.00083680721760285822 0.0013815786935917446
leaf_weight=43 45 1887 159 47
leaf_count=43 45 1887 159 47
internal_value=9.1617e-06 -0.000430005 -0.000761719 0.01
internal_weight=2181 2091 2046 90
internal_count=2181 2091 2046 90
is_linear=0
shrinkage=0.04


Tree=25
num_leaves=5
num_cat=0
split_feature=40 35 87 111
split_gain=5.85063 6.71197 6.34407 3.87942
threshold=-1.0928614119894047 0.90578472924919351 2.0762798821067272 -0.57372911408758898
decision_type=2 2 2 2
left_child=-1 2 -2 -3
right_child=1 3 -4 -5
leaf_value=0.0007728910832226749 -2.0714122933691667e-05 1.4160644178064369e-05 0.00098882408452733881 -0.0011004866952161695
leaf_weight=45 1864 41 138 93
leaf_count=45 1864 41 138 93
internal_value=8.24553e-05 -0.000224509 0.000359281 -0.00882353
internal_weight=2181 2136 2002 134
internal_count=2181 2136 2002 134
is_linear=0
shrinkage=0.04


Tree=26
num_leaves=5
num_cat=0
split_feature=40 69 115 116
split_gain=5.81997 6.30278 6.95294 3.6037
threshold=-1.0928614119894047 -1.1781920525862555 0.71913446620408461 0.89990471398088412
decision_type=2 2 2 2
left_child=-1 3 -3 -2
right_child=1 2 -4 -5
leaf_value=0.00074197543989376797 0.00041658751258047107 -2.3809924447215114e-06 -0.0010746914100328269 0.0015306703563672235
leaf_weight=45 135 1719 210 72
leaf_count=45 135 1719 210 72
internal_value=0.000119102 -0.000187091 -0.000901088 0.00641148
internal_weight=2181 2136 1929 207
internal_count=2181 2136 1929 207
is_linear=0
shrinkage=0.04


Tree=27
num_leaves=5
num_cat=0
split_feature=40 16 106 29
split_gain=5.80467 5.74602 6.85867 3.0289
threshold=-1.0928614119894047 -0.9098480700049586 0.61899207136851164 -0.99080274504544008
decision_type=2 2 2 2
left_child=-1 3 -3 -2
right_child=1 2 -4 -5
leaf_value=0.00071229642229801715 0.00042667055644038664 6.8804853376620495e-06 -0.00083716772436912652 0.0011237139642191361
leaf_weight=45 116 1694 271 55
leaf_count=45 116 1694 271 55
internal_value=0.000137426 -0.000168382 -0.000782918 0.00682081
internal_weight=2181 2136 1965 171
internal_count=2181 2136 1965 171
is_linear=0
shrinkage=0.04


Tree=28
num_leaves=7
num_cat=0
split_feature=87 68 63 42 28 45
split_gain=5.39305 7.24431 7.27052 5.62443 2.87605 2.5307
threshold=2.0762798821067272 0.28228042891877941 0.80614276338546231 -1.227177216634362 0.53545843026394346 0.49422647377060186
decision_type=2 2 2 2 2 2
left_child=1 3 -3 -1 -2 -6
right_child=4 2 -4 -5 5 -7
leaf_value=0.00075713308392363747 -0.00017978783030728237 -0.00073421913987570145 0.00049454612026837545 4.3348210502448703e-05 0.001224484898053279 0.00067916067660222764
leaf_weight=48 43 591 78 1314 64 43
leaf_count=48 43 591 78 1314 64 43
internal_value=0.000100779 -0.000442696 -0.00384501 0.00123167 0.00736842 0.0108257
internal_weight=2181 2031 669 1362 150 107
internal_count=2181 2031 669 1362 150 107
is_linear=0
shrinkage=0.04


Tree=29
num_leaves=7
num_cat=0
split_feature=69 35 41 116 33 27
split_gain=5.85575 6.62964 7.29438 2.78404 2.24703 2.08853
threshold=-1.3207739826353275 0.92398864751114729 0.51802623981290197 0.89990471398088412 0.76887940035760149 -0.76735705713014035
decision_type=2 2 2 2 2 2
left_child=3 2 -2 5 -3 -1
right_child=1 4 -4 -5 -6 -7
leaf_value=-0.00020517791925987822 -9.2725258527982731e-05 -0.00012781828313949885 0.00033006039164640462 0.0015623105404086075 -0.0010827400253600478 0.0016332767824107075
leaf_weight=45 1487 44 429 60 68 48
leaf_count=45 1487 44 429 60 68 48
internal_value=0.000119102 -0.000453202 0.000104275 0.0076129 -0.00982456 0.00315789
internal_weight=2181 2028 1916 153 112 93
internal_count=2181 2028 1916 153 112 93
is_linear=0
shrinkage=0.04


Tree=30
num_leaves=4
num_cat=0
split_feature=33 40 42
split_gain=5.49115 5.44773 5.35576
threshold=-1.2449088244341009 -1.0928614119894047 -1.227177216634362
decision_type=2 2 2
left_child=-1 -2 -3
right_child=1 2 -4
leaf_value=0.0011694952576812927 0.00066886822132014242 0.00063354303282412751 -7.0539723049720598e-05
leaf_weight=72 45 52 2012
leaf_count=72 45 52 2012
internal_value=0.000100779 -0.000274751 -0.000580833
internal_weight=2181 2109 2064
internal_count=2181 2109 2064
is_linear=0
shrinkage=0.04


Tree=31
num_leaves=8
num_cat=0
split_feature=64 64 28 70 116 53 10
split_gain=5.40943 7.07423 9.14072 7.30358 6.83341 6.8222 1.64534
threshold=-0.7508366958608802 0.59375195001889824 0.0543269668388019 -1.2509397603273815 0.71812075226431815 -1.0000000180025095e-35 0.92565226204145956
decision_type=2 2 2 2 2 2 2
left_child=4 3 -3 -2 5 -1 -6
right_child=1 2 -4 -5 6 -7 -8
leaf_value=-0.00078180277387912957 0.0008914059845207985 0.00071935847324381774 -0.00015518317406370836 -0.00025885614096109524 0.0020855724133878478 0.00067610362946334641 0.00078563851088480827
leaf_weight=105 76 187 221 1337 47 168 40
leaf_count=105 76 187 221 1337 47 168 40
internal_value=6.41319e-05 -0.00082282 0.00380488 -0.00216254 0.00453039 0.00138182 0.0141573
internal_weight=2181 1821 408 1413 360 273 87
internal_count=2181 1821 408 1413 360 273 87
is_linear=0
shrinkage=0.04


Tree=32
num_leaves=7
num_cat=0
split_feature=64 41 99 110 112 116
split_gain=6.04538 5.66409 8.36135 4.29431 3.401 2.20874
threshold=-1.0622595017993279 -0.82141076681082581 0.75678744403414244 -0.35438785038517051 -0.31226400902325341 -0.33594792709759685
decision_type=2 2 2 2 2 2
left_child=4 3 -3 -2 -1 -6
right_child=1 2 -4 -5 5 -7
leaf_value=-0.00041578287737798202 -0.00024825370977834784 -9.4033899020725539e-06 -0.00080501290828723007 0.00082390343957661682 0.00018221786232990413 0.0015811292505373126
leaf_weight=40 71 1505 257 204 41 63
leaf_count=40 71 1505 257 204 41 63
internal_value=8.24553e-05 -0.000480628 -0.00131519 0.00483755 0.00794521 0.0116981
internal_weight=2181 2037 1762 275 144 104
internal_count=2181 2037 1762 275 144 104
is_linear=0
shrinkage=0.04


Tree=33
num_leaves=5
num_cat=0
split_feature=64 40 70 85
split_gain=5.36393 5.66809 5.80189 4.11935
threshold=-1.0622595017993279 -1.0928614119894047 -1.2509397603273815 0.23280053098129147
decision_type=2 2 2 2
left_child=3 -2 -3 -1
right_child=1 2 -4 -5
leaf_value=0.0010666479222901243 0.0006317949113667519 0.00087895631336121715 -8.0442946768448443e-05 1.1088901594896346e-05
leaf_weight=78 45 84 1908 66
leaf_count=78 45 84 1908 66
internal_value=-9.1617e-06 -0.00053948 -0.000862588 0.00739726
internal_weight=2181 2037 1992 144
internal_count=2181 2037 1992 144
is_linear=0
shrinkage=0.04


Tree=34
num_leaves=5
num_cat=0
split_feature=92 110 26 41
split_gain=5.29249 5.68869 8.32656 6.82998
threshold=2.4394215070144916 1.1103605505222791 0.52321442507932303 0.58775317747675404
decision_type=2 2 2 2
left_child=1 3 -3 -1
right_child=-2 2 -4 -5
leaf_value=-0.00014538199363433923 -0.0010089851145785086 0.00093369364241435867 -0.0003722908498560846 0.0003660585672151434
leaf_weight=1497 48 189 63 384
leaf_count=1497 48 189 63 384
internal_value=6.41319e-05 0.00036534 0.00598425 -0.00039299
internal_weight=2181 2133 252 1881
internal_count=2181 2133 252 1881
is_linear=0
shrinkage=0.04


Tree=35
num_leaves=7
num_cat=0
split_feature=69 64 28 64 116 46
split_gain=4.97707 6.11065 9.13325 6.77355 2.20911 1.26643
threshold=-1.3674383195076165 0.59375195001889824 0.0543269668388019 -0.7508366958608802 0.89990471398088412 0.64438101702886452
decision_type=2 2 2 2 2 2
left_child=4 3 -3 -2 5 -1
right_child=1 2 -4 -5 -6 -7
leaf_value=-5.5579545381891467e-05 0.0003713774654316812 0.00070507807672082114 -0.00014412061964326942 -0.00024337079404718691 0.0015342290152106778 0.0015676230764686458
leaf_weight=40 334 186 210 1316 54 41
leaf_count=40 334 186 210 1316 54 41
internal_value=6.41319e-05 -0.000429688 0.0040201 -0.00150121 0.00744526 0.00313253
internal_weight=2181 2046 396 1650 135 81
internal_count=2181 2046 396 1650 135 81
is_linear=0
shrinkage=0.04


Tree=36
num_leaves=7
num_cat=0
split_feature=25 80 47 106 70 117
split_gain=5.68709 7.11933 7.07202 5.42861 4.30715 3.85153
threshold=0.88110067706891049 0.81729968178744039 1.1215161733452148 0.66651724395975342 0.30662204511443159 0.47072641366490076
decision_type=2 2 2 2 2 2
left_child=2 5 3 -1 -4 -2
right_child=1 -3 4 -5 -6 -7
leaf_value=4.8546810577059127e-05 -0.00090121574873289949 0.0009933868801302731 0.00012726695088985623 -0.00075404456257774203 0.00091817862779432387 3.1031853733065886e-05
leaf_weight=1625 125 40 55 219 74 43
leaf_count=1625 125 40 55 219 74 43
internal_value=-2.74851e-05 -0.00628571 0.000637975 0 0.00961832 -0.00988235
internal_weight=2181 208 1973 1844 129 168
internal_count=2181 208 1973 1844 129 168
is_linear=0
shrinkage=0.04


Tree=37
num_leaves=5
num_cat=0
split_feature=33 64 42 35
split_gain=5.50994 5.1529 5.50413 2.7673
threshold=-1.2449088244341009 1.097968735230727 -1.227177216634362 0.60429372667223469
decision_type=2 2 2 2
left_child=-1 2 -2 -3
right_child=1 3 -4 -5
leaf_value=0.0010026962330309708 0.00063575764970060563 0.0010166988479913932 -6.7725849384984784e-05 2.5015961238666722e-06
leaf_weight=72 52 64 1953 40
leaf_count=72 52 64 1953 40
internal_value=8.24553e-05 -0.0002937 -0.000747384 0.00830189
internal_weight=2181 2109 2005 104
internal_count=2181 2109 2005 104
is_linear=0
shrinkage=0.04


Tree=38
num_leaves=7
num_cat=0
split_feature=110 26 42 28 28 75
split_gain=5.46578 7.99991 5.32497 6.5327 5.55341 3.22185
threshold=1.1476412609100486 0.52321442507932303 -0.77632859283460676 1.767833784080026 -0.56547672211704769 -0.45486491624741066
decision_type=2 2 2 2 2 2
left_child=2 5 4 -4 -1 -2
right_child=1 -3 3 -5 -6 -7
leaf_value=-0.00057504824804683024 0.00011775529656339128 -0.00035793049907988051 -0.00015486189943272714 0.001073910539574584 0.00066067059767688176 0.0010998226383644514
leaf_weight=42 48 60 1660 48 206 117
leaf_count=42 48 60 1660 48 206 117
internal_value=2.74851e-05 0.00590308 -0.000653728 -0.00145029 0.0048 0.0104192
internal_weight=2181 225 1956 1708 248 165
internal_count=2181 225 1956 1708 248 165
is_linear=0
shrinkage=0.04


Tree=39
num_leaves=7
num_cat=0
split_feature=114 35 46 11 73 8
split_gain=5.21844 5.5088 5.80437 3.86075 3.76228 3.44796
threshold=-0.82362920365291148 0.90578472924919351 0.11607022766494861 -0.092570091607331442 -0.71895200901519674 -0.096542543565738922
decision_type=2 2 2 2 2 2
left_child=4 2 -2 -3 -1 -6
right_child=1 3 -4 -5 5 -7
leaf_value=-0.00044676615377513859 -0.0001819396282070058 -0.00021718650628451387 0.00022512329111484098 -0.0012399012683419878 0.0009546105444113393 0.00017459068599019704
leaf_weight=42 1006 64 723 52 116 178
leaf_count=42 1006 64 723 52 116 178
internal_value=4.58085e-05 -0.000790471 -0.000219526 -0.00915254 0.00461538 0.00621622
internal_weight=2181 1845 1729 116 336 294
internal_count=2181 1845 1729 116 336 294
is_linear=0
shrinkage=0.04


Tree=40
num_leaves=8
num_cat=0
split_feature=25 47 14 37 73 37 106
split_gain=5.17324 8.48322 6.78101 6.23872 5.55852 4.68113 1.46425
threshold=0.88110067706891049 1.1215161733452148 0.40574578218226809 0.069808050207913155 -0.62221915620165713 -0.5030368515659015 0.047586590367756205
decision_type=2 2 2 2 2 2 2
left_child=1 4 6 -4 -1 -3 -2
right_child=2 5 3 -5 -6 -7 -8
leaf_value=-0.00048174056513455209 -0.00055880548756863239 0.00075177877513547375 -0.00084898602370259482 0.001448327130256722 6.8519287323747462e-05 1.2027631584223577e-05 -0.0013738617739820185
leaf_weight=332 56 82 41 56 1512 47 55
leaf_count=332 56 82 41 56 1512 47 55
internal_value=6.41319e-05 0.000698734 -0.00590476 0.00181818 0 0.0105344 -0.0125664
internal_weight=2181 1973 208 97 1844 129 111
internal_count=2181 1973 208 97 1844 129 111
is_linear=0
shrinkage=0.04


Tree=41
num_leaves=5
num_cat=0
split_feature=40 110 75 42
split_gain=5.22483 5.64324 6.95944 5.93319
threshold=-1.0219615724144127 1.1476412609100486 -0.61515599906667184 -0.77632859283460676
decision_type=2 2 2 2
left_child=-1 3 -3 -2
right_child=1 2 -4 -5
leaf_value=0.00049488032759805898 0.00039474285761731523 -0.001259278326992579 0.00063428350006694751 -0.00013731187828292595
leaf_weight=54 248 45 180 1654
leaf_count=54 248 45 180 1654
internal_value=8.24553e-05 -0.000234852 0.00572687 -0.000945378
internal_weight=2181 2127 225 1902
internal_count=2181 2127 225 1902
is_linear=0
shrinkage=0.04


Tree=42
num_leaves=6
num_cat=0
split_feature=35 64 117 53 104
split_gain=4.69939 4.95085 5.89997 3.3515 2.91439
threshold=0.92398864751114729 1.097968735230727 1.3662804318854846 -1.0000000180025095e-35 0.024826811996517442
decision_type=2 2 2 2 2
left_child=1 2 -1 -2 -3
right_child=3 4 -4 -5 -6
leaf_value=3.5369624931511358e-05 -6.6422257137388822e-06 9.252388890658096e-05 -0.0013461220672189348 -0.0012490241436587863 0.0014465408033762185
leaf_weight=1861 59 40 97 69 55
leaf_count=1861 59 40 97 69 55
internal_value=-9.1617e-06 0.000457421 2.04082e-05 -0.00738462 0.00927835
internal_weight=2181 2053 1958 128 95
internal_count=2181 2053 1958 128 95
is_linear=0
shrinkage=0.04


Tree=43
num_leaves=5
num_cat=0
split_feature=41 64 37 116
split_gain=4.65417 4.91649 6.7368 6.31388
threshold=-1.2800085422489962 -0.7508366958608802 -0.58587510593626091 0.71812075226431815
decision_type=2 2 2 2
left_child=-1 3 -3 -2
right_child=1 2 -4 -5
leaf_value=0.0014994938453494506 4.2329917969751022e-05 0.00029114554952625044 -0.00016270643939566936 0.0016973933892530308
leaf_weight=54 269 246 1525 87
leaf_count=54 269 246 1525 87
internal_value=4.58085e-05 -0.00025364 -0.00111675 0.00402235
internal_weight=2181 2127 1771 356
internal_count=2181 2127 1771 356
is_linear=0
shrinkage=0.04


Tree=44
num_leaves=5
num_cat=0
split_feature=40 69 99 116
split_gain=5.15902 5.35488 5.20216 1.71707
threshold=-1.0928614119894047 -1.3674383195076165 -0.90703283417329728 0.89990471398088412
decision_type=2 2 2 2
left_child=-1 3 -3 -2
right_child=1 2 -4 -5
leaf_value=0.00051898630700129096 0.00056938490571153608 0.00032763926385348703 -0.00011144531887781668 0.0013277043936580568
leaf_weight=45 81 209 1792 54
leaf_count=45 81 209 1792 54
internal_value=8.24553e-05 -0.0002058 -0.000728907 0.00744526
internal_weight=2181 2136 2001 135
internal_count=2181 2136 2001 135
is_linear=0
shrinkage=0.04


Tree=45
num_leaves=7
num_cat=0
split_feature=69 68 109 40 116 46
split_gain=4.5438 5.15042 7.06205 5.5997 1.91336 1.26643
threshold=-1.3674383195076165 0.59038421376661365 0.48171257967083819 0.91523902465597262 0.89990471398088412 0.64438101702886452
decision_type=2 2 2 2 2 2
left_child=4 2 -2 -3 5 -1
right_child=1 3 -4 -5 -6 -7
leaf_value=-7.5686491878334416e-05 -3.6214794709124729e-05 -0.00071773913064891834 0.00041927821926700666 0.00039001871032165876 0.0012745962179117342 0.0014772824293925247
leaf_weight=40 1203 315 411 117 54 41
leaf_count=40 1203 315 411 117 54 41
internal_value=0.000100779 -0.000371094 0.000668317 -0.00423963 0.00715328 0.00313253
internal_weight=2181 2046 1614 432 135 81
internal_count=2181 2046 1614 432 135 81
is_linear=0
shrinkage=0.04


Tree=46
num_leaves=4
num_cat=0
split_feature=33 42 114
split_gain=5.04039 4.60975 4.58102
threshold=-1.2449088244341009 -1.2996287234364992 -0.82362920365291148
decision_type=2 2 2
left_child=-1 -2 -3
right_child=1 2 -4
leaf_value=0.00078845850712259188 0.0006285697331592907 0.00030702283420173395 -0.00010738996410354043
leaf_weight=72 44 312 1753
leaf_count=72 44 312 1753
internal_value=9.1617e-06 -0.000350545 -0.000628931
internal_weight=2181 2109 2065
internal_count=2181 2109 2065
is_linear=0
shrinkage=0.04


Tree=47
num_leaves=6
num_cat=0
split_feature=70 68 87 41 50
split_gain=4.93419 4.77743 7.25016 5.80656 1.66979
threshold=-1.2509397603273815 0.28228042891877941 1.6048991655140792 0.49849025069740432 0.10716480669386537
decision_type=2 2 2 2 2
left_child=4 3 -3 -2 -1
right_child=1 2 -4 -5 -6
leaf_value=0.0013390075657963916 -1.8386100188165638e-05 -0.00066239353223149905 0.00042631716794894913 0.00037741944338390591 0.00031258716123784303
leaf_weight=43 1009 573 165 344 47
leaf_count=43 1009 573 165 344 47
internal_value=6.41319e-05 -0.000334448 -0.00291892 0.00107749 0.00913043
internal_weight=2181 2091 738 1353 90
internal_count=2181 2091 738 1353 90
is_linear=0
shrinkage=0.04


Tree=48
num_leaves=7
num_cat=0
split_feature=114 70 81 73 8 29
split_gain=4.65229 5.15345 4.8493 3.60388 3.3605 0.658433
threshold=-0.82362920365291148 -1.2509397603273815 0.17943801554322464 -0.71895200901519674 -0.096542543565738922 0.20937377683248767
decision_type=2 2 2 2 2 2
left_child=3 5 -3 -1 -5 -2
right_child=1 2 -4 4 -6 -7
leaf_value=-0.00040921758894842396 0.0012804573605624304 -0.00020856551464517342 0.00010885401272285878 0.00087114872186548826 0.00012502270220256039 0.00035396078837149624
leaf_weight=42 44 1066 695 116 178 40
leaf_count=42 44 1066 695 116 178 40
internal_value=6.41319e-05 -0.000725501 -0.00119115 0.0043787 0.00594595 0.00883721
internal_weight=2181 1845 1761 336 294 84
internal_count=2181 1845 1761 336 294 84
is_linear=0
shrinkage=0.04


Tree=49
num_leaves=4
num_cat=0
split_feature=33 40 80
split_gain=4.54039 4.21118 4.436
threshold=-1.2449088244341009 -1.0928614119894047 -0.91532248525979343
decision_type=2 2 2
left_child=-1 -2 -3
right_child=1 2 -4
leaf_value=0.00073590953767303942 0.000498815661580653 0.00020929529818676323 -5.4544667331125023e-05
leaf_weight=72 45 98 1966
leaf_count=72 45 98 1966
internal_value=-9.1617e-06 -0.000350545 -0.000619555
internal_weight=2181 2109 2064
internal_count=2181 2109 2064
is_linear=0
shrinkage=0.04


Tree=50
num_leaves=7
num_cat=0
split_feature=79 25 64 81 60 5
split_gain=4.52198 5.38795 6.797 5.14534 3.78034 3.58524
threshold=0.45419678658224433 0.79393011121025137 1.097968735230727 2.8059838054118638 0.59811578099555229 0.85408101599424313
decision_type=2 2 2 2 2 2
left_child=1 2 -1 4 -2 -3
right_child=3 5 -4 -5 -6 -7
leaf_value=-2.7994504919269908e-05 0.0004451463851040508 -0.0010865192586850534 0.00092073672084125497 -0.00068524749266853926 -0.00085944810342792233 -0.0001689610009250627
leaf_weight=1390 442 90 65 51 45 98
leaf_count=1390 442 90 65 51 45 98
internal_value=9.1617e-06 -0.00103343 -0.000205903 0.00318519 0.00445808 -0.00736842
internal_weight=2181 1643 1455 538 487 188
internal_count=2181 1643 1455 538 487 188
is_linear=0
shrinkage=0.04


Tree=51
num_leaves=7
num_cat=0
split_feature=87 59 87 109 42 38
split_gain=4.3336 5.88918 6.29494 5.50269 2.46089 2.88723
threshold=2.0762798821067272 0.58839291647923786 0.11377783962229125 0.48171257967083819 -0.11069735960151912 1.0151380315106138
decision_type=2 2 2 2 2 2
left_child=1 3 -3 -1 5 -2
right_child=4 2 -4 -5 -6 -7
leaf_value=-2.0310771215129102e-05 0.00020320723050552638 -0.0010938676038851482 -9.8586713894074153e-05 0.00037250418738969421 -2.0020718069312383e-05 0.0011783775914379433
leaf_weight=1194 40 159 285 393 53 57
leaf_count=1194 40 159 285 393 53 57
internal_value=6.41319e-05 -0.00042302 -0.0044843 0.000717432 0.00657895 0.010303
internal_weight=2181 2031 444 1587 150 97
internal_count=2181 2031 444 1587 150 97
is_linear=0
shrinkage=0.04


Tree=52
num_leaves=6
num_cat=0
split_feature=64 115 98 104 104
split_gain=4.34225 4.70623 6.37995 5.67906 3.19677
threshold=1.097968735230727 1.0340226459865811 0.61231628966212748 0.89156713212933625 0.0086501553472389872
decision_type=2 2 2 2 2
left_child=1 3 -3 -1 -2
right_child=4 2 -4 -5 -6
leaf_value=-1.7411076601093808e-05 -0.00014100519186797955 0.00084951459606899516 -0.0014179854421463973 0.00076233453276056433 0.0012509081624319149
leaf_weight=1765 40 51 97 164 64
leaf_count=1765 40 51 97 164 64
internal_value=2.74851e-05 -0.00037518 -0.0072 0.00015536 0.00792453
internal_weight=2181 2077 148 1929 104
internal_count=2181 2077 148 1929 104
is_linear=0
shrinkage=0.04


Tree=53
num_leaves=5
num_cat=0
split_feature=41 110 26 41
split_gain=4.13059 4.48215 6.91046 6.1262
threshold=-1.2800085422489962 1.1476412609100486 0.52321442507932303 0.61317321456608676
decision_type=2 2 2 2
left_child=-1 3 -3 -2
right_child=1 2 -4 -5
leaf_value=0.0013031691660282884 -0.00015996692254389235 0.00074373262938710449 -0.0003412247868043021 0.00031676807045510035
leaf_weight=54 1519 165 60 383
leaf_count=54 1519 165 60 383
internal_value=-9.1617e-06 -0.000291217 0.00502203 -0.00092437
internal_weight=2181 2127 225 1902
internal_count=2181 2127 225 1902
is_linear=0
shrinkage=0.04


Tree=54
num_leaves=5
num_cat=0
split_feature=40 35 46 111
split_gain=4.53789 4.87699 6.2101 4.66585
threshold=-1.0928614119894047 0.82465092444481125 0.11607022766494861 -0.61003446459596555
decision_type=2 2 2 2
left_child=-1 2 -2 -3
right_child=1 3 -4 -5
leaf_value=0.0004531083680644496 -8.9287445928915024e-05 6.8313711920061078e-05 0.0002712642065094563 -0.00075126462123450771
leaf_weight=45 1173 49 796 118
leaf_count=45 1173 49 796 118
internal_value=4.58085e-05 -0.000224509 0.000334855 -0.00674556
internal_weight=2181 2136 1969 167
internal_count=2181 2136 1969 167
is_linear=0
shrinkage=0.04


Tree=55
num_leaves=6
num_cat=0
split_feature=70 68 87 42 11
split_gain=4.49128 4.62146 6.40872 4.86054 1.26581
threshold=-1.2509397603273815 0.24411109260721311 1.3542670909243817 -1.227177216634362 1.0000000180025095e-35
decision_type=2 2 2 2 2
left_child=4 3 -3 -2 -1
right_child=1 2 -4 -5 -6
leaf_value=0.00043066987605536649 0.00069089422034852898 -0.00057769333833751794 0.00032886207912788987 2.4045162754231137e-05 0.0010916020617086578
leaf_weight=48 47 576 198 1270 42
leaf_count=48 47 576 198 1270 42
internal_value=4.58085e-05 -0.000334448 -0.00278351 0.0011069 0.00869565
internal_weight=2181 2091 774 1317 90
internal_count=2181 2091 774 1317 90
is_linear=0
shrinkage=0.04


Tree=56
num_leaves=8
num_cat=0
split_feature=15 106 116 37 110 41 20
split_gain=4.14039 6.54656 5.47099 5.41593 4.79705 4.40849 0.562371
threshold=-0.80774562291931018 0.58798748747884244 -0.14240951853740805 -0.62195312714385842 0.45721458618227462 -0.74344638920948758 -1.0556122591223065
decision_type=2 2 2 2 2 2 2
left_child=2 3 6 -2 -4 -3 -1
right_child=1 5 4 -5 -6 -7 -8
leaf_value=0.0010067674072549151 0.00040644697050216754 0.00051633419830751041 -0.00018323645155395835 -2.1413625896522758e-05 0.00059202187978406003 -0.00093010792858434169 0.00059372690886315221
leaf_weight=47 195 40 149 1428 52 230 40
leaf_count=47 195 40 149 1428 52 230 40
internal_value=0.000100779 -0.000580475 0.00455172 0.000381538 0.0008867 -0.00632353 0.012809
internal_weight=2181 1893 288 1623 201 270 87
internal_count=2181 1893 288 1623 201 270 87
is_linear=0
shrinkage=0.04


Tree=57
num_leaves=6
num_cat=0
split_feature=64 73 41 25 104
split_gain=4.28205 4.95501 4.78123 4.32517 3.19677
threshold=1.097968735230727 -0.62221915620165713 -1.2800085422489962 0.5270209106778907 0.0086501553472389872
decision_type=2 2 2 2 2
left_child=1 3 -3 -1 -2
right_child=4 2 -4 -5 -6
leaf_value=-0.00064481525602121993 -0.0001458826870685035 0.0012822643740986286 1.0625104751694758e-05 5.4572809164724e-05 0.001187053403109292
leaf_weight=274 40 51 1632 120 64
leaf_count=274 40 51 1632 120 64
internal_value=8.24553e-05 -0.00031746 0.00062908 -0.00434343 0.00792453
internal_weight=2181 2077 1683 394 104
internal_count=2181 2077 1683 394 104
is_linear=0
shrinkage=0.04


Tree=58
num_leaves=8
num_cat=0
split_feature=64 28 28 37 76 40 35
split_gain=4.14493 8.24252 6.44925 5.12581 4.50798 4.4139 3.89757
threshold=0.59375195001889824 0.0543269668388019 -0.56972935632598409 -0.61349923724563238 -0.50250022840474984 -0.52512495034771656 -0.60466331410763052
decision_type=2 2 2 2 2 2 2
left_child=2 6 5 -4 -3 -1 -2
right_child=1 4 3 -5 -6 -7 -8
leaf_value=-0.0010363229040140744 2.6060774234479278e-06 -0.00074157155422492768 0.00024982621841491536 -2.3162999181287859e-05 6.5210108830928286e-05 -6.5349952695899357e-05 0.00081198247749681069
leaf_weight=120 51 40 134 1384 181 135 136
leaf_count=120 51 40 134 1384 181 135 136
internal_value=8.24553e-05 0.00370732 -0.00075493 0.000236842 -0.00152466 -0.00661479 0.00984127
internal_weight=2181 408 1773 1518 221 255 187
internal_count=2181 408 1773 1518 221 255 187
is_linear=0
shrinkage=0.04


Tree=59
num_leaves=8
num_cat=0
split_feature=79 40 62 40 40 41 47
split_gain=4.00889 4.94276 8.03286 6.74633 4.87993 7.42822 4.39856
threshold=0.45419678658224433 -0.13390856175021651 0.8380632723488608 0.91523902465597262 -0.26075296439524026 0.042549145275125627 -0.25996025473728351
decision_type=2 2 2 2 2 2 2
left_child=1 2 -1 -3 5 -2 -6
right_child=4 3 -4 -5 6 -7 -8
leaf_value=0.00021516584500077149 -0.0010406947094806144 -0.00039849322229466703 -0.00056222631607683276 0.00033186214805749404 -1.975948298342035e-05 0.00033895560372861262 0.00071722823577143079
leaf_weight=669 101 704 81 189 114 88 235
leaf_count=669 101 704 81 189 114 88 235
internal_value=-2.74851e-05 -0.00100912 0.00138298 -0.00301676 0.00296296 -0.00219895 0.00575499
internal_weight=2181 1643 750 893 538 189 349
internal_count=2181 1643 750 893 538 189 349
is_linear=0
shrinkage=0.04


Tree=60
num_leaves=7
num_cat=0
split_feature=87 68 46 110 40 14
split_gain=4.13204 5.957 5.55848 5.29615 2.0189 3.58121
threshold=2.0762798821067272 0.28228042891877941 5.343196711910795 0.32324877815375114 0.93155271749222657 0.28415687381394389
decision_type=2 2 2 2 2 2
left_child=1 2 -1 -3 5 -2
right_child=4 3 -4 -5 -6 -7
leaf_value=1.4750245028241662e-05 -0.00050625579282432165 -0.00069623288119326058 0.0011431079032597005 4.0864958250897564e-05 0.00068148514339792582 0.0010295736559774577
leaf_weight=1309 50 387 53 282 55 45
leaf_count=1309 50 387 53 282 55 45
internal_value=-4.58085e-05 -0.000521397 0.000997067 -0.00360656 0.00631579 0.00268041
internal_weight=2181 2031 1362 669 150 95
internal_count=2181 2031 1362 669 150 95
is_linear=0
shrinkage=0.04


Tree=61
num_leaves=7
num_cat=0
split_feature=69 106 27 115 67 43
split_gain=3.93147 4.35157 8.30573 6.7998 2.14063 1.34296
threshold=-1.3674383195076165 0.58798748747884244 -0.82385748001963521 0.92803246389065452 -1.289013514345801 0.26194832329930362
decision_type=2 2 2 2 2 2
left_child=4 3 -3 -2 5 -1
right_child=1 2 -4 -5 -6 -7
leaf_value=0.0013872859081180706 5.7128323558459999e-05 0.00076926252599770692 -0.00072301831772675199 -0.00083215831355846624 -5.6076619337768614e-05 0.001202621179869948
leaf_weight=52 1635 40 239 132 42 41
leaf_count=52 1635 40 239 132 42 41
internal_value=9.1617e-06 -0.000429688 -0.00505338 0.000305257 0.00656934 0.00989474
internal_weight=2181 2046 279 1767 135 93
internal_count=2181 2046 279 1767 135 93
is_linear=0
shrinkage=0.04


Tree=62
num_leaves=7
num_cat=0
split_feature=114 46 61 7 112 50
split_gain=3.97155 4.4545 4.8704 4.44198 2.9498 2.37751
threshold=-1.1026364063356011 5.343196711910795 -1.0840509648667693 1.3819675873617407 -0.036460260419047867 0.56504735138087592
decision_type=2 2 2 2 2 2
left_child=3 2 -2 5 -3 -1
right_child=1 4 -4 -5 -6 -7
leaf_value=0.0008729441340842106 0.00038331158607325991 -1.2186732384318402e-05 -7.5738514204745988e-05 -0.00031746416308524664 0.0015721980356752272 0.00032142674847045237
leaf_weight=106 178 40 1716 43 49 49
leaf_count=106 178 40 1716 43 49 49
internal_value=2.74851e-05 -0.000513854 -0.00092827 0.0054 0.00813187 0.00853503
internal_weight=2181 1983 1894 198 89 155
internal_count=2181 1983 1894 198 89 155
is_linear=0
shrinkage=0.04


Tree=63
num_leaves=8
num_cat=0
split_feature=15 116 46 41 64 110 27
split_gain=3.96956 5.24374 4.73011 6.98465 5.21239 4.29942 0.482278
threshold=-0.80774562291931018 -0.14240951853740805 0.11607022766494861 0.17637104741104162 0.021358243465990481 0.45721458618227462 -1.059504195941084
decision_type=2 2 2 2 2 2 2
left_child=1 6 3 -2 -4 -3 -1
right_child=2 5 4 -5 -6 -7 -8
leaf_value=0.0010217213707229892 -0.00054256699988423722 -0.00014616613123844804 0.00031223652894060179 9.6525248762919215e-05 -7.3915141043647898e-05 0.00055140005635000437 0.00053457179626978163
leaf_weight=43 608 149 437 460 388 52 44
leaf_count=43 608 149 437 460 388 52 44
internal_value=-8.24553e-05 0.00427586 -0.00074934 -0.00250467 0.00152358 0.000689655 0.0123596
internal_weight=2181 288 1893 1068 825 201 87
internal_count=2181 288 1893 1068 825 201 87
is_linear=0
shrinkage=0.04


Tree=64
num_leaves=5
num_cat=0
split_feature=42 64 31 61
split_gain=3.95659 4.09356 8.68974 6.05901
threshold=-1.2996287234364992 0.59375195001889824 0.78714434016017332 -1.0840509648667693
decision_type=2 2 2 2
left_child=-1 3 -3 -2
right_child=1 2 -4 -5
leaf_value=0.00055672742683459439 0.00045794482504575324 0.00042013433877892084 -0.00053578054058937526 -0.00011567742925199628
leaf_weight=45 201 345 51 1539
leaf_count=45 201 345 51 1539
internal_value=9.1617e-06 -0.000243218 0.00341709 -0.00107922
internal_weight=2181 2136 396 1740
internal_count=2181 2136 396 1740
is_linear=0
shrinkage=0.04


Tree=65
num_leaves=8
num_cat=0
split_feature=79 40 62 40 67 41 64
split_gain=3.90908 4.60899 7.60092 6.69 4.5907 6.33809 2.05187
threshold=0.45419678658224433 -0.13390856175021651 0.6971306774052709 0.85116213997419066 -1.2742655631936139 0.22017076815165701 -0.050823891792350619
decision_type=2 2 2 2 2 2 2
left_child=1 2 -1 -3 6 -6 -2
right_child=4 3 -4 -5 5 -7 -8
leaf_value=0.00023118084353644945 7.9494223844803487e-05 -0.00038138255410929137 -0.00044161793190577699 0.00024201723079875616 -0.00029468892318513373 0.00042285756072752356 0.0014865976732666333
leaf_weight=630 47 673 120 220 278 152 61
leaf_count=630 47 673 120 220 278 152 61
internal_value=-6.41319e-05 -0.00103343 0.0012766 -0.00297207 0.00288889 0.00101852 0.0101818
internal_weight=2181 1643 750 893 538 430 108
internal_count=2181 1643 750 893 538 430 108
is_linear=0
shrinkage=0.04


Tree=66
num_leaves=8
num_cat=0
split_feature=79 80 110 40 81 47 64
split_gain=4.26275 4.6896 12.0409 8.31474 4.52112 7.61496 3.30503
threshold=0.45419678658224433 0.029923340677128488 0.58128434840180698 -0.14561722724373102 1.4650712155946455 0.40579492781048127 0.30593224673170577
decision_type=2 2 2 2 2 2 2
left_child=1 3 -3 -1 6 -6 -2
right_child=4 2 -4 -5 5 -7 -8
leaf_value=0.00033500019434312168 0.00026094136670368418 -0.00080002751799215181 0.00021952474083562296 -0.00015366915656821341 -0.00084509380634165371 0.00069297082981139972 0.00066429311460569184
leaf_weight=452 272 450 243 498 85 47 134
leaf_count=452 272 450 243 498 85 47 134
internal_value=2.74851e-05 -0.000984802 -0.00348201 0.000840336 0.00311111 -0.00328358 0.00519608
internal_weight=2181 1643 693 950 538 132 406
internal_count=2181 1643 693 950 538 132 406
is_linear=0
shrinkage=0.04


Tree=67
num_leaves=5
num_cat=0
split_feature=60 114 25 86
split_gain=4.37849 3.88977 3.73346 1.87088
threshold=0.79614277755775287 -0.82362920365291148 0.88110067706891049 1.0828473042086293
decision_type=2 2 2 2
left_child=1 3 -3 -1
right_child=-2 2 -4 -5
leaf_value=0.00039747721254258946 -0.0011581664413721651 8.3755875677351926e-06 -0.00044939773749227778 -3.1081643710794279e-05
leaf_weight=258 66 1632 165 60
leaf_count=258 66 1632 165 60
internal_value=-9.1617e-06 0.000311762 -0.00041134 0.004375
internal_weight=2181 2115 1797 318
internal_count=2181 2115 1797 318
is_linear=0
shrinkage=0.04


Tree=68
num_leaves=7
num_cat=0
split_feature=73 46 41 28 10 40
split_gain=4.04017 4.36318 5.03815 4.35841 3.93429 4.24403
threshold=-0.62221915620165713 -2.9397014493207174 -0.69537875603996857 0.14530124451019169 -0.71867589852336355 0.91523902465597262
decision_type=2 2 2 2 2 2
left_child=4 3 -3 -2 -1 -6
right_child=1 2 -4 -5 5 -7
leaf_value=0.00076950716544426983 0.0005011959838113803 0.00048650742479000673 1.1602831604941959e-05 -0.00067882873589131558 -0.00055037459771810056 0.00062263135470432137
leaf_weight=48 40 318 1304 90 303 78
leaf_count=48 40 318 1304 90 303 78
internal_value=8.24553e-05 0.000935006 0.00150246 -0.00606061 -0.00338747 -0.00475196
internal_weight=2181 1752 1622 130 429 381
internal_count=2181 1752 1622 130 429 381
is_linear=0
shrinkage=0.04


Tree=69
num_leaves=5
num_cat=0
split_feature=73 99 115 41
split_gain=3.64552 4.71907 5.47122 4.31899
threshold=1.4986575929220971 0.97428729187974239 1.0340226459865811 -0.82141076681082581
decision_type=2 2 2 2
left_child=1 2 -1 -3
right_child=-2 3 -4 -5
leaf_value=3.4939201831543922e-05 0.0011142157320018678 0.00045384348752517528 -0.00076166746198501724 -0.00070958250006063531
leaf_weight=1749 78 45 114 195
leaf_count=1749 78 45 114 195
internal_value=0.000119102 -0.000199525 0.000482574 -0.00545455
internal_weight=2181 2103 1863 240
internal_count=2181 2103 1863 240
is_linear=0
shrinkage=0.04


Tree=70
num_leaves=5
num_cat=0
split_feature=18 37 28 27
split_gain=4.19415 3.98467 5.98182 4.76016
threshold=0.64405200352274272 -0.59550844823838045 -0.59759634424423036 -0.97353160083410051
decision_type=2 2 2 2
left_child=1 2 -1 -3
right_child=-2 3 -4 -5
leaf_value=-0.00066837942799828295 -0.0007649665853996778 0.0004887966063941943 0.00035925213497485969 -4.7270495392524318e-05
leaf_weight=46 40 189 193 1713
leaf_count=46 40 189 193 1713
internal_value=0.000137426 0.000382641 0.00522822 -0.000231092
internal_weight=2181 2141 239 1902
internal_count=2181 2141 239 1902
is_linear=0
shrinkage=0.04


Tree=71
num_leaves=6
num_cat=0
split_feature=35 117 73 35 25
split_gain=3.87958 4.47182 5.57363 4.45585 3.51197
threshold=0.93604654611821536 1.3818749166622533 1.4986575929220971 -0.36998424302929456 0.79393011121025137
decision_type=2 2 2 2 2
left_child=1 2 -1 -3 -2
right_child=4 3 -4 -5 -6
leaf_value=1.6419948643528887e-05 -1.0400248595339064e-05 -0.0017026891001818405 0.0012932854796998336 0.00042564856400243003 -0.0013117288967274591
leaf_weight=1901 63 64 56 40 57
leaf_count=1901 63 64 56 40 57
internal_value=4.58085e-05 0.000455647 0.000888208 -0.00754717 -0.00688525
internal_weight=2181 2061 1957 104 120
internal_count=2181 2061 1957 104 120
is_linear=0
shrinkage=0.04


Tree=72
num_leaves=5
num_cat=0
split_feature=64 104 60 117
split_gain=3.45523 4.62587 4.62409 4.43651
threshold=0.96800385944966871 -1.0000000180025095e-35 0.79614277755775287 1.3662804318854846
decision_type=2 2 2 2
left_child=2 -2 3 -1
right_child=1 -3 -4 -5
leaf_value=1.7800488899538599e-05 -0.0003460716572324715 0.0010791295057431662 -0.0016063099674559357 -0.00094566443455889769
leaf_weight=1900 53 75 49 104
leaf_count=1900 53 75 49 104
internal_value=0.000137426 0.00646154 -0.000262774 3.98804e-05
internal_weight=2181 128 2053 2004
internal_count=2181 128 2053 2004
is_linear=0
shrinkage=0.04


Tree=73
num_leaves=5
num_cat=0
split_feature=40 35 117 117
split_gain=3.86873 3.73683 7.21834 6.96038
threshold=-1.0928614119894047 0.59979822156702067 0.49174707806206763 1.3662804318854846
decision_type=2 2 2 2
left_child=-1 3 -3 -2
right_child=1 2 -4 -5
leaf_value=0.00034458603996369741 7.897345427101328e-05 -0.00058018098820173585 0.00026019910683905444 -0.0012115744487768891
leaf_weight=45 1684 266 93 93
leaf_count=45 1684 266 93 93
internal_value=0.000137426 -0.000112254 -0.00382271 0.000640809
internal_weight=2181 2136 359 1777
internal_count=2181 2136 359 1777
is_linear=0
shrinkage=0.04


Tree=74
num_leaves=5
num_cat=0
split_feature=40 69 64 67
split_gain=3.8438 3.69124 4.66803 1.70702
threshold=-1.0928614119894047 -1.3674383195076165 0.7793691843427738 -1.4144470259982584
decision_type=2 2 2 2
left_child=-1 3 -3 -2
right_child=1 2 -4 -5
leaf_value=0.00033080259836514958 0.0011959349985106787 -5.5965920841791176e-05 0.00038475571959709738 0.00010484850043909821
leaf_weight=45 81 1802 199 54
leaf_count=45 81 1802 199 54
internal_value=0.000174072 -7.48363e-05 -0.000509236 0.00627737
internal_weight=2181 2136 2001 135
internal_count=2181 2136 2001 135
is_linear=0
shrinkage=0.04


Tree=75
num_leaves=6
num_cat=0
split_feature=70 27 106 116 29
split_gain=3.17463 3.77507 3.97065 3.48848 0.983241
threshold=-1.2509397603273815 -0.94498498516167517 0.58798748747884244 0.013012414002343127 0.28254409638001182
decision_type=2 2 2 2 2
left_child=4 3 -3 -2 -1
right_child=1 2 -4 -5 -6
leaf_value=0.0011071978758978053 0.0006340638377857012 8.0656052671788943e-07 -0.00055088712621720131 -1.5600430728467812e-05 0.00013795892498670554
leaf_weight=48 100 1594 292 105 42
leaf_count=48 100 1594 292 105 42
internal_value=0.000119102 -0.000200669 -0.000762712 0.00492754 0.0073913
internal_weight=2181 2091 1886 205 90
internal_count=2181 2091 1886 205 90
is_linear=0
shrinkage=0.04


Tree=76
num_leaves=5
num_cat=0
split_feature=42 37 80 40
split_gain=3.27584 3.58214 7.09027 6.4159
threshold=-1.2996287234364992 -0.58587510593626091 -0.4418745448213936 -0.56833290194816632
decision_type=2 2 2 2
left_child=-1 2 -2 -3
right_child=1 3 -4 -5
leaf_value=0.00050781195529318239 0.0005159925464277049 -0.00079290990369569245 -0.00011250924632309926 5.5338031773244368e-06
leaf_weight=45 122 186 139 1689
leaf_count=45 122 186 139 1689
internal_value=0.000192396 -3.74181e-05 0.0043346 -0.000649973
internal_weight=2181 2136 261 1875
internal_count=2181 2136 261 1875
is_linear=0
shrinkage=0.04


Tree=77
num_leaves=5
num_cat=0
split_feature=40 35 36 14
split_gain=3.26435 3.97904 4.1459 3.71166
threshold=-1.0928614119894047 0.81016764702077859 0.8883897797494934 -0.73639508679329679
decision_type=2 2 2 2
left_child=-1 2 -2 -3
right_child=1 3 -4 -5
leaf_value=0.00031521594341803573 5.3124510502314607e-06 0.00030418644901646194 0.00092553482164103276 -0.00061361840834877387
leaf_weight=45 1905 40 56 135
leaf_count=45 1905 40 56 135
internal_value=0.000210719 -1.87091e-05 0.000499236 -0.00576271
internal_weight=2181 2136 1961 175
internal_count=2181 2136 1961 175
is_linear=0
shrinkage=0.04


Tree=78
num_leaves=5
num_cat=0
split_feature=40 28 40 117
split_gain=3.40381 3.65817 5.13816 4.16453
threshold=-1.0219615724144127 -0.58699875491122699 -0.5423495975186724 -0.86098731274566065
decision_type=2 2 2 2
left_child=-1 2 -2 -3
right_child=1 3 -4 -5
leaf_value=0.00026835856811835722 -0.0010043778361545404 0.00045049217161551323 2.3078425778876449e-05 7.5824031723764624e-07
leaf_weight=54 106 168 145 1708
leaf_count=54 106 168 145 1708
internal_value=0.000265689 9.39408e-06 -0.00450593 0.000617678
internal_weight=2181 2127 251 1876
internal_count=2181 2127 251 1876
is_linear=0
shrinkage=0.04


Tree=79
num_leaves=7
num_cat=0
split_feature=73 64 33 110 41 13
split_gain=3.14094 4.34552 4.78797 4.12269 3.83516 2.50729
threshold=-0.62221915620165713 0.80164439208416438 0.40697089350015786 1.1476412609100486 -1.2800085422489962 0.8253936848672575
decision_type=2 2 2 2 2 2
left_child=1 2 -1 4 -2 -5
right_child=3 -3 -4 5 -6 -7
leaf_value=-0.0005816793188927838 0.0010365820554284044 0.00097851100937390838 3.3808808855213777e-05 0.00076527166071018371 -1.0553604348900041e-06 -6.4298671618623007e-05
leaf_weight=232 51 51 146 118 1542 41
leaf_count=232 51 51 146 118 1542 41
internal_value=0.000229043 -0.00283063 -0.00431579 0.000980616 0.000363636 0.00708075
internal_weight=2181 429 378 1752 1593 159
internal_count=2181 429 378 1752 1593 159
is_linear=0
shrinkage=0.04


Tree=80
num_leaves=5
num_cat=0
split_feature=40 35 46 109
split_gain=3.25289 3.40139 4.37585 3.22764
threshold=-1.0928614119894047 0.81016764702077859 0.11607022766494861 -0.077376840675579664
decision_type=2 2 2 2
left_child=-1 2 -2 -3
right_child=1 3 -4 -5
leaf_value=0.0002919151773739756 -7.1849032820592716e-05 7.9107929788342676e-06 0.0001985925752453763 -0.00096323253976217491
leaf_weight=45 1169 90 792 85
leaf_count=45 1169 90 792 85
internal_value=0.000229043 0 0.000478859 -0.00531073
internal_weight=2181 2136 1961 175
internal_count=2181 2136 1961 175
is_linear=0
shrinkage=0.04


Tree=81
num_leaves=7
num_cat=0
split_feature=114 70 46 7 11 11
split_gain=3.36229 3.60157 4.23442 3.49231 3.09537 1.77688
threshold=-0.82362920365291148 -1.2509397603273815 5.343196711910795 1.5258713652707503 -0.59577444112405786 -0.016081157896703831
decision_type=2 2 2 2 2 2
left_child=3 5 -3 4 -1 -2
right_child=1 2 -4 -5 -6 -7
leaf_value=0.00097314613234748088 0.00029662192381932963 -7.7517393181158499e-05 0.00064554425710175597 -0.00029884475109551531 0.00011661257036036855 0.00085472953793771633
leaf_weight=69 44 1690 71 45 222 40
leaf_count=69 44 1690 71 45 222 40
internal_value=0.000119102 -0.000552247 -0.000941577 0.00378698 0.00539249 0.00744186
internal_weight=2181 1845 1761 336 291 84
internal_count=2181 1845 1761 336 291 84
is_linear=0
shrinkage=0.04


Tree=82
num_leaves=8
num_cat=0
split_feature=64 28 46 61 53 26 69
split_gain=3.22621 7.27693 5.43918 7.01826 5.40032 4.72869 3.37223
threshold=0.59375195001889824 0.065871309421849697 0.71442172794871583 -1.0859606265375774 -0.74999999999999989 0.64996212027002764 0.6647474094554835
decision_type=2 2 2 2 2 2 2
left_child=2 6 3 -1 -4 -3 -2
right_child=1 5 4 -5 -6 -7 -8
leaf_value=0.00053015462509071836 0.00072419487358052394 0.00010341217506965549 0.0019987029849353379 -0.00020109166746606894 0.0001302167423923266 -0.00083804573725114993 -5.266592862610761e-06
leaf_weight=148 146 176 40 1244 341 44 42
leaf_count=148 146 176 40 1244 341 44 42
internal_value=0.000119102 0.00331707 -0.000619718 -0.00177905 0.00360313 -0.00162162 0.00905263
internal_weight=2181 408 1773 1392 381 220 188
internal_count=2181 408 1773 1392 381 220 188
is_linear=0
shrinkage=0.04


Tree=83
num_leaves=6
num_cat=0
split_feature=114 35 37 7 11
split_gain=3.29549 3.80463 3.78326 3.49231 3.09537
threshold=-0.82362920365291148 0.99207147427651943 -0.58587510593626091 1.5258713652707503 -0.59577444112405786
decision_type=2 2 2 2 2
left_child=3 2 -2 4 -1
right_child=1 -3 -4 -5 -6
leaf_value=0.0008987869960974485 0.00016125949959724774 -0.00094046532526957693 -4.3741446220237762e-05 -0.00027884729435305195 0.00011999173424459657
leaf_weight=69 203 73 1569 45 222
leaf_count=69 203 73 1569 45 222
internal_value=0.000155749 -0.000508933 -0.000135287 0.00378698 0.00539249
internal_weight=2181 1845 1772 336 291
internal_count=2181 1845 1772 336 291
is_linear=0
shrinkage=0.04


Tree=84
num_leaves=8
num_cat=0
split_feature=37 80 94 40 22 86 86
split_gain=3.41693 6.78464 4.84895 3.94198 5.30676 3.90368 1.9424
threshold=-0.58587510593626091 -0.4418745448213936 -1.0000000180025095e-35 -0.66923731818267995 -0.38947274357502681 0.59551928889632511 -0.17228097978103621
decision_type=2 2 2 2 2 2 2
left_child=1 6 -3 4 -2 -5 -1
right_child=3 2 -4 5 -6 -7 -8
leaf_value=0.00070296356520717124 0.00020450585603594377 -0.0011428257649839814 6.816628331581254e-05 5.3881219681429224e-05 -0.0011017878466221486 -0.00026769340257892988 0.00011238501022123987
leaf_weight=82 47 61 78 1349 69 455 40
leaf_count=82 47 61 78 1349 69 455 40
internal_value=0.000210719 0.00448669 -0.00156028 -0.00037461 -0.00745763 8.85936e-05 0.0112903
internal_weight=2181 261 139 1920 116 1804 122
internal_count=2181 261 139 1920 116 1804 122
is_linear=0
shrinkage=0.04


Tree=85
num_leaves=5
num_cat=0
split_feature=40 15 116 61
split_gain=3.90792 3.79687 4.98089 4.41045
threshold=-1.0219615724144127 -0.81929382966995445 0.013012414002343127 -1.0859606265375774
decision_type=2 2 2 2
left_child=-1 2 -2 -3
right_child=1 3 -4 -5
leaf_value=0.00021369824340288965 0.0005621121729692647 0.00033594333183253335 -2.4625339375017318e-05 -7.1545211887325116e-05
leaf_weight=54 130 171 149 1677
leaf_count=54 130 171 149 1677
internal_value=0.000284013 9.39408e-06 0.00434164 -0.000648649
internal_weight=2181 2127 279 1848
internal_count=2181 2127 279 1848
is_linear=0
shrinkage=0.04


Tree=86
num_leaves=5
num_cat=0
split_feature=40 28 74 46
split_gain=3.8942 3.68865 4.67619 4.14922
threshold=-1.0219615724144127 -0.58699875491122699 -0.35522404205575864 -0.79472388737194166
decision_type=2 2 2 2
left_child=-1 2 -2 -3
right_child=1 3 -4 -5
leaf_value=0.00020515031366677414 -0.00097728134303812783 -0.00026008990511727336 -2.149647580992325e-05 7.6421500987403491e-05
leaf_weight=54 81 383 170 1493
leaf_count=54 81 383 170 1493
internal_value=0.000302336 2.81822e-05 -0.00450593 0.000638978
internal_weight=2181 2127 251 1876
internal_count=2181 2127 251 1876
is_linear=0
shrinkage=0.04


Tree=87
num_leaves=5
num_cat=0
split_feature=42 114 40 11
split_gain=3.26435 3.51334 3.53276 3.11506
threshold=-1.2996287234364992 -0.92412755441550387 0.91523902465597262 -0.55553637636623787
decision_type=2 2 2 2
left_child=-1 3 -3 -2
right_child=1 2 -4 -5
leaf_value=0.0004677941743113401 0.00093055517509699182 -5.8279807207141185e-05 0.00041855213701501027 4.9647152875754442e-05
leaf_weight=45 62 1671 178 225
leaf_count=45 62 1671 178 225
internal_value=0.000210719 -1.87091e-05 -0.000659103 0.00408304
internal_weight=2181 2136 1849 287
internal_count=2181 2136 1849 287
is_linear=0
shrinkage=0.04


Tree=88
num_leaves=8
num_cat=0
split_feature=37 80 27 40 116 35 86
split_gain=3.17819 6.44872 3.9861 4.59941 4.01274 3.27802 2.33218
threshold=-0.58587510593626091 -0.4418745448213936 -0.97353160083410051 0.91523902465597262 0.013012414002343127 0.64973252357406019 -0.17228097978103621
decision_type=2 2 2 2 2 2 2
left_child=1 6 4 -4 -2 -3 -1
right_child=2 5 3 -5 -6 -7 -8
leaf_value=0.00066431504314479379 0.00059987022911321393 5.8329672887171089e-05 -9.7148972287519782e-05 0.00039380724949795109 -1.3707123513481811e-05 -0.00062753219353936019 0.00012894126821552548
leaf_weight=82 89 88 1512 219 100 51 40
leaf_count=82 89 88 1512 219 100 51 40
internal_value=0.000210719 0.0043346 -0.000353798 -0.000957877 0.00513089 -0.00156028 0.0109677
internal_weight=2181 261 1920 1731 189 139 122
internal_count=2181 261 1920 1731 189 139 122
is_linear=0
shrinkage=0.04


Tree=89
num_leaves=7
num_cat=0
split_feature=73 64 112 66 41 51
split_gain=3.2985 4.49528 3.94371 3.69795 4.01213 2.74988
threshold=-0.62221915620165713 0.80164439208416438 -1.4852348974441603 0.31812197294002098 -1.2800085422489962 0.95074677894602044
decision_type=2 2 2 2 2 2
left_child=1 2 -1 4 -2 -5
right_child=3 -3 -4 5 -6 -7
leaf_value=0.00061451240340809556 0.0011174379412616884 0.00088457215292373121 -0.00045242996662492812 0.00028695436305921726 -2.8856899230576567e-05 -0.0001914255675419984
leaf_weight=45 44 51 333 463 1198 47
leaf_count=45 44 51 333 463 1198 47
internal_value=0.000119102 -0.00301624 -0.00452632 0.000889396 -0.000289389 0.00375
internal_weight=2181 429 378 1752 1242 510
internal_count=2181 429 378 1752 1242 510
is_linear=0
shrinkage=0.04


Tree=90
num_leaves=6
num_cat=0
split_feature=60 115 105 36 11
split_gain=3.22962 3.48351 5.23237 5.04727 1.96279
threshold=0.70657746644749297 1.0340226459865811 0.83558419089289748 0.6008912510916874 0.023254531722813769
decision_type=2 2 2 2 2
left_child=1 2 -1 -3 -2
right_child=4 3 -4 -5 -6
leaf_value=7.7740903099263393e-05 -0.00010443721965295548 -0.00077349912523511533 -0.00036575634658361452 0.00084619148553839783 -0.0013522920540327387
leaf_weight=1638 43 128 288 43 41
leaf_count=1638 43 128 288 43 41
internal_value=0.000155749 0.000466889 0.000954357 -0.0049711 -0.00744186
internal_weight=2181 2097 1926 171 84
internal_count=2181 2097 1926 171 84
is_linear=0
shrinkage=0.04


Tree=91
num_leaves=5
num_cat=0
split_feature=42 28 115 111
split_gain=3.48134 3.80429 4.93841 3.76549
threshold=-1.1248894534368581 1.767833784080026 1.0340226459865811 1.0000000180025095e-35
decision_type=2 2 2 2
left_child=3 2 -2 -1
right_child=1 -3 -4 -5
leaf_value=-1.4145025248285468e-05 3.6495406963187734e-06 0.00058682227114780123 -0.0007234723728214024 0.0010241670656321437
leaf_weight=45 1876 65 150 45
leaf_count=45 1876 65 150 45
internal_value=0.000210719 -0.000124224 -0.000433925 0.00782609
internal_weight=2181 2091 2026 90
internal_count=2181 2091 2026 90
is_linear=0
shrinkage=0.04


Tree=92
num_leaves=7
num_cat=0
split_feature=27 109 41 88 110 14
split_gain=3.49307 3.98687 3.95065 10.4449 6.02792 3.02403
threshold=-1.000825467977102 0.30036455870460799 0.43335853413206893 -0.30270812033193933 1.1103605505222791 0.007497992885879828
decision_type=2 2 2 2 2 2
left_child=1 5 4 -4 -2 -1
right_child=2 -3 3 -5 -6 -7
leaf_value=-0.00016791243535804252 -0.00018054042332192087 0.0010399727117827253 0.00035622133811234665 -0.00012697756437485074 0.00041420198396524181 0.00054353312114630058
leaf_weight=70 1225 58 261 343 181 43
leaf_count=70 1225 58 261 343 181 43
internal_value=0.000210719 0.00566474 -0.000258449 0.00244224 -0.00142045 0.00121739
internal_weight=2181 171 2010 604 1406 113
internal_count=2181 171 2010 604 1406 113
is_linear=0
shrinkage=0.04


Tree=93
num_leaves=5
num_cat=0
split_feature=40 35 33 25
split_gain=3.48111 4.0373 4.08947 3.367
threshold=-1.0219615724144127 0.81016764702077859 0.75342068284902763 0.79393011121025137
decision_type=2 2 2 2
left_child=-1 2 -2 -3
right_child=1 3 -4 -5
leaf_value=0.00017371487666173227 -7.4354629063397645e-06 -1.6934543014825062e-05 0.00041752714814613235 -0.00077711976278073815
leaf_weight=54 1764 92 196 75
leaf_count=54 1764 92 196 75
internal_value=0.000155749 -0.000103335 0.000407747 -0.0060355
internal_weight=2181 2127 1960 167
internal_count=2181 2127 1960 167
is_linear=0
shrinkage=0.04


Tree=94
num_leaves=5
num_cat=0
split_feature=73 99 63 37
split_gain=3.23852 4.14403 4.41103 3.94902
threshold=1.4986575929220971 0.97428729187974239 -0.1511666237680741 -0.58587510593626091
decision_type=2 2 2 2
left_child=1 3 -3 -1
right_child=-2 2 -4 -5
leaf_value=0.00021046326252435477 0.00088231457624742438 0.00037236252954997315 -0.00069359146603416831 -8.3276164411085451e-06
leaf_weight=232 78 68 172 1631
leaf_count=232 78 68 172 1631
internal_value=0.000100779 -0.000199525 -0.00512397 0.000439678
internal_weight=2181 2103 240 1863
internal_count=2181 2103 240 1863
is_linear=0
shrinkage=0.04


Tree=95
num_leaves=6
num_cat=0
split_feature=27 46 99 109 35
split_gain=3.66688 3.61915 3.62072 3.25625 3.57975
threshold=-0.97353160083410051 6.9807791592156798 0.97428729187974239 0.30036455870460799 -0.27856547978921892
decision_type=2 2 2 2 2
left_child=3 2 -2 4 -1
right_child=1 -3 -4 -5 -6
leaf_value=0.00039300087228644957 -3.8645961197700946e-06 0.00057740677419880265 -0.00054690945233367989 0.00087817834449044677 -0.00075399135179960981
leaf_weight=85 1715 55 222 63 41
leaf_count=85 1715 55 222 63 41
internal_value=4.58085e-05 -0.000461384 -0.000752965 0.00534031 0.0015625
internal_weight=2181 1992 1937 189 126
internal_count=2181 1992 1937 189 126
is_linear=0
shrinkage=0.04


Tree=96
num_leaves=7
num_cat=0
split_feature=28 115 37 36 42 78
split_gain=3.01903 5.03566 4.09351 5.17214 4.62288 4.0431
threshold=-0.58699875491122699 -0.80970028185570608 -0.61349923724563238 0.73262474214582818 -0.77632859283460676 -0.66326252836946087
decision_type=2 2 2 2 2 2
left_child=1 -1 3 -2 -4 -3
right_child=2 5 4 -5 -6 -7
leaf_value=-0.00082733595851957524 0.00061610865535306021 -0.00079413843034351669 0.00040245998121756567 -1.8062744059443078e-05 -4.3923648667303295e-05 8.1430109979571292e-05
leaf_weight=42 114 44 230 74 1493 184
leaf_count=42 114 44 230 74 1493 184
internal_value=-2.74851e-05 -0.00397059 0.000533194 0.00610526 -8.11594e-05 -0.00156522
internal_weight=2181 270 1911 188 1723 228
internal_count=2181 270 1911 188 1723 228
is_linear=0
shrinkage=0.04


Tree=97
num_leaves=7
num_cat=0
split_feature=64 31 112 28 91 72
split_gain=3.23885 7.4924 5.01536 4.72188 4.95846 4.33044
threshold=0.59375195001889824 0.78714434016017332 0.33910348535720186 -0.56972935632598409 -0.25096195481315436 0.57687688626282496
decision_type=2 2 2 2 2 2
left_child=3 2 -2 4 -1 -5
right_child=1 -3 -4 5 -6 -7
leaf_value=-0.00070311685977919841 0.00053490498813039131 -0.00049782055884477119 -0.00022490756581192067 5.1450578816173624e-05 -9.0006435694046791e-05 -0.0002847911571974945
leaf_weight=98 293 51 64 1168 157 350
leaf_count=98 293 51 64 1168 157 350
internal_value=-8.24553e-05 0.00312195 0.00518106 -0.000822535 -0.00583658 2.63158e-05
internal_weight=2181 408 357 1773 255 1518
internal_count=2181 408 357 1773 255 1518
is_linear=0
shrinkage=0.04


Tree=98
num_leaves=7
num_cat=0
split_feature=69 86 64 69 88 43
split_gain=3.36342 3.93546 4.90372 4.83485 1.77237 1.34889
threshold=-1.3674383195076165 0.53349096287857389 0.7793691843427738 0.46273051944999011 0.46548446572235747 0.28652256662782211
decision_type=2 2 2 2 2 2
left_child=4 3 -3 -2 -1 -6
right_child=1 2 -4 -5 5 -7
leaf_value=0.0010156951237240278 -1.4959251072864805e-05 -0.000482626806500348 0.00038490907884736403 0.00031247705720765633 0.0010460795839073971 -0.00028661895509265816
leaf_weight=48 1248 371 85 342 47 40
leaf_count=48 1248 371 85 342 47 40
internal_value=-8.24553e-05 -0.000488281 -0.00375546 0.000452261 0.0059854 0.00247191
internal_weight=2181 2046 456 1590 135 87
internal_count=2181 2046 456 1590 135 87
is_linear=0
shrinkage=0.04


Tree=99
num_leaves=7
num_cat=0
split_feature=87 68 14 46 42 38
split_gain=3.17036 4.1605 5.21675 4.45699 2.25662 1.43713
threshold=2.1584505772963092 0.35905986003513762 -0.31399164550849029 5.343196711910795 -0.11069735960151912 1.1658930536720082
decision_type=2 2 2 2 2 2
left_child=1 3 -3 -1 5 -2
right_child=4 2 -4 -5 -6 -7
leaf_value=1.382491600477695e-05 0.0002341785645433618 0.00011287047393906111 -0.00043480338470107014 0.00080129946959844162 -0.00016219195468803564 0.00085853725316692995
leaf_weight=1354 40 203 439 53 45 47
leaf_count=1354 40 203 439 53 45 47
internal_value=9.1617e-06 -0.000380302 -0.00304348 0.000837473 0.00597015 0.00966292
internal_weight=2181 2049 642 1407 132 87
internal_count=2181 2049 642 1407 132 87
is_linear=0
shrinkage=0.04


Tree=100
num_leaves=6
num_cat=0
split_feature=69 99 64 64 14
split_gain=3.52668 3.74804 4.18966 4.00929 1.71463
threshold=-1.3674383195076165 0.97428729187974239 0.59375195001889824 -0.13889494550834053 0.016101559698979757
decision_type=2 2 2 2 2
left_child=4 2 -2 -3 -1
right_child=1 3 -4 -5 -6
leaf_value=0.00017400554044992215 -1.752075278018104e-05 0.00033354695859196123 0.00023104766988883512 -0.00062607568530584638 0.00094182462901644674
leaf_weight=68 1476 68 345 157 67
leaf_count=68 1476 68 345 157 67
internal_value=6.41319e-05 -0.000351562 0.000252331 -0.00519824 0.00627737
internal_weight=2181 2046 1821 225 135
internal_count=2181 2046 1821 225 135
is_linear=0
shrinkage=0.04


Tree=101
num_leaves=8
num_cat=0
split_feature=28 40 99 79 40 35 6
split_gain=3.22509 4.72635 4.99945 4.25783 6.10902 4.03506 3.81805
threshold=-0.56972935632598409 -0.51693424777927144 -0.13602733172036441 0.45042606427399329 -0.15671686425724279 0.64973252357406019 -0.43906758470666668
decision_type=2 2 2 2 2 2 2
left_child=1 6 -3 4 -2 -5 -1
right_child=3 2 -4 5 -6 -7 -8
leaf_value=9.7341205608547226e-05 0.00019993342921040527 -0.00012165192591253517 0.0011720544481894715 0.000382774620277849 -0.00016801634217423624 -0.00017177492946222062 -0.00097854320916332112
leaf_weight=41 548 111 49 388 856 83 105
leaf_count=41 548 111 49 388 856 83 105
internal_value=2.74851e-05 -0.00376623 0.000987654 0.000649973 -0.000455192 0.00393235 -0.00891892
internal_weight=2181 306 160 1875 1404 471 146
internal_count=2181 306 160 1875 1404 471 146
is_linear=0
shrinkage=0.04


Tree=102
num_leaves=7
num_cat=0
split_feature=66 87 40 18 25 104
split_gain=3.42909 4.16397 4.18181 3.53771 3.75101 2.45745
threshold=0.31812197294002098 1.5651567663441484 0.30398128559294896 0.62128667624195855 -0.74146507998539979 0.66061888994188533
decision_type=2 2 2 2 2 2
left_child=1 2 -1 4 -2 -3
right_child=3 5 -4 -5 -6 -7
leaf_value=-8.8638434141838365e-06 -0.00014360119835155421 -0.00017342425494748981 -0.00039947270684596625 -0.00031514281782596409 0.00024074616603900897 0.00078017845476993815
leaf_weight=1002 123 48 352 50 498 108
leaf_count=1002 123 48 352 50 498 108
internal_value=-2.74851e-05 -0.00108466 -0.00179941 0.0023477 0.00317817 0.00506329
internal_weight=2181 1510 1354 671 621 156
internal_count=2181 1510 1354 671 621 156
is_linear=0
shrinkage=0.04


Tree=103
num_leaves=5
num_cat=0
split_feature=42 87 114 28
split_gain=3.42684 3.48602 4.02717 2.59788
threshold=-1.2996287234364992 2.0762798821067272 -0.3085932405566772 0.53545843026394346
decision_type=2 2 2 2
left_child=-1 2 -2 -3
right_child=1 3 -4 -5
leaf_value=0.00036088312930864576 6.1057380782887259e-05 -0.00010441026059258175 -0.00011043605490008407 0.00044951061472593771
leaf_weight=45 722 42 1266 106
leaf_count=45 722 42 1266 106
internal_value=-4.58085e-05 -0.000280636 -0.000723618 0.0056
internal_weight=2181 2136 1988 148
internal_count=2181 2136 1988 148
is_linear=0
shrinkage=0.04


Tree=104
num_leaves=7
num_cat=0
split_feature=86 112 13 111 46 5
split_gain=3.15046 4.41163 6.63315 4.06857 2.52829 3.63416
threshold=-0.75499092729477568 0.49309481236361918 0.1546435593269089 0.69490221808641595 -1.3407130396698808 -0.25384887197747991
decision_type=2 2 2 2 2 2
left_child=4 3 -3 -2 -1 -6
right_child=1 2 -4 -5 5 -7
leaf_value=-0.00026912527756042164 -1.6289389597608091e-05 -0.00061741537236902717 0.00021218969530326849 0.00041367095503482568 0.00097256299363383261 7.5234777800012241e-05
leaf_weight=42 1560 134 70 165 60 150
leaf_count=42 1560 134 70 165 60 150
internal_value=6.41319e-05 -0.000486794 -0.00601942 0.000173712 0.00425197 0.00603774
internal_weight=2181 1929 204 1725 252 210
internal_count=2181 1929 204 1725 252 210
is_linear=0
shrinkage=0.04


Tree=105
num_leaves=5
num_cat=0
split_feature=72 63 76 69
split_gain=3.06678 3.00689 3.60702 3.44793
threshold=-1.7155477299181836 0.90916829146230105 -0.32464447499474819 -1.3674383195076165
decision_type=2 2 2 2
left_child=-1 3 -3 -2
right_child=1 2 -4 -5
leaf_value=0.00038502234358731144 0.00046284326781451807 -3.1992351481478221e-05 0.00055027039465091769 -4.0802975659282383e-05
leaf_weight=54 133 104 97 1793
leaf_count=54 133 104 97 1793
internal_value=4.58085e-05 -0.000197276 0.0044335 -0.000684647
internal_weight=2181 2127 201 1926
internal_count=2181 2127 201 1926
is_linear=0
shrinkage=0.04


Tree=106
num_leaves=5
num_cat=0
split_feature=42 86 86 46
split_gain=3.38003 3.04203 4.29526 3.24649
threshold=-1.2996287234364992 -0.73364088193017607 -0.6548431069773033 -1.3407130396698808
decision_type=2 2 2 2
left_child=-1 3 -3 -2
right_child=1 2 -4 -5
leaf_value=0.00034873149874657553 -0.00029669276868024959 -0.00080951345725970784 -9.9838157665705502e-06 0.000216882740170112
leaf_weight=45 59 96 1726 255
leaf_count=45 59 96 1726 255
internal_value=2.74851e-05 -0.0002058 -0.000833333 0.00341772
internal_weight=2181 2136 1822 314
internal_count=2181 2136 1822 314
is_linear=0
shrinkage=0.04


Tree=107
num_leaves=6
num_cat=0
split_feature=60 69 26 79 14
split_gain=2.74258 4.33212 6.57844 5.06465 3.0692
threshold=0.67032845626008064 0.47433804236970029 0.034786564532663967 -1.311629491192033 0.23909121987438017
decision_type=2 2 2 2 2
left_child=1 3 -3 -1 -2
right_child=4 2 -4 -5 -6
leaf_value=-0.00044901975759029989 6.64513269187193e-05 0.00054735988903864303 1.5446815561619489e-06 5.0653260387362178e-07 -0.0011761369522880047
leaf_weight=93 40 132 210 1650 56
leaf_count=93 40 132 210 1650 56
internal_value=9.1617e-06 0.000316243 0.0044186 -0.000492837 -0.00653061
internal_weight=2181 2085 342 1743 96
internal_count=2181 2085 342 1743 96
is_linear=0
shrinkage=0.04


Tree=108
num_leaves=7
num_cat=0
split_feature=66 25 41 86 35 44
split_gain=2.89685 3.59108 3.99888 3.46819 3.53499 3.37668
threshold=0.31812197294002098 -1.3430958341283878 0.51802623981290197 0.59551928889632511 -0.59642619308183609 -0.28601722964867554
decision_type=2 2 2 2 2 2
left_child=1 -1 -3 5 -5 -2
right_child=3 2 -4 4 -6 -7
leaf_value=0.00067454586990960391 0.00045411322510656909 -0.00015127852228655274 0.0002383395236970451 -0.0012409134882280875 2.1563291873502821e-05 3.4228139677206574e-05
leaf_weight=58 163 1150 302 65 108 335
leaf_count=58 163 1150 302 65 108 335
internal_value=4.58085e-05 -0.000925926 -0.0013205 0.00222883 -0.00262857 0.00392
internal_weight=2181 1510 1452 671 173 498
internal_count=2181 1510 1452 671 173 498
is_linear=0
shrinkage=0.04


Tree=109
num_leaves=5
num_cat=0
split_feature=42 112 28 115
split_gain=3.15866 4.59221 3.37896 4.51682
threshold=-1.1248894534368581 0.08166806794129168 1.767833784080026 1.0340226459865811
decision_type=2 2 2 2
left_child=1 -1 3 -2
right_child=2 -3 -4 -5
leaf_value=-1.3298136990189314e-05 2.2175017615759691e-06 0.0007294035401513813 0.00058567285903461555 -0.00062413274152033819
leaf_weight=50 1876 40 65 150
leaf_count=50 1876 40 65 150
internal_value=0.000137426 0.0073913 -0.000181558 -0.000473373
internal_weight=2181 90 2091 2026
internal_count=2181 90 2091 2026
is_linear=0
shrinkage=0.04


Tree=110
num_leaves=6
num_cat=0
split_feature=42 112 114 47 26
split_gain=3.12684 4.59221 3.03437 6.21871 4.25012
threshold=-1.1248894534368581 0.08166806794129168 -0.3085932405566772 1.5696120461089549 0.60823364444494732
decision_type=2 2 2 2 2
left_child=1 -1 3 -2 -4
right_child=2 -3 4 -5 -6
leaf_value=-1.2766211510581725e-05 4.9526871024716532e-05 0.00070022739854532618 -6.5503365199025447e-06 0.00044465842497583242 -0.00051327859784903529
leaf_weight=50 697 40 1092 46 256
leaf_count=50 697 40 1092 46 256
internal_value=0.000174072 0.0073913 -0.000143335 0.00190604 -0.00127407
internal_weight=2181 90 2091 743 1348
internal_count=2181 90 2091 743 1348
is_linear=0
shrinkage=0.04


Tree=111
num_leaves=7
num_cat=0
split_feature=41 106 88 5 117 110
split_gain=2.87941 5.67689 5.1977 4.56673 3.63763 4.91614
threshold=-0.69537875603996857 0.55267349145603684 -0.90220868261133436 0.68859851111533876 1.3384974376654801 -0.24177006853509339
decision_type=2 2 2 2 2 2
left_child=4 2 -2 -3 5 -1
right_child=1 3 -4 -5 -6 -7
leaf_value=-0.00023042141157985434 0.00082959327603232937 -0.000777177198453578 -2.508697260438786e-06 0.00034939248791489497 -0.00048506189229951326 0.00052492924013223478
leaf_weight=128 46 209 1485 54 45 214
leaf_count=128 46 209 1485 54 45 214
internal_value=0.000119102 -0.000556793 0.000378343 -0.00596226 0.00323907 0.00465116
internal_weight=2181 1794 1531 263 387 342
internal_count=2181 1794 1531 263 387 342
is_linear=0
shrinkage=0.04


Tree=112
num_leaves=7
num_cat=0
split_feature=17 86 116 33 90 87
split_gain=3.84418 3.44415 4.21763 2.97833 1.82992 1.3047
threshold=-0.95033538843527576 -0.76291697327930608 -0.48093952776027921 -0.11510473633398527 0.51097797118329702 0.1668781431590747
decision_type=2 2 2 2 2 2
left_child=4 3 -3 -2 5 -1
right_child=1 2 -4 -5 -6 -7
leaf_value=0.00021258389790303276 0.00055583487773967549 -0.00049219881043644626 -7.5550244980341492e-06 6.4779456313940333e-06 0.00077728987478137529 -0.00022676275333971402
leaf_weight=40 84 205 1636 121 54 41
leaf_count=40 84 205 1636 121 54 41
internal_value=8.24553e-05 -0.000351562 -0.000900705 0.00454106 0.00656934 0.0026506
internal_weight=2181 2046 1841 205 135 81
internal_count=2181 2046 1841 205 135 81
is_linear=0
shrinkage=0.04


Tree=113
num_leaves=6
num_cat=0
split_feature=42 112 63 85 64
split_gain=2.89728 3.80557 3.0446 4.21247 3.66479
threshold=-1.1248894534368581 0.067453691661711265 -1.3221470651567342 0.26404061803663931 0.59375195001889824
decision_type=2 2 2 2 2
left_child=1 -1 3 -2 -4
right_child=2 -3 4 -5 -6
leaf_value=-3.3202855978215349e-05 0.0010686526951603995 0.00065152333397814515 -6.7986071503289762e-05 -9.9587748791091259e-05 0.00013024579153441546
leaf_weight=48 58 42 1596 50 387
leaf_count=48 58 42 1596 50 387
internal_value=9.1617e-06 0.00695652 -0.000296226 0.00618182 -0.000654912
internal_weight=2181 90 2091 108 1983
internal_count=2181 90 2091 108 1983
is_linear=0
shrinkage=0.04


Tree=114
num_leaves=8
num_cat=0
split_feature=35 72 115 36 79 69 59
split_gain=3.36149 6.61622 4.82748 7.6909 5.76256 4.14545 2.74875
threshold=0.63705199525063538 -0.17488295860619216 -0.27700941126401818 -0.59128838594836652 -0.91506377936031569 0.43333425579924539 -0.33136568470368172
decision_type=2 2 2 2 2 2 2
left_child=2 5 3 -1 -4 -2 -3
right_child=1 6 4 -5 -6 -7 -8
leaf_value=-0.00034819414742238807 -2.7017645211839583e-05 -0.00084364666370552531 -0.000517953446564045 0.00034547522779219015 1.1152406636055768e-06 0.00056736987868417617 -0.00037963606535436177
leaf_weight=179 108 76 128 511 1019 40 120
leaf_count=179 108 76 128 511 1019 40 120
internal_value=-8.24553e-05 -0.00369942 0.000598151 0.00323699 -0.000992167 0.00266667 -0.00848485
internal_weight=2181 344 1837 690 1147 148 196
internal_count=2181 344 1837 690 1147 148 196
is_linear=0
shrinkage=0.04


Tree=115
num_leaves=7
num_cat=0
split_feature=66 69 13 110 57 20
split_gain=2.86863 3.97297 4.94312 4.83894 3.2288 2.86978
threshold=0.29792694651895857 -0.49265215443205462 -0.28390398343937523 0.45721458618227462 0.1382379228784644 -0.82887910013122312
decision_type=2 2 2 2 2 2
left_child=1 3 -3 -1 -2 -6
right_child=4 2 -4 -5 5 -7
leaf_value=-2.0492194996439216e-05 0.00054963355279802925 1.7863431501655667e-05 -0.00039220904178357109 0.00056722474913861471 0.00048111464909210519 1.7259069785723334e-05
leaf_weight=390 42 415 495 174 52 613
leaf_count=390 42 415 495 174 52 613
internal_value=0.000137426 -0.000867209 -0.0025 0.00176678 0.00222849 0.00152924
internal_weight=2181 1474 910 564 707 665
internal_count=2181 1474 910 564 707 665
is_linear=0
shrinkage=0.04


Tree=116
num_leaves=6
num_cat=0
split_feature=60 69 26 59 3
split_gain=2.81715 4.08964 5.39149 4.17491 1.15633
threshold=0.70657746644749297 0.46273051944999011 0.034786564532663967 -0.54828524423213265 0.17740667607856861
decision_type=2 2 2 2 2
left_child=1 3 -3 -1 -2
right_child=4 2 -4 -5 -6
leaf_value=-0.00071162062075384085 -0.0009519743738241631 0.00049467042328843762 6.8603418092042304e-06 1.921328224509869e-06 -0.00019575133168720546
leaf_weight=90 41 142 224 1641 43
leaf_count=90 41 142 224 1641 43
internal_value=0.000119102 0.000409719 0.00423913 -0.000403924 -0.00697674
internal_weight=2181 2097 366 1731 84
internal_count=2181 2097 366 1731 84
is_linear=0
shrinkage=0.04


Tree=117
num_leaves=7
num_cat=0
split_feature=66 80 69 82 64 19
split_gain=2.75292 3.44319 3.83167 3.09898 3.65797 3.31472
threshold=0.31812197294002098 -0.92078287408016479 -0.49265215443205462 0.27953596892474902 0.58632067213295469 0.098731801769427849
decision_type=2 2 2 2 2 2
left_child=1 -1 -3 5 -5 -2
right_child=3 2 -4 4 -6 -7
leaf_value=0.00026982632926438776 0.0003001790655586486 0.0001341305300813657 -0.00020264442875022744 -0.00038095225194881722 0.00028354776626736053 2.2573364788131182e-05
leaf_weight=60 192 558 892 139 70 270
leaf_count=60 192 558 892 139 70 270
internal_value=0.000100779 -0.000846561 -0.00123967 0.00222883 -0.00180095 0.00405172
internal_weight=2181 1510 1450 671 209 462
internal_count=2181 1510 1450 671 209 462
is_linear=0
shrinkage=0.04


Tree=118
num_leaves=7
num_cat=0
split_feature=114 47 42 39 59 14
split_gain=2.76478 6.14029 4.66332 3.80592 3.6727 3.13434
threshold=-0.3085932405566772 1.5696120461089549 -0.79102890875737353 1.5327525110476821 0.60384610426438012 0.12130823634947926
decision_type=2 2 2 2 2 2
left_child=1 4 5 -4 -1 -2
right_child=2 -3 3 -5 -6 -7
leaf_value=0.0001109813786241738 -3.8694448135054639e-06 0.00041524798744140224 -0.00012642620624248621 0.00049927149974134707 -0.00013336354670072923 0.00034183210488193129
leaf_weight=513 86 46 1164 74 220 78
leaf_count=513 86 46 1164 74 220 78
internal_value=6.41319e-05 0.00197183 -0.000997151 -0.00183871 0.00106122 0.0053012
internal_weight=2181 779 1402 1238 733 164
internal_count=2181 779 1402 1238 733 164
is_linear=0
shrinkage=0.04


Tree=119
num_leaves=7
num_cat=0
split_feature=64 31 46 46 53 115
split_gain=2.9028 5.95328 4.63358 4.38248 5.82766 4.50414
threshold=0.59375195001889824 0.86043621300067563 0.66256544787671701 0.71442172794871583 -0.74999999999999989 -0.0093620642065213242
decision_type=2 2 2 2 2 2
left_child=3 2 -2 5 -5 -1
right_child=1 -3 -4 4 -6 -7
leaf_value=6.8883495868846817e-06 0.00044271994507075516 -0.00050501248186683625 -0.00015362349296059021 0.0018643614811099595 6.2039688919107301e-05 -0.00028971313211367784
leaf_weight=711 281 42 85 40 341 681
leaf_count=711 281 42 85 40 341 681
internal_value=-9.1617e-06 0.00302439 0.00467391 -0.000709859 0.00308094 -0.00175036
internal_weight=2181 408 366 1773 381 1392
internal_count=2181 408 366 1773 381 1392
is_linear=0
shrinkage=0.04


end of trees

feature_importances:
Column_40=43
Column_64=33
Column_28=30
Column_42=27
Column_87=27
Column_35=23
Column_41=22
Column_46=21
Column_69=20
Column_116=17
Column_68=16
Column_110=15
Column_115=14
Column_37=13
Column_70=13
Column_114=13
Column_81=12
Column_99=11
Column_73=10
Column_86=10
Column_112=10
Column_11=9
Column_25=9
Column_33=9
Column_106=9
Column_14=8
Column_27=8
Column_63=8
Column_117=8
Column_26=7
Column_79=7
Column_80=7
Column_47=6
Column_60=6
Column_66=6
Column_104=6
Column_111=6
Column_61=5
Column_109=5
Column_3=4
Column_8=4
Column_13=4
Column_15=4
Column_36=4
Column_53=4
Column_59=4
Column_67=4
Column_72=4
Column_5=3
Column_7=3
Column_16=3
Column_20=3
Column_29=3
Column_31=3
Column_88=3
Column_98=3
Column_105=3
Column_118=3
Column_6=2
Column_10=2
Column_18=2
Column_34=2
Column_38=2
Column_43=2
Column_50=2
Column_57=2
Column_62=2
Column_74=2
Column_75=2
Column_76=2
Column_85=2
Column_94=2
Column_17=1
Column_19=1
Column_22=1
Column_39=1
Column_44=1
Column_45=1
Column_51=1
Column_78=1
Column_82=1
Column_90=1
Column_91=1
Column_92=1
Column_100=1
Column_108=1

parameters:
[boosting: gbdt]
[objective: quantile]
[metric: quantile]
[tree_learner: serial]
[device_type: cpu]
[data_sample_strategy: bagging]
[data: ]
[valid: ]
[num_iterations: 120]
[learning_rate: 0.04]
[num_leaves: 15]
[num_threads: 2]
[seed: 42]
[deterministic: 0]
[force_col_wise: 0]
[force_row_wise: 0]
[histogram_pool_size: -1]
[max_depth: 3]
[min_data_in_leaf: 40]
[min_sum_hessian_in_leaf: 0.001]
[bagging_fraction: 0.85]
[pos_bagging_fraction: 1]
[neg_bagging_fraction: 1]
[bagging_freq: 0]
[bagging_seed: 400]
[bagging_by_query: 0]
[feature_fraction: 0.8]
[feature_fraction_bynode: 1]
[feature_fraction_seed: 30056]
[extra_trees: 0]
[extra_seed: 12879]
[early_stopping_round: 0]
[early_stopping_min_delta: 0]
[first_metric_only: 0]
[max_delta_step: 0]
[lambda_l1: 0]
[lambda_l2: 2]
[linear_lambda: 0]
[min_gain_to_split: 0]
[drop_rate: 0.1]
[max_drop: 50]
[skip_drop: 0.5]
[xgboost_dart_mode: 0]
[uniform_drop: 0]
[drop_seed: 17869]
[top_rate: 0.2]
[other_rate: 0.1]
[min_data_per_group: 100]
[max_cat_threshold: 32]
[cat_l2: 10]
[cat_smooth: 10]
[max_cat_to_onehot: 4]
[top_k: 20]
[monotone_constraints: ]
[monotone_constraints_method: basic]
[monotone_penalty: 0]
[feature_contri: ]
[forcedsplits_filename: ]
[refit_decay_rate: 0.9]
[cegb_tradeoff: 1]
[cegb_penalty_split: 0]
[cegb_penalty_feature_lazy: ]
[cegb_penalty_feature_coupled: ]
[path_smooth: 0]
[interaction_constraints: ]
[verbosity: -1]
[saved_feature_importance_type: 0]
[use_quantized_grad: 0]
[num_grad_quant_bins: 4]
[quant_train_renew_leaf: 0]
[stochastic_rounding: 1]
[linear_tree: 0]
[max_bin: 255]
[max_bin_by_feature: ]
[min_data_in_bin: 3]
[bin_construct_sample_cnt: 200000]
[data_random_seed: 175]
[is_enable_sparse: 1]
[enable_bundle: 1]
[use_missing: 1]
[zero_as_missing: 0]
[feature_pre_filter: 1]
[pre_partition: 0]
[two_round: 0]
[header: 0]
[label_column: ]
[weight_column: ]
[group_column: ]
[ignore_column: ]
[categorical_feature: ]
[forcedbins_filename: ]
[precise_float_parser: 0]
[parser_config_file: ]
[objective_seed: 16083]
[num_class: 1]
[is_unbalance: 0]
[scale_pos_weight: 1]
[sigmoid: 1]
[boost_from_average: 1]
[reg_sqrt: 0]
[alpha: 0.5]
[fair_c: 1]
[poisson_max_delta_step: 0.7]
[tweedie_variance_power: 1.5]
[lambdarank_truncation_level: 30]
[lambdarank_norm: 1]
[label_gain: ]
[lambdarank_position_bias_regularization: 0]
[eval_at: ]
[multi_error_top_k: 1]
[auc_mu_weights: ]
[num_machines: 1]
[local_listen_port: 12400]
[time_out: 120]
[machine_list_filename: ]
[machines: ]
[gpu_platform_id: -1]
[gpu_device_id: -1]
[gpu_device_id_list: ]
[gpu_use_dp: 0]
[num_gpu: 1]

end of parameters

pandas_categorical:null
