tree
version=v4
num_class=1
num_tree_per_iteration=1
label_index=0
max_feature_idx=109
objective=regression
feature_names=Column_0 Column_1 Column_2 Column_3 Column_4 Column_5 Column_6 Column_7 Column_8 Column_9 Column_10 Column_11 Column_12 Column_13 Column_14 Column_15 Column_16 Column_17 Column_18 Column_19 Column_20 Column_21 Column_22 Column_23 Column_24 Column_25 Column_26 Column_27 Column_28 Column_29 Column_30 Column_31 Column_32 Column_33 Column_34 Column_35 Column_36 Column_37 Column_38 Column_39 Column_40 Column_41 Column_42 Column_43 Column_44 Column_45 Column_46 Column_47 Column_48 Column_49 Column_50 Column_51 Column_52 Column_53 Column_54 Column_55 Column_56 Column_57 Column_58 Column_59 Column_60 Column_61 Column_62 Column_63 Column_64 Column_65 Column_66 Column_67 Column_68 Column_69 Column_70 Column_71 Column_72 Column_73 Column_74 Column_75 Column_76 Column_77 Column_78 Column_79 Column_80 Column_81 Column_82 Column_83 Column_84 Column_85 Column_86 Column_87 Column_88 Column_89 Column_90 Column_91 Column_92 Column_93 Column_94 Column_95 Column_96 Column_97 Column_98 Column_99 Column_100 Column_101 Column_102 Column_103 Column_104 Column_105 Column_106 Column_107 Column_108 Column_109
feature_infos=[-6.1470889621568237:6.6085334624415317] [-5.6868662360094424:5.5188025627223904] [-4.8903377163837964:4.1766959434154636] [-4.3840380260650003:3.8632850215278194] [-3.6185944028833767:2.147476047296172] [-2.593121919217531:2.3785670177461387] [-4.2629770085719194:4.0022300509899749] [-1.356408361143147:6.6038182852760441] [-1.6815273779077256:1.6445507049619854] [-3.5850443902578837:2.1966618447908539] [-1.4742475803554214:5.1945658945151836] [-2.4747739510981686:2.161846374576986] [-2.5615233881713197:2.4638842693866843] [-1.4333210553959304:3.8917604591587778] [-2.8102617654088422:2.6131393258519906] [-1.5824836976295074:1.6256444228677198] [-1.787157547858965:1.7964712559403115] [-0.95738730394300808:0.77127858473964572] [-1.0015621269791557:0.77999005169461988] [-0.95738730394300764:0.77127858473964561] [-2.2521273089091189:1.668178181778375] [-4.051997698337888:4.1557092212443445] [-3.2729312871786189:2.2869915493025088] [-2.3369118042475812:2.6128102202105321] [-2.1827699018646238:1.5942543837385135] [-2.2037366471011031:1.5932976369606975] [-3.3387849019662146:2.0185305412564696] [-1.7898570705905124:1.4172974713339079] [-1.1624076749298404:3.5633942697227794] [-3.7636951945302957:4.3348818113353369] [-3.7247300812010979:4.5379359608249823] [-3.0636164746169299:3.2630093862338634] [-3.2138683558578776:3.4604896310482736] [-1.9997960476375132:2.1061630836425222] [-2.2533156056142762:2.2787739309831681] [-1.7463663448087534:1.7671611237196012] [-1.8188300184628314:1.8575401817407178] [-1.5457296273131012:3.8063698006407014] [-1.4812379153083293:5.0544528578633088] [-1.4232830920171682:3.755048269035195] [-1.1452280150019307:3.0576953768042165] [-1.6772604593684353:1.4307485318595907] [-1.9790812489342557:1.7068230323282287] [-1.7356034209547544:13.899398120442207] [-177.41472948145241:158.39957316500787] [-385.37966849365927:127.29546600218845] [-316.0465662787588:74.17975374911245] [-1.3622384481579659:2.8309657201347913] [-1.9424098718324967:1.9969763129414704] [-1.1937765016917168:9.092474649820554] [-4.8849531188679114:4.4499445477968749] [-9.0414338231741365:6.7108740868510202] [-1:1] [-0.83333333333333337:1] [0:1] [0:1] [-3.0001638099821868:3.9370867602298922] [-3.3805689285521519:2.2559619518169134] [-2.2381961274110811:1.5597953019131945] [-0.94265341213836584:2.024084517279952] [-2.015300202300947:1.2341472973391723] [-1.3361973675646641:0.3781311320485361] [-4.5557251621494776:7.155559176609783] [-4.2167743152427191:5.895557102597504] [-2.4771259843627478:4.2630785807378366] [-1.2831670436054741:4.8823765494493561] [-1.198822348954738:7.9108586421849623] [-1.0234098190834582:2.276371728421914] [-6.5293192557956541:6.7148176497204588] [-4.5878425854338998:3.5596661189406058] [-3.3341619820328439:3.7248839862703624] [-1.1874954157041191:3.4450524385758197] [-1.7353810844277437:4.4007632497838163] [-0.76922791354941167:1.9692536032335393] [-10.939472278111145:10.722361254270158] [-5.7834977208000629:5.0630519532097589] [-3.4071120888378177:3.7886657705729201] [-1.0084809610294849:3.0842008689864158] [-2.0831200997288932:4.0845230216832409] [-1.334770785186302:0.75745652238859462] [-3.9886417753579968:2.9928574877741849] [-3.4165570523466813:3.0245783120219372] [-2.5352223752255787:1.7753159611320175] [-1.2534260057850894:3.0623140938843489] [-1.9925660128173706:1.8712771884781529] [-1.3804474030228335:0.49708127453365197] [-5.2542769763447845:2.6276600579552536] [-4.0655707503829968:3.4653189516965952] [-1.812486014476532:2.6917617017383382] [-1.4102677746047336:4.1605942769798174] [-1.6286318879203048:4.2590344791956758] [-1.4285971945589144:1.1426013667594417] [-4.2531948684837353:2.4368701735741731] [-3.7700410380071792:3.4969083511678032] [-1.9100942845548479:2.5587681506983277] [-1.4499787695655768:3.9507544296418331] [-1.4932563538566228:3.693400468969696] [-1.4046360294074369:1.0805969942596771] [-2.7901579382621335:3.7380586372606208] [-2.244223369469533:2.6707749366488174] [-1.9892916074863571:2.0622405163684281] [-1.4834541585827734:2.1039939058107882] [-1.4365343856128012:1.8759030801492864] [-2.1532367756355693:0.5752507928483489] [-3.0485412739137736:3.2378009663734781] [-2.6744126827190922:3.4415460112361389] [-1.6012606442056347:2.3584767784752372] [-0.90536404569275719:3.0135028159713215] [-1.3997529721083182:2.3606120234704839] [-1.3381068230257143:0.98155019551460265]
tree_sizes=767 783 784 786 682 783 872 879 877 784 781 701 786 698 785 692 693 699 602 791 790 790 693 602 876 608 694 790 607 878 883 700 879 882 882 700 881 795 883 883 792 699 705 796 791 697 794 700 613 699 794 708 701 700 700 797 618 615 790 606 700 696 796 705 617 793 797 704 799 615 795 792 698 701 703 804 783 609 702 701 794 696 793 701 705 781 887 792 695 699 704 795 611 800 692 794 893 877 791 703 804 794 711 618 793 703 794 802 794 707 798 793 697 703 615 888 700 700 793 799

Tree=0
num_leaves=7
num_cat=0
split_feature=78 59 96 71 59 3
split_gain=0.549371 0.435901 0.276009 0.189466 0.114826 0.036168
threshold=1.4789583704600828 0.077830076012215657 -0.66022746145045164 0.88912045618593727 1.2042547769686307 0.089972430551397961
decision_type=2 2 2 2 2 2
left_child=1 2 -1 -3 5 -2
right_child=4 3 -4 -5 -6 -7
leaf_value=0.0063762017541246349 0.0075023762499679004 0.0030533624094143167 0.00440358050137104 0.0046556144076431273 0.0047684096844279574 0.0061863554396894838
leaf_weight=126 70 585 1002 147 63 89
leaf_count=126 70 585 1002 147 63 89
internal_value=0.00435899 0.00413384 0.00462711 0.00337506 0.00623054 0.00679759
internal_weight=2082 1860 1128 732 222 159
internal_count=2082 1860 1128 732 222 159
is_linear=0
shrinkage=1


Tree=1
num_leaves=7
num_cat=0
split_feature=78 59 90 102 59 3
split_gain=0.507244 0.401898 0.259536 0.183548 0.106037 0.033438
threshold=1.4789583704600828 0.077830076012215657 0.26278455355832969 0.17904862178477168 1.2042547769686307 0.089972430551397961
decision_type=2 2 2 2 2 2
left_child=1 2 -1 -3 5 -2
right_child=4 3 -4 -5 -6 -7
leaf_value=0.00076472307970271191 0.0030211471067741512 -0.0015164765565844004 -0.00046577868795688457 -0.00024319149461029244 0.00039355050319304262 0.0017558809451676989
leaf_weight=663 70 402 465 330 63 89
leaf_count=663 70 402 465 330 63 89
internal_value=2.46946e-07 -0.000216098 0.000257542 -0.000944681 0.00179861 0.00234353
internal_weight=2082 1860 1128 732 222 159
internal_count=2082 1860 1128 732 222 159
is_linear=0
shrinkage=0.04


Tree=2
num_leaves=7
num_cat=0
split_feature=78 59 96 71 59 29
split_gain=0.4684 0.370526 0.248732 0.170336 0.0979204 0.0352435
threshold=1.4789583704600828 0.077830076012215657 -0.66022746145045164 0.88912045618593727 1.2042547769686307 0.53907415003813719
decision_type=2 2 2 2 2 2
left_child=1 2 -1 -3 5 -2
right_child=4 3 -4 -5 -6 -7
leaf_value=0.0019076767203659985 0.0026925902796100898 -0.0012121260322186065 3.5082267032083044e-05 0.00030682503591891654 0.00037829280813009693 0.0013540885123636639
leaf_weight=126 104 585 1002 147 63 55
leaf_count=126 104 585 1002 147 63 55
internal_value=3.79469e-07 -0.000207517 0.000247261 -0.000907086 0.00172851 0.00225216
internal_weight=2082 1860 1128 732 222 159
internal_count=2082 1860 1128 732 222 159
is_linear=0
shrinkage=0.04


Tree=3
num_leaves=7
num_cat=0
split_feature=78 59 90 71 59 29
split_gain=0.432391 0.343299 0.270516 0.195092 0.0903979 0.0324775
threshold=1.4789583704600828 1.0000000180025095e-35 0.26278455355832969 0.86335589441246385 1.2042547769686307 0.53907415003813719
decision_type=2 2 2 2 2 2
left_child=1 2 -1 -3 5 -2
right_child=4 3 -4 -5 -6 -7
leaf_value=0.00085125588266447892 0.0025869187902448311 -0.0011309168184045256 -0.00044845385193344401 0.00036427648570882832 0.00036362673091487239 0.0013018254827087126
leaf_weight=585 104 645 453 177 63 55
leaf_count=585 104 645 453 177 63 55
internal_value=5.73988e-07 -0.000199171 0.00028427 -0.000808856 0.00166095 0.00216408
internal_weight=2082 1860 1038 822 222 159
internal_count=2082 1860 1038 822 222 159
is_linear=0
shrinkage=0.04


Tree=4
num_leaves=6
num_cat=0
split_feature=78 77 72 73 3
split_gain=0.399242 0.313071 0.297936 0.0354481 0.0156987
threshold=1.8801897131096437 1.7820653140873486 2.0354796335813794 0.34510478830205621 0.2561970653825158
decision_type=2 2 2 2 2
left_child=1 2 -1 4 -2
right_child=3 -3 -4 -5 -6
leaf_value=-0.00036027431886061353 0.002837277943627876 0.0027081143281469911 0.002091694748034723 0.0010373216980310569 0.0016898576263338328
leaf_weight=1782 55 57 81 57 50
leaf_count=1782 55 57 81 57 50
internal_value=7.00309e-07 -0.000160947 -0.000251538 0.00189512 0.00233269
internal_weight=2082 1920 1863 162 105
internal_count=2082 1920 1863 162 105
is_linear=0
shrinkage=0.04


Tree=5
num_leaves=7
num_cat=0
split_feature=78 59 77 102 59 29
split_gain=0.372476 0.312155 0.214205 0.160108 0.0789826 0.0283738
threshold=1.4789583704600828 0.077830076012215657 1.7820653140873486 0.17904862178477168 1.2042547769686307 0.53907415003813719
decision_type=2 2 2 2 2 2
left_child=1 2 -1 -3 5 -2
right_child=4 3 -4 -5 -6 -7
leaf_value=0.00010711951558181729 0.0024073977035471406 -0.0013604362888174077 0.0026449737857495038 -0.00017166833747080134 0.00032984429913071492 0.001207164314742968
leaf_weight=1074 104 402 54 330 63 55
leaf_count=1074 104 402 54 330 63 55
internal_value=1.05633e-06 -0.000184335 0.000233079 -0.000826444 0.00154211 0.00201238
internal_weight=2082 1860 1128 732 222 159
internal_count=2082 1860 1128 732 222 159
is_linear=0
shrinkage=0.04


Tree=6
num_leaves=8
num_cat=0
split_feature=25 53 101 106 91 73 13
split_gain=0.260093 0.16787 0.238527 0.151641 0.0940376 0.0622587 0.0132868
threshold=0.13261421080242783 0.75000000000000011 0.25522735109261818 0.65625559731103889 0.41215353691514922 0.30238287539015646 -0.38060654383804621
decision_type=2 2 2 2 2 2 2
left_child=1 2 -1 4 -2 -5 -3
right_child=3 6 -4 5 -6 -7 -8
leaf_value=-0.00026875136230719603 -0.00010635774184562001 0.0025622337761645516 0.00091602186049495832 -0.0022554528800949377 -0.0014790535985829904 -0.00056112048505697041 0.0014117424420657613
leaf_weight=614 655 46 485 97 89 56 40
leaf_count=614 655 46 485 97 89 56 40
internal_value=1.21232e-06 0.000389918 0.000254815 -0.00051202 -0.00027409 -0.00165055 0.00207137
internal_weight=2082 1185 1099 897 744 153 86
internal_count=2082 1185 1099 897 744 153 86
is_linear=0
shrinkage=0.04


Tree=7
num_leaves=8
num_cat=0
split_feature=25 108 83 109 40 85 8
split_gain=0.240091 0.176486 0.237974 0.197366 0.127518 0.100713 0.0800611
threshold=0.13261421080242783 0.062326481873320551 1.3988256083346571 -0.94782084289640534 0.57863096099082456 -0.21991659680447506 -0.02847937769166569
decision_type=2 2 2 2 2 2 2
left_child=1 3 -3 -1 5 -2 -6
right_child=4 2 -4 -5 6 -7 -8
leaf_value=-0.0012033434272385561 -0.00065735629219317113 -0.0003819292297991054 0.0020498421686152889 0.0011430271723662632 -0.00050460272780773079 0.00030514207306653199 -0.0021499829426673907
leaf_weight=63 400 544 71 507 89 305 103
leaf_count=63 400 544 71 507 89 305 103
internal_value=1.17224e-06 0.000374632 -9.54536e-05 0.000880391 -0.000491931 -0.000241271 -0.00140035
internal_weight=2082 1185 615 570 897 705 192
internal_count=2082 1185 615 570 897 705 192
is_linear=0
shrinkage=0.04


Tree=8
num_leaves=8
num_cat=0
split_feature=25 71 90 106 97 91 73
split_gain=0.221468 0.172548 0.205915 0.138126 0.0889972 0.0659525 0.0564877
threshold=0.13261421080242783 2.5786938609927579 0.54246572515252856 0.65625559731103889 0.31651491040046914 0.24094648014619502 0.30238287539015646
decision_type=2 2 2 2 2 2 2
left_child=1 2 -1 4 -2 -3 -5
right_child=3 5 -4 6 -6 -7 -8
leaf_value=0.00053170546551077418 -5.6879136894653195e-05 0.00084538618268977319 -0.00072840005658716619 -0.0021351911553247559 -0.0012585198714369988 0.0028584054019090465 -0.00052198101619884763
leaf_weight=800 629 54 278 97 115 53 56
leaf_count=800 629 54 278 97 115 53 56
internal_value=1.07164e-06 0.000359755 0.000205996 -0.000472521 -0.000245493 0.00187664 -0.00155909
internal_weight=2082 1185 1078 897 744 107 153
internal_count=2082 1185 1078 897 744 107 153
is_linear=0
shrinkage=0.04


Tree=9
num_leaves=7
num_cat=0
split_feature=78 59 96 71 59 29
split_gain=0.308786 0.275537 0.214443 0.159654 0.0680111 0.0260504
threshold=1.4789583704600828 1.0000000180025095e-35 -0.33851704457092641 0.86335589441246385 1.2042547769686307 0.48877824502130235
decision_type=2 2 2 2 2 2
left_child=1 2 -1 -3 5 -2
right_child=4 3 -4 -5 -6 -7
leaf_value=0.0013083361637250502 0.0022446918290680148 -0.0010053624571659107 -5.0873675107368398e-05 0.00034709878813464961 0.00028020096971438478 0.001122584073849383
leaf_weight=240 99 645 798 177 63 60
leaf_count=240 99 645 798 177 63 60
internal_value=1.01091e-06 -0.000167788 0.000265306 -0.000714003 0.00140414 0.00184046
internal_weight=2082 1860 1038 822 222 159
internal_count=2082 1860 1038 822 222 159
is_linear=0
shrinkage=0.04


Tree=10
num_leaves=7
num_cat=0
split_feature=78 106 72 16 73 3
split_gain=0.285427 0.242294 0.194266 0.0875974 0.0298793 0.00929856
threshold=1.8801897131096437 0.65625559731103889 2.0354796335813794 -0.65549216982005254 0.45277387135228325 0.2561970653825158
decision_type=2 2 2 2 2 2
left_child=1 2 -1 -3 5 -2
right_child=4 3 -4 -5 -6 -7
leaf_value=-2.905843177273899e-05 0.0022786980511053747 -5.2736299876023527e-05 0.0020305835986026118 -0.0015080854963522424 0.00068549576398738209 0.0014121269741847826
leaf_weight=1512 67 91 75 242 45 50
leaf_count=1512 67 91 75 242 45 50
internal_value=1.13349e-06 -0.000135545 7.07114e-05 -0.00111307 0.00160292 0.00193833
internal_weight=2082 1920 1587 333 162 117
internal_count=2082 1920 1587 333 162 117
is_linear=0
shrinkage=0.04


Tree=11
num_leaves=6
num_cat=0
split_feature=72 97 25 35 102
split_gain=0.213107 0.209517 0.193882 0.0556774 0.0314992
threshold=2.0354796335813794 0.50636507079518189 0.53720455975810977 -0.21722736246400015 -0.051349513149060604
decision_type=2 2 2 2 2
left_child=1 2 -1 -2 -3
right_child=3 4 -4 -5 -6
leaf_value=0.00036090176212909042 0.0027517766251828734 -0.001373591339807152 -0.00058953491481891741 0.00071878131966860521 -0.00054019843413016138
leaf_weight=1205 50 183 478 40 126
leaf_count=1205 50 183 478 40 126
internal_value=1.27307e-06 -8.55708e-05 9.05826e-05 0.00188349 -0.00103942
internal_weight=2082 1992 1683 90 309
internal_count=2082 1992 1683 90 309
is_linear=0
shrinkage=0.04


Tree=12
num_leaves=7
num_cat=0
split_feature=78 59 96 66 59 17
split_gain=0.260539 0.242641 0.191451 0.12645 0.0575556 0.0251831
threshold=1.4789583704600828 1.0000000180025095e-35 -0.33851704457092641 0.80312455895620993 1.2042547769686307 -0.17922466037727922
decision_type=2 2 2 2 2 2
left_child=1 2 -1 -3 5 -2
right_child=4 3 -4 -5 -6 -7
leaf_value=0.0012381638016759548 0.0023396476289434805 -0.0009144267484986284 -4.6118828731960099e-05 0.00032054345664417675 0.00025624450023930807 0.0012493539762974252
leaf_weight=240 61 657 798 165 63 98
leaf_count=240 61 657 798 165 63 98
internal_value=1.27313e-06 -0.000153779 0.000252635 -0.000666355 0.00129013 0.00169151
internal_weight=2082 1860 1038 822 222 159
internal_count=2082 1860 1038 822 222 159
is_linear=0
shrinkage=0.04


Tree=13
num_leaves=6
num_cat=0
split_feature=78 61 25 105 21
split_gain=0.241063 0.19714 0.165746 0.157987 0.018833
threshold=2.0383729656725182 0.2737149961991327 0.53720455975810977 -1.1568948178131513 0.090206036197020459
decision_type=2 2 2 2 2
left_child=1 3 -3 -1 -2
right_child=4 2 -4 -5 -6
leaf_value=0.00089324182607898768 0.0021761846650511989 0.00094062538438972518 -0.00047807080084614014 -0.00052682758426167507 0.0011510932421613788
leaf_weight=138 60 411 192 1209 72
leaf_count=138 60 411 192 1209 72
internal_value=1.39278e-06 -0.000111271 0.000488814 -0.000380233 0.00164257
internal_weight=2082 1950 603 1347 132
internal_count=2082 1950 603 1347 132
is_linear=0
shrinkage=0.04


Tree=14
num_leaves=7
num_cat=0
split_feature=78 59 90 71 59 6
split_gain=0.225711 0.214508 0.185321 0.135639 0.0504402 0.0183683
threshold=1.4789583704600828 1.0000000180025095e-35 0.26278455355832969 0.86335589441246385 1.1120711521702384 0.12775697416572143
decision_type=2 2 2 2 2 2
left_child=1 2 -1 -3 5 -2
right_child=4 3 -4 -5 -6 -7
leaf_value=0.00070858746314273748 0.0020906456822477695 -0.00089334967426151044 -0.0003671728323378785 0.00035300637078071511 0.00029204301496731566 0.0011504622786305844
leaf_weight=585 70 645 453 177 69 83
leaf_count=585 70 645 453 177 69 83
internal_value=1.49661e-06 -0.000142821 0.000239305 -0.000624768 0.00120112 0.00160204
internal_weight=2082 1860 1038 822 222 153
internal_count=2082 1860 1038 822 222 153
is_linear=0
shrinkage=0.04


Tree=15
num_leaves=6
num_cat=0
split_feature=78 77 101 59 17
split_gain=0.208425 0.20499 0.159408 0.0466146 0.0213413
threshold=1.4789583704600828 1.7820653140873486 0.25522735109261818 1.2042547769686307 -0.17922466037727922
decision_type=2 2 2 2 2
left_child=1 2 -1 4 -2
right_child=3 -3 -4 -5 -6
leaf_value=-0.00051325083395549833 0.0021107082711514231 0.0022466332970985346 0.00025513907859469589 0.00022413757644020594 0.0011102789099095389
leaf_weight=1095 61 54 711 63 98
leaf_count=1095 61 54 711 63 98
internal_value=1.56474e-06 -0.000137116 -0.000210798 0.00115434 0.00151554
internal_weight=2082 1860 1806 222 159
internal_count=2082 1860 1806 222 159
is_linear=0
shrinkage=0.04


Tree=16
num_leaves=6
num_cat=0
split_feature=78 77 101 73 26
split_gain=0.193294 0.189461 0.155099 0.0239039 0.0101125
threshold=1.9694257430945969 1.7820653140873486 0.25522735109261818 0.45277387135228325 0.56668156541084524
decision_type=2 2 2 2 2
left_child=1 2 -1 4 -2
right_child=3 -3 -4 -5 -6
leaf_value=-0.00047398007209395086 0.0020120655778138076 0.0021258475624372141 0.00026737322855488487 0.00053179763955995445 0.0011092596983706411
leaf_weight=1122 66 57 753 42 42
leaf_count=1122 66 57 753 42 42
internal_value=1.71074e-06 -0.000106237 -0.000176285 0.00137518 0.00168753
internal_weight=2082 1932 1875 150 108
internal_count=2082 1932 1875 150 108
is_linear=0
shrinkage=0.04


Tree=17
num_leaves=6
num_cat=0
split_feature=72 90 25 42 36
split_gain=0.174441 0.164279 0.156335 0.0452204 0.0385269
threshold=2.0354796335813794 0.72978292596651273 0.53720455975810977 0.18721796144087366 -0.21555517978477434
decision_type=2 2 2 2 2
left_child=1 2 -1 -3 -2
right_child=4 3 -4 -5 -6
leaf_value=0.0003221545468030841 0.0024624495258554818 -0.0013189044302432901 -0.00054872540540226874 -0.00037512689188777402 0.00076630368553610008
leaf_weight=1211 48 178 451 152 42
leaf_count=1211 48 178 451 152 42
internal_value=1.85622e-06 -7.67159e-05 8.54572e-05 -0.000889073 0.00170478
internal_weight=2082 1992 1662 330 90
internal_count=2082 1992 1662 330 90
is_linear=0
shrinkage=0.04


Tree=18
num_leaves=5
num_cat=0
split_feature=72 77 103 35
split_gain=0.161308 0.158367 0.146581 0.0484017
threshold=2.0354796335813794 1.9251318488582942 -1.5660566329735179 -0.21722736246400015
decision_type=2 2 2 2
left_child=1 2 -1 -2
right_child=3 -3 -4 -5
leaf_value=0.0010848958104887135 0.0024475038492976007 0.0020234951684584045 -0.0002331385226246581 0.00056081774334112804
leaf_weight=144 50 54 1794 40
leaf_count=144 50 54 1794 40
internal_value=1.83219e-06 -7.37243e-05 -0.000134187 0.0016394
internal_weight=2082 1992 1938 90
internal_count=2082 1992 1938 90
is_linear=0
shrinkage=0.04


Tree=19
num_leaves=7
num_cat=0
split_feature=78 61 28 100 53 29
split_gain=0.167243 0.190525 0.167149 0.133676 0.0393443 0.0118501
threshold=1.4789583704600828 0.2737149961991327 0.54992423885122899 0.11713816359413026 1.0000000180025095e-35 0.57087210181664572
decision_type=2 2 2 2 2 2
left_child=1 3 -3 -1 -2 -6
right_child=4 2 -4 -5 5 -7
leaf_value=-0.00082089610199346358 0.00023261989342232407 0.00084709568286793122 -0.00067956143770840887 3.5217337542721999e-06 0.0016123152895930358 0.00077015932007796237
leaf_weight=618 69 451 152 639 110 43
leaf_count=618 69 451 152 639 110 43
internal_value=1.98475e-06 -0.000122243 0.000461292 -0.000402461 0.00103461 0.00138862
internal_weight=2082 1860 603 1257 222 153
internal_count=2082 1860 603 1257 222 153
is_linear=0
shrinkage=0.04


Tree=20
num_leaves=7
num_cat=0
split_feature=78 59 90 71 59 26
split_gain=0.154399 0.186893 0.147428 0.117036 0.036799 0.0282004
threshold=1.4789583704600828 1.0000000180025095e-35 0.26278455355832969 0.86335589441246385 1.3618287087518175 0.59939141933121909
decision_type=2 2 2 2 2 2
left_child=1 2 -1 -3 5 -2
right_child=4 3 -4 -5 -6 -7
leaf_value=0.00065781305246371451 0.001596160714552076 -0.00081674500750618883 -0.00030172921827465625 0.00034089914702565812 -6.9854403422637417e-05 0.00051793255665827365
leaf_weight=585 119 645 453 177 42 61
leaf_count=585 119 645 453 177 42 61
internal_value=1.98081e-06 -0.000117381 0.000239278 -0.000567249 0.000994159 0.00124047
internal_weight=2082 1860 1038 822 222 180
internal_count=2082 1860 1038 822 222 180
is_linear=0
shrinkage=0.04


Tree=21
num_leaves=7
num_cat=0
split_feature=78 106 36 88 73 26
split_gain=0.143358 0.180195 0.167463 0.0717038 0.0213703 0.00869785
threshold=1.9694257430945969 0.40464271764449072 0.087029781821924043 -0.46618829344864643 0.45277387135228325 0.56668156541084524
decision_type=2 2 2 2 2 2
left_child=1 2 -1 -3 5 -2
right_child=4 3 -4 -5 -6 -7
leaf_value=0.00065497913607531777 0.0017772437101366983 -0.0016506480203119841 -0.00023206829306088826 -0.00048004824438672517 0.00039477710866115312 0.00095150799786841321
leaf_weight=599 66 102 784 447 42 42
leaf_count=599 66 102 784 447 42 42
internal_value=1.97545e-06 -9.09888e-05 0.000152518 -0.000702739 0.0011848 0.00147926
internal_weight=2082 1932 1383 549 150 108
internal_count=2082 1932 1383 549 150 108
is_linear=0
shrinkage=0.04


Tree=22
num_leaves=6
num_cat=0
split_feature=72 97 78 14 35
split_gain=0.13884 0.145713 0.136768 0.0483925 0.0447477
threshold=2.0354796335813794 0.50636507079518189 1.3414888640151241 0.51071514822178399 -0.21722736246400015
decision_type=2 2 2 2 2
left_child=1 2 -1 -3 -2
right_child=4 3 -4 -5 -6
leaf_value=-5.0034915499287933e-05 0.0022975996056965628 -0.00062116466730344655 0.0010866487858675576 -0.001922176296642998 0.00048749437778626873
leaf_weight=1494 50 254 189 55 40
leaf_count=1494 50 254 189 55 40
internal_value=1.95078e-06 -6.81467e-05 7.87523e-05 -0.000863608 0.0015212
internal_weight=2082 1992 1683 309 90
internal_count=2082 1992 1683 309 90
is_linear=0
shrinkage=0.04


Tree=23
num_leaves=5
num_cat=0
split_feature=72 77 78 35
split_gain=0.128371 0.136619 0.135132 0.0413624
threshold=2.0354796335813794 1.9251318488582942 1.8801897131096437 -0.21722736246400015
decision_type=2 2 2 2
left_child=1 2 -1 -2
right_child=3 -3 -4 -5
leaf_value=-0.00021979237951493682 0.0022092303952488761 0.0018824110240010278 0.0010115115308097654 0.00046892315276809748
leaf_weight=1785 50 54 153 40
leaf_count=1785 50 54 153 40
internal_value=1.92182e-06 -6.54813e-05 -0.000121642 0.00146277
internal_weight=2082 1992 1938 90
internal_count=2082 1992 1938 90
is_linear=0
shrinkage=0.04


Tree=24
num_leaves=8
num_cat=0
split_feature=106 36 103 94 70 85 10
split_gain=0.120516 0.179637 0.130009 0.107178 0.0979568 0.0788866 0.0125138
threshold=0.40042967854301054 0.087029781821924043 -1.6775380737925605 -0.47098672905889188 1.6741625372399158 -0.21991659680447506 0.26862654782565915
decision_type=2 2 2 2 2 2 2
left_child=1 4 6 -4 -1 -3 -2
right_child=2 5 3 -5 -6 -7 -8
leaf_value=0.00055901853252947331 0.00049420156007156128 -0.00063777513246840011 -0.0020962227448644874 -0.00045689531684325646 0.0025606124499990119 0.0001643919898951978 0.0015131730870122002
leaf_weight=623 41 362 72 480 40 424 40
leaf_count=623 41 362 72 480 40 424 40
internal_value=2.05041e-06 0.000203179 -0.000457543 -0.000677516 0.000687116 -0.000205735 0.00102173
internal_weight=2082 1449 633 552 663 786 81
internal_count=2082 1449 633 552 663 786 81
is_linear=0
shrinkage=0.04


Tree=25
num_leaves=5
num_cat=0
split_feature=77 101 24 61
split_gain=0.115074 0.13622 0.12351 0.100398
threshold=1.9251318488582942 0.25522735109261818 0.68261845322073578 0.2737149961991327
decision_type=2 2 2 2
left_child=1 3 -3 -1
right_child=-2 2 -4 -5
leaf_value=-0.00057102452335652354 0.0017907784965687564 0.00059121997731833296 -0.00057736973789822613 0.00022729616009148655
leaf_weight=816 54 666 183 363
leaf_count=816 54 666 183 363
internal_value=2.04903e-06 -4.72973e-05 0.000338568 -0.000325262
internal_weight=2082 2028 849 1179
internal_count=2082 2028 849 1179
is_linear=0
shrinkage=0.04


Tree=26
num_leaves=6
num_cat=0
split_feature=72 97 78 14 35
split_gain=0.109259 0.128214 0.110453 0.045074 0.0372677
threshold=2.0354796335813794 0.50636507079518189 1.3414888640151241 0.51071514822178399 -0.21722736246400015
decision_type=2 2 2 2 2
left_child=1 2 -1 -3 -2
right_child=4 3 -4 -5 -6
leaf_value=-3.811296297692388e-05 0.0020579041568551198 -0.00057266212869308216 0.00098338832860234734 -0.001827517135493588 0.00040869117758813358
leaf_weight=1494 50 254 189 55 40
leaf_count=1494 50 254 189 55 40
internal_value=2.02315e-06 -6.01604e-05 7.76322e-05 -0.000806334 0.00134974
internal_weight=2082 1992 1683 309 90
internal_count=2082 1992 1683 309 90
is_linear=0
shrinkage=0.04


Tree=27
num_leaves=7
num_cat=0
split_feature=106 36 83 70 46 88
split_gain=0.107103 0.158853 0.11384 0.0841058 0.0731589 0.0540621
threshold=0.40042967854301054 0.087029781821924043 1.3988256083346571 1.6741625372399158 0.088844600615495456 -0.38520944304364368
decision_type=2 2 2 2 2 2
left_child=1 3 5 -1 -3 -2
right_child=2 4 -4 -5 -6 -7
leaf_value=0.0005279308570605353 -0.0012850701923431645 0.00014397050310175732 0.0011579609910527674 0.0023827969597741252 -0.00063315799650266399 -0.00038368192123353978
leaf_weight=623 141 446 63 40 340 429
leaf_count=623 141 446 63 40 340 429
internal_value=1.98106e-06 0.000191587 -0.000431283 0.000646668 -0.000192946 -0.000610371
internal_weight=2082 1449 633 663 786 570
internal_count=2082 1449 633 663 786 570
is_linear=0
shrinkage=0.04


Tree=28
num_leaves=5
num_cat=0
split_feature=77 78 106 29
split_gain=0.104213 0.104251 0.116533 0.0161387
threshold=1.9251318488582942 2.0383729656725182 0.65625559731103889 -0.13484997630511306
decision_type=2 2 2 2
left_child=1 2 -1 -3
right_child=-2 3 -4 -5
leaf_value=2.4791906872205647e-05 0.0017042022131915605 0.0016520014162296835 -0.00079442050211033757 0.00069420030230442841
leaf_weight=1560 54 44 336 88
leaf_count=1560 54 44 336 88
internal_value=1.97517e-06 -4.49848e-05 -0.000121069 0.00103336
internal_weight=2082 2028 1896 132
internal_count=2082 2028 1896 132
is_linear=0
shrinkage=0.04


Tree=29
num_leaves=8
num_cat=0
split_feature=25 61 78 28 53 28 107
split_gain=0.100201 0.136941 0.114589 0.109605 0.127921 0.101834 0.06605
threshold=0.53720455975810977 0.2737149961991327 1.4789583704600828 -0.24288847736692101 -0.74999999999999989 0.093926854233473869 -0.082237433850038483
decision_type=2 2 2 2 2 2 2
left_child=1 2 -1 6 -5 -3 -2
right_child=3 5 -4 4 -6 -7 -8
leaf_value=-0.00025442433315654586 -0.0026842669173314866 0.0011342183614180637 0.00075763972964963764 0.0015393945169635118 -0.00046372486465839983 -0.00034149692223332069 -0.00072665454517118627
leaf_weight=940 47 314 219 58 339 97 68
leaf_count=940 47 314 219 58 339 97 68
internal_value=2.0221e-06 0.000160544 -6.2213e-05 -0.000482804 -0.000164828 0.000785968 -0.00155893
internal_weight=2082 1570 1159 512 397 411 115
internal_count=2082 1570 1159 512 397 411 115
is_linear=0
shrinkage=0.04


Tree=30
num_leaves=8
num_cat=0
split_feature=25 71 109 40 14 85 91
split_gain=0.0935025 0.105186 0.0970801 0.0842712 0.0889871 0.0761476 0.0327793
threshold=0.13261421080242783 2.5786938609927579 -0.91612617855472767 0.57863096099082456 0.52267139701310528 -0.21991659680447506 0.24094648014619502
decision_type=2 2 2 2 2 2 2
left_child=1 2 -1 5 -5 -2 -3
right_child=3 6 -4 4 -6 -7 -8
leaf_value=-0.0015716276513054394 -0.00046436601311975595 0.00068719809625430821 0.00019993055281598059 -0.00051745399210226934 -0.0024625252579482128 0.00037232716413857934 0.0021129237864013044
leaf_weight=50 400 54 1028 142 50 305 53
leaf_count=50 400 54 1028 142 50 305 53
internal_value=1.90132e-06 0.00023496 0.000115004 -0.000305824 -0.00104415 -0.000102363 0.00141921
internal_weight=2082 1185 1078 897 192 705 107
internal_count=2082 1185 1078 897 192 705 107
is_linear=0
shrinkage=0.04


Tree=31
num_leaves=6
num_cat=0
split_feature=106 77 101 59 72
split_gain=0.0950014 0.110054 0.116217 0.0773749 0.028029
threshold=1.1749481903973653 1.0244186351979889 0.25522735109261818 0.98974650790108187 -0.52101100873808692
decision_type=2 2 2 2 2
left_child=1 2 -1 -3 -2
right_child=4 3 -4 -5 -6
leaf_value=-0.0002907287041315452 -0.0018299670331180097 0.0016054468360111244 0.00037497535065244148 1.9376011095605356e-05 -0.00054910477812347171
leaf_weight=1086 48 117 681 84 66
leaf_count=1086 48 117 681 84 66
internal_value=1.76217e-06 6.72639e-05 -3.40332e-05 0.000949333 -0.00111067
internal_weight=2082 1968 1767 201 114
internal_count=2082 1968 1767 201 114
is_linear=0
shrinkage=0.04


Tree=32
num_leaves=8
num_cat=0
split_feature=108 83 109 25 37 41 79
split_gain=0.0885565 0.105375 0.105262 0.113232 0.100975 0.0399826 0.00429106
threshold=0.062326481873320551 1.3988256083346571 -0.94782084289640534 0.21253738659090907 -0.77395534536118682 0.14125621933446539 0.52049032418459962
decision_type=2 2 2 2 2 2 2
left_child=2 4 5 -4 -2 -1 -3
right_child=1 6 3 -5 -6 -7 -8
leaf_value=-0.0017798644060991247 0.00068414799008174095 0.0013603816757147963 0.00076214509971690941 -9.3753619262436369e-05 -0.00056812428360832957 -0.00023636575599777558 0.00071808649174107066
leaf_weight=47 117 42 546 450 777 61 42
leaf_count=47 117 42 546 450 777 61 42
internal_value=1.66597e-06 -0.000275207 0.000246993 0.000376031 -0.000403075 -0.000928222 0.0010634
internal_weight=2082 978 1104 996 894 108 84
internal_count=2082 978 1104 996 894 108 84
is_linear=0
shrinkage=0.04


Tree=33
num_leaves=8
num_cat=0
split_feature=90 35 109 25 13 103 28
split_gain=0.0849452 0.0926984 0.0920341 0.0833147 0.0614265 0.0428101 0.0382832
threshold=0.29800193719323881 -0.94018020238973821 -0.82107734143013766 0.47512534007981838 -0.24726625646220854 0.18708169605167607 -0.74881333106264858
decision_type=2 2 2 2 2 2 2
left_child=2 5 4 -4 -1 -2 -3
right_child=1 6 3 -5 -6 -7 -8
leaf_value=-0.0013899912043578095 6.7972490733320061e-05 0.00064862698390656573 0.00053970022729520517 -0.00021248936362626463 0.00013035691448305621 0.0017692780425382216 -0.00057661800955817227
leaf_weight=88 53 42 820 329 80 41 629
leaf_count=88 53 42 820 329 80 41 629
internal_value=1.63183e-06 -0.000333102 0.000196277 0.000324326 -0.000673 0.000831432 -0.000498226
internal_weight=2082 765 1317 1149 168 94 671
internal_count=2082 765 1317 1149 168 94 671
is_linear=0
shrinkage=0.04


Tree=34
num_leaves=8
num_cat=0
split_feature=106 90 109 103 88 71 10
split_gain=0.0838877 0.0941668 0.141583 0.0861454 0.0845744 0.0562688 0.0107518
threshold=0.40042967854301054 0.27945401725578028 -0.42664740359302689 -1.6775380737925605 -0.48067833287889777 2.6360151785863848 0.26862654782565915
decision_type=2 2 2 2 2 2 2
left_child=1 2 -1 6 -5 -3 -2
right_child=3 5 -4 4 -6 -7 -8
leaf_value=-0.00014268975630924802 0.00034168370008511945 -0.00041640852301984093 0.00083488176570622964 -0.0017148279758213564 -0.00034734351610662067 0.0010395116788989053 0.0012753982158998647
leaf_weight=426 41 447 531 84 468 45 40
leaf_count=426 41 447 531 84 468 45 40
internal_value=1.60406e-06 0.000169408 0.000400334 -0.000381839 -0.000560878 -0.000279576 0.000822399
internal_weight=2082 1449 957 633 552 492 81
internal_count=2082 1449 957 633 552 492 81
is_linear=0
shrinkage=0.04


Tree=35
num_leaves=6
num_cat=0
split_feature=106 77 101 59 47
split_gain=0.0792798 0.0909619 0.0942605 0.0644582 0.0361834
threshold=1.1749481903973653 1.0244186351979889 0.2948933370118581 1.0137484373913914 0.2180781364635449
decision_type=2 2 2 2 2
left_child=1 2 -1 -3 -2
right_child=4 3 -4 -5 -6
leaf_value=-0.00024722394290073956 -0.0015271815495859636 0.0014089541837051911 0.00036256335298060654 -6.6112019333311095e-05 -3.8894363124633116e-05
leaf_weight=1140 74 126 627 75 40
leaf_count=1140 74 126 627 75 40
internal_value=1.5733e-06 6.14102e-05 -3.06825e-05 0.000863328 -0.00101465
internal_weight=2082 1968 1767 201 114
internal_count=2082 1968 1767 201 114
is_linear=0
shrinkage=0.04


Tree=36
num_leaves=8
num_cat=0
split_feature=106 90 77 103 94 103 10
split_gain=0.0740896 0.0846527 0.0937747 0.0763001 0.0787098 0.0506616 0.00988532
threshold=0.40464271764449072 0.27945401725578028 -0.8225423603261216 -1.6775380737925605 -0.47098672905889188 0.17278687685201152 0.26862654782565915
decision_type=2 2 2 2 2 2 2
left_child=1 2 -1 6 -5 -3 -2
right_child=3 5 -4 4 -6 -7 -8
leaf_value=-0.00083965613327049852 0.00030987080099970798 -0.00059521397737510515 0.0005043433935067338 -0.00174752011844838 -0.00034147983561141958 0.00022427254796585555 0.0012036559290191646
leaf_weight=90 41 297 870 72 471 201 40
leaf_count=90 41 297 870 72 471 201 40
internal_value=1.50622e-06 0.000157601 0.00037686 -0.000362553 -0.000533645 -0.000264883 0.000769614
internal_weight=2082 1458 960 624 543 498 81
internal_count=2082 1458 960 624 543 498 81
is_linear=0
shrinkage=0.04


Tree=37
num_leaves=7
num_cat=0
split_feature=36 61 53 35 101 41
split_gain=0.0767159 0.113333 0.0980282 0.0752176 0.0701939 0.0625326
threshold=0.28887423291148923 0.32277029498109938 -0.74999999999999989 -0.94018020238973821 0.51782252666835504 -0.67837590128604475
decision_type=2 2 2 2 2 2
left_child=1 3 -2 -1 -4 -3
right_child=2 5 4 -5 -6 -7
leaf_value=0.00071725107625513005 0.00099012160328969083 -0.00031947280080445737 -0.00085191537153342909 -0.00012433365989843507 3.6429405743863597e-05 0.0013780225631725154
leaf_weight=203 76 43 376 991 228 165
leaf_count=203 76 43 376 991 228 165
internal_value=1.39677e-06 0.000170461 -0.000346651 1.971e-05 -0.000517566 0.0010274
internal_weight=2082 1402 680 1194 604 208
internal_count=2082 1402 680 1194 604 208
is_linear=0
shrinkage=0.04


Tree=38
num_leaves=8
num_cat=0
split_feature=24 61 58 101 40 36 11
split_gain=0.0733196 0.0843659 0.0988723 0.0967117 0.0809633 0.0792121 0.0695327
threshold=0.56151398503433214 0.2737149961991327 0.39139878144704315 -0.17762009741360754 0.65834833331754272 0.64163016611333867 0.12937878910584039
decision_type=2 2 2 2 2 2 2
left_child=1 3 -3 -1 5 -2 -6
right_child=4 2 -4 -5 6 -7 -8
leaf_value=-0.00053230717941880272 -0.00079158179212434775 3.2270803042179487e-05 0.0012689777462729041 0.00021775248227020203 -0.00020274363101479857 0.00040661762232622621 -0.002278141664010623
leaf_weight=418 163 218 195 795 45 188 60
leaf_count=418 163 218 195 795 45 188 60
internal_value=1.411e-06 0.000127192 0.00061949 -4.1169e-05 -0.000445693 -0.000151143 -0.0014091
internal_weight=2082 1626 413 1213 456 351 105
internal_count=2082 1626 413 1213 456 351 105
is_linear=0
shrinkage=0.04


Tree=39
num_leaves=8
num_cat=0
split_feature=24 61 58 101 40 28 11
split_gain=0.0677063 0.0778182 0.091198 0.08916 0.0748345 0.0916859 0.064248
threshold=0.56151398503433214 0.2737149961991327 0.39139878144704315 -0.17762009741360754 0.65834833331754272 -0.24288847736692101 0.12937878910584039
decision_type=2 2 2 2 2 2 2
left_child=1 3 -3 -1 5 -2 -6
right_child=4 2 -4 -5 6 -7 -8
leaf_value=-0.00051111627942910197 -0.0017140460123612807 3.0991713500539354e-05 0.0012187339595121896 0.00020906424030479439 -0.00019497897614665488 0.00011896725911164572 -0.0021899555321602572
leaf_weight=418 49 218 195 795 45 302 60
leaf_count=418 49 218 195 795 45 302 60
internal_value=1.28243e-06 0.000122152 0.000594961 -3.95429e-05 -0.000428366 -0.000145185 -0.00135459
internal_weight=2082 1626 413 1213 456 351 105
internal_count=2082 1626 413 1213 456 351 105
is_linear=0
shrinkage=0.04


Tree=40
num_leaves=7
num_cat=0
split_feature=36 106 35 53 66 61
split_gain=0.0666529 0.0924513 0.0917258 0.168511 0.0805676 0.0746246
threshold=0.28887423291148923 0.40042967854301054 0.34824860211657788 -0.74999999999999989 0.8321514221095706 0.2737149961991327
decision_type=2 2 2 2 2 2
left_child=1 5 -2 -4 -3 -1
right_child=2 4 3 -5 -6 -7
leaf_value=0.00018512260175952014 -0.0015871001112585268 -0.00060115215996821422 0.0016789829089883452 -0.00039540373974096917 0.00043678589489354639 0.0010169717810554978
leaf_weight=632 79 356 69 532 178 236
leaf_count=632 79 356 69 532 178 236
internal_value=1.11472e-06 0.000158701 -0.000323303 -0.000152467 -0.000254834 0.000413112
internal_weight=2082 1402 680 601 534 868
internal_count=2082 1402 680 601 534 868
is_linear=0
shrinkage=0.04


Tree=41
num_leaves=6
num_cat=0
split_feature=71 97 71 17 14
split_gain=0.0658353 0.0728353 0.0831054 0.0484698 0.0361591
threshold=2.8903518024562258 0.50636507079518189 -0.87147482617615146 0.37421475007359745 0.51071514822178399
decision_type=2 2 2 2 2
left_child=1 2 -1 -2 -3
right_child=3 4 -4 -5 -6
leaf_value=0.001167730163808193 0.0015884302241694448 -0.00039879086250396169 -1.6418273949341074e-05 -0.0001500706595279986 -0.0015063428477352038
leaf_weight=99 68 268 1551 40 56
leaf_count=99 68 268 1551 40 56
internal_value=1.09832e-06 -5.19222e-05 5.59583e-05 0.00095352 -0.000598287
internal_weight=2082 1974 1650 108 324
internal_count=2082 1974 1650 108 324
is_linear=0
shrinkage=0.04


Tree=42
num_leaves=6
num_cat=0
split_feature=106 36 53 53 47
split_gain=0.0628378 0.0781555 0.0847139 0.0837501 0.0325301
threshold=1.1749481903973653 0.28887423291148923 -0.74999999999999989 -0.58333333333333315 0.2180781364635449
decision_type=2 2 2 2 2
left_child=1 3 -3 -1 -2
right_child=4 2 -4 -5 -6
leaf_value=-0.00053044641364308795 -0.0013896070678081169 0.00095745558372551678 -0.00046290800627102482 0.0003663150055706959 1.8738743383437397e-05
leaf_weight=194 74 74 584 1116 40
leaf_count=194 74 74 584 1116 40
internal_value=1.08066e-06 5.43529e-05 -0.000300754 0.000232906 -0.000903647
internal_weight=2082 1968 658 1310 114
internal_count=2082 1968 658 1310 114
is_linear=0
shrinkage=0.04


Tree=43
num_leaves=7
num_cat=0
split_feature=35 61 101 96 100 35
split_gain=0.0635975 0.0819699 0.0848723 0.0775662 0.0532039 0.0292863
threshold=-0.94018020238973821 0.27979104531310905 0.25522735109261818 0.35964719794971073 0.48500101452626676 -1.3751847525717253
decision_type=2 2 2 2 2 2
left_child=4 2 -2 -3 5 -1
right_child=1 3 -4 -5 -6 -7
leaf_value=0.0012091253550412756 -0.00053156643766686892 0.00065363451890957855 0.00011906760454059283 -0.00038585036021730225 0.0016794020821658993 1.039085811400484e-05
leaf_weight=40 740 373 564 164 55 146
leaf_count=40 740 373 564 164 55 146
internal_value=9.97497e-07 -7.92014e-05 -0.000250406 0.000335922 0.000609247 0.000278304
internal_weight=2082 1841 1304 537 241 186
internal_count=2082 1841 1304 537 241 186
is_linear=0
shrinkage=0.04


Tree=44
num_leaves=7
num_cat=0
split_feature=71 97 89 19 102 5
split_gain=0.0589215 0.0668698 0.0794394 0.0631299 0.0303249 0.0116105
threshold=2.6360151785863848 0.51718867425964066 1.6886528797383435 0.39129560558344184 -0.035608845926037198 -0.2012367714970236
decision_type=2 2 2 2 2 2
left_child=1 2 -1 5 -3 -2
right_child=3 4 -4 -5 -6 -7
leaf_value=0.00010614991801070829 0.00082343457821047023 -0.00091242285042987547 -0.0012618649505983881 -0.00038657219714618155 -0.00010852860916202189 0.0018012962957738704
leaf_weight=1563 40 186 69 47 126 51
leaf_count=1563 40 186 69 47 126 51
internal_value=1.06333e-06 -5.59583e-05 4.68373e-05 0.000793649 -0.000590532 0.00139842
internal_weight=2082 1944 1632 138 312 91
internal_count=2082 1944 1632 138 312 91
is_linear=0
shrinkage=0.04


Tree=45
num_leaves=6
num_cat=0
split_feature=73 106 77 47 27
split_gain=0.0587705 0.0596079 0.0712355 0.0299069 0.0186561
threshold=-0.63322948911606247 1.1749481903973653 1.0244186351979889 0.2180781364635449 0.19481973558866914
decision_type=2 2 2 2 2
left_child=4 2 -2 -3 -1
right_child=1 3 -4 -5 -6
leaf_value=-0.0003695638812634917 1.5874961469090986e-05 -0.0013010677607043794 0.00082513692711069515 4.7863994702874199e-05 -0.0015748685058560627
leaf_weight=40 1692 74 192 40 44
leaf_count=40 1692 74 192 40 44
internal_value=1.02315e-06 4.50489e-05 9.91351e-05 -0.000835094 -0.00102286
internal_weight=2082 1998 1884 114 84
internal_count=2082 1998 1884 114 84
is_linear=0
shrinkage=0.04


Tree=46
num_leaves=7
num_cat=0
split_feature=35 61 28 101 100 47
split_gain=0.0583135 0.0722737 0.0787237 0.0761331 0.047494 0.0276769
threshold=-0.94018020238973821 0.27979104531310905 0.75557973872503925 0.25522735109261818 0.48500101452626676 0.38142186104527193
decision_type=2 2 2 2 2 2
left_child=4 3 -3 -2 5 -1
right_child=1 2 -4 -5 -6 -7
leaf_value=0.00062048442795076557 -0.00050295403293419303 0.00051684167990887083 -0.0008297513850195129 0.0001132714062416597 0.0015944799706094752 -0.00039511268857908859
leaf_weight=122 740 457 80 564 55 64
leaf_count=122 740 457 80 564 55 64
internal_value=8.91761e-07 -7.59032e-05 0.000313897 -0.000236662 0.000583325 0.000270546
internal_weight=2082 1841 537 1304 241 186
internal_count=2082 1841 537 1304 241 186
is_linear=0
shrinkage=0.04


Tree=47
num_leaves=6
num_cat=0
split_feature=71 101 77 24 26
split_gain=0.0572665 0.0665858 0.121628 0.064507 0.0285792
threshold=-0.87147482617615146 0.25522735109261818 0.9293063591687073 0.68261845322073578 0.33698473552865599
decision_type=2 2 2 2 2
left_child=4 2 -2 -3 -1
right_child=1 3 -4 -5 -6
leaf_value=0.001310798367606355 -0.0004087600317627446 0.00039865425733732118 0.00086383827158120752 -0.00044576784491387976 1.3028973851098934e-05
leaf_weight=75 981 666 135 183 42
leaf_count=75 981 666 135 183 42
internal_value=8.9898e-07 -5.06514e-05 -0.000253547 0.000216021 0.000852981
internal_weight=2082 1965 1116 849 117
internal_count=2082 1965 1116 849 117
is_linear=0
shrinkage=0.04


Tree=48
num_leaves=5
num_cat=0
split_feature=35 59 78 28
split_gain=0.0555865 0.0616236 0.079354 0.0674207
threshold=-1.296145179411446 1.0000000180025095e-35 1.4789583704600828 0.79187083360333987
decision_type=2 2 2 2
left_child=-1 3 -3 -2
right_child=1 2 -4 -5
leaf_value=0.0011522963323558752 0.00029554485993032331 -0.0004376865753537036 0.00045730195446833593 -0.00073234737608784246
leaf_weight=63 913 797 196 113
leaf_count=63 913 797 196 113
internal_value=9.29498e-07 -3.6102e-05 -0.000260468 0.000181132
internal_weight=2082 2019 993 1026
internal_count=2082 2019 993 1026
is_linear=0
shrinkage=0.04


Tree=49
num_leaves=6
num_cat=0
split_feature=37 71 103 19 64
split_gain=0.05214 0.0573959 0.0568208 0.0553371 0.0226152
threshold=-1.0178359160992552 2.6360151785863848 -1.5799503209976422 0.39129560558344184 -0.32225458742699381
decision_type=2 2 2 2 2
left_child=4 2 -2 -3 -1
right_child=1 3 -4 -5 -6
leaf_value=0.001282155886101204 0.00067822899587833098 0.0013007758477901771 -0.00016862478936079274 -0.00037018500990709482 8.5358243280400834e-05
leaf_weight=68 135 91 1701 47 40
leaf_count=68 135 91 1701 47 40
internal_value=9.20539e-07 -4.62639e-05 -0.000105686 0.000734522 0.000848509
internal_weight=2082 1974 1836 138 108
internal_count=2082 1974 1836 138 108
is_linear=0
shrinkage=0.04


Tree=50
num_leaves=7
num_cat=0
split_feature=35 59 61 66 100 35
split_gain=0.0511583 0.0619177 0.0809159 0.0633325 0.0311309 0.0191374
threshold=-1.0581578299212142 1.0000000180025095e-35 -1.0196470944308447 -0.5537141356414369 0.34261770436691669 -1.296145179411446
decision_type=2 2 2 2 2 2
left_child=4 3 -3 -2 5 -1
right_child=1 2 -4 -5 -6 -7
leaf_value=0.00091248067262183347 0.00088700222220237121 0.00033348249638483793 -0.00051715036880947338 2.0156902202940575e-05 0.0016097032136860349 -5.7948387266266386e-05
leaf_weight=54 159 241 680 831 40 77
leaf_count=54 159 241 680 831 40 77
internal_value=9.91498e-07 -5.85793e-05 -0.000294323 0.000160885 0.000659702 0.000349782
internal_weight=2082 1911 921 990 171 131
internal_count=2082 1911 921 990 171 131
is_linear=0
shrinkage=0.04


Tree=51
num_leaves=6
num_cat=0
split_feature=36 53 89 53 101
split_gain=0.0491552 0.070644 0.0687001 0.0677768 0.0546865
threshold=0.28887423291148923 -0.74999999999999989 1.6886528797383435 -0.58333333333333315 0.95272246595338261
decision_type=2 2 2 2 2
left_child=2 -2 3 -1 -3
right_child=1 4 -4 -5 -6
leaf_value=-0.00043997289628976496 0.00085713029845068474 -0.00061950256604938496 -0.00099484799472891066 0.00033183754410643409 0.0003076435307112451
leaf_weight=216 76 476 79 1107 128
leaf_count=216 76 476 79 1107 128
internal_value=1.07421e-06 -0.000277526 0.000136404 0.000205354 -0.000422654
internal_weight=2082 680 1402 1323 604
internal_count=2082 680 1402 1323 604
is_linear=0
shrinkage=0.04


Tree=52
num_leaves=6
num_cat=0
split_feature=73 106 96 73 20
split_gain=0.0493885 0.0479342 0.0577396 0.0197568 0.0169459
threshold=-0.63322948911606247 1.1749481903973653 0.69601107359009751 0.30238287539015646 0.15271141808926861
decision_type=2 2 2 2 2
left_child=4 2 -2 -3 -1
right_child=1 3 -4 -5 -6
leaf_value=-0.00031725587348254135 0.00019475203522218297 -0.0012617298491374132 -0.00037642351049065634 -0.00020871763103799421 -0.0014632237866222251
leaf_weight=40 1539 57 345 57 44
leaf_count=40 1539 57 345 57 44
internal_value=1.00983e-06 4.13688e-05 8.98695e-05 -0.0007479 -0.000937593
internal_weight=2082 1998 1884 114 84
internal_count=2082 1998 1884 114 84
is_linear=0
shrinkage=0.04


Tree=53
num_leaves=6
num_cat=0
split_feature=72 96 95 42 39
split_gain=0.049032 0.0588737 0.0636242 0.0334855 0.0296736
threshold=2.0354796335813794 0.70327484954918951 1.7830681578982499 0.37848339071485887 -0.020689699256484454
decision_type=2 2 2 2 2
left_child=1 2 -1 -3 -2
right_child=4 3 -4 -5 -6
leaf_value=0.00010661086458953125 8.0463352746197166e-05 -0.00080005612084847191 -0.0012310984723913185 2.5658935082305346e-05 0.0015338250829909856
leaf_weight=1590 40 225 57 120 50
leaf_count=1590 40 225 57 120 50
internal_value=8.37669e-07 -4.08188e-05 5.88779e-05 -0.000514358 0.000903678
internal_weight=2082 1992 1647 345 90
internal_count=2082 1992 1647 345 90
is_linear=0
shrinkage=0.04


Tree=54
num_leaves=6
num_cat=0
split_feature=71 101 77 45 26
split_gain=0.0477375 0.0557208 0.100055 0.0562999 0.0250754
threshold=-0.87147482617615146 0.25522735109261818 0.9293063591687073 1.7074822554132434 0.33698473552865599
decision_type=2 2 2 2 2
left_child=4 2 -2 -3 -1
right_child=1 3 -4 -5 -6
leaf_value=0.0012075946446093912 -0.00037265287978088606 8.7645579972157748e-05 0.00078158935427454976 0.0011618879846606307 -7.1002920396329674e-06
leaf_weight=75 981 764 135 85 42
leaf_count=75 981 764 135 85 42
internal_value=7.93236e-07 -4.62731e-05 -0.000231878 0.000197674 0.000778759
internal_weight=2082 1965 1116 849 117
internal_count=2082 1965 1116 849 117
is_linear=0
shrinkage=0.04


Tree=55
num_leaves=7
num_cat=0
split_feature=35 97 106 100 102 47
split_gain=0.04627 0.0491699 0.0651681 0.0396576 0.0391845 0.0238863
threshold=-0.94018020238973821 0.50072018496154003 1.0497970004525752 0.48500101452626676 -0.10810968322502482 0.38142186104527193
decision_type=2 2 2 2 2 2
left_child=3 2 -2 5 -3 -1
right_child=1 4 -4 -5 -6 -7
leaf_value=0.00055924692730073848 8.9940834959891926e-05 -0.00099113487427433334 -0.0010311966569894469 0.0014435694079127229 -9.2662268679549273e-05 -0.0003840396580441544
leaf_weight=122 1445 148 86 55 162 64
leaf_count=122 1445 148 86 55 162 64
internal_value=8.71256e-07 -6.75354e-05 2.57006e-05 0.000519685 -0.000525214 0.000234043
internal_weight=2082 1841 1531 241 310 186
internal_count=2082 1841 1531 241 310 186
is_linear=0
shrinkage=0.04


Tree=56
num_leaves=5
num_cat=0
split_feature=109 108 37 34
split_gain=0.0454396 0.0537373 0.0606807 0.0553393
threshold=-1.0691488331937276 -0.080667692941094091 -0.77395534536118682 0.348109351908308
decision_type=2 2 2 2
left_child=-1 3 -3 -2
right_child=1 2 -4 -5
leaf_value=-0.0011231996512131965 0.00053304799500134925 0.00063771655227920238 -0.00026041435065954788 -9.9736876642786339e-05
leaf_weight=54 514 135 993 386
leaf_count=54 514 135 993 386
internal_value=8.20809e-07 3.18275e-05 -0.000151987 0.000262034
internal_weight=2082 2028 1128 900
internal_count=2082 2028 1128 900
is_linear=0
shrinkage=0.04


Tree=57
num_leaves=5
num_cat=0
split_feature=73 109 108 20
split_gain=0.0455971 0.0451164 0.0482513 0.0155051
threshold=-0.63322948911606247 -1.0691488331937276 -0.080667692941094091 0.15271141808926861
decision_type=2 2 2 2
left_child=3 -2 -3 -1
right_child=1 2 -4 -5
leaf_value=-0.00030744243379948391 -0.0010798762614909461 0.00029628623013316447 -0.00010479756982924074 -0.0014039209400146754
leaf_weight=40 54 855 1089 44
leaf_count=40 54 855 1089 44
internal_value=7.75976e-07 3.9555e-05 7.17282e-05 -0.000901081
internal_weight=2082 1998 1944 84
internal_count=2082 1998 1944 84
is_linear=0
shrinkage=0.04


Tree=58
num_leaves=7
num_cat=0
split_feature=36 28 53 72 46 40
split_gain=0.0435839 0.0613976 0.0612047 0.0580903 0.0528418 0.0187642
threshold=0.28887423291148923 -0.7044775484810385 -0.74999999999999989 1.6204042334970465 -0.21085843214178576 -0.12580348536691566
decision_type=2 2 2 2 2 2
left_child=1 5 -2 -3 -4 -1
right_child=2 3 4 -5 -6 -7
leaf_value=0.000548244374465347 0.00079447101335972548 -2.1221774823091489e-05 8.1808124124301793e-05 0.0010917381519393529 -0.00068790400952032206 0.0015956011527217926
leaf_weight=68 76 1208 229 78 375 48
leaf_count=68 76 1208 229 78 375 48
internal_value=6.4514e-07 0.000128075 -0.000261691 4.78732e-05 -0.000396769 0.00100133
internal_weight=2082 1402 680 1286 604 116
internal_count=2082 1402 680 1286 604 116
is_linear=0
shrinkage=0.04


Tree=59
num_leaves=5
num_cat=0
split_feature=35 37 109 64
split_gain=0.0449 0.0454691 0.0548534 0.0175821
threshold=-1.296145179411446 -1.0178359160992552 -1.0691488331937276 -0.32225458742699381
decision_type=2 2 2 2
left_child=-1 3 -3 -2
right_child=1 2 -4 -5
leaf_value=0.0010355393790568298 0.0011407202619094668 -0.0014580284839806456 -4.4680799902414433e-05 8.4923977209698591e-05
leaf_weight=63 68 43 1868 40
leaf_count=63 68 43 1868 40
internal_value=7.49956e-07 -3.2532e-05 -7.79741e-05 0.000758338
internal_weight=2082 2019 1911 108
internal_count=2082 2019 1911 108
is_linear=0
shrinkage=0.04


Tree=60
num_leaves=6
num_cat=0
split_feature=73 37 35 47 20
split_gain=0.0416617 0.0385879 0.0425184 0.0143232 0.0142832
threshold=-0.63322948911606247 -1.0178359160992552 -1.0581578299212142 -0.28962854542384248 0.15271141808926861
decision_type=2 2 2 2 2
left_child=4 3 -3 -2 -1
right_child=1 2 -4 -5 -6
leaf_value=-0.00029175936817842909 0.0012640457166194477 0.00059576868194664379 -6.3744660969983883e-05 0.00032163468936201312 -0.001343888043243762
leaf_weight=40 49 170 1723 56 44
leaf_count=40 49 170 1723 56 44
internal_value=7.49075e-07 3.78169e-05 -3.9511e-06 0.000776833 -0.000861311
internal_weight=2082 1998 1893 105 84
internal_count=2082 1998 1893 105 84
is_linear=0
shrinkage=0.04


Tree=61
num_leaves=6
num_cat=0
split_feature=71 71 28 14 2
split_gain=0.0412542 0.0448177 0.0421052 0.0364924 0.0207462
threshold=2.8903518024562258 -0.89825468853486579 -0.7044775484810385 -0.47424849212406278 0.20322071020245594
decision_type=2 2 2 2 2
left_child=1 4 -3 -2 -1
right_child=3 2 -4 -5 -6
leaf_value=0.0013829903642181307 2.5188336965807701e-05 0.00051515515510896766 -0.00014499507083746507 0.00148323938656937 0.00022472653317857872
leaf_weight=46 55 168 1707 53 53
leaf_count=46 55 168 1707 53 53
internal_value=7.37619e-07 -4.12331e-05 -8.53597e-05 0.000754672 0.000779639
internal_weight=2082 1974 1875 108 99
internal_count=2082 1974 1875 108 99
is_linear=0
shrinkage=0.04


Tree=62
num_leaves=7
num_cat=0
split_feature=33 46 40 40 89 107
split_gain=0.0394516 0.0773777 0.0842415 0.0748564 0.0532107 0.0624154
threshold=0.12482514632886156 0.088844600615495456 0.63798157845801651 -0.79691527010089336 1.6886528797383435 -0.37076195831157793
decision_type=2 2 2 2 2 2
left_child=4 2 -2 -3 5 -1
right_child=1 3 -4 -5 -6 -7
leaf_value=-0.00029588527558046921 0.00029267725586390399 -0.0020850479474985133 -0.0010938515322475989 -0.00042009030291637067 -0.0010392858620259192 0.0003878965179385481
leaf_weight=285 482 49 80 295 55 836
leaf_count=285 482 49 80 295 55 836
internal_value=8.41946e-07 -0.000197295 9.21276e-05 -0.000667931 0.000153564 0.000213836
internal_weight=2082 906 562 344 1176 1121
internal_count=2082 906 562 344 1176 1121
is_linear=0
shrinkage=0.04


Tree=63
num_leaves=6
num_cat=0
split_feature=73 109 108 5 20
split_gain=0.0383947 0.0382829 0.0499119 0.0254825 0.0132421
threshold=-0.63322948911606247 -0.99168855429857194 -0.080667692941094091 0.11377362113503318 0.15271141808926861
decision_type=2 2 2 2 2
left_child=4 3 -3 -2 -1
right_child=1 2 -4 -5 -6
leaf_value=-0.00027866877453301903 -0.0014594382157718593 0.00030883913306460831 -0.00010363805791085474 -0.00010083782957232695 -0.0012915530266321225
leaf_weight=40 42 822 1089 45 44
leaf_count=40 42 822 1089 45 44
internal_value=6.44979e-07 3.62298e-05 7.39228e-05 -0.000774771 -0.000826925
internal_weight=2082 1998 1911 87 84
internal_count=2082 1998 1911 87 84
is_linear=0
shrinkage=0.04


Tree=64
num_leaves=5
num_cat=0
split_feature=35 59 45 28
split_gain=0.038263 0.0424735 0.0624953 0.0553609
threshold=-1.296145179411446 1.0000000180025095e-35 -1.6974593358217505 0.79187083360333987
decision_type=2 2 2 2
left_child=-1 3 -3 -2
right_child=1 2 -4 -5
leaf_value=0.00095576032885135375 0.00025383072137887349 0.00066140241849074212 -0.00033045946914742784 -0.00067755835120687671
leaf_weight=63 913 113 880 113
leaf_count=63 913 113 880 113
internal_value=5.06885e-07 -3.02168e-05 -0.000216486 0.000150132
internal_weight=2082 2019 993 1026
internal_count=2082 2019 993 1026
is_linear=0
shrinkage=0.04


Tree=65
num_leaves=7
num_cat=0
split_feature=71 17 97 71 102 12
split_gain=0.0375997 0.0452362 0.0429373 0.0484185 0.0278635 0.0139404
threshold=2.6360151785863848 0.39129560558344195 0.50636507079518189 -0.87147482617615146 -0.035608845926037198 -0.20566055152282756
decision_type=2 2 2 2 2 2
left_child=2 5 3 -1 -4 -2
right_child=1 -3 4 -5 -6 -7
leaf_value=0.000886478883278842 0.00054684357046859249 -0.00036418996713295272 -0.00078134028706699609 -1.7802152048173301e-05 -2.2780636050512514e-05 0.0015771833476874064
leaf_weight=99 40 47 186 1527 132 51
leaf_count=99 40 47 186 1527 132 51
internal_value=5.19739e-07 0.000633663 -4.50307e-05 3.8277e-05 -0.000468577 0.00114579
internal_weight=2082 138 1944 1626 318 91
internal_count=2082 138 1944 1626 318 91
is_linear=0
shrinkage=0.04


Tree=66
num_leaves=7
num_cat=0
split_feature=33 46 59 40 89 109
split_gain=0.036011 0.071586 0.0929642 0.0701525 0.0482304 0.0501108
threshold=0.12482514632886156 0.088844600615495456 -0.40037509062905613 -0.79691527010089336 1.6886528797383435 -1.0394530750409938
decision_type=2 2 2 2 2 2
left_child=4 2 -2 -3 5 -1
right_child=1 3 -4 -5 -6 -7
leaf_value=-0.0011528249892372904 0.00083399789012868751 -0.0020132295945294054 -0.00026361249984802271 -0.00040152777839288969 -0.00098917675202532681 0.00025609928527773836
leaf_weight=40 180 49 382 295 55 1081
leaf_count=40 180 49 382 295 55 1081
internal_value=5.68982e-07 -0.000188731 8.96461e-05 -0.000641412 0.00014648 0.000203862
internal_weight=2082 906 562 344 1176 1121
internal_count=2082 906 562 344 1176 1121
is_linear=0
shrinkage=0.04


Tree=67
num_leaves=6
num_cat=0
split_feature=72 96 89 35 102
split_gain=0.0359857 0.0436656 0.0570481 0.0362623 0.0202759
threshold=1.8926969256435808 0.70327484954918951 1.7611926962266955 -0.019696710490235688 0.021273274405146658
decision_type=2 2 2 2 2
left_child=1 2 -1 -2 -3
right_child=3 4 -4 -5 -6
leaf_value=9.2583687255500086e-05 0.0013879987069180812 -0.00065804623372781859 -0.0012414469423194258 -0.00016983984126931148 -6.9182273151015806e-06
leaf_weight=1590 56 231 51 40 114
leaf_count=1590 56 231 51 40 114
internal_value=4.03026e-07 -3.64843e-05 4.96631e-05 0.00074868 -0.000444171
internal_weight=2082 1986 1641 96 345
internal_count=2082 1986 1641 96 345
is_linear=0
shrinkage=0.04


Tree=68
num_leaves=7
num_cat=0
split_feature=73 97 102 106 60 37
split_gain=0.0352288 0.0380357 0.0478928 0.0450804 0.0227107 0.00852223
threshold=-0.53710491344498978 0.42669224994491345 0.13638963217587571 1.0497970004525752 0.32484307969388732 -0.34165694069403735
decision_type=2 2 2 2 2 2
left_child=4 3 -3 -2 5 -1
right_child=1 2 -4 -5 -6 -7
leaf_value=0.00017946378444321453 0.00020929800183072726 -0.00059499301112653008 0.00024729455913819203 -0.0006327335671733388 -0.0013443255021014589 -0.00052207812037947888
leaf_weight=42 1362 279 174 108 42 75
leaf_count=42 1362 279 174 108 42 75
internal_value=3.64039e-07 4.79026e-05 -0.0002718 0.000146659 -0.000568037 -0.000271459
internal_weight=2082 1923 453 1470 159 117
internal_count=2082 1923 453 1470 159 117
is_linear=0
shrinkage=0.04


Tree=69
num_leaves=5
num_cat=0
split_feature=35 28 35 101
split_gain=0.0348185 0.0364808 0.049526 0.0484437
threshold=-1.296145179411446 -0.68695583155951134 0.37892670622565189 0.47818925597794043
decision_type=2 2 2 2
left_child=-1 2 -2 -3
right_child=1 3 -4 -5
leaf_value=0.0009114976100659428 0.00087095429752828343 -0.00022838223678826343 -0.00041614020559740006 0.00021756641705277901
leaf_weight=63 147 1236 69 567
leaf_count=63 147 1236 69 567
internal_value=2.55116e-07 -2.90528e-05 0.000459753 -8.80565e-05
internal_weight=2082 2019 216 1803
internal_count=2082 2019 216 1803
is_linear=0
shrinkage=0.04


Tree=70
num_leaves=7
num_cat=0
split_feature=36 53 61 66 46 33
split_gain=0.0335236 0.0578389 0.0481961 0.0462037 0.044715 0.0421635
threshold=0.28887423291148923 -0.74999999999999989 0.33759383147683752 0.8321514221095706 -0.23768192819614872 -0.33294745136350573
decision_type=2 2 2 2 2 2
left_child=2 -2 3 -1 -3 -4
right_child=1 4 5 -5 -6 -7
leaf_value=-0.0001156095557987526 0.00079672906380624342 0.00010634120440580578 -0.00018976251008487972 0.0004544125930147023 -0.00061322526081594015 0.0011481348906012545
leaf_weight=930 76 212 54 299 392 119
leaf_count=930 76 212 54 299 392 119
internal_value=2.96947e-07 -0.000229778 0.000112057 2.35825e-05 -0.000361145 0.000733129
internal_weight=2082 680 1402 1229 604 173
internal_count=2082 680 1402 1229 604 173
is_linear=0
shrinkage=0.04


Tree=71
num_leaves=7
num_cat=0
split_feature=103 59 31 90 65 6
split_gain=0.0325051 0.0468521 0.0868407 0.0443985 0.0158185 0.00615462
threshold=-1.5799503209976422 1.0000000180025095e-35 -1.0948257844484635 0.8496455232421346 -0.18525740056652062 0.22190033045508331
decision_type=2 2 2 2 2 2
left_child=4 3 -3 -2 5 -1
right_child=1 2 -4 -5 -6 -7
leaf_value=0.0012939783173524552 0.00023464359631701563 0.00092177575602513432 -0.00038132172064461674 -0.00058636050623403317 6.0702272956924779e-05 0.0005556385919213468
leaf_weight=40 924 89 817 117 54 41
leaf_count=40 924 89 817 117 54 41
internal_value=3.45994e-07 -4.15176e-05 -0.000251565 0.000141422 0.000595904 0.000942645
internal_weight=2082 1947 906 1041 135 81
internal_count=2082 1947 906 1041 135 81
is_linear=0
shrinkage=0.04


Tree=72
num_leaves=6
num_cat=0
split_feature=45 71 97 89 77
split_gain=0.0315634 0.0630546 0.0610635 0.0559146 0.0486361
threshold=-1.4092387890271987 0.77709649130628644 0.42669224994491345 2.3040101133225961 1.0244186351979889
decision_type=2 2 2 2 2
left_child=1 2 -1 4 -2
right_child=3 -3 -4 -5 -6
leaf_value=0.00055158877893256308 -7.5150451758762286e-05 0.0015579167413525283 -0.0010828889702569763 -0.001234991176001307 0.00068407526863604269
leaf_weight=116 1652 58 51 60 145
leaf_count=116 1652 58 51 60 145
internal_value=4.1273e-07 0.00044568 4.55288e-05 -5.39587e-05 -1.31961e-05
internal_weight=2082 225 167 1857 1797
internal_count=2082 225 167 1857 1797
is_linear=0
shrinkage=0.04


Tree=73
num_leaves=6
num_cat=0
split_feature=73 109 14 97 20
split_gain=0.0312481 0.0319258 0.046766 0.0411878 0.0119253
threshold=-0.63322948911606247 -0.85109768395002428 -0.42843019272939359 0.42669224994491345 0.15271141808926861
decision_type=2 2 2 2 2
left_child=4 2 -2 -3 -1
right_child=1 3 -4 -5 -6
leaf_value=-0.00022820047729293862 0.00019679573831709628 0.00018722584759811925 -0.0011760935572220194 -0.0002512365595146268 -0.0011866680423364691
leaf_weight=40 76 1389 80 453 44
leaf_count=40 76 1389 80 453 44
internal_value=4.11596e-07 3.25145e-05 -0.000513225 7.924e-05 -0.000746176
internal_weight=2082 1998 156 1842 84
internal_count=2082 1998 156 1842 84
is_linear=0
shrinkage=0.04


Tree=74
num_leaves=6
num_cat=0
split_feature=30 59 103 90 59
split_gain=0.0304275 0.0408134 0.05303 0.0407984 0.0288872
threshold=-1.5228125663193566 1.0000000180025095e-35 -1.5799503209976422 0.8496455232421346 0.51688612246148069
decision_type=2 2 2 2 2
left_child=4 3 -3 -2 -1
right_child=1 2 -4 -5 -6
leaf_value=-2.1847679606816243e-05 0.00023665440583934926 0.00054549427485198979 -0.00032783708641803558 -0.00055726604288917545 0.0014705140263838476
leaf_weight=40 905 126 855 115 41
leaf_count=40 905 126 855 115 41
internal_value=3.0077e-07 -3.07977e-05 -0.000214784 0.000146228 0.000750777
internal_weight=2082 2001 981 1020 81
internal_count=2082 2001 981 1020 81
is_linear=0
shrinkage=0.04


Tree=75
num_leaves=7
num_cat=0
split_feature=33 107 42 11 109 108
split_gain=0.0299796 0.0431534 0.0670391 0.0627221 0.0393681 0.0498815
threshold=0.12482514632886156 -0.026465414890408743 -0.079352977205867481 -0.37975914156182428 -1.0394530750409938 -0.35868838990954133
decision_type=2 2 2 2 2 2
left_child=4 3 -3 -2 -1 -6
right_child=1 2 -4 -5 5 -7
leaf_value=-0.0010697384911569922 0.00092348131234757606 -0.0017472953364319568 -0.00026542741620055101 -0.00016342353803421164 0.0006336669964498422 2.3796129962189204e-05
leaf_weight=40 110 54 392 350 285 851
leaf_count=40 110 54 392 350 285 851
internal_value=3.40399e-07 -0.000172381 -0.000451846 9.93611e-05 0.000133473 0.000177645
internal_weight=2082 906 446 460 1176 1136
internal_count=2082 906 446 460 1176 1136
is_linear=0
shrinkage=0.04


Tree=76
num_leaves=7
num_cat=0
split_feature=71 17 71 24 26 41
split_gain=0.0301169 0.0384872 0.0330392 0.0364994 0.0203502 0.0167337
threshold=2.6360151785863848 0.39129560558344195 -0.87147482617615146 1.1399103773828612 0.33698473552865599 -0.12750512319797455
decision_type=2 2 2 2 2 2
left_child=2 5 4 -4 -1 -2
right_child=1 -3 3 -5 -6 -7
leaf_value=0.00099182426094912091 0.00039803535275582578 -0.0003529574379933124 -0.0001208189904954218 0.00074781294055513024 -9.8411584569310604e-05 0.001508401472666213
leaf_weight=75 40 47 1748 79 42 51
leaf_count=75 40 47 1748 79 42 51
internal_value=2.6287e-07 0.000566913 -4.05036e-05 -8.24824e-05 0.000605381 0.00103938
internal_weight=2082 138 1944 1827 117 91
internal_count=2082 138 1944 1827 117 91
is_linear=0
shrinkage=0.04


Tree=77
num_leaves=5
num_cat=0
split_feature=35 37 109 77
split_gain=0.0288852 0.0312502 0.0389991 0.0130757
threshold=-1.296145179411446 -1.0178359160992552 -1.0691488331937276 -0.23406319551852661
decision_type=2 2 2 2
left_child=-1 3 -3 -2
right_child=1 2 -4 -5
leaf_value=0.00083034918171604388 0.0011863335672145088 -0.0012276441858977908 -3.5926656672533544e-05 0.0002771420723043515
leaf_weight=63 40 43 1868 68
leaf_count=63 40 43 1868 68
internal_value=3.70353e-07 -2.6324e-05 -6.39973e-05 0.000629327
internal_weight=2082 2019 1911 108
internal_count=2082 2019 1911 108
is_linear=0
shrinkage=0.04


Tree=78
num_leaves=6
num_cat=0
split_feature=72 97 44 11 38
split_gain=0.0285982 0.0338965 0.0411922 0.0325997 0.0266481
threshold=1.8926969256435808 0.60787242488530002 -1.7235905971444396 -0.093586918935390992 0.81237537892249723
decision_type=2 2 2 2 2
left_child=1 2 -1 -2 -3
right_child=3 4 -4 -5 -6
leaf_value=0.00066465099537745117 0.001299621431597708 -0.00023856656529722895 -2.8876026827097966e-05 -0.00016745054544034331 -0.0012166358702334352
leaf_weight=148 54 199 1583 42 56
leaf_count=148 54 199 1583 42 56
internal_value=3.95088e-07 -3.24887e-05 3.1119e-05 0.000667459 -0.000461155
internal_weight=2082 1986 1731 96 255
internal_count=2082 1986 1731 96 255
is_linear=0
shrinkage=0.04


Tree=79
num_leaves=6
num_cat=0
split_feature=45 71 97 89 77
split_gain=0.0282186 0.0576803 0.0507793 0.0506207 0.0427154
threshold=-1.4092387890271987 0.77709649130628644 0.42669224994491345 2.3040101133225961 1.0244186351979889
decision_type=2 2 2 2 2
left_child=1 2 -1 4 -2
right_child=3 -3 -4 -5 -6
leaf_value=0.00050025969660856713 -7.0295215063776822e-05 0.0014851826113493492 -0.00099023521526382771 -0.0011747518923479103 0.00064121916427650825
leaf_weight=116 1652 58 51 60 145
leaf_count=116 1652 58 51 60 145
internal_value=3.9129e-07 0.000421406 3.87466e-05 -5.10187e-05 -1.22341e-05
internal_weight=2082 225 167 1857 1797
internal_count=2082 225 167 1857 1797
is_linear=0
shrinkage=0.04


Tree=80
num_leaves=7
num_cat=0
split_feature=36 35 72 28 14 46
split_gain=0.0282176 0.0806266 0.097764 0.0443929 0.0400299 0.00889979
threshold=0.28887423291148923 0.34824860211657788 0.18820722095855943 -0.74881333106264858 -0.39551320138923363 0.063162394758230753
decision_type=2 2 2 2 2 2
left_child=3 -2 -3 5 -5 -1
right_child=1 2 -4 4 -6 -7
leaf_value=0.00049234610228657922 -0.0013953986496630091 -0.00042550904618184754 0.00063912772325943159 -0.00030732416677237389 0.00018238861715532209 0.0013353225458603429
leaf_weight=40 79 390 211 370 945 47
leaf_count=40 79 390 211 370 945 47
internal_value=3.90662e-07 -0.000210693 -5.08546e-05 0.000102925 4.43413e-05 0.000967521
internal_weight=2082 680 601 1402 1315 87
internal_count=2082 680 601 1402 1315 87
is_linear=0
shrinkage=0.04


Tree=81
num_leaves=6
num_cat=0
split_feature=73 5 24 60 20
split_gain=0.027464 0.0263559 0.0573635 0.0479933 0.0107746
threshold=-0.63322948911606247 0.98012666576315688 1.1399103773828612 0.42606063069766137 0.15271141808926861
decision_type=2 2 2 2 2
left_child=4 3 -3 -2 -1
right_child=1 2 -4 -5 -6
leaf_value=-0.0002077492920216173 -2.099723729340332e-05 -0.0008979344835108895 0.00063246663153302253 0.00050962182327991346 -0.0011181303291865018
leaf_weight=40 1486 125 55 332 44
leaf_count=40 1486 125 55 332 44
internal_value=3.95035e-07 3.04914e-05 -0.0004285 7.6357e-05 -0.000699529
internal_weight=2082 1998 180 1818 84
internal_count=2082 1998 180 1818 84
is_linear=0
shrinkage=0.04


Tree=82
num_leaves=7
num_cat=0
split_feature=35 28 28 36 14 100
split_gain=0.0270702 0.0307157 0.0639984 0.0421874 0.022774 0.0129507
threshold=-1.0581578299212142 -0.66636035896878354 -0.49678116561640556 0.46108538180170638 -0.5540872282794721 0.23688436209611416
decision_type=2 2 2 2 2 2
left_child=4 3 -3 -2 -1 -6
right_child=1 2 -4 -5 5 -7
leaf_value=-0.00027283135597826912 0.00070573374234016108 -0.0008384196522786036 -1.9817457956532136e-05 -0.00051303677343493028 0.00045863170517961786 0.0013368658057325298
leaf_weight=46 171 168 1512 60 85 40
leaf_count=46 171 168 1512 60 85 40
internal_value=3.36901e-07 -4.2996e-05 -0.000102577 0.000387484 0.0004795 0.000756294
internal_weight=2082 1911 1680 231 171 125
internal_count=2082 1911 1680 231 171 125
is_linear=0
shrinkage=0.04


Tree=83
num_leaves=6
num_cat=0
split_feature=45 71 89 97 77
split_gain=0.0268196 0.0530014 0.0463959 0.0462366 0.0386287
threshold=-1.4092387890271987 0.77709649130628644 2.3040101133225961 0.42669224994491345 1.0244186351979889
decision_type=2 2 2 2 2
left_child=1 3 4 -1 -2
right_child=2 -3 -4 -5 -6
leaf_value=0.00048421567045467894 -6.7843915225978508e-05 0.0014305272291797642 -0.0011255818886791295 -0.00093805900300448803 0.00060877923142730391
leaf_weight=116 1652 58 60 51 145
leaf_count=116 1652 58 60 51 145
internal_value=3.56329e-07 0.000410802 -4.9763e-05 4.39072e-05 -1.26311e-05
internal_weight=2082 225 1857 167 1797
internal_count=2082 225 1857 167 1797
is_linear=0
shrinkage=0.04


Tree=84
num_leaves=6
num_cat=0
split_feature=84 28 24 61 42
split_gain=0.0261024 0.0380379 0.0647727 0.0475095 0.0298628
threshold=0.96634658939994311 0.79187083360333987 1.1025701386391829 0.27979104531310905 -0.23470782243219734
decision_type=2 2 2 2 2
left_child=1 3 -3 -1 -2
right_child=4 2 -4 -5 -6
leaf_value=-9.6968310179486788e-05 0.0011326260997656622 -0.00078779503072105113 0.00055163988676399766 0.00037093278606837747 -0.00016086782109649741
leaf_weight=1178 65 224 76 490 49
leaf_count=1178 65 224 76 490 49
internal_value=3.57125e-07 -3.39784e-05 -0.000447065 4.07643e-05 0.000583463
internal_weight=2082 1968 300 1668 114
internal_count=2082 1968 300 1668 114
is_linear=0
shrinkage=0.04


Tree=85
num_leaves=7
num_cat=0
split_feature=71 17 71 24 2 41
split_gain=0.0261766 0.0335013 0.0279148 0.0307193 0.0164438 0.0156146
threshold=2.6360151785863848 0.39129560558344195 -0.89825468853486579 1.1399103773828612 0.20322071020245594 -0.12750512319797455
decision_type=2 2 2 2 2 2
left_child=2 5 4 -4 -1 -2
right_child=1 -3 3 -5 -6 -7
leaf_value=0.0011465712357312441 0.00035215197690593504 -0.00032954963893458552 -0.00010781864338504959 0.00068888652793787147 0.00011946062013422224 0.001422086669135408
leaf_weight=46 40 47 1766 79 53 51
leaf_count=46 40 47 1766 79 53 51
internal_value=3.81595e-07 0.000528665 -3.76248e-05 -7.2996e-05 0.000609958 0.000969473
internal_weight=2082 138 1944 1845 99 91
internal_count=2082 138 1944 1845 99 91
is_linear=0
shrinkage=0.04


Tree=86
num_leaves=8
num_cat=0
split_feature=36 28 65 77 14 106 106
split_gain=0.0259708 0.0514745 0.0717205 0.0708532 0.0492478 0.042973 0.0373876
threshold=0.095378139243838575 -0.28148329324183469 -0.33182635515758924 0.95839162902357156 -0.39551320138923363 -0.15620519362429294 1.4650407668647658
decision_type=2 2 2 2 2 2 2
left_child=4 2 -2 -3 5 -1 -6
right_child=1 3 -4 -5 6 -7 -8
leaf_value=0.00040932794046966592 -0.0016374386647095283 -0.00012506658222067533 -0.00023843604249149477 0.0010367127181040031 0.00035083194880199695 -0.00060695837189115958 -0.0008755914514352169
leaf_weight=94 73 497 273 99 789 217 40
leaf_count=94 73 497 273 99 789 217 40
internal_value=4.92696e-07 -0.000154744 -0.000541316 7.07354e-05 0.000128813 -0.000299132 0.000289691
internal_weight=2082 942 346 596 1140 311 829
internal_count=2082 942 346 596 1140 311 829
is_linear=0
shrinkage=0.04


Tree=87
num_leaves=7
num_cat=0
split_feature=24 28 53 59 35 41
split_gain=0.0259009 0.0545559 0.0696473 0.0435035 0.0341504 0.02221
threshold=0.56151398503433214 -0.24288847736692101 -0.74999999999999989 -0.64316221139735708 -0.14724734864537833 0.0039527997240225363
decision_type=2 2 2 2 2 2
left_child=3 -2 -3 5 -5 -1
right_child=1 2 -4 4 -6 -7
leaf_value=0.00028271526436410136 -0.0014722960556523418 0.0012043223751243204 -0.00031425460093330179 0.00020577964631903438 -0.00017023731798977357 0.0016169587026039758
leaf_weight=40 51 54 351 813 733 40
leaf_count=40 51 54 351 813 733 40
internal_value=4.08243e-07 -0.000265331 -0.000106855 7.51673e-05 2.75103e-05 0.000973004
internal_weight=2082 456 405 1626 1546 80
internal_count=2082 456 405 1626 1546 80
is_linear=0
shrinkage=0.04


Tree=88
num_leaves=6
num_cat=0
split_feature=26 35 72 14 32
split_gain=0.0254026 0.0320975 0.0373958 0.0295642 0.0269403
threshold=1.0704272339374457 -0.14724734864537833 1.6204042334970465 1.2501350553569475 1.2630890840625288
decision_type=2 2 2 2 2
left_child=1 2 -1 -3 -2
right_child=4 3 -4 -5 -6
leaf_value=0.00014282323839323642 -0.0011793646714569807 -0.00016339113416051986 0.0011497675641294336 0.00059558939346991311 0.00016273617776321425
leaf_weight=771 56 1066 62 87 40
leaf_count=771 56 1066 62 87 40
internal_value=4.43849e-07 3.14352e-05 0.000220344 -0.00010519 -0.000628247
internal_weight=2082 1986 833 1153 96
internal_count=2082 1986 833 1153 96
is_linear=0
shrinkage=0.04


Tree=89
num_leaves=6
num_cat=0
split_feature=45 89 70 25 96
split_gain=0.0248784 0.0410985 0.0358793 0.0308458 0.0280356
threshold=-1.4092387890271987 2.3040101133225961 0.34096201076415872 0.42197327851498811 0.7518497164040322
decision_type=2 2 2 2 2
left_child=2 3 4 -2 -1
right_child=1 -3 -4 -5 -6
leaf_value=0.00038431979039859682 9.6620605229169685e-05 -0.001060358726855127 0.0010709248314738091 -0.0002631707893756257 -0.00080163730682967149
leaf_weight=102 1251 60 79 546 44
leaf_count=102 1251 60 79 546 44
internal_value=4.53281e-07 -4.78183e-05 0.000395766 -1.28694e-05 2.0905e-05
internal_weight=2082 1857 225 1797 146
internal_count=2082 1857 225 1797 146
is_linear=0
shrinkage=0.04


Tree=90
num_leaves=6
num_cat=0
split_feature=30 59 61 47 59
split_gain=0.0236506 0.0325724 0.0434867 0.033037 0.0220975
threshold=-1.5228125663193566 -0.0094316065844767417 -1.0196470944308447 0.5710745186884757 0.51688612246148069
decision_type=2 2 2 2 2
left_child=4 3 -3 -2 -1
right_child=1 2 -4 -5 -6
leaf_value=-1.3948637171692791e-05 0.00027594748635385543 0.00024553879132134266 -0.00035005262999902387 -0.00023169706538734775 0.0012915511422812245
leaf_weight=40 725 267 725 284 41
leaf_count=40 725 267 725 284 41
internal_value=4.13144e-07 -2.70044e-05 -0.000189576 0.000132887 0.000662059
internal_weight=2082 2001 992 1009 81
internal_count=2082 2001 992 1009 81
is_linear=0
shrinkage=0.04


Tree=91
num_leaves=7
num_cat=0
split_feature=28 28 35 40 35 40
split_gain=0.0238819 0.0433233 0.0712028 0.0514107 0.0342393 0.0254887
threshold=-0.68695583155951134 -0.49678116561640556 -0.18558503079046307 -0.85768363988253282 0.37892670622565189 -0.12580348536691566
decision_type=2 2 2 2 2 2
left_child=4 2 -2 -3 5 -1
right_child=1 3 -4 -5 -6 -7
leaf_value=0.00027095631758552476 0.00072205012829318577 0.0012580022274946364 -0.0010428193153662457 -1.9692379327920766e-05 -0.00033192747598841896 0.0013342976165250336
leaf_weight=84 47 50 146 1623 69 63
leaf_count=84 47 50 146 1623 69 63
internal_value=4.43347e-07 -4.57927e-05 -0.000610035 1.99499e-05 0.000396627 0.000738467
internal_weight=2082 1866 193 1673 216 147
internal_count=2082 1866 193 1673 216 147
is_linear=0
shrinkage=0.04


Tree=92
num_leaves=5
num_cat=0
split_feature=35 45 71 59
split_gain=0.023496 0.0254457 0.046792 0.0356837
threshold=-1.296145179411446 -1.4092387890271987 0.77709649130628644 1.0000000180025095e-35
decision_type=2 2 2 2
left_child=-1 2 -2 -3
right_child=1 3 -4 -5
leaf_value=0.00074906815215945255 2.5912554358972089e-05 9.517041283082207e-05 0.0013349865572915101 -0.00026121168203341468
leaf_weight=63 161 950 58 850
leaf_count=63 161 950 58 850
internal_value=5.09717e-07 -2.35661e-05 0.000381552 -7.32243e-05
internal_weight=2082 2019 219 1800
internal_count=2082 2019 219 1800
is_linear=0
shrinkage=0.04


Tree=93
num_leaves=7
num_cat=0
split_feature=73 101 5 73 39 59
split_gain=0.0227796 0.0239539 0.0410154 0.0278949 0.0177215 0.015963
threshold=-0.53710491344498978 -0.44192898785712642 0.98012666576315688 0.26235332392924909 0.032857954963339965 0.29066759421759786
decision_type=2 2 2 2 2 2
left_child=4 3 -3 -2 5 -1
right_child=1 2 -4 -5 -6 -7
leaf_value=-0.00021231679114323384 -0.00041174166673363008 0.00018675635523254471 -0.00051749761584990971 0.00028582926664057597 0.00017164290645251088 -0.0011797595496755094
leaf_weight=52 324 1328 145 126 49 58
leaf_count=52 324 1328 145 126 49 58
internal_value=5.63951e-07 3.87907e-05 0.000116823 -0.000216021 -0.000456502 -0.000734381
internal_weight=2082 1923 1473 450 159 110
internal_count=2082 1923 1473 450 159 110
is_linear=0
shrinkage=0.04


Tree=94
num_leaves=6
num_cat=0
split_feature=71 17 24 12 41
split_gain=0.0222413 0.028425 0.0269752 0.0529242 0.0146708
threshold=2.6360151785863848 0.39129560558344195 1.1399103773828612 1.0352035045195807 -0.12750512319797455
decision_type=2 2 2 2 2
left_child=2 4 3 -1 -2
right_child=1 -3 -4 -5 -6
leaf_value=-1.5923609007945571e-05 0.00029798013535106466 -0.000303105052598581 0.00068012297159221805 -0.000980249844978971 0.0013316539759343526
leaf_weight=1771 40 47 79 94 51
leaf_count=1771 40 47 79 94 51
internal_value=4.77013e-07 0.000487433 -3.45563e-05 -6.55257e-05 0.000893471
internal_weight=2082 138 1944 1865 91
internal_count=2082 138 1944 1865 91
is_linear=0
shrinkage=0.04


Tree=95
num_leaves=7
num_cat=0
split_feature=103 59 32 109 65 26
split_gain=0.0219632 0.0285304 0.0628616 0.0335952 0.0130329 0.00559183
threshold=-1.5799503209976422 0.082700554765883116 -1.3393410245665305 -0.84230954625836518 -0.18525740056652062 0.62094870656534706
decision_type=2 2 2 2 2 2
left_child=4 3 -3 -2 5 -1
right_child=1 2 -4 -5 -6 -7
leaf_value=0.0011283512203412694 -0.00076770180493921931 0.0011173232531799377 -0.00030825404086000331 0.00014920183308669244 6.1315777877877871e-06 0.00043508765276610144
leaf_weight=41 66 51 756 1074 54 40
leaf_count=41 66 51 756 1074 54 40
internal_value=4.96723e-07 -3.39153e-05 -0.000215622 9.48664e-05 0.000490045 0.000804732
internal_weight=2082 1947 807 1140 135 81
internal_count=2082 1947 807 1140 135 81
is_linear=0
shrinkage=0.04


Tree=96
num_leaves=8
num_cat=0
split_feature=46 40 95 90 71 59 40
split_gain=0.0220835 0.0499291 0.103421 0.0394128 0.0429999 0.0383341 0.0265504
threshold=-0.57023881929936049 -0.78498700613770545 -0.045155528331256918 -0.036781770737407023 0.77709649130628644 -0.0053479769202054188 -0.12580348536691566
decision_type=2 2 2 2 2 2 2
left_child=3 2 -2 6 -5 -3 -1
right_child=1 5 -4 4 -6 -7 -8
leaf_value=0.0011073676434199453 -0.001955963085826126 0.00018585311834660588 0.00060976305921009726 -0.00037139000437327478 0.00081643676210660485 -0.0002181038843281851 0.00021790807073742498
leaf_weight=100 60 764 41 203 62 736 116
leaf_count=100 60 764 41 203 62 736 116
internal_value=5.44422e-07 -7.08965e-05 -0.000922815 0.000237643 -8.94494e-05 -1.23816e-05 0.000636076
internal_weight=2082 1601 101 481 265 1500 216
internal_count=2082 1601 101 481 265 1500 216
is_linear=0
shrinkage=0.04


Tree=97
num_leaves=8
num_cat=0
split_feature=101 45 33 77 35 71 61
split_gain=0.0214012 0.0407382 0.0591835 0.0392827 0.0634435 0.0402879 0.0226569
threshold=0.25522735109261818 1.7074822554132434 1.095100092565398 0.9293063591687073 0.19280334494522242 -0.75330283930770836 -0.44320500754193742
decision_type=2 2 2 2 2 2 2
left_child=3 2 -2 5 -5 -1 -3
right_child=1 6 -4 4 -6 -7 -8
leaf_value=0.00038105953809880542 0.00018360359987360596 0.00027605771747699309 -0.00094122606750932482 -7.7554966618497209e-05 0.0017435462697998763 -0.00028904989018228546 0.0015855235823065692
leaf_weight=168 685 41 82 91 44 927 44
leaf_count=168 685 41 82 91 44 927 44
internal_value=5.37687e-07 0.000154423 6.12129e-05 -0.000106134 0.000532777 -0.000185731 0.000974765
internal_weight=2082 852 767 1230 135 1095 85
internal_count=2082 852 767 1230 135 1095 85
is_linear=0
shrinkage=0.04


Tree=98
num_leaves=7
num_cat=0
split_feature=51 70 97 37 14 10
split_gain=0.0214266 0.0338211 0.0277039 0.0247219 0.0241704 0.0202949
threshold=-1.0776394840562349 0.56243398322362936 0.44873731084794216 -0.956885266966922 0.53568589843478909 0.81643492920455951
decision_type=2 2 2 2 2 2
left_child=1 5 3 -2 -4 -1
right_child=2 -3 4 -5 -6 -7
leaf_value=0.0003634020347328528 0.00055745769312264969 0.0012551137594119558 -0.00021481956960268332 -1.9220923036050228e-05 -0.001113205470208978 -0.00061514245980280515
leaf_weight=120 128 51 285 1397 56 45
leaf_count=120 128 51 285 1397 56 45
internal_value=6.26045e-07 0.000375892 -4.3169e-05 2.9849e-05 -0.000367986 9.23554e-05
internal_weight=2082 216 1866 1525 341 165
internal_count=2082 216 1866 1525 341 165
is_linear=0
shrinkage=0.04


Tree=99
num_leaves=6
num_cat=0
split_feature=45 71 97 89 33
split_gain=0.0211772 0.0393241 0.0357573 0.0357151 0.0284103
threshold=-1.4092387890271987 0.77709649130628644 0.42669224994491345 2.3040101133225961 0.54562152726092827
decision_type=2 2 2 2 2
left_child=1 2 -1 4 -2
right_child=3 -3 -4 -5 -6
leaf_value=0.00043625542258161074 7.8316506752966006e-05 0.0012436992019259682 -0.00081452075145998094 -0.00098782556867527387 -0.00029286455174362095
leaf_weight=116 1364 58 51 60 433
leaf_count=116 1364 58 51 60 433
internal_value=6.09201e-07 0.000365333 4.9163e-05 -4.39273e-05 -1.13484e-05
internal_weight=2082 225 167 1857 1797
internal_count=2082 225 167 1857 1797
is_linear=0
shrinkage=0.04


Tree=100
num_leaves=7
num_cat=0
split_feature=2 71 101 108 11 103
split_gain=0.0206413 0.0251901 0.0328365 0.0224735 0.0223271 0.0203911
threshold=0.15256154066683153 -0.89825468853486579 0.28307326827784879 -0.13506824177980123 0.070517190649814168 0.30061070487076708
decision_type=2 2 2 2 2 2
left_child=1 -1 -3 5 -5 -2
right_child=3 2 -4 4 -6 -7
leaf_value=0.0010360095474041171 0.00027419430236062066 -9.4265819375373167e-05 0.0003419319049502969 -0.00062515736949868045 -5.4434006760265078e-05 -0.00028732909617763694
leaf_weight=43 265 726 443 225 213 167
leaf_count=43 265 726 443 225 213 167
internal_value=5.71899e-07 0.000107211 7.13358e-05 -0.000147893 -0.000349123 5.68001e-05
internal_weight=2082 1212 1169 870 438 432
internal_count=2082 1212 1169 870 438 432
is_linear=0
shrinkage=0.04


Tree=101
num_leaves=7
num_cat=0
split_feature=28 36 109 11 108 40
split_gain=0.0204136 0.0340715 0.0305002 0.0701906 0.0412268 0.0219909
threshold=-0.74881333106264858 0.36501604170198415 -0.82107734143013766 -0.37246706174757932 -0.11191926352514776 -0.12580348536691566
decision_type=2 2 2 2 2 2
left_child=1 5 3 -2 -4 -1
right_child=2 -3 4 -5 -6 -7
leaf_value=0.0003111290840686045 0.0005297412906708032 -0.00034665364224725125 0.00024369758972190629 -0.0012582911667519629 -0.0001476629148010162 0.0015147456479199389
leaf_weight=53 55 55 722 91 1061 45
leaf_count=53 55 55 722 91 1061 45
internal_value=5.71708e-07 0.000442232 -3.48806e-05 -0.000586661 1.09083e-05 0.000883051
internal_weight=2082 153 1929 146 1783 98
internal_count=2082 153 1929 146 1783 98
is_linear=0
shrinkage=0.04


Tree=102
num_leaves=6
num_cat=0
split_feature=73 101 40 73 27
split_gain=0.0202579 0.0206513 0.0336419 0.025059 0.00856379
threshold=-0.63322948911606247 -0.44192898785712642 0.49246091285386745 0.26235332392924909 0.20432584621312794
decision_type=2 2 2 2 2
left_child=4 3 -3 -2 -1
right_child=1 2 -4 -5 -6
leaf_value=-0.00017297591992415662 -0.00038730680424564715 0.00023132365221645697 -0.00016315528226218054 0.00027055573866164196 -0.00098242074799620438
leaf_weight=41 336 1013 523 126 43
leaf_count=41 336 1013 523 126 43
internal_value=5.81344e-07 2.64292e-05 9.69681e-05 -0.000207497 -0.000600545
internal_weight=2082 1998 1536 462 84
internal_count=2082 1998 1536 462 84
is_linear=0
shrinkage=0.04


Tree=103
num_leaves=5
num_cat=0
split_feature=35 46 40 13
split_gain=0.0201498 0.0220296 0.0436236 0.0420982
threshold=-1.3751847525717253 -0.57023881929936049 -0.78498700613770545 1.8500349973703516
decision_type=2 2 2 2
left_child=-1 3 -3 -2
right_child=1 2 -4 -5
leaf_value=0.00081934876421075123 0.00034333284503022528 -0.00088664158623783114 -3.4842172327791261e-05 -0.00090623128829368696
leaf_weight=45 430 101 1460 46
leaf_count=45 430 101 1460 46
internal_value=5.11871e-07 -1.83632e-05 -9.10194e-05 0.00021929
internal_weight=2082 2037 1561 476
internal_count=2082 2037 1561 476
is_linear=0
shrinkage=0.04


Tree=104
num_leaves=7
num_cat=0
split_feature=35 40 11 13 102 47
split_gain=0.0194636 0.0251702 0.0550854 0.040288 0.0158232 0.0124241
threshold=-1.0581578299212142 0.57863096099082456 0.65933156736989063 0.83202453811366983 0.11235856184556985 0.38142186104527193
decision_type=2 2 2 2 2 2
left_child=4 3 -3 -2 5 -1
right_child=1 2 -4 -5 -6 -7
leaf_value=0.00046221807227380215 -7.6597307429161632e-06 -6.4271736530988931e-05 -0.0011493910204444545 0.00090991048774693485 0.0010338508311976144 -0.00035285669279859418
leaf_weight=81 1397 341 94 79 45 45
leaf_count=81 1397 341 94 79 45 45
internal_value=4.65867e-07 -3.62781e-05 -0.000302944 4.26162e-05 0.000406768 0.000170155
internal_weight=2082 1911 435 1476 171 126
internal_count=2082 1911 435 1476 171 126
is_linear=0
shrinkage=0.04


Tree=105
num_leaves=6
num_cat=0
split_feature=45 71 89 97 77
split_gain=0.0193947 0.0365617 0.0313381 0.0310066 0.0281834
threshold=-1.4092387890271987 0.77709649130628644 2.3040101133225961 0.42669224994491345 1.0244186351979889
decision_type=2 2 2 2 2
left_child=1 3 4 -1 -2
right_child=2 -3 -4 -5 -6
leaf_value=0.00040516111762973215 -5.8783132163695138e-05 0.0011964662081251542 -0.00092631280332082706 -0.0007595646358534412 0.00051916469217968642
leaf_weight=116 1652 58 60 51 145
leaf_count=116 1652 58 60 51 145
internal_value=4.79162e-07 0.000349516 -4.21417e-05 4.46869e-05 -1.16232e-05
internal_weight=2082 225 1857 167 1797
internal_count=2082 225 1857 167 1797
is_linear=0
shrinkage=0.04


Tree=106
num_leaves=7
num_cat=0
split_feature=73 101 12 77 39 59
split_gain=0.0194363 0.0201644 0.0475282 0.0328353 0.0158269 0.0141941
threshold=-0.53710491344498978 0.60688622023792316 1.0154374495651524 1.1675595029428887 0.032857954963339965 0.29066759421759786
decision_type=2 2 2 2 2 2
left_child=4 3 -3 -2 5 -1
right_child=1 2 -4 -5 -6 -7
leaf_value=-0.0001924363806783394 -8.5648918950216138e-05 0.00044893813283256078 -0.00061216414213271402 0.00070719103805009229 0.00017159321783658337 -0.0011042766710743308
leaf_weight=52 1371 385 80 87 49 58
leaf_count=52 1371 385 80 87 49 58
internal_value=4.74436e-07 3.57847e-05 0.000264543 -3.74356e-05 -0.00042172 -0.000684359
internal_weight=2082 1923 465 1458 159 110
internal_count=2082 1923 465 1458 159 110
is_linear=0
shrinkage=0.04


Tree=107
num_leaves=7
num_cat=0
split_feature=28 28 109 108 36 44
split_gain=0.0191143 0.040294 0.0731253 0.0353564 0.0297518 0.0172177
threshold=-0.68695583155951134 -0.49678116561640556 -0.52013319387719925 -0.080667692941094091 0.46108538180170638 0.19710309184307129
decision_type=2 2 2 2 2 2
left_child=4 2 -2 -3 5 -1
right_child=1 3 -4 -5 -6 -7
leaf_value=0.00094445103874940929 -0.0020639127315509888 0.00021892709932082346 -0.00017683145190559087 -0.00014924404551552292 -0.00041877732683225706 7.9847896413411947e-05
leaf_weight=101 40 780 153 893 57 58
leaf_count=101 40 780 153 893 57 58
internal_value=4.29861e-07 -4.09345e-05 -0.000585093 2.24642e-05 0.000354869 0.000633971
internal_weight=2082 1866 193 1673 216 159
internal_count=2082 1866 193 1673 216 159
is_linear=0
shrinkage=0.04


Tree=108
num_leaves=7
num_cat=0
split_feature=51 28 28 36 71 49
split_gain=0.0189699 0.0237577 0.0367125 0.031901 0.020242 0.0158705
threshold=-1.0776394840562349 -0.67311063015489014 -0.49678116561640556 0.46108538180170638 0.76555103624164522 0.58509314767253506
decision_type=2 2 2 2 2 2
left_child=4 3 -3 -2 5 -1
right_child=1 2 -4 -5 -6 -7
leaf_value=0.00042505211684977322 0.00065393177520794174 -0.00063985015700704275 -2.7194333767199789e-05 -0.0004406889357359417 0.00098647051104107657 -0.0003883840284881092
leaf_weight=99 154 173 1482 57 57 60
leaf_count=99 154 173 1482 57 57 60
internal_value=3.5257e-07 -4.08552e-05 -9.19313e-05 0.000356867 0.000353451 0.000117084
internal_weight=2082 1866 1655 211 216 159
internal_count=2082 1866 1655 211 216 159
is_linear=0
shrinkage=0.04


Tree=109
num_leaves=6
num_cat=0
split_feature=2 71 73 97 109
split_gain=0.0184695 0.0240129 0.0236856 0.0228729 0.0194835
threshold=0.19710737789627175 -0.89825468853486579 0.23810313043402029 0.67519578753747023 -0.84230954625836518
decision_type=2 2 2 2 2
left_child=1 -1 -3 4 -2
right_child=3 2 -4 -5 -6
leaf_value=0.00097361328555659087 -0.00073386628177214534 -8.0849236187599871e-05 0.00027919264758944474 -0.0007903663341421634 -1.3696464018818468e-05
leaf_weight=46 64 739 481 78 674
leaf_count=46 64 739 481 78 674
internal_value=3.60322e-07 9.59576e-05 6.13263e-05 -0.000147828 -7.79648e-05
internal_weight=2082 1266 1220 816 738
internal_count=2082 1266 1220 816 738
is_linear=0
shrinkage=0.04


Tree=110
num_leaves=7
num_cat=0
split_feature=46 40 95 14 13 61
split_gain=0.018516 0.0414154 0.0897581 0.0341751 0.0302909 0.0215105
threshold=-0.57023881929936049 -0.78498700613770545 -0.045155528331256918 -0.39551320138923363 1.8500349973703516 0.27731214183351666
decision_type=2 2 2 2 2 2
left_child=4 2 -2 -3 5 -1
right_child=1 3 -4 -5 -6 -7
leaf_value=0.00019157837906477962 -0.0018036118349165568 -0.00029590883916961845 0.00058612092685084356 0.00011618114312683104 -0.0006868404300250816 0.00092007140313216953
leaf_weight=352 60 465 41 1035 51 78
leaf_count=352 60 465 41 1035 51 78
internal_value=3.31861e-07 -6.50844e-05 -0.000840978 -1.17907e-05 0.000217437 0.000327371
internal_weight=2082 1601 101 1500 481 430
internal_count=2082 1601 101 1500 481 430
is_linear=0
shrinkage=0.04


Tree=111
num_leaves=7
num_cat=0
split_feature=103 59 31 41 106 3
split_gain=0.0180081 0.0230501 0.0520203 0.032769 0.00997469 0.00411638
threshold=-1.5799503209976422 0.082700554765883116 -1.0948257844484635 -1.1071068347079838 0.94663168444450241 0.22280621880332138
decision_type=2 2 2 2 2 2
left_child=4 3 -3 -2 5 -1
right_child=1 2 -4 -5 -6 -7
leaf_value=0.00097044407541904123 -0.00090647687012439259 0.00076190349844670522 -0.00030121686284206997 0.00013097810552963591 3.376369966404899e-07 0.00038357319166174248
leaf_weight=44 49 80 727 1091 51 40
leaf_count=44 49 80 727 1091 51 40
internal_value=2.81257e-07 -3.08785e-05 -0.000194204 8.48763e-05 0.000443565 0.000706401
internal_weight=2082 1947 807 1140 135 84
internal_count=2082 1947 807 1140 135 84
is_linear=0
shrinkage=0.04


Tree=112
num_leaves=6
num_cat=0
split_feature=71 28 24 12 45
split_gain=0.0177371 0.0255206 0.0246993 0.0410376 0.0132265
threshold=2.6360151785863848 0.52231387025793119 1.1399103773828612 1.0154374495651524 0.15637162832077253
decision_type=2 2 2 2 2
left_child=2 4 3 -1 -2
right_child=1 -3 -4 -5 -6
leaf_value=-1.504648887747226e-05 0.0013285640188816772 -0.00023852151286389147 0.00065288622426673949 -0.0008327402647745867 0.00031350897268913241
leaf_weight=1763 44 54 79 102 40
leaf_count=1763 44 54 79 102 40
internal_value=3.09914e-07 0.000435172 -3.09755e-05 -6.06117e-05 0.000863736
internal_weight=2082 138 1944 1865 84
internal_count=2082 138 1944 1865 84
is_linear=0
shrinkage=0.04


Tree=113
num_leaves=6
num_cat=0
split_feature=45 89 85 96 33
split_gain=0.0176903 0.0280406 0.0257224 0.0368255 0.0230563
threshold=-1.4092387890271987 2.3040101133225961 0.26638666811785489 0.090677860911881153 0.54562152726092827
decision_type=2 2 2 2 2
left_child=2 4 3 -1 -2
right_child=1 -3 -4 -5 -6
leaf_value=0.00071526565374561437 6.9284735380313633e-05 -0.00087672133464366197 0.0010132911029359093 -0.00047761484261622632 -0.00026509742356533049
leaf_weight=74 1364 60 62 89 433
leaf_count=74 1364 60 62 89 433
internal_value=3.43914e-07 -4.0361e-05 0.000333691 6.60439e-05 -1.14922e-05
internal_weight=2082 1857 225 163 1797
internal_count=2082 1857 225 163 1797
is_linear=0
shrinkage=0.04


Tree=114
num_leaves=5
num_cat=0
split_feature=35 41 32 46
split_gain=0.0175199 0.0221246 0.0430876 0.0391204
threshold=-1.296145179411446 -0.32381140513966344 0.035848132638752833 -0.32596011642751654
decision_type=2 2 2 2
left_child=-1 2 -2 -3
right_child=1 3 -4 -5
leaf_value=0.00064672688140462228 -9.5586118176798631e-05 0.00039063951397841975 -0.00112128736545659 -7.1772675767521222e-05
leaf_weight=63 577 421 72 949
leaf_count=63 577 421 72 949
internal_value=3.37006e-07 -2.04527e-05 -0.000212473 7.06886e-05
internal_weight=2082 2019 649 1370
internal_count=2082 2019 649 1370
is_linear=0
shrinkage=0.04


Tree=115
num_leaves=8
num_cat=0
split_feature=105 11 14 109 37 47 49
split_gain=0.0169743 0.0341193 0.0245733 0.0535231 0.0404735 0.0137562 0.0119581
threshold=-0.72248732847374619 -0.12129842537594099 -0.56693672273119178 -0.84230954625836518 -0.70174983767748689 -0.3764306350780578 0.6637771685686763
decision_type=2 2 2 2 2 2 2
left_child=1 6 4 -4 -2 -3 -1
right_child=2 5 3 -5 -6 -7 -8
leaf_value=0.00048287684573921014 0.00076364089466590917 0.00042057352710459661 -0.0010606921273891045 8.2486123153723624e-05 -0.00050967751024309576 -0.00026350366382320306 0.0013080704320843021
leaf_weight=99 44 65 67 1301 310 156 40
leaf_count=99 44 65 67 1301 310 156 40
internal_value=3.1388e-07 0.000249321 -5.19723e-05 2.50304e-05 -0.000348011 -6.0337e-05 0.000735529
internal_weight=2082 360 1722 1368 354 221 139
internal_count=2082 360 1722 1368 354 221 139
is_linear=0
shrinkage=0.04


Tree=116
num_leaves=6
num_cat=0
split_feature=73 35 72 71 20
split_gain=0.0171001 0.0182622 0.0275088 0.0245928 0.00725176
threshold=-0.63322948911606247 1.2490283204958337 0.33933067138114498 2.5786938609927579 0.15271141808926861
decision_type=2 2 2 2 2
left_child=4 3 -3 -2 -1
right_child=1 2 -4 -5 -6
leaf_value=-0.00014976110059901007 1.0260884230463177e-05 -0.0012806176974914879 0.00011672503668814898 0.00056463318035863605 -0.00089515631527477962
leaf_weight=40 1774 40 48 136 44
leaf_count=40 1774 40 48 136 44
internal_value=3.48302e-07 2.40965e-05 -0.000532774 5.02838e-05 -0.000551944
internal_weight=2082 1998 88 1910 84
internal_count=2082 1998 88 1910 84
is_linear=0
shrinkage=0.04


Tree=117
num_leaves=6
num_cat=0
split_feature=26 34 25 28 59
split_gain=0.016244 0.0254068 0.0250088 0.0658586 0.0421162
threshold=1.0704272339374457 0.93279638819110144 0.53720455975810977 -0.24288847736692101 -0.74785113794206348
decision_type=2 2 2 2 2
left_child=2 -2 4 -4 -1
right_child=1 -3 3 -5 -6
leaf_value=0.0013258049663272687 -0.0010382709817976915 0.00026137166487474352 -0.0010507981302343512 3.5368073618010001e-05 6.9471582020443572e-05
leaf_weight=42 56 40 115 377 1452
leaf_count=42 56 40 115 377 1452
internal_value=2.71646e-07 -0.00050247 2.50544e-05 -0.000221739 0.000106515
internal_weight=2082 96 1986 492 1494
internal_count=2082 96 1986 492 1494
is_linear=0
shrinkage=0.04


Tree=118
num_leaves=7
num_cat=0
split_feature=103 59 32 41 106 3
split_gain=0.0162594 0.0214503 0.0451541 0.0298063 0.00920721 0.0036044
threshold=-1.5799503209976422 0.082700554765883116 -1.3393410245665305 -1.1071068347079838 0.94663168444450241 0.22280621880332138
decision_type=2 2 2 2 2 2
left_child=4 3 -3 -2 5 -1
right_child=1 2 -4 -5 -6 -7
leaf_value=0.00092143140553557518 -0.00086318119821668263 0.00094282947058947576 -0.00026541847206389461 0.00012626855935259708 -4.2002403588069354e-06 0.00037086711880484859
leaf_weight=44 49 51 756 1091 51 40
leaf_count=44 49 51 756 1091 51 40
internal_value=2.4554e-07 -2.93627e-05 -0.000186919 8.23024e-05 0.000421457 0.00067398
internal_weight=2082 1947 807 1140 135 84
internal_count=2082 1947 807 1140 135 84
is_linear=0
shrinkage=0.04


Tree=119
num_leaves=7
num_cat=0
split_feature=46 40 95 79 13 73
split_gain=0.0160588 0.0378853 0.0814428 0.033537 0.0263903 0.0187784
threshold=-0.57023881929936049 -0.78498700613770545 -0.045155528331256918 -0.63653283551131701 1.8500349973703516 0.40727885534269598
decision_type=2 2 2 2 2 2
left_child=4 2 -2 -3 5 -1
right_child=1 3 -4 -5 -6 -7
leaf_value=0.00012251196738077974 -0.0017196750245057047 0.00048263493572467934 0.00055671908072369217 -8.2128767374375317e-05 -0.00064157369893641676 0.0006881661871257623
leaf_weight=293 60 191 41 1309 51 137
leaf_count=293 60 191 41 1309 51 137
internal_value=2.8288e-07 -6.06383e-05 -0.000802727 -9.66862e-06 0.000202469 0.000305084
internal_weight=2082 1601 101 1500 481 430
internal_count=2082 1601 101 1500 481 430
is_linear=0
shrinkage=0.04


end of trees

feature_importances:
Column_59=39
Column_71=37
Column_35=34
Column_28=26
Column_73=23
Column_77=22
Column_78=22
Column_106=21
Column_101=20
Column_40=18
Column_97=18
Column_109=18
Column_36=17
Column_61=16
Column_72=16
Column_14=13
Column_103=13
Column_25=12
Column_45=12
Column_53=12
Column_89=12
Column_90=12
Column_24=11
Column_46=11
Column_96=10
Column_26=9
Column_37=9
Column_41=9
Column_47=9
Column_102=9
Column_108=9
Column_11=8
Column_17=7
Column_20=7
Column_33=7
Column_3=6
Column_13=6
Column_29=6
Column_100=6
Column_2=4
Column_5=4
Column_10=4
Column_12=4
Column_32=4
Column_42=4
Column_66=4
Column_70=4
Column_85=4
Column_95=4
Column_39=3
Column_65=3
Column_83=3
Column_88=3
Column_91=3
Column_107=3
Column_6=2
Column_19=2
Column_27=2
Column_30=2
Column_31=2
Column_34=2
Column_44=2
Column_49=2
Column_51=2
Column_58=2
Column_60=2
Column_64=2
Column_79=2
Column_94=2
Column_105=2
Column_8=1
Column_16=1
Column_21=1
Column_38=1
Column_84=1

parameters:
[boosting: gbdt]
[objective: regression]
[metric: l2]
[tree_learner: serial]
[device_type: cpu]
[data_sample_strategy: bagging]
[data: ]
[valid: ]
[num_iterations: 120]
[learning_rate: 0.04]
[num_leaves: 15]
[num_threads: 2]
[seed: 42]
[deterministic: 1]
[force_col_wise: 1]
[force_row_wise: 0]
[histogram_pool_size: -1]
[max_depth: 3]
[min_data_in_leaf: 40]
[min_sum_hessian_in_leaf: 0.001]
[bagging_fraction: 0.85]
[pos_bagging_fraction: 1]
[neg_bagging_fraction: 1]
[bagging_freq: 0]
[bagging_seed: 400]
[bagging_by_query: 0]
[feature_fraction: 0.8]
[feature_fraction_bynode: 1]
[feature_fraction_seed: 30056]
[extra_trees: 0]
[extra_seed: 12879]
[early_stopping_round: 0]
[early_stopping_min_delta: 0]
[first_metric_only: 0]
[max_delta_step: 0]
[lambda_l1: 0]
[lambda_l2: 2]
[linear_lambda: 0]
[min_gain_to_split: 0]
[drop_rate: 0.1]
[max_drop: 50]
[skip_drop: 0.5]
[xgboost_dart_mode: 0]
[uniform_drop: 0]
[drop_seed: 17869]
[top_rate: 0.2]
[other_rate: 0.1]
[min_data_per_group: 100]
[max_cat_threshold: 32]
[cat_l2: 10]
[cat_smooth: 10]
[max_cat_to_onehot: 4]
[top_k: 20]
[monotone_constraints: ]
[monotone_constraints_method: basic]
[monotone_penalty: 0]
[feature_contri: ]
[forcedsplits_filename: ]
[refit_decay_rate: 0.9]
[cegb_tradeoff: 1]
[cegb_penalty_split: 0]
[cegb_penalty_feature_lazy: ]
[cegb_penalty_feature_coupled: ]
[path_smooth: 0]
[interaction_constraints: ]
[verbosity: -1]
[saved_feature_importance_type: 0]
[use_quantized_grad: 0]
[num_grad_quant_bins: 4]
[quant_train_renew_leaf: 0]
[stochastic_rounding: 1]
[linear_tree: 0]
[max_bin: 255]
[max_bin_by_feature: ]
[min_data_in_bin: 3]
[bin_construct_sample_cnt: 200000]
[data_random_seed: 175]
[is_enable_sparse: 1]
[enable_bundle: 1]
[use_missing: 1]
[zero_as_missing: 0]
[feature_pre_filter: 1]
[pre_partition: 0]
[two_round: 0]
[header: 0]
[label_column: ]
[weight_column: ]
[group_column: ]
[ignore_column: ]
[categorical_feature: ]
[forcedbins_filename: ]
[precise_float_parser: 0]
[parser_config_file: ]
[objective_seed: 16083]
[num_class: 1]
[is_unbalance: 0]
[scale_pos_weight: 1]
[sigmoid: 1]
[boost_from_average: 1]
[reg_sqrt: 0]
[alpha: 0.9]
[fair_c: 1]
[poisson_max_delta_step: 0.7]
[tweedie_variance_power: 1.5]
[lambdarank_truncation_level: 30]
[lambdarank_norm: 1]
[label_gain: ]
[lambdarank_position_bias_regularization: 0]
[eval_at: ]
[multi_error_top_k: 1]
[auc_mu_weights: ]
[num_machines: 1]
[local_listen_port: 12400]
[time_out: 120]
[machine_list_filename: ]
[machines: ]
[gpu_platform_id: -1]
[gpu_device_id: -1]
[gpu_device_id_list: ]
[gpu_use_dp: 0]
[num_gpu: 1]

end of parameters

pandas_categorical:null
