tree
version=v4
num_class=1
num_tree_per_iteration=1
label_index=0
max_feature_idx=118
objective=quantile
feature_names=Column_0 Column_1 Column_2 Column_3 Column_4 Column_5 Column_6 Column_7 Column_8 Column_9 Column_10 Column_11 Column_12 Column_13 Column_14 Column_15 Column_16 Column_17 Column_18 Column_19 Column_20 Column_21 Column_22 Column_23 Column_24 Column_25 Column_26 Column_27 Column_28 Column_29 Column_30 Column_31 Column_32 Column_33 Column_34 Column_35 Column_36 Column_37 Column_38 Column_39 Column_40 Column_41 Column_42 Column_43 Column_44 Column_45 Column_46 Column_47 Column_48 Column_49 Column_50 Column_51 Column_52 Column_53 Column_54 Column_55 Column_56 Column_57 Column_58 Column_59 Column_60 Column_61 Column_62 Column_63 Column_64 Column_65 Column_66 Column_67 Column_68 Column_69 Column_70 Column_71 Column_72 Column_73 Column_74 Column_75 Column_76 Column_77 Column_78 Column_79 Column_80 Column_81 Column_82 Column_83 Column_84 Column_85 Column_86 Column_87 Column_88 Column_89 Column_90 Column_91 Column_92 Column_93 Column_94 Column_95 Column_96 Column_97 Column_98 Column_99 Column_100 Column_101 Column_102 Column_103 Column_104 Column_105 Column_106 Column_107 Column_108 Column_109 Column_110 Column_111 Column_112 Column_113 Column_114 Column_115 Column_116 Column_117 Column_118
feature_infos=[-6.0502223796391599:6.5123507636881097] [-5.6099797139797536:5.4652024843498284] [-4.8804829962227885:4.1847880089322453] [-4.34248108369726:3.8419659582097196] [-3.6069000246993634:2.1514791280290471] [-2.5705841677112531:2.3718379155670855] [-4.2284713015242463:3.9847246944286328] [-1.3839049841352875:6.6900076937273134] [-1.6718501015978495:1.5955435765264132] [-3.5576581760368646:2.1857041028433182] [-1.535476096117266:5.3833888256202078] [-2.5177129317910771:2.1615116417216607] [-2.5348934125371501:2.4495588347842419] [-1.5098886765015087:4.021156241916561] [-2.9218295519971824:2.6686939289307756] [-1.5713419015191266:1.6313876495420114] [-1.7466710819754381:1.8161806915765726] [-0.92818314659730217:0.78423190161012357] [-0.98062485756132245:0.78751276001069592] [-0.92818314659730183:0.78423190161012357] [-2.2216744588457482:1.6755481153694707] [-4.0138260671898545:4.1330529740241291] [-3.2642076397861586:2.2925811953207904] [-2.3190661144006675:2.6082412757786346] [-2.1330775720584687:1.6252797064909823] [-2.1266892424707735:1.5951530254728514] [-3.3480783855859353:2.0045723915770037] [-1.7888706055854369:1.4382515065384662] [-1.1846950519380137:3.6643042245190722] [-3.6807441934783558:4.2533459089162067] [-3.6313036672329106:4.4600555718806545] [-3.0416794716066162:3.2555226814766325] [-3.1598851104715844:3.4503845636574337] [-1.9451056414934766:2.113550308745574] [-2.1569652234595487:2.2253497484348261] [-1.7690044192966281:1.7688089205660278] [-1.7714370656179803:1.8466768446135131] [-1.6686759393424244:3.9482056302884168] [-1.5521007040336385:5.2535774527954473] [-1.5069269796391824:3.9004785047595174] [-1.3078681818622409:3.446638584935334] [-1.6554699343891861:1.479976119589564] [-1.9657624262009885:1.7707691426008958] [-1.8750098336226884:14.126046707556867] [-190.90397862635481:170.43301030456678] [-419.56005895879463:138.58186561449318] [-343.69027507022884:80.647828016843604] [-1.3573632260672497:2.7473941725092983] [-1.929304730019149:2.0003295303008635] [-1.2053933489817295:9.0336049287212514] [-4.8662122801628627:4.4451483052325083] [-8.9553804478589054:6.6559957049468599] [-1:1.5] [-0.83333333333333337:1] [0:1] [0:1] [-6.3818154439356274:3.3426808027352961] [-2.9917202693875478:2.3175861478934676] [-2.2464862464159507:2.1892763816530576] [-1.1598236312049828:3.2538463840331096] [-2.0297478269536207:1.8084655208433877] [-2.4047322756372043:0.60970849444836284] [-4.5574106782131043:3.6909504368052977] [-3.557372505035906:2.6352741866965221] [-3.1826316648226518:2.1936320920649712] [-3.0583736460876683:4.0134749808608872] [-3.4255379984532603:2.2730871749652257] [-2.4973454818894152:1.7277469085502846] [-1.0039981403164933:2.3092066973375993] [-2.1698534050545399:1.3134935532432594] [-1.4949348074678739:0.30456112057877027] [-4.4848239487929256:7.7927272599023096] [-4.1874429925323042:5.7609480213246158] [-2.417323047279504:4.1909135611554582] [-1.2797769671921333:4.6608200671705911] [-1.2203694122244713:8.0374437638816172] [-1.2035868277926072:2.33977012800263] [-6.5462533033076715:6.7141854284784435] [-4.6185686124962233:3.575161010359472] [-3.3963838709047125:3.769006486714813] [-1.2232217611161207:3.5823925059328792] [-1.8220046971848645:4.4491111575036522] [-0.81678468972311957:2.2183396833352753] [-11.358102304015279:11.117012459965883] [-5.9367692201460267:5.1516761543303575] [-3.305598686162508:3.5302641313457626] [-1.0310654892861595:3.2108716566190951] [-2.0739848590494541:3.9313300689891619] [-1.3798166492571233:0.63771494931280037] [-4.0069805190827621:2.9776710749431978] [-3.5609588055619255:3.1269953597482192] [-2.6013574953587395:1.7397515851168746] [-1.3599278401595409:3.1889470049098776] [-2.0808793017714105:1.8334059957470694] [-1.4855399154164139:0.43557606660010345] [-5.5150580333730774:2.7814645743704003] [-4.187042937511225:3.591676295166859] [-1.9372279112510127:2.8742007141636727] [-1.3328161335913737:4.1010849527220294] [-1.7794485302052918:4.5640521668183816] [-1.5967111192036016:1.2770599816873682] [-4.3798324130181552:2.5425411573768493] [-3.8046986433585612:3.5442517033852892] [-1.9974228367814508:2.6537863972411797] [-1.4209483035626926:4.0488898943055878] [-1.6211221130474747:3.9039186817943525] [-1.6099890661110559:1.1975832784654759] [-3.3767603198278509:3.6295057774239545] [-2.2773047299790115:2.6971577141566847] [-1.9768820799613507:2.0537973808965675] [-1.5513083433618784:2.0691098503395282] [-1.4719556181946023:1.9495800456215564] [-2.4408346692807399:0.6520843850537702] [-3.3099263280791988:3.5133582429164978] [-2.8083921368962432:3.676731288270509] [-1.6937261124810288:2.4641915995520041] [-0.78465605977824615:2.8109252319719187] [-1.5063956612008209:2.4320318516494033] [-1.4222799230096301:0.92935261243938749]
tree_sizes=852 783 693 781 778 780 694 778 782 780 863 777 696 692 787 784 785 686 849 695 608 673 696 694 685 684 693 878 787 691 870 698 606 776 776 684 604 870 782 778 687 775 869 870 869 687 688 784 601 686 782 602 878 699 684 698 774 688 777 689 868 696 873 787 881 863 692 783 692 785 876 864 696 608 696 610 785 684 602 598 600 601 694 599 684 698 606 789 690 690 778 696 781 869 870 876 873 857 694 692 689 686 603 695 607 600 875 593 691 777 600 597 604 869 876 783 687 604 699 604

Tree=0
num_leaves=8
num_cat=0
split_feature=115 81 74 115 87 98 94
split_gain=9.1159 6.23993 7.06288 4.10975 2.25091 1.83695 0.415038
threshold=-0.81402133775488583 0.074526661522083579 -0.724646798763389 0.13879109475831167 -0.38350479168620843 0.14524593490030122 -0.73330324821343928
decision_type=2 2 2 2 2 2 2
left_child=4 2 -2 -3 5 -1 -6
right_child=1 3 -4 -5 6 -7 -8
leaf_value=-0.016709982347674669 -0.017021949626505373 -0.016969082877039909 -0.017677382230758668 -0.017432509250938893 -0.017111306553706528 -0.017685526683926582 -0.016551493667066097
leaf_weight=45 144 435 951 480 42 48 159
leaf_count=45 144 435 951 480 42 48 159
internal_value=-0.0173516 -0.0183158 -0.0203507 -0.0158794 -0.0107975 -0.0159832 -0.00843535
internal_weight=2304 2010 1095 915 294 93 201
internal_count=2304 2010 1095 915 294 93 201
is_linear=0
shrinkage=1


Tree=1
num_leaves=7
num_cat=0
split_feature=115 81 68 115 24 82
split_gain=8.42586 5.70312 6.5645 3.83384 2.06448 0.72144
threshold=-0.81402133775488583 0.074526661522083579 -0.31263707720854234 0.13879109475831167 0.81868569390664991 -0.37665054891151489
decision_type=2 2 2 2 2 2
left_child=4 2 -2 -3 5 -1
right_child=1 3 -4 -5 -6 -7
leaf_value=0.00013639822639524942 7.6087029278278375e-05 0.00036721944808959961 -0.0005012167565524578 -7.7669870853424032e-05 3.4219582565128833e-05 0.00086747244000434881
leaf_weight=44 423 435 672 480 77 173
leaf_count=44 423 435 672 480 77 173
internal_value=-1.73461e-05 -0.000944334 -0.0028897 0.00138495 0.00628378 0.00826484
internal_weight=2304 2010 1095 915 294 217
internal_count=2304 2010 1095 915 294 217
is_linear=0
shrinkage=0.04


Tree=2
num_leaves=6
num_cat=0
split_feature=115 26 86 24 82
split_gain=8.42586 5.52806 5.90456 2.06448 0.72144
threshold=-0.81402133775488583 1.1036885875645648 1.0581959847748876 0.81868569390664991 -0.37665054891151489
decision_type=2 2 2 2 2
left_child=3 2 -2 4 -1
right_child=1 -3 -4 -5 -6
leaf_value=0.00013094229733943947 -0.00010052170486748218 -0.00053397584259510036 0.00077502361161261798 3.285079926252363e-05 0.00083277354240417472
leaf_weight=44 1780 73 157 77 173
leaf_count=44 1780 73 157 77 173
internal_value=-1.73461e-05 -0.000944334 -0.000531202 0.00628378 0.00826484
internal_weight=2304 2010 1937 294 217
internal_count=2304 2010 1937 294 217
is_linear=0
shrinkage=0.04


Tree=3
num_leaves=7
num_cat=0
split_feature=115 81 74 115 42 110
split_gain=8.24148 5.32068 6.6319 3.57946 1.95798 0.668972
threshold=-0.81402133775488583 0.074526661522083579 -0.724646798763389 0.13879109475831167 0.74933788726622652 0.82769460885668067
decision_type=2 2 2 2 2 2
left_child=4 2 -2 -3 5 -1
right_child=1 3 -4 -5 -6 -7
leaf_value=0.00072752894725352515 0.00031446234031982728 0.00035655153836071498 -0.00030797109815716733 -7.0542207824587783e-05 -0.00022203334659785044 0.00041763761361248791
leaf_weight=152 144 435 951 480 46 96
leaf_count=152 144 435 951 480 46 96
internal_value=5.20382e-05 -0.000864811 -0.00274385 0.00138495 0.00628378 0.00768
internal_weight=2304 2010 1095 915 294 248
internal_count=2304 2010 1095 915 294 248
is_linear=0
shrinkage=0.04


Tree=4
num_leaves=7
num_cat=0
split_feature=115 85 4 87 98 110
split_gain=7.75395 5.3604 5.13479 2.2738 2.11485 0.604049
threshold=-0.81402133775488583 -1.4825420862975713 -0.34647060994185669 -0.38350479168620843 0.14524593490030122 0.97662938238204389
decision_type=2 2 2 2 2 2
left_child=3 -2 -3 4 -1 -5
right_child=1 2 -4 5 -6 -7
leaf_value=0.00055409546537119145 -0.00053523526184966555 0.0002106716550732614 -0.0001692559875701903 0.0007152968551182448 -0.00033593014166933383 0.00018225120669978557
leaf_weight=45 72 693 1245 147 48 54
leaf_count=45 72 693 1245 147 48 54
internal_value=0.000104076 -0.000785288 -0.000381443 0.00614865 0.000947368 0.00852217
internal_weight=2304 2010 1938 294 93 201
internal_count=2304 2010 1938 294 93 201
is_linear=0
shrinkage=0.04


Tree=5
num_leaves=7
num_cat=0
split_feature=86 82 105 76 78 53
split_gain=6.11317 6.07029 6.373 5.48884 3.48005 0.397956
threshold=1.0739764854825755 -0.64711440126431952 1.1427618609145578 -0.0023336643475967093 -0.7443680374433318 -0.24999999999999997
decision_type=2 2 2 2 2 2
left_child=1 3 -3 -1 -2 -6
right_child=4 2 -4 -5 5 -7
leaf_value=-0.00096960864441478971 -0.00016161417418356625 3.7793232983317218e-05 -0.00078804611598018188 -2.2760439951096112e-05 0.0007737334173215589 0.00074433650029044965
leaf_weight=45 42 1824 156 45 51 141
leaf_count=45 42 1824 156 45 51 141
internal_value=8.67303e-05 -0.000608108 -0.000141271 -0.0106522 0.00618644 0.00845361
internal_weight=2304 2070 1980 90 234 192
internal_count=2304 2070 1980 90 234 192
is_linear=0
shrinkage=0.04


Tree=6
num_leaves=6
num_cat=0
split_feature=115 85 4 24 82
split_gain=7.45466 5.92293 4.84763 2.25168 0.977942
threshold=-0.81402133775488583 -1.4825420862975713 -0.34647060994185669 0.81868569390664991 -0.37665054891151489
decision_type=2 2 2 2 2
left_child=3 -2 -3 4 -1
right_child=1 2 -4 -5 -6
leaf_value=0.00011999298884969246 -0.00047504150559908738 0.0002007330595509982 -0.0001590751023037458 1.9164700139132907e-05 0.00072268436243219018
leaf_weight=44 72 693 1245 77 173
leaf_count=44 72 693 1245 77 173
internal_value=8.67303e-05 -0.000785288 -0.000360825 0.00601351 0.00808219
internal_weight=2304 2010 1938 294 217
internal_count=2304 2010 1938 294 217
is_linear=0
shrinkage=0.04


Tree=7
num_leaves=7
num_cat=0
split_feature=115 61 86 118 86 62
split_gain=7.03271 8.49521 7.08558 5.48339 4.4835 0.514821
threshold=0.98870628692874252 -0.15624720173056664 1.0739764854825755 -0.030154742685827369 0.45604754240945983 0.64586444884300642
decision_type=2 2 2 2 2 2
left_child=2 4 3 -1 -2 -4
right_child=1 -3 5 -5 -6 -7
leaf_value=0.000192429814541185 -0.0010042946331870054 -0.0013102697069326155 0.00091548412087596792 -0.00019289976136098265 0.00051980222791745453 0.00019555299064581222
leaf_weight=1041 57 66 141 858 90 51
leaf_count=1041 57 66 141 858 90 51
internal_value=5.20382e-05 -0.00683721 0.000759675 1.57812e-05 -0.0014094 0.00804124
internal_weight=2304 213 2091 1899 147 192
internal_count=2304 213 2091 1899 147 192
is_linear=0
shrinkage=0.04


Tree=8
num_leaves=7
num_cat=0
split_feature=115 85 4 110 67 87
split_gain=6.1966 5.98676 4.62647 2.37929 2.11094 0.631763
threshold=-0.81402133775488583 -1.4825420862975713 -0.34647060994185669 0.859111226838431 0.39392870975776201 -0.37605420547860041
decision_type=2 2 2 2 2 2
left_child=3 -2 -3 5 -5 -1
right_child=1 2 -4 4 -6 -7
leaf_value=0.00042087407628185302 -0.00046373703795677139 0.00019293129660755069 -0.00014821138114399279 0.00032945905743562466 -0.00013315489065417199 0.00066792038993163637
leaf_weight=48 72 693 1245 63 45 138
leaf_count=48 72 693 1245 63 45 138
internal_value=6.93842e-05 -0.000725646 -0.000298969 0.00547297 0.000727273 0.00819149
internal_weight=2304 2010 1938 294 108 186
internal_count=2304 2010 1938 294 108 186
is_linear=0
shrinkage=0.04


Tree=9
num_leaves=7
num_cat=0
split_feature=118 24 40 47 111 28
split_gain=6.27726 9.41152 7.42583 4.38665 3.30701 1.48491
threshold=-0.030154742685827369 -0.59367887440941336 1.883539390507563 1.6066979358169522 0.97770317199504853 0.17695729663404433
decision_type=2 2 2 2 2 2
left_child=3 5 -3 4 -1 -2
right_child=1 2 -4 -5 -6 -7
leaf_value=0.00032376596717290248 7.451706108771501e-05 -0.00021239482532722502 -0.0021292491853159633 -0.00031051414874519673 -0.00029615519937812223 0.00048167030245750822
leaf_weight=934 102 878 45 68 96 181
leaf_count=934 102 878 45 68 96 181
internal_value=8.67303e-05 -0.00190397 -0.00385946 0.00227273 0.00292636 0.00445614
internal_weight=2304 1206 923 1098 1030 283
internal_count=2304 1206 923 1098 1030 283
is_linear=0
shrinkage=0.04


Tree=10
num_leaves=8
num_cat=0
split_feature=106 31 82 76 73 91 4
split_gain=5.65428 10.7305 6.06074 6.11482 5.0631 2.85511 1.12073
threshold=0.90809259015101473 -0.23359229076116347 -0.64711440126431952 -0.0023336643475967093 -0.25844423034365421 -0.26269882974296377 -0.92120819095643969
decision_type=2 2 2 2 2 2 2
left_child=2 6 3 -1 -4 -3 -2
right_child=1 5 4 -5 -6 -7 -8
leaf_value=-0.00092211567562411919 0.00050232904909975359 -0.0015164251488659927 0.00035186461353941829 1.7002542310965568e-05 -2.297839497423071e-05 -0.0015398786982549946 -5.7210615597415446e-05
leaf_weight=45 44 43 738 54 1287 50 43
leaf_count=45 44 43 738 54 1287 50 43
internal_value=0.000173461 -0.00659341 0.000752587 -0.00881188 0.00122842 -0.0158947 0.00348315
internal_weight=2304 180 2124 99 2025 93 87
internal_count=2304 180 2124 99 2025 93 87
is_linear=0
shrinkage=0.04


Tree=11
num_leaves=7
num_cat=0
split_feature=106 4 82 94 98 86
split_gain=5.28085 6.93259 6.08006 5.3698 4.35099 3.11515
threshold=0.72848736890119792 -0.82242182750579407 -0.64711440126431952 0.32441030704811441 -0.39283660572888351 0.31505096055478671
decision_type=2 2 2 2 2 2
left_child=2 -2 5 -4 -3 -1
right_child=1 4 3 -5 -6 -7
leaf_value=-0.00079988674467330878 0.00042543351303589785 -0.00017465154424496318 0.00017491382646541294 -0.00037135159863593392 -0.0012085198033151172 -0.00023220442534828482
leaf_weight=42 63 99 1629 324 90 57
leaf_count=42 63 99 1629 324 90 57
internal_value=8.67303e-05 -0.00535433 0.000759494 0.0012532 -0.0091623 -0.00881188
internal_weight=2304 252 2052 1953 189 99
internal_count=2304 252 2052 1953 189 99
is_linear=0
shrinkage=0.04


Tree=12
num_leaves=6
num_cat=0
split_feature=115 85 86 14 87
split_gain=5.55454 4.94157 4.92236 2.2677 2.2437
threshold=-0.81402133775488583 -1.4825420862975713 1.0581959847748876 -0.087299310592489562 -0.37605420547860041
decision_type=2 2 2 2 2
left_child=3 -2 -3 -1 -5
right_child=1 2 -4 4 -6
leaf_value=0.00063096766154201287 -0.0003825161535300589 -6.8350259476568224e-05 0.00079076880161716323 -0.00024337044497327925 0.00049757351869173048
leaf_weight=126 72 1773 165 68 100
leaf_count=126 72 1773 165 68 100
internal_value=8.67303e-05 -0.000666004 -0.000278351 0.0052027 0.00211765
internal_weight=2304 2010 1938 294 168
internal_count=2304 2010 1938 294 168
is_linear=0
shrinkage=0.04


Tree=13
num_leaves=6
num_cat=0
split_feature=82 106 20 116 86
split_gain=5.22723 5.47719 9.26867 4.38257 3.11515
threshold=-0.64711440126431952 0.90809259015101473 -0.3340621858738459 -0.39900025142524603 0.31505096055478671
decision_type=2 2 2 2 2
left_child=4 3 -3 -2 -1
right_child=1 2 -4 -5 -6
leaf_value=-0.00076515726450731376 -0.0002105161458918779 0.00030313696623123344 -0.0014524021008803152 0.00017994230477536664 -0.00020761560219315105
leaf_weight=42 528 88 92 1497 57
leaf_count=42 528 88 92 1497 57
internal_value=8.67303e-05 0.000493883 -0.00615385 0.00109028 -0.00881188
internal_weight=2304 2205 180 2025 99
internal_count=2304 2205 180 2025 99
is_linear=0
shrinkage=0.04


Tree=14
num_leaves=7
num_cat=0
split_feature=118 33 40 47 81 111
split_gain=4.91671 8.48013 6.79428 4.67208 3.47415 3.05457
threshold=-0.00072120278759709832 -0.36111509933275016 1.8085260079081078 1.6066979358169522 -0.011080516432315479 0.97770317199504853
decision_type=2 2 2 2 2 2
left_child=3 4 -3 5 -2 -1
right_child=1 2 -4 -5 -6 -7
leaf_value=0.00028524497416301255 -0.00010694607563194465 -0.00023681127219077322 -0.0021858718467974614 -0.00029301634384029825 0.00045186239128760868 -0.00027325614697786953
leaf_weight=985 143 685 42 68 285 96
leaf_count=985 143 685 42 68 285 96
internal_value=0.000173461 -0.00166811 -0.00429355 0.00202433 0.0027907 0.00266851
internal_weight=2304 1155 727 1149 428 1081
internal_count=2304 1155 727 1149 428 1081
is_linear=0
shrinkage=0.04


Tree=15
num_leaves=7
num_cat=0
split_feature=86 118 18 47 73 14
split_gain=5.00987 5.53479 9.21344 4.29942 3.8813 0.467341
threshold=1.0739764854825755 -0.030154742685827369 -0.59554940778035637 1.6066979358169522 -1.1876388977056636 -0.35723746479233404
decision_type=2 2 2 2 2 2
left_child=1 3 -3 -1 -2 -6
right_child=4 2 -4 -5 5 -7
leaf_value=0.00020571720720279684 -0.00010277329933230398 0.00025239122739341023 -0.00037830725617487247 -0.00028129569008668634 0.00055391408236362034 0.00079307550479776247
leaf_weight=973 51 282 747 68 46 137
leaf_count=973 51 282 747 68 46 137
internal_value=0.000156114 -0.000472973 -0.00255092 0.00158198 0.00567797 0.00837838
internal_weight=2304 2070 1029 1041 234 183
internal_count=2304 2070 1029 1041 234 183
is_linear=0
shrinkage=0.04


Tree=16
num_leaves=7
num_cat=0
split_feature=81 80 74 4 36 41
split_gain=4.44805 5.69419 6.90006 2.79544 2.43132 3.07505
threshold=0.074526661522083579 -0.82310489079952809 -0.69995783672977141 0.43178808344849473 -1.256217680388102 -0.82456998692966788
decision_type=2 2 2 2 2 2
left_child=1 3 -3 -1 -2 -6
right_child=4 2 -4 -5 5 -7
leaf_value=0.00087530224866962287 0.00083671298403612535 0.00031418425093343127 -0.00028288814353585239 -0.00021174730208491782 -0.00017493916784233512 0.00023748124272511689
leaf_weight=104 62 174 924 40 123 877
leaf_count=104 62 174 924 40 123 877
internal_value=0.000225499 -0.00139871 -0.00238182 0.0060274 0.00212406 0.00163673
internal_weight=2304 1242 1098 144 1062 1000
internal_count=2304 1242 1098 144 1062 1000
is_linear=0
shrinkage=0.04


Tree=17
num_leaves=6
num_cat=0
split_feature=36 28 86 81 1
split_gain=4.68368 6.29985 5.27339 3.07165 0.0494779
threshold=-1.2293761481978638 1.5140276526188148 1.0739764854825755 -0.011080516432315479 -0.8693246049194655
decision_type=2 2 2 2 2
left_child=4 2 -2 -3 -1
right_child=1 3 -4 -5 -6
leaf_value=0.00042275476420762162 -2.2464955521863741e-05 -0.0011012422249999018 0.0005680389314833118 -0.00035608066514475958 0.00074793799567643763
leaf_weight=40 1929 43 190 43 59
leaf_count=40 1929 43 190 43 59
internal_value=0.000190807 -0.000194835 0.000240453 -0.0106818 0.00861386
internal_weight=2304 2205 2119 86 99
internal_count=2304 2205 2119 86 99
is_linear=0
shrinkage=0.04


Tree=18
num_leaves=8
num_cat=0
split_feature=115 36 40 87 98 53 1
split_gain=4.73673 4.38379 6.75923 2.16041 2.73234 0.802486 0.141842
threshold=-0.81402133775488583 -1.2293761481978638 1.883539390507563 -0.37605420547860041 0.12605690152220686 0.91666666666666685 -0.64047733329223522
decision_type=2 2 2 2 2 2 2
left_child=3 6 -3 4 -1 -5 -2
right_child=1 2 -4 5 -6 -7 -8
leaf_value=0.00051003071414544414 0.00039447527506010694 -2.7747813009894247e-05 -0.0010494869204048299 0.00056097274442467541 -0.00031140813617642148 0.00016590515344149396 0.00065878400226201397
leaf_weight=45 40 1847 73 147 51 51 50
leaf_count=45 40 1847 73 147 51 51 50
internal_value=0.000208153 -0.000487078 -0.000894901 0.00493243 0 0.0073 0.00804348
internal_weight=2304 2010 1920 294 96 198 90
internal_count=2304 2010 1920 294 96 198 90
is_linear=0
shrinkage=0.04


Tree=19
num_leaves=6
num_cat=0
split_feature=82 76 91 24 61
split_gain=4.96875 4.69445 4.02178 4.90824 3.19913
threshold=-0.64711440126431952 -0.0023336643475967093 -0.62656084814480317 -0.61017561201680282 0.56799507479232381
decision_type=2 2 2 2 2
left_child=1 -1 4 -4 -2
right_child=2 -3 3 -5 -6
leaf_value=-0.00083053142269819743 0.00046985194731700335 -2.9736645544329448e-06 0.00029410015282544392 -8.364871353539804e-05 -8.3018322240986794e-05
leaf_weight=45 279 54 411 1440 75
leaf_count=45 279 54 411 1440 75
internal_value=0.000260191 -0.00841584 0.000657 -9.17431e-05 0.00455056
internal_weight=2304 99 2205 1851 354
internal_count=2304 99 2205 1851 354
is_linear=0
shrinkage=0.04


Tree=20
num_leaves=5
num_cat=0
split_feature=82 115 36 87
split_gain=4.68238 5.90274 4.15058 1.72211
threshold=-0.70393430000607782 -0.81402133775488583 -1.2293761481978638 -0.38350479168620843
decision_type=2 2 2 2
left_child=-1 3 -3 -2
right_child=1 2 -4 -5
leaf_value=-0.00059899851914810786 0.00020999651012221313 0.00049163087430225576 -3.9169816726685736e-05 0.00050461402029863237
leaf_weight=51 87 90 1884 192
leaf_count=51 87 90 1884 192
internal_value=0.000242845 0.000518847 -0.000253036 0.00594306
internal_weight=2304 2253 1974 279
internal_count=2304 2253 1974 279
is_linear=0
shrinkage=0.04


Tree=21
num_leaves=6
num_cat=0
split_feature=36 40 85 28 1
split_gain=4.27199 5.31205 9.21155 3.53635 0.160746
threshold=-1.2293761481978638 1.883539390507563 0.93110342294056814 1.5140276526188148 -0.8693246049194655
decision_type=2 2 2 2 2
left_child=4 3 -3 -2 -1
right_child=1 2 -4 -5 -6
leaf_value=0.00035863632155180446 2.958334152644085e-05 -0.0018238849630412251 8.5611761429008336e-05 -0.00063627293367605629 0.00066023987467379148
leaf_weight=40 2060 41 42 62 59
leaf_count=40 2060 41 42 62 59
internal_value=0.000173461 -0.000194835 -0.01 0.00019774 0.00821782
internal_weight=2304 2205 83 2122 99
internal_count=2304 2205 83 2122 99
is_linear=0
shrinkage=0.04


Tree=22
num_leaves=6
num_cat=0
split_feature=82 115 24 86 14
split_gain=4.48767 4.65292 4.46001 2.36582 1.79959
threshold=-0.64711440126431952 -0.81402133775488583 0.73509458775067016 0.31505096055478671 -0.1464093970495495
decision_type=2 2 2 2 2
left_child=3 4 -3 -1 -2
right_child=1 2 -4 -5 -6
leaf_value=-0.00064062433229689661 0.00060053532015630655 3.6854330693388488e-05 -0.00039490339872435404 -0.00012559976061068067 0.00030967921551805624
leaf_weight=42 119 1682 259 57 145
leaf_count=42 119 1682 259 57 145
internal_value=0.000225499 0.000602628 -7.72002e-05 -0.0080198 0.00556391
internal_weight=2304 2205 1941 99 264
internal_count=2304 2205 1941 99 264
is_linear=0
shrinkage=0.04


Tree=23
num_leaves=6
num_cat=0
split_feature=82 115 70 76 14
split_gain=4.56341 4.51794 4.29845 4.24364 1.79959
threshold=-0.64711440126431952 -0.81402133775488583 -1.2464712657000121 -0.0023336643475967093 -0.1464093970495495
decision_type=2 2 2 2 2
left_child=3 4 -3 -1 -2
right_child=1 2 -4 -5 -6
leaf_value=-0.00076950956826097585 0.00057651390735005432 0.0005135047459274547 -4.4976828389231978e-05 4.7163627963886335e-06 0.000297292046897334
leaf_weight=45 119 156 1785 54 145
leaf_count=45 119 156 1785 54 145
internal_value=0.000294883 0.000675125 5.14668e-06 -0.0080198 0.00556391
internal_weight=2304 2205 1941 99 264
internal_count=2304 2205 1941 99 264
is_linear=0
shrinkage=0.04


Tree=24
num_leaves=6
num_cat=0
split_feature=36 40 118 73 1
split_gain=4.21692 4.39461 6.78394 4.88673 0.160746
threshold=-1.2293761481978638 1.883539390507563 0.39228810294024696 -0.25844423034365421 -0.8693246049194655
decision_type=2 2 2 2 2
left_child=4 3 -3 -2 -1
right_child=1 2 -4 -5 -6
leaf_value=0.00034461576859756601 0.00021670135935039414 4.8003054820543458e-05 -0.0019705753427228449 -7.3063853105488218e-05 0.0006229855481083398
leaf_weight=40 760 42 41 1362 59
leaf_count=40 760 42 41 1362 59
internal_value=0.000225499 -0.000140462 -0.00905882 0.000216573 0.00821782
internal_weight=2304 2205 83 2122 99
internal_count=2304 2205 83 2122 99
is_linear=0
shrinkage=0.04


Tree=25
num_leaves=6
num_cat=0
split_feature=36 28 86 68 1
split_gain=4.19864 4.84406 4.90121 3.17012 0.160746
threshold=-1.2293761481978638 1.5140276526188148 1.0739764854825755 1.1500138061572469 -0.8693246049194655
decision_type=2 2 2 2 2
left_child=4 2 -2 -3 -1
right_child=1 3 -4 -5 -6
leaf_value=0.0003308311378536634 -1.5469627740176962e-05 -0.00093720338371755139 0.00054181353982761863 -7.2110480176343714e-05 0.00059806612618400624
leaf_weight=40 1929 46 190 40 59
leaf_count=40 1929 46 190 40 59
internal_value=0.000242845 -0.000122338 0.000259312 -0.00931818 0.00821782
internal_weight=2304 2205 2119 86 99
internal_count=2304 2205 2119 86 99
is_linear=0
shrinkage=0.04


Tree=26
num_leaves=6
num_cat=0
split_feature=82 115 16 76 110
split_gain=4.04897 3.90727 4.02798 3.81558 1.35985
threshold=-0.64711440126431952 -0.81402133775488583 1.2372137928408473 -0.0023336643475967093 0.859111226838431
decision_type=2 2 2 2 2
left_child=3 4 -3 -1 -2
right_child=1 2 -4 -5 -6
leaf_value=-0.00074677845479494554 0.00048335277533410263 1.3542822990847311e-05 -0.00085410807536100196 -3.5215609798755834e-06 0.00012278507240667062
leaf_weight=45 174 1888 53 54 90
leaf_count=45 174 1888 53 54 90
internal_value=0.000208153 0.00056638 -5.66135e-05 -0.00762376 0.00511278
internal_weight=2304 2205 1941 99 264
internal_count=2304 2205 1941 99 264
is_linear=0
shrinkage=0.04


Tree=27
num_leaves=8
num_cat=0
split_feature=81 24 74 96 91 39 53
split_gain=4.07644 5.32861 6.04303 3.93642 2.15096 3.30088 1.21864
threshold=0.074526661522083579 0.73509458775067016 -0.49509875594499636 -0.79097859414812677 -0.50165322335169471 0.097073972491696262 -0.74999999999999989
decision_type=2 2 2 2 2 2 2
left_child=1 2 -1 -3 6 -6 -2
right_child=4 3 -4 -5 5 -7 -8
leaf_value=0.00053032490002752721 3.3804414257572747e-05 0.00015820577286963019 -0.00014004592992011074 -0.00063321080192916244 -0.00010984616744755358 0.00030074075715782572 0.00056011369624147777
leaf_weight=223 57 42 787 190 339 483 183
leaf_count=223 57 42 787 190 339 483 183
internal_value=0.000156114 -0.00139871 -0.00013834 -0.00683761 0.00197368 0.000995146 0.00528926
internal_weight=2304 1242 1010 232 1062 822 240
internal_count=2304 1242 1010 232 1062 822 240
is_linear=0
shrinkage=0.04


Tree=28
num_leaves=7
num_cat=0
split_feature=86 118 18 86 73 11
split_gain=3.98814 4.5456 9.01584 3.48588 2.92643 0.639076
threshold=1.0739764854825755 -0.030154742685827369 -0.59554940778035637 0.74785158935453422 -1.1876388977056636 -0.22817107731147665
decision_type=2 2 2 2 2 2
left_child=1 3 -3 -1 -2 -6
right_child=4 2 -4 -5 5 -7
leaf_value=0.00020112640743869805 -0.00010275691068580964 0.00019093088327992662 -0.00033685178617430051 -0.00030102858001922509 0.00038337689458669394 0.00067018305962572903
leaf_weight=927 51 282 747 114 40 143
leaf_count=927 51 282 747 114 40 143
internal_value=0.000242845 -0.000318533 -0.00220175 0.00154362 0.00516949 0.00751351
internal_weight=2304 2070 1029 1041 234 183
internal_count=2304 2070 1029 1041 234 183
is_linear=0
shrinkage=0.04


Tree=29
num_leaves=6
num_cat=0
split_feature=36 115 116 88 18
split_gain=3.66047 4.27771 5.96929 4.20934 0.141842
threshold=-1.256217680388102 0.98870628692874252 0.69521784157855582 0.41529294738511113 -0.70011007426579785
decision_type=2 2 2 2 2
left_child=4 3 -3 -2 -1
right_child=1 2 -4 -5 -6
leaf_value=0.00068238960724311532 0.00013294339942564786 -0.0010154678686607106 -4.932076227953372e-05 -0.00013395486446477216 0.00035010601487147009
leaf_weight=50 1424 67 125 598 40
leaf_count=50 1424 67 125 598 40
internal_value=0.000225499 -9.9278e-05 -0.0057732 0.000444664 0.00804348
internal_weight=2304 2214 192 2022 90
internal_count=2304 2214 192 2022 90
is_linear=0
shrinkage=0.04


Tree=30
num_leaves=8
num_cat=0
split_feature=81 80 74 9 115 11 61
split_gain=3.58627 4.7487 6.1456 2.95933 2.83505 4.17748 2.78181
threshold=0.074526661522083579 -0.82310489079952809 -0.69995783672977141 0.40511604435703158 0.13879109475831167 -0.19507743501203931 0.56234064406499595
decision_type=2 2 2 2 2 2 2
left_child=1 3 -3 -1 6 -6 -2
right_child=4 2 -4 -5 5 -7 -8
leaf_value=0.00081191482447870575 0.00039403229519847498 0.00029666367128871891 -0.00023953070043313983 -0.00020369072223953914 -0.00029230421241859173 0.00018720036756885138 -0.00014077897014355399
leaf_weight=103 486 174 924 41 210 270 96
leaf_count=103 486 174 924 41 210 270 96
internal_value=0.000156114 -0.00130225 -0.0022 0.00547945 0.0018609 -0.000414938 0.00373288
internal_weight=2304 1242 1098 144 1062 480 582
internal_count=2304 1242 1098 144 1062 480 582
is_linear=0
shrinkage=0.04


Tree=31
num_leaves=6
num_cat=0
split_feature=82 76 94 10 61
split_gain=3.64982 4.18687 3.13412 5.72692 4.5383
threshold=-0.64711440126431952 -0.0023336643475967093 0.019106818336228942 -0.52592198976953408 0.60960329364332444
decision_type=2 2 2 2 2
left_child=1 -1 4 -4 -2
right_child=2 -3 3 -5 -6
leaf_value=-0.0006752742492849125 0.00022241860395105944 1.6991494456450665e-05 -0.00052847882142848164 -8.770370217765084e-06 -0.00017382669386937388
leaf_weight=45 936 54 78 1041 150
leaf_count=45 936 54 78 1041 150
internal_value=0.000208153 -0.00722772 0.000548256 -0.000936664 0.00207721
internal_weight=2304 99 2205 1119 1086
internal_count=2304 99 2205 1119 1086
is_linear=0
shrinkage=0.04


Tree=32
num_leaves=5
num_cat=0
split_feature=87 117 60 116
split_gain=3.27519 4.62392 5.22985 4.17072
threshold=2.3573533147746 0.74223083903680243 0.28989105948005239 -0.38352322564912777
decision_type=2 2 2 2
left_child=1 3 -3 -1
right_child=-2 2 -4 -5
leaf_value=-0.00019211183256578863 0.00084453506949355912 -0.00010391472746160182 -0.0012771165858596206 0.00011698275408227663
leaf_weight=567 63 225 75 1374
leaf_count=567 63 225 75 1374
internal_value=0.000225499 -3.12082e-05 -0.00463576 0.000684508
internal_weight=2304 2241 300 1941
internal_count=2304 2241 300 1941
is_linear=0
shrinkage=0.04


Tree=33
num_leaves=7
num_cat=0
split_feature=86 18 118 58 40 15
split_gain=3.71846 3.68327 6.0131 2.73149 1.86141 1.13494
threshold=1.0739764854825755 -0.69546534312797648 -0.030154742685827369 0.86432239298808933 0.18240743702200232 0.62557430326266361
decision_type=2 2 2 2 2 2
left_child=1 4 -3 5 -1 -2
right_child=3 2 -4 -5 -6 -7
leaf_value=0.00014217103960117511 0.00076301361915627117 9.6750126642495814e-05 -0.00026337047215893908 -5.4835960478659544e-05 0.0003233642066227155 7.3311935184026928e-05
leaf_weight=219 144 908 818 42 125 48
leaf_count=219 144 908 818 42 125 48
internal_value=0.000242845 -0.000299228 -0.00105324 0.005 0.00346821 0.00701031
internal_weight=2304 2070 1726 234 344 192
internal_count=2304 2070 1726 234 344 192
is_linear=0
shrinkage=0.04


Tree=34
num_leaves=7
num_cat=0
split_feature=86 82 105 58 76 30
split_gain=3.6914 3.62671 3.42543 2.73149 2.54739 0.785826
threshold=1.0739764854825755 -0.64711440126431952 1.1427618609145578 0.86432239298808933 -0.030072059020878433 0.68352761471995704
decision_type=2 2 2 2 2 2
left_child=1 4 -3 5 -1 -2
right_child=3 2 -4 -5 -6 -7
leaf_value=-0.00065601326479221289 0.00072755317583854786 3.1740705108124094e-05 -0.00045376933525901339 -5.2642522059513155e-05 -7.4399496138762781e-05 0.00010480074011869146
leaf_weight=42 152 1824 156 42 48 40
leaf_count=42 152 1824 156 42 48 40
internal_value=0.000260191 -0.000279923 8.07265e-05 0.005 -0.00804348 0.00701031
internal_weight=2304 2070 1980 234 90 192
internal_count=2304 2070 1980 234 90 192
is_linear=0
shrinkage=0.04


Tree=35
num_leaves=6
num_cat=0
split_feature=36 28 86 92 36
split_gain=3.61191 3.8377 3.99528 3.26012 0.141842
threshold=-1.256217680388102 1.5140276526188148 1.0739764854825755 0.29569544146308385 -1.391219463224209
decision_type=2 2 2 2 2
left_child=4 2 -2 -3 -1
right_child=1 3 -4 -5 -6
leaf_value=0.00053834251879058171 -1.1282391494140954e-05 -0.00085338686347681385 0.00041728847918890034 -4.0881829714385018e-05 0.00051579698157782673
leaf_weight=50 1932 42 192 48 40
leaf_count=50 1932 42 192 48 40
internal_value=0.000277537 -4.51264e-05 0.000301035 -0.00804348 0.00804348
internal_weight=2304 2214 2124 90 90
internal_count=2304 2214 2124 90 90
is_linear=0
shrinkage=0.04


Tree=36
num_leaves=5
num_cat=0
split_feature=87 117 37 116
split_gain=3.2368 3.48204 4.78641 3.66108
threshold=2.3573533147746 0.74223083903680243 0.15582536480081147 -0.38352322564912777
decision_type=2 2 2 2
left_child=1 3 -3 -1
right_child=-2 2 -4 -5
leaf_value=-0.00017868360801489688 0.00078196773801058716 -0.0011626420664157748 -8.3007643122812207e-05 0.00010308746277676157
leaf_weight=567 63 68 232 1374
leaf_count=567 63 68 232 1374
internal_value=0.000277537 2.22916e-05 -0.00397351 0.000643335
internal_weight=2304 2241 300 1941
internal_count=2304 2241 300 1941
is_linear=0
shrinkage=0.04


Tree=37
num_leaves=8
num_cat=0
split_feature=81 74 42 70 78 91 60
split_gain=3.29666 5.20907 5.78473 5.47132 2.49513 3.72182 2.41012
threshold=0.036338569439065042 -0.19985505651065577 0.6485888403588953 -0.66006258019815822 0.83639074561343685 -0.105954676755751 0.27278456257550593
decision_type=2 2 2 2 2 2 2
left_child=1 2 -1 -3 6 -6 -2
right_child=4 3 -4 -5 5 -7 -8
leaf_value=0.00036555715556904291 0.00030544633840736345 -0.00062209545795548172 -0.0001639595917292594 -6.7914464089483301e-05 0.000320607632922634 -0.0002460106608361407 -2.5531740652835615e-05
leaf_weight=348 597 186 165 498 108 147 255
leaf_count=348 597 186 165 498 108 147 255
internal_value=0.000294883 -0.0011593 0.0018835 -0.00344023 0.00186655 -0.00159533 0.00290398
internal_weight=2304 1197 513 684 1107 255 852
internal_count=2304 1197 513 684 1107 255 852
is_linear=0
shrinkage=0.04


Tree=38
num_leaves=7
num_cat=0
split_feature=86 48 106 58 28 15
split_gain=3.40613 3.87676 5.55154 2.63189 2.03908 1.4203
threshold=1.0739764854825755 -0.55285726333736596 0.90809259015101473 0.86432239298808933 0.20252150669224814 0.62557430326266361
decision_type=2 2 2 2 2 2
left_child=1 4 -3 5 -1 -2
right_child=3 2 -4 -5 -6 -7
leaf_value=1.1354292426590599e-05 0.00068263999192356322 -2.5752086797019154e-05 -0.00090914465641306254 -5.5576425283276122e-05 0.0002914927935495199 3.5643225035493878e-05
leaf_weight=263 144 1441 110 42 256 48
leaf_count=263 144 1441 110 42 256 48
internal_value=0.000277537 -0.000241313 -0.00124276 0.00483051 0.00274472 0.00680412
internal_weight=2304 2070 1551 234 519 192
internal_count=2304 2070 1551 234 519 192
is_linear=0
shrinkage=0.04


Tree=39
num_leaves=7
num_cat=0
split_feature=86 68 34 57 58 1
split_gain=2.99031 3.56635 6.27028 3.9137 2.4382 1.16135
threshold=1.0739764854825755 1.0974060429464394 -0.82759565437527127 -0.020735538322812906 0.86432239298808933 0.12464099625071073
decision_type=2 2 2 2 2 2
left_child=1 3 -3 -1 5 -2
right_child=4 2 -4 -5 -6 -7
leaf_value=0.00014049146998768437 0.00075911818143751977 0.00022958770104730775 -0.00062665579966107211 -9.4198746133560137e-05 -5.3353368271945107e-05 0.00020798406106474265
leaf_weight=951 87 62 145 912 42 105
leaf_count=951 87 62 145 912 42 105
internal_value=0.000225499 -0.000260618 -0.00521531 0.000294906 0.00449153 0.00639175
internal_weight=2304 2070 207 1863 234 192
internal_count=2304 2070 207 1863 234 192
is_linear=0
shrinkage=0.04


Tree=40
num_leaves=6
num_cat=0
split_feature=36 40 85 73 50
split_gain=3.34057 3.62866 5.71253 4.15782 0.323558
threshold=-1.2293761481978638 1.883539390507563 0.93110342294056814 -0.25844423034365421 -0.33204221921091287
decision_type=2 2 2 2 2
left_child=4 3 -3 -2 -1
right_child=1 2 -4 -5 -6
leaf_value=0.00024541065025252787 0.00016832352654424975 -0.0015510476651804663 9.6632370728482261e-05 -5.5062498276725967e-05 0.00049651097605384726
leaf_weight=47 760 41 42 1362 52
leaf_count=47 760 41 42 1362 52
internal_value=0.000312229 -1.35931e-05 -0.00811765 0.000310734 0.00742574
internal_weight=2304 2205 83 2122 99
internal_count=2304 2205 83 2122 99
is_linear=0
shrinkage=0.04


Tree=41
num_leaves=7
num_cat=0
split_feature=9 73 106 7 85 12
split_gain=3.18148 3.44898 5.90134 4.63847 0.70124 0.0326705
threshold=-1.2253424506554131 -0.25844423034365421 0.9175307341836304 0.18183705510094575 0.048058444847281702 -0.68882721763856314
decision_type=2 2 2 2 2 2
left_child=4 2 -2 -3 -1 -6
right_child=1 3 -4 -5 5 -7
leaf_value=8.3047739457117858e-05 0.00017613519195098417 -0.00019077439477310044 -0.0011641575609148825 8.5963198741589866e-05 0.00065921234147158989 0.00029699898489751275
leaf_weight=40 767 824 42 545 46 40
leaf_count=40 767 824 42 545 46 40
internal_value=0.000277537 -8.25688e-05 0.0019852 -0.00130562 0.00640625 0.00840909
internal_weight=2304 2178 809 1369 126 86
internal_count=2304 2178 809 1369 126 86
is_linear=0
shrinkage=0.04


Tree=42
num_leaves=8
num_cat=0
split_feature=36 59 70 7 92 73 45
split_gain=2.98393 4.13034 4.11986 3.32928 3.85714 2.51177 2.05234
threshold=0.54490367577717358 -0.43377674366280444 -1.342880772166158 0.019511853766945579 0.21943898232356432 -0.098409475062052734 0.65271673984570444
decision_type=2 2 2 2 2 2 2
left_child=1 6 -3 4 -2 -5 -1
right_child=3 2 -4 5 -6 -7 -8
leaf_value=0.00040573380244531264 -0.00065235588964623892 0.00058088017606976736 -2.3834765543661353e-05 -9.8173445544607959e-05 0.00024930684829971717 0.00039948876927384415 -4.0083909205507874e-05
leaf_weight=306 186 93 1382 93 62 136 46
leaf_count=306 186 93 1382 93 62 136 46
internal_value=0.000242845 0.000978677 4.73934e-05 -0.00256785 -0.00576 0.000909091 0.00485876
internal_weight=2304 1827 1475 477 248 229 352
internal_count=2304 1827 1475 477 248 229 352
is_linear=0
shrinkage=0.04


Tree=43
num_leaves=8
num_cat=0
split_feature=81 24 74 84 28 91 43
split_gain=3.15054 4.85029 4.20154 2.7049 2.69179 4.50054 1.70724
threshold=0.074526661522083579 0.71875890968334044 -0.49509875594499636 0.64398921834969725 0.16745144694434791 0.06290783947111693 -0.41051792800375203
decision_type=2 2 2 2 2 2 2
left_child=1 2 -1 -3 5 -2 -6
right_child=4 3 -4 -5 6 -7 -8
leaf_value=0.00045861696296643008 0.00025346868509330719 -0.00056651634198733394 -6.532890300443694e-05 0.0001951580786015055 8.2673861987126181e-05 -0.00017731619445107062 0.00041194569054246472
leaf_weight=222 336 194 782 44 125 258 343
leaf_count=222 336 194 782 44 125 258 343
internal_value=0.000225499 -0.00114148 7.95229e-05 -0.00625 0.00182331 3.3557e-05 0.00408511
internal_weight=2304 1242 1004 238 1062 594 468
internal_count=2304 1242 1004 238 1062 594 468
is_linear=0
shrinkage=0.04


Tree=44
num_leaves=8
num_cat=0
split_feature=116 76 36 115 16 118 97
split_gain=2.99918 4.96956 4.3758 3.92589 4.70166 2.83187 2.54811
threshold=-0.38352322564912777 -0.78283944493811497 1.1677186547352953 0.53380993179652836 -0.79891609508536143 0.36861982753684613 -1.1440007475905503
decision_type=2 2 2 2 2 2 2
left_child=1 5 -3 6 -5 -1 -2
right_child=3 2 -4 4 -6 -7 -8
leaf_value=-0.00086390164529476731 -0.00012011952964968237 4.2537349823891219e-05 -0.0011480338667740329 0.00027322126156366421 -0.00025695639987380824 -0.00034568677351545188 0.00021417951150298951
leaf_weight=45 105 440 46 69 393 42 1164
leaf_count=45 105 440 46 69 393 42 1164
internal_value=0.000294883 -0.0022087 -0.000614754 0.00112522 -0.00202586 -0.0108989 0.0022738
internal_weight=2304 573 486 1731 462 87 1269
internal_count=2304 573 486 1731 462 87 1269
is_linear=0
shrinkage=0.04


Tree=45
num_leaves=6
num_cat=0
split_feature=70 80 73 1 36
split_gain=2.78918 3.00713 3.77953 0.656589 0.601501
threshold=-1.342880772166158 2.7567208111656583 -0.25844423034365421 0.20916084374952629 -0.34283951442279686
decision_type=2 2 2 2 2
left_child=4 2 -2 -3 -1
right_child=1 3 -4 -5 -6
leaf_value=0.000784300992645644 9.8769038501411182e-05 0.00054950164469913846 -0.0001082468496395255 0.00023876363060179194 7.7686451473165765e-05
leaf_weight=53 780 57 1287 78 49
leaf_count=53 780 57 1287 78 49
internal_value=0.000329575 2.72232e-05 -0.000352827 0.00576642 0.00673077
internal_weight=2304 2202 2067 135 102
internal_count=2304 2202 2067 135 102
is_linear=0
shrinkage=0.04


Tree=46
num_leaves=6
num_cat=0
split_feature=9 74 108 13 8
split_gain=2.81427 3.00446 3.23409 0.942311 0.0326705
threshold=-1.2253424506554131 -1.0222123817282291 0.9782130360295308 1.6275626928588678 0.17825098361980629
decision_type=2 2 2 2 2
left_child=3 -2 -3 4 -1
right_child=1 2 -4 -5 -6
leaf_value=0.00056119218132551468 0.00070523215129426669 1.0170549700711518e-05 -0.00033937830744632392 1.4220209150959379e-05 0.00039795448925498798
leaf_weight=46 63 1901 214 40 40
leaf_count=46 63 1901 214 40 40
internal_value=0.000329575 -9.17431e-06 -0.000269249 0.00609375 0.00840909
internal_weight=2304 2178 2115 126 86
internal_count=2304 2178 2115 126 86
is_linear=0
shrinkage=0.04


Tree=47
num_leaves=7
num_cat=0
split_feature=48 40 116 116 35 59
split_gain=2.82742 4.31328 3.57206 1.94344 2.77651 0.702569
threshold=-0.46315725715178874 1.883539390507563 -0.37767576264752589 0.75692175011704388 -0.50070574465031747 1.1357973400260246
decision_type=2 2 2 2 2 2
left_child=3 2 -2 4 -1 -5
right_child=1 -3 -4 5 -6 -7
leaf_value=-0.00011499191995453192 -0.00040846751907650642 -0.00074003354627951367 4.826445165809566e-05 0.00053499500092393814 0.00019116992506854419 0.00042761308011115455
leaf_weight=192 379 63 1232 80 312 46
leaf_count=192 379 63 1232 80 312 46
internal_value=0.000346921 -0.000513126 -0.000105394 0.00262658 0.00150198 0.00703125
internal_weight=2304 1674 1611 630 504 126
internal_count=2304 1674 1611 630 504 126
is_linear=0
shrinkage=0.04


Tree=48
num_leaves=5
num_cat=0
split_feature=87 117 60 61
split_gain=2.7999 2.85198 4.76396 3.1128
threshold=2.3573533147746 0.74223083903680243 0.21916037928936599 0.59562997129606887
decision_type=2 2 2 2
left_child=1 3 -3 -1
right_child=-2 2 -4 -5
leaf_value=8.1988617505388445e-05 0.00070642785262809609 -3.8914106913789935e-05 -0.0010814877547834904 -0.00015438115542647422
leaf_weight=1647 63 213 87 294
leaf_count=1647 63 213 87 294
internal_value=0.000277537 4.01248e-05 -0.00357616 0.000602162
internal_weight=2304 2241 300 1941
internal_count=2304 2241 300 1941
is_linear=0
shrinkage=0.04


Tree=49
num_leaves=6
num_cat=0
split_feature=36 40 115 116 50
split_gain=2.97896 3.23477 6.24301 2.77705 0.470658
threshold=-1.2293761481978638 1.883539390507563 0.1150119381272881 -0.38352322564912777 -0.33204221921091287
decision_type=2 2 2 2 2
left_child=4 3 -3 -2 -1
right_child=1 2 -4 -5 -6
leaf_value=0.00022242604564015552 -0.00017196442132158305 0.00010048491941580862 -0.0016454402740338017 6.3840826826287625e-05 0.00044403066511661824
leaf_weight=47 558 42 41 1564 52
leaf_count=47 558 42 41 1564 52
internal_value=0.000312229 4.53104e-06 -0.00764706 0.000310734 0.0070297
internal_weight=2304 2205 83 2122 99
internal_count=2304 2205 83 2122 99
is_linear=0
shrinkage=0.04


Tree=50
num_leaves=7
num_cat=0
split_feature=9 116 57 59 13 8
split_gain=2.84824 2.61496 4.14049 3.27147 0.942311 0.0326705
threshold=-1.2253424506554131 -0.38352322564912777 -0.088435516448953255 -0.70588048622260613 1.6275626928588678 0.17825098361980629
decision_type=2 2 2 2 2 2
left_child=4 2 -2 -3 5 -1
right_child=1 3 -4 -5 -6 -7
leaf_value=0.00053477619175480099 6.1322328326547732e-05 0.0006404403725517344 -0.00052262044820237095 1.0531455757536375e-05 9.3809967395275607e-06 0.00036408189207143125
leaf_weight=46 283 123 245 1527 40 40
leaf_count=46 283 123 245 1527 40 40
internal_value=0.000294883 -4.58716e-05 -0.00249057 0.000738499 0.00609375 0.00840909
internal_weight=2304 2178 528 1650 126 86
internal_count=2304 2178 528 1650 126 86
is_linear=0
shrinkage=0.04


Tree=51
num_leaves=5
num_cat=0
split_feature=87 48 91 88
split_gain=2.7999 2.77033 4.3178 1.75654
threshold=2.3573533147746 -0.46315725715178874 0.97875897165532655 0.43612786690317967
decision_type=2 2 2 2
left_child=1 3 -3 -1
right_child=-2 2 -4 -5
leaf_value=0.00023846263254629076 0.00067519584721961929 -2.0119573775021753e-05 -0.00077402592290000611 -1.3382333320708408e-05
leaf_weight=376 63 1588 42 235
leaf_count=376 63 1588 42 235
internal_value=0.000277537 4.01248e-05 -0.000821078 0.00233279
internal_weight=2304 2241 1630 611
internal_count=2304 2241 1630 611
is_linear=0
shrinkage=0.04


Tree=52
num_leaves=8
num_cat=0
split_feature=81 35 74 39 28 108 78
split_gain=2.66896 3.54949 3.89071 3.67746 2.70143 2.95844 1.91697
threshold=0.074526661522083579 0.50682659672881469 -0.58328819842591551 -0.43882707880760241 -0.46071470121310049 -0.021374369478521702 0.19000365869790128
decision_type=2 2 2 2 2 2 2
left_child=1 2 -1 -3 5 -2 -6
right_child=4 3 -4 -5 6 -7 -8
leaf_value=0.0004251505439718436 -0.00062800039217268439 -0.00081920735774514738 -4.1839055447539244e-05 -8.6571673421661501e-05 0.00039666041932761995 0.00025774701968469432 8.9678745906206258e-05
leaf_weight=165 77 79 757 241 317 118 550
leaf_count=165 77 79 757 241 317 118 550
internal_value=0.000277537 -0.000980707 0.000281385 -0.00459627 0.00174812 -0.00248731 0.00270426
internal_weight=2304 1242 922 320 1062 195 867
internal_count=2304 1242 922 320 1062 195 867
is_linear=0
shrinkage=0.04


Tree=53
num_leaves=6
num_cat=0
split_feature=70 102 70 97 36
split_gain=2.91141 2.60404 3.07249 2.26872 0.601501
threshold=-1.342880772166158 -0.73797128448280935 -0.7417541181605859 -0.70551279457638705 -0.34283951442279686
decision_type=2 2 2 2 2
left_child=4 3 -3 -2 -1
right_child=1 2 -4 -5 -6
leaf_value=0.00072765825248094951 -3.0895167060796296e-05 -0.00020580969467547632 1.0014623656983032e-05 0.00031624011809597351 4.6996990919353776e-05
leaf_weight=53 150 348 1476 228 49
leaf_count=53 150 348 1476 228 49
internal_value=0.000190807 -0.000117967 -0.000744797 0.00289474 0.00673077
internal_weight=2304 2202 1824 378 102
internal_count=2304 2202 1824 378 102
is_linear=0
shrinkage=0.04


Tree=54
num_leaves=6
num_cat=0
split_feature=36 40 115 73 112
split_gain=3.04081 3.17381 5.2113 3.00542 0.327853
threshold=-1.2293761481978638 1.883539390507563 0.1150119381272881 -0.2719661753805257 -0.77229881474005202
decision_type=2 2 2 2 2
left_child=4 3 -3 -2 -1
right_child=1 2 -4 -5 -6
leaf_value=0.00042086667936497979 0.00015978264837932473 0.00010675499736479633 -0.0015796764765996822 -4.3279621095386036e-05 0.0003741392751623668
leaf_weight=45 742 42 41 1380 54
leaf_count=45 742 42 41 1380 54
internal_value=0.000242845 -6.79656e-05 -0.00764706 0.000235405 0.0070297
internal_weight=2304 2205 83 2122 99
internal_count=2304 2205 83 2122 99
is_linear=0
shrinkage=0.04


Tree=55
num_leaves=6
num_cat=0
split_feature=70 81 12 78 45
split_gain=2.92687 2.66282 3.53543 3.08968 0.494988
threshold=-1.342880772166158 0.074526661522083579 0.97985377220649139 0.78848571015190771 -0.13243296281796005
decision_type=2 2 2 2 2
left_child=4 2 -2 -3 -1
right_child=1 3 -4 -5 -6
leaf_value=8.7682426648730592e-05 -2.4418384109692691e-05 0.00023285535074534132 -0.00051041340746795633 -0.00010015230125096929 0.00050158780357030313
leaf_weight=42 1071 741 120 270 60
leaf_count=42 1071 741 120 270 60
internal_value=0.000173461 -0.000136116 -0.0014166 0.00137216 0.00673077
internal_weight=2304 2202 1191 1011 102
internal_count=2304 2202 1191 1011 102
is_linear=0
shrinkage=0.04


Tree=56
num_leaves=7
num_cat=0
split_feature=9 70 115 47 36 0
split_gain=2.61442 2.64046 3.03988 0.993744 0.624784 0.0265152
threshold=-1.2253424506554131 -1.342880772166158 0.67070300771426095 0.34139730210012093 -0.34283951442279686 -0.23246540429014056
decision_type=2 2 2 2 2 2
left_child=3 4 -3 -1 -2 -5
right_child=1 2 -4 5 -6 -7
leaf_value=5.2656060049748376e-05 0.00064197899195799196 1.2077940098835626e-05 -0.00026531662452811719 0.00059074124495191106 8.8816695824390739e-05 0.00032657819669810838
leaf_weight=44 47 1748 337 42 46 40
leaf_count=44 47 1748 337 42 46 40
internal_value=0.000225499 -0.000100917 -0.0003977 0.00578125 0.00642105 0.00833333
internal_weight=2304 2178 2085 126 93 82
internal_count=2304 2178 2085 126 93 82
is_linear=0
shrinkage=0.04


Tree=57
num_leaves=6
num_cat=0
split_feature=36 28 92 82 50
split_gain=2.90593 2.65919 2.84881 2.74317 0.426521
threshold=-1.256217680388102 1.5140276526188148 0.29569544146308385 -0.56309075351285853 -0.45489252922588641
decision_type=2 2 2 2 2
left_child=4 3 -3 -2 -1
right_child=1 2 -4 -5 -6
leaf_value=0.00021801205100379099 -0.00032229801533294211 -0.00077814842411849368 4.0008541678024023e-06 3.9298549592765228e-05 0.00044206552654373922
leaf_weight=40 152 42 48 1972 50
leaf_count=40 152 42 48 1972 50
internal_value=0.000208153 -8.12274e-05 -0.00673913 0.000206961 0.00717391
internal_weight=2304 2214 90 2124 90
internal_count=2304 2214 90 2124 90
is_linear=0
shrinkage=0.04


Tree=58
num_leaves=7
num_cat=0
split_feature=9 108 45 94 91 1
split_gain=2.93406 2.52736 5.81443 3.35501 0.80397 0.0281046
threshold=-1.2253424506554131 0.9782130360295308 -0.059336701039247035 0.33319455608313298 0.3168287692296044 -0.45765356628962273
decision_type=2 2 2 2 2 2
left_child=4 3 -3 -2 -1 -6
right_child=1 2 -4 -5 5 -7
leaf_value=0.00010400882122242901 6.6225497129117762e-05 0.000237535124355387 -0.00044871022585757933 -0.00029293443814719394 0.00046144930457713376 0.00025774873793342706
leaf_weight=43 1669 87 139 283 43 40
leaf_count=43 1669 87 139 283 43 40
internal_value=0.000208153 -0.000137615 -0.00412281 0.000327533 0.00609375 0.00835294
internal_weight=2304 2178 226 1952 126 83
internal_count=2304 2178 226 1952 126 83
is_linear=0
shrinkage=0.04


Tree=59
num_leaves=6
num_cat=0
split_feature=70 80 73 0 100
split_gain=2.55006 2.51242 3.29103 1.08804 0.49239
threshold=-1.342880772166158 2.7567208111656583 -0.25844423034365421 0.55191043915304394 -0.70703331513288659
decision_type=2 2 2 2 2
left_child=4 2 -2 -3 -1
right_child=1 3 -4 -5 -6
leaf_value=8.1059015104460391e-05 0.00010425058290222013 0.00042741945366761287 -8.9454824912369235e-05 0.0001383755877164263 0.00056227769098606949
leaf_weight=48 780 91 1287 44 54
leaf_count=48 780 91 1287 44 54
internal_value=0.000225499 -6.35209e-05 -0.000410826 0.00518248 0.00634615
internal_weight=2304 2202 2067 135 102
internal_count=2304 2202 2067 135 102
is_linear=0
shrinkage=0.04


Tree=60
num_leaves=8
num_cat=0
split_feature=4 97 11 104 115 35 36
split_gain=2.52399 4.5053 3.08486 2.86418 2.74967 3.77473 3.05576
threshold=0.36226831673554732 -0.83788975104458741 0.24066474026780912 0.090528362435555537 0.25305542591454794 0.12273039596114677 1.1677186547352953
decision_type=2 2 2 2 2 2 2
left_child=4 2 -2 -3 6 -6 -1
right_child=1 3 -4 -5 5 -7 -8
leaf_value=0.00022456758564744876 -4.5049636867545742e-05 -0.00013260441756685108 -0.00055943077498982695 0.00011724519792640609 4.5768135387131566e-05 -0.00041400445140915858 -0.00093792196850842697
leaf_weight=885 42 356 44 269 487 176 45
leaf_count=885 42 356 44 269 487 176 45
internal_value=0.000225499 -0.00175316 -0.0102273 -0.000558214 0.00110972 -0.000857143 0.00251073
internal_weight=2304 711 86 625 1593 663 930
internal_count=2304 711 86 625 1593 663 930
is_linear=0
shrinkage=0.04


Tree=61
num_leaves=6
num_cat=0
split_feature=15 116 76 76 117
split_gain=2.87584 2.33173 4.12995 3.42089 1.79053
threshold=1.1040569062114589 -0.38352322564912777 -0.78283944493811497 -0.33491501646287219 -0.6416341684565251
decision_type=2 2 2 2 2
left_child=1 2 -1 -3 -2
right_child=4 3 -4 -5 -6
leaf_value=-0.00056611436281125158 -1.8671020280313783e-05 0.00032184974576449381 -2.0098183787568002e-05 1.1400183102564868e-05 -0.00065785669631129103
leaf_weight=81 44 377 469 1287 46
leaf_count=81 44 377 469 1287 46
internal_value=0.000190807 0.000478339 -0.00177536 0.00122449 -0.00673913
internal_weight=2304 2214 550 1664 90
internal_count=2304 2214 550 1664 90
is_linear=0
shrinkage=0.04


Tree=62
num_leaves=8
num_cat=0
split_feature=81 16 74 28 108 26 114
split_gain=2.77456 3.47349 4.19589 2.12161 2.38939 2.01408 0.728792
threshold=0.074526661522083579 -0.82749906364327452 -0.19985505651065577 -0.46071470121310049 -0.021374369478521702 0.94837486065720322 0.2228580102884932
decision_type=2 2 2 2 2 2 2
left_child=1 6 -3 4 -2 -5 -1
right_child=3 2 -4 5 -6 -7 -8
leaf_value=0.00013130360999554809 -0.00062271905418050338 5.8954497178129001e-05 -0.00025614002831550849 0.00023687558768099019 0.00021657966835909873 -0.00030440382882860673 0.00024167376236046236
leaf_weight=49 77 510 636 814 118 53 47
leaf_count=49 77 510 636 814 118 53 47
internal_value=0.000173461 -0.00110932 -0.00172474 0.00167293 -0.00208122 0.00252014 0.00612245
internal_weight=2304 1242 1146 1062 195 867 96
internal_count=2304 1242 1146 1062 195 867 96
is_linear=0
shrinkage=0.04


Tree=63
num_leaves=7
num_cat=0
split_feature=82 61 91 87 76 117
split_gain=2.68132 3.02231 3.59588 3.18848 2.96358 2.76938
threshold=-0.56309075351285853 0.59562997129606887 -0.56008850129411425 1.0000000180025095e-35 -0.030072059020878433 -0.70037519640310408
decision_type=2 2 2 2 2 2
left_child=4 2 -2 -3 -1 -6
right_child=1 3 -4 -5 5 -7
leaf_value=-0.00057125226367546922 0.00032769036743286956 -4.739471148090948e-05 1.0820360166943419e-05 -0.00069572014984801511 -0.00025639974991622849 0.0002453494034910359
leaf_weight=60 339 231 1539 42 42 51
leaf_count=60 339 231 1539 42 42 51
internal_value=0.000242845 0.000608453 0.00118085 -0.00330909 -0.00483871 -0.000315789
internal_weight=2304 2151 1878 273 153 93
internal_count=2304 2151 1878 273 153 93
is_linear=0
shrinkage=0.04


Tree=64
num_leaves=8
num_cat=0
split_feature=29 116 106 42 112 11 53
split_gain=2.72693 3.78629 4.00602 3.98622 2.40137 3.2853 2.12999
threshold=-0.26563118036340694 -0.38352322564912777 0.90809259015101473 -0.080446755051221952 -0.059741364486349736 0.24066474026780912 0.58333333333333337
decision_type=2 2 2 2 2 2 2
left_child=4 3 -3 -2 5 -1 -6
right_child=1 2 -4 -5 6 -7 -8
leaf_value=9.1045930483470188e-05 -2.4592805178435056e-05 5.5010897039310376e-05 -0.0012555362598354314 -0.00074815293874570116 0.00036823869043187618 -0.00027835767836820679 -5.570739275903819e-05
leaf_weight=292 168 1072 66 161 354 109 82
leaf_count=292 168 1072 66 161 354 109 82
internal_value=0.000242845 -0.00079646 0.000298246 -0.00456193 0.00206198 -0.000173697 0.00410959
internal_weight=2304 1467 1138 329 837 401 436
internal_count=2304 1467 1138 329 837 401 436
is_linear=0
shrinkage=0.04


Tree=65
num_leaves=8
num_cat=0
split_feature=36 63 7 104 70 63 34
split_gain=2.54314 3.80706 3.5199 3.46572 2.68517 1.98969 0.458192
threshold=0.54490367577717358 -1.2749500115074022 0.019511853766945579 0.14070838441693675 -1.342880772166158 -0.33867298663153744 0.083572480066179441
decision_type=2 2 2 2 2 2 2
left_child=1 6 3 -2 -3 -4 -1
right_child=2 4 5 -5 -6 -7 -8
leaf_value=0.00071918552550510049 -0.00047942624513056339 0.00043867137575847356 -5.8007051181490844e-05 0.0002093029822366271 1.9108977463101753e-06 0.00030316153145937378 0.00020436509023533778
leaf_weight=72 197 89 111 51 1613 118 53
leaf_count=72 197 89 111 51 1613 118 53
internal_value=0.000277537 0.000956807 -0.00231733 -0.0056 0.000457746 0.00125541 0.0076378
internal_weight=2304 1827 477 248 1702 229 125
internal_count=2304 1827 477 248 1702 229 125
is_linear=0
shrinkage=0.04


Tree=66
num_leaves=6
num_cat=0
split_feature=60 33 17 40 110
split_gain=2.54172 3.16653 4.37288 2.80001 2.22003
threshold=0.8156479419569912 1.2393929739216305 0.43897872921888625 -0.95194920200308009 0.50688029843115812
decision_type=2 2 2 2 2
left_child=3 2 -2 -1 -5
right_child=1 -3 -4 4 -6
leaf_value=-0.00036365996425603278 -0.00036519563998710716 -0.00065745254294890816 0.00030393033846897534 1.0620853637402298e-05 0.00016141660153327922
leaf_weight=64 138 40 110 1439 513
leaf_count=64 138 40 110 1439 513
internal_value=0.000329575 -0.00317241 -0.00144 0.000832507 0.00110542
internal_weight=2304 288 248 2016 1952
internal_count=2304 288 248 2016 1952
is_linear=0
shrinkage=0.04


Tree=67
num_leaves=7
num_cat=0
split_feature=61 3 47 13 38 44
split_gain=2.5812 3.10983 2.99269 2.42863 2.82293 0.489251
threshold=0.59562997129606887 -0.13269595056933506 0.10817242509111143 -0.89457468188484524 -0.063870197252255026 -0.31454062834191587
decision_type=2 2 2 2 2 2
left_child=3 -2 -3 5 -5 -1
right_child=1 2 -4 4 -6 -7
leaf_value=0.00025767717423610405 0.00024266334872771869 1.6192063639568367e-05 -0.0005209946551062893 -5.3063884357079338e-05 8.8628889652425086e-05 0.00067048432412571493
leaf_weight=40 54 104 136 786 1115 69
leaf_count=40 54 104 136 786 1115 69
internal_value=0.000312229 -0.00317568 -0.00512397 0.00082505 0.000488702 0.00657658
internal_weight=2304 294 240 2010 1901 109
internal_count=2304 294 240 2010 1901 109
is_linear=0
shrinkage=0.04


Tree=68
num_leaves=6
num_cat=0
split_feature=80 61 98 73 1
split_gain=2.45862 3.03855 3.33854 3.16016 0.787611
threshold=2.7567208111656583 0.57894596429675893 0.24288127929604461 -0.25844423034365421 0.20916084374952629
decision_type=2 2 2 2 2
left_child=1 3 -3 -1 -2
right_child=4 2 -4 -5 -6
leaf_value=0.0001991780445313917 0.00045005409780858461 -0.00035119414350532344 0.00037431818754102151 -2.8800361697108695e-05 0.00015954908814267124
leaf_weight=681 57 240 48 1200 78
leaf_count=681 57 240 48 1200 78
internal_value=0.000277537 -5.06679e-05 -0.00386207 0.000536378 0.00547445
internal_weight=2304 2169 288 1881 135
internal_count=2304 2169 288 1881 135
is_linear=0
shrinkage=0.04


Tree=69
num_leaves=7
num_cat=0
split_feature=82 76 115 115 14 117
split_gain=2.46821 3.1938 2.80939 3.72652 2.97268 2.41101
threshold=-0.56309075351285853 -0.030072059020878433 -0.59564674644394489 -0.52690632448851782 0.018461716854759221 -0.70037519640310408
decision_type=2 2 2 2 2 2
left_child=1 -1 4 -4 -2 -3
right_child=2 5 3 -5 -6 -7
leaf_value=-0.00054028686558677539 0.00044021776239438939 -0.0002475918664305558 -0.00042316656655678108 8.8958869840483419e-06 -1.422731838190347e-06 0.00023532127749476478
leaf_weight=60 211 42 60 1692 188 51
leaf_count=60 211 42 60 1692 188 51
internal_value=0.000294883 -0.00458065 0.000645611 -4.561e-05 0.00366584 0.000105263
internal_weight=2304 153 2151 1752 399 93
internal_count=2304 153 2151 1752 399 93
is_linear=0
shrinkage=0.04


Tree=70
num_leaves=8
num_cat=0
split_feature=116 82 76 76 61 19 107
split_gain=2.29568 3.59973 4.68146 2.64528 2.89746 2.58697 2.44719
threshold=-0.38352322564912777 0.032824979343411935 -0.77762910362627247 -0.33491501646287219 0.56799507479232381 0.42443853506489798 -0.50792522842992327
decision_type=2 2 2 2 2 2 2
left_child=1 2 -1 4 -2 -3 -5
right_child=3 5 -4 6 -6 -7 -8
leaf_value=-0.00075054775167263349 0.00037299298464795605 0.00037705009625789573 -0.00015840920164518249 0.0001935330350001441 -2.7630976463930182e-05 -0.00036780603781328731 -2.9131137968001647e-05
leaf_weight=72 297 204 246 324 114 51 996
leaf_count=72 297 204 246 324 114 51 996
internal_value=0.000329575 -0.00186087 -0.0046875 0.00105597 0.00384988 0.00167315 0.000181543
internal_weight=2304 573 318 1731 411 255 1320
internal_count=2304 573 318 1731 411 255 1320
is_linear=0
shrinkage=0.04


Tree=71
num_leaves=8
num_cat=0
split_feature=86 29 28 79 31 73 92
split_gain=2.42332 2.45258 3.36131 2.66127 2.11141 1.35899 1.19492
threshold=1.0739764854825755 0.026714720062257592 1.3182381114773649 -0.87568860565295725 0.50127086940827781 -1.0212336428938829 0.29569544146308385
decision_type=2 2 2 2 2 2 2
left_child=1 3 -3 -1 6 -6 -2
right_child=4 2 -4 -5 5 -7 -8
leaf_value=0.00050607060353658579 0.00034156106160504088 -4.1395850678042981e-05 -0.00062607488949610103 7.779027776200903e-06 -9.9246285596106421e-05 0.00015491518760944189 0.00062685457570005483
leaf_weight=123 44 902 44 1001 43 53 94
leaf_count=123 44 902 44 1001 43 53 94
internal_value=0.000312229 -0.000125483 -0.00162447 0.00113677 0.00415254 -0.000408163 0.00728571
internal_weight=2304 2070 946 1124 234 96 138
internal_count=2304 2070 946 1124 234 96 138
is_linear=0
shrinkage=0.04


Tree=72
num_leaves=6
num_cat=0
split_feature=82 76 108 82 60
split_gain=2.28713 2.76895 2.30166 3.07478 2.69346
threshold=-0.64711440126431952 -0.030072059020878433 0.99891413148620212 -0.07032365104697294 0.76509300091515786
decision_type=2 2 2 2 2
left_child=1 -1 4 -4 -2
right_child=2 -3 3 -5 -6
leaf_value=-0.00050545094879839441 8.030866239734889e-05 4.8522324334633602e-06 -0.00038307796335101295 3.9476888117677341e-05 -8.7606266284045311e-05
leaf_weight=42 1707 57 87 138 273
leaf_count=42 1707 57 87 138 273
internal_value=0.000242845 -0.00564356 0.000512007 -0.00330396 0.000948537
internal_weight=2304 99 2205 225 1980
internal_count=2304 99 2205 225 1980
is_linear=0
shrinkage=0.04


Tree=73
num_leaves=5
num_cat=0
split_feature=74 60 108 97
split_gain=2.0413 2.42819 2.88747 2.65786
threshold=-1.0222123817282291 0.8156479419569912 0.99891413148620212 -0.39214019001695244
decision_type=2 2 2 2
left_child=-1 2 -2 -3
right_child=1 3 -4 -5
leaf_value=0.00061696921693541091 4.8883627006877617e-05 -0.00042114629065438571 -0.00025824677421301841 4.0190699738318351e-07
leaf_weight=63 1794 114 192 141
leaf_count=63 1794 114 192 141
internal_value=0.000242845 4.01248e-05 0.000513078 -0.00361868
internal_weight=2304 2241 1986 255
internal_count=2304 2241 1986 255
is_linear=0
shrinkage=0.04


Tree=74
num_leaves=6
num_cat=0
split_feature=116 35 82 115 76
split_gain=2.10288 4.38432 2.22415 2.59928 2.40486
threshold=-0.67706239896445053 -0.11784207418025941 -0.64711440126431952 -0.59564674644394489 -0.030072059020878433
decision_type=2 2 2 2 2
left_child=1 -1 4 -4 -2
right_child=2 -3 3 -5 -6
leaf_value=0.00046392414396525888 -0.0004683870592202831 -0.00091910470511689815 0.00021683316981178585 2.6613561468095611e-06 2.7027980558497202e-06
leaf_weight=42 42 69 402 1692 57
leaf_count=42 42 69 402 1692 57
internal_value=0.000277537 -0.00504425 0.000551253 0.000830153 -0.00524752
internal_weight=2304 111 2193 2094 99
internal_count=2304 111 2193 2094 99
is_linear=0
shrinkage=0.04


Tree=75
num_leaves=5
num_cat=0
split_feature=74 29 28 112
split_gain=2.07182 2.1747 4.27287 2.28116
threshold=-1.0222123817282291 -0.26563118036340694 1.5140276526188148 -0.059741364486349736
decision_type=2 2 2 2
left_child=-1 3 -3 -2
right_child=1 2 -4 -5
leaf_value=0.00058361712146552311 -9.2989794496986528e-06 -1.4863666306305056e-05 -0.00061606731670583493 0.00021449254067455349
leaf_weight=63 401 1343 64 433
leaf_count=63 401 1343 64 433
internal_value=0.000190807 -1.33749e-05 -0.000972321 0.00160287
internal_weight=2304 2241 1407 834
internal_count=2304 2241 1407 834
is_linear=0
shrinkage=0.04


Tree=76
num_leaves=7
num_cat=0
split_feature=116 82 76 78 112 19
split_gain=2.3338 3.70644 4.41795 2.53302 3.18751 2.48712
threshold=-0.38352322564912777 0.032824979343411935 -0.77762910362627247 1.7254186088791965 -0.061624946827891235 0.42443853506489798
decision_type=2 2 2 2 2 2
left_child=1 2 -1 4 -2 -3
right_child=3 5 -4 -5 -6 -7
leaf_value=-0.00072354960674839576 -8.9410708620479152e-06 0.00036741619739172961 -0.00012553555594363962 -0.00027419619707099314 0.00022265289387415102 -0.00034915831793343204
leaf_weight=72 888 204 246 54 789 51
leaf_count=72 888 204 246 54 789 51
internal_value=0.000138768 -0.00206957 -0.0049375 0.000871321 0.00114949 0.00151751
internal_weight=2304 573 318 1731 1677 255
internal_count=2304 573 318 1731 1677 255
is_linear=0
shrinkage=0.04


Tree=77
num_leaves=6
num_cat=0
split_feature=36 40 42 79 5
split_gain=2.31786 2.87792 4.21298 3.08895 0.414976
threshold=-1.2293761481978638 1.883539390507563 -0.40465900394668691 -0.88820247045597733 -0.94414234410568409
decision_type=2 2 2 2 2
left_child=4 3 -3 -2 -1
right_child=1 2 -4 -5 -6
leaf_value=0.00019791732663725303 0.00024199102044855715 1.84572126179193e-05 -0.0014665575546833943 -1.2224608002027321e-05 0.00041384766634157411
leaf_weight=50 289 43 40 1833 49
leaf_count=50 289 43 40 1833 49
internal_value=0.000312229 4.07793e-05 -0.00717647 0.000329567 0.00623762
internal_weight=2304 2205 83 2122 99
internal_count=2304 2205 83 2122 99
is_linear=0
shrinkage=0.04


Tree=78
num_leaves=5
num_cat=0
split_feature=36 91 116 5
split_gain=2.31786 2.57847 2.43947 0.414976
threshold=-1.2293761481978638 1.1635122067235435 -0.67706239896445053 -0.94414234410568409
decision_type=2 2 2 2
left_child=3 2 -2 -1
right_child=1 -3 -4 -5
leaf_value=0.00019000063357176294 -0.00049110464956584265 -0.0007003436284659212 1.6588444805186629e-05 0.00039729375968791116
leaf_weight=50 107 42 2056 49
leaf_count=50 107 42 2056 49
internal_value=0.000312229 4.07793e-05 0.000235566 0.00623762
internal_weight=2304 2205 2163 99
internal_count=2304 2205 2163 99
is_linear=0
shrinkage=0.04


Tree=79
num_leaves=5
num_cat=0
split_feature=74 58 18 86
split_gain=2.03118 2.57402 3.88802 3.24593
threshold=-1.0222123817282291 1.1430961970417639 0.60093527885410214 1.0581959847748876
decision_type=2 2 2 2
left_child=-1 3 -3 -2
right_child=1 2 -4 -5
leaf_value=0.0005511441919043952 -5.3053010134783763e-06 -0.00080836521551664469 1.9102844927998963e-05 0.00033579693236231422
leaf_weight=63 1911 56 67 207
leaf_count=63 1911 56 67 207
internal_value=0.000260191 5.79581e-05 -0.00552 0.000386792
internal_weight=2304 2241 123 2118
internal_count=2304 2241 123 2118
is_linear=0
shrinkage=0.04


Tree=80
num_leaves=5
num_cat=0
split_feature=74 40 99 16
split_gain=2.00095 2.38568 4.39607 2.77179
threshold=-1.0222123817282291 -0.95194920200308009 -0.12597020045760923 1.3048680479433987
decision_type=2 2 2 2
left_child=-1 2 -2 -3
right_child=1 3 -4 -5
leaf_value=0.00052909842422821948 0.00011716933160779223 1.8410945748910303e-05 -0.00070132826860523222 -0.00056002017144893659
leaf_weight=63 56 2102 41 42
leaf_count=63 56 2102 41 42
internal_value=0.000312229 0.000111458 -0.0059596 0.000391426
internal_weight=2304 2241 97 2144
internal_count=2304 2241 97 2144
is_linear=0
shrinkage=0.04


Tree=81
num_leaves=5
num_cat=0
split_feature=74 40 96 16
split_gain=2.02108 2.68402 4.07358 2.76142
threshold=-1.0222123817282291 -0.95194920200308009 -0.13120732680812405 1.3048680479433987
decision_type=2 2 2 2
left_child=-1 2 -2 -3
right_child=1 3 -4 -5
leaf_value=0.00050793448725909064 0.00028072994138834571 1.7674507918953916e-05 -0.00067450511939996956 -0.00053761936459097907
leaf_weight=63 49 2102 48 42
leaf_count=63 49 2102 48 42
internal_value=0.000277537 7.57914e-05 -0.00636364 0.000372787
internal_weight=2304 2241 97 2144
internal_count=2304 2241 97 2144
is_linear=0
shrinkage=0.04


Tree=82
num_leaves=6
num_cat=0
split_feature=82 116 35 117 76
split_gain=2.31412 2.14703 2.44014 2.24519 2.14106
threshold=-0.64711440126431952 -0.68580283954099663 0.11174977066001517 0.74223083903680243 -0.030072059020878433
decision_type=2 2 2 2 2
left_child=4 2 -2 -3 -1
right_child=1 3 -4 -5 -6
leaf_value=-0.0004602737720810628 0.00025916724284783476 5.5028475724588353e-05 -0.00087131713304545565 -8.3916653561917219e-05 -6.0801945787062472e-07
leaf_weight=42 40 1773 50 342 57
leaf_count=42 40 1773 50 342 57
internal_value=0.000277537 0.000548256 -0.00543478 0.000807747 -0.00564356
internal_weight=2304 2205 90 2115 99
internal_count=2304 2205 90 2115 99
is_linear=0
shrinkage=0.04


Tree=83
num_leaves=5
num_cat=0
split_feature=74 16 7 40
split_gain=2.06162 2.0163 4.0251 2.01158
threshold=-1.0222123817282291 1.1526498697991581 0.011834546325186207 -0.95194920200308009
decision_type=2 2 2 2
left_child=-1 3 -3 -2
right_child=1 2 -4 -5
leaf_value=0.00048541596873974343 -0.00030772288344738016 -0.00043395631575770909 6.1843203626152395e-05 1.8236076296688635e-05
leaf_weight=63 83 48 52 2058
leaf_count=63 83 48 52 2058
internal_value=0.000208153 4.45831e-06 -0.0054902 0.000265982
internal_weight=2304 2241 100 2141
internal_count=2304 2241 100 2141
is_linear=0
shrinkage=0.04


Tree=84
num_leaves=6
num_cat=0
split_feature=74 16 7 80 56
split_gain=2.20044 2.71713 3.59609 2.1402 0.540356
threshold=-1.0015026654688521 1.1526498697991581 0.011834546325186207 2.7567208111656583 0.28342187826597293
decision_type=2 2 2 2 2
left_child=4 3 -3 -2 -1
right_child=1 2 -4 -5 -6
leaf_value=0.00055645308683900728 -8.0722299688057446e-07 -0.00049928838155054124 3.9024905273725358e-05 0.00027074805246224604 0.00013196061049403711
leaf_weight=42 2001 42 48 123 48
leaf_count=42 2001 42 48 123 48
internal_value=0.000242845 -9.02527e-06 -0.00673913 0.00028222 0.00630435
internal_weight=2304 2214 90 2124 90
internal_count=2304 2214 90 2124 90
is_linear=0
shrinkage=0.04


Tree=85
num_leaves=6
num_cat=0
split_feature=37 13 103 28 87
split_gain=2.04087 5.01344 2.36139 2.25243 2.16703
threshold=-0.82247200491840977 -0.81732289362786104 0.42458358009518399 -0.46071470121310049 -0.69834232272680175
decision_type=2 2 2 2 2
left_child=2 -2 4 -3 -1
right_child=1 3 -4 -5 -6
leaf_value=-0.00011820504121106648 -0.00051091436665441354 -0.00016098733288250774 -0.00034031941360359989 2.4763405143030869e-05 0.00040312827014416398
leaf_weight=41 61 309 41 1637 215
leaf_count=41 61 309 41 1637 215
internal_value=0.000294883 -0.000164261 0.00337793 0.000195072 0.0048062
internal_weight=2304 2007 297 1946 256
internal_count=2304 2007 297 1946 256
is_linear=0
shrinkage=0.04


Tree=86
num_leaves=5
num_cat=0
split_feature=74 61 47 59
split_gain=2.03118 2.19257 3.00196 2.66186
threshold=-1.0222123817282291 0.59562997129606887 -0.3322102108661889 -0.43745950082851875
decision_type=2 2 2 2
left_child=-1 3 -3 -2
right_child=1 2 -4 -5
leaf_value=0.00044367322253774892 0.00027462886940327969 0.00031606139778194461 -0.0002779916306236618 -3.1920531240960807e-06
leaf_weight=63 315 78 192 1656
leaf_count=63 315 78 192 1656
internal_value=0.000260191 5.79581e-05 -0.00330882 0.000522048
internal_weight=2304 2241 270 1971
internal_count=2304 2241 270 1971
is_linear=0
shrinkage=0.04


Tree=87
num_leaves=7
num_cat=0
split_feature=116 85 100 76 26 73
split_gain=1.97939 3.07396 2.68684 2.59328 2.70528 2.50629
threshold=-0.38352322564912777 -0.51240224355577035 0.16087903092191355 -0.33491501646287219 0.84915042398190044 -1.1064068695742655
decision_type=2 2 2 2 2 2
left_child=1 -1 -3 4 -2 -5
right_child=3 2 -4 5 -6 -7
leaf_value=-0.00090798220646699703 0.00026894894079845696 -0.00016289352020892937 0.00016840789113957574 -0.00037089951569204945 -0.00019069044785312427 1.2787714161178465e-05
leaf_weight=48 368 252 273 63 43 1257
leaf_count=48 368 252 273 63 43 1257
internal_value=0.000312229 -0.00172174 -0.000815939 0.000986728 0.00375303 0.000121029
internal_weight=2304 573 525 1731 411 1320
internal_count=2304 573 525 1731 411 1320
is_linear=0
shrinkage=0.04


Tree=88
num_leaves=6
num_cat=0
split_feature=102 40 63 28 78
split_gain=2.06032 2.86989 2.489 2.06389 1.64206
threshold=-0.52426047110455698 -0.95194920200308009 0.30125822860778723 1.3779658114534348 1.2550100744045274
decision_type=2 2 2 2 2
left_child=3 -2 -3 4 -1
right_child=1 2 -4 -5 -6
leaf_value=0.00022339850092501011 -0.00038066729162751517 -3.2295153858418886e-05 0.00011532536695314421 -0.00044758186808465023 -0.00017535142623552102
leaf_weight=474 78 1158 507 42 45
leaf_count=474 78 1158 507 42 45
internal_value=0.000329575 -0.00034957 5.9988e-06 0.00243339 0.0031286
internal_weight=2304 1743 1665 561 519
internal_count=2304 1743 1665 561 519
is_linear=0
shrinkage=0.04


Tree=89
num_leaves=6
num_cat=0
split_feature=82 116 97 91 66
split_gain=2.28713 2.12116 2.35748 2.04006 1.68266
threshold=-0.64711440126431952 -0.68580283954099663 -0.44080018915021951 1.1635122067235435 0.029202733032511492
decision_type=2 2 2 2 2
left_child=4 2 -2 -3 -1
right_child=1 3 -4 -5 -6
leaf_value=7.0697886965774564e-06 -0.00084434016374982746 4.2111706388957904e-05 0.00024562847687094563 -0.00036264557465927002 -0.00038192432419111689
leaf_weight=42 45 2064 45 51 57
leaf_count=42 45 2064 45 51 57
internal_value=0.000242845 0.000512007 -0.00543478 0.000769957 -0.00564356
internal_weight=2304 2205 90 2115 99
internal_count=2304 2205 90 2115 99
is_linear=0
shrinkage=0.04


Tree=90
num_leaves=7
num_cat=0
split_feature=71 115 57 115 92 7
split_gain=1.78072 2.50752 2.02722 2.00776 1.91158 1.6154
threshold=-0.64216664584706107 0.5884215147426114 -1.1873749239955851 1.1985870155931557 -0.54098058896415413 -0.002135504191704296
decision_type=2 2 2 2 2 2
left_child=1 4 5 -4 -1 -2
right_child=2 -3 3 -5 -6 -7
leaf_value=-0.00031036455371585625 -5.1799254077460558e-05 -0.00049173491724550911 1.970919783101474e-05 -0.00022739820963548588 1.3255475221396578e-05 0.00035075579614186935
leaf_weight=66 40 63 1662 87 264 122
leaf_count=66 40 63 1662 87 264 122
internal_value=0.000242845 -0.00220253 0.000747517 0.000348372 -0.000783133 0.005
internal_weight=2304 393 1911 1749 330 162
internal_count=2304 393 1911 1749 330 162
is_linear=0
shrinkage=0.04


Tree=91
num_leaves=6
num_cat=0
split_feature=73 106 97 114 29
split_gain=1.80306 4.33024 3.14724 3.02138 3.50554
threshold=-0.2719661753805257 0.9175307341836304 -0.74881261096958895 1.3634151704542088 -0.39920457959814387
decision_type=2 2 2 2 2
left_child=1 2 -1 4 -2
right_child=3 -3 -4 -5 -6
leaf_value=-8.7552638591976815e-05 6.4136179344565441e-05 -0.00082805295517797211 0.00023116416379829718 0.00060100372356156268 -0.00010589375395673118
leaf_weight=168 521 42 591 69 913
leaf_count=168 521 42 591 69 913
internal_value=0.000225499 0.00175592 0.00245729 -0.000591362 -0.000988858
internal_weight=2304 801 759 1503 1434
internal_count=2304 801 759 1503 1434
is_linear=0
shrinkage=0.04


Tree=92
num_leaves=7
num_cat=0
split_feature=46 82 91 63 28 58
split_gain=2.0843 2.60358 2.25958 1.48858 1.73364 1.37276
threshold=-1.1490218138751009 -0.64711440126431952 1.1635122067235435 -0.20961361061842473 1.0000000180025095e-35 0.64644790707771793
decision_type=2 2 2 2 2 2
left_child=3 -2 -3 4 -1 -5
right_child=1 2 -4 5 -6 -7
leaf_value=-0.00029799069427763488 -0.0003502118255266412 1.3146583100361181e-05 -0.00047888537724645789 0.00049142835198800821 7.4443053588953809e-05 8.3506473635951331e-06
leaf_weight=51 78 1891 47 103 64 70
leaf_count=51 78 1891 47 103 64 70
internal_value=0.000277537 -0.000178394 0.000113402 0.00344828 -8.54701e-05 0.00577143
internal_weight=2304 2016 1938 288 115 173
internal_count=2304 2016 1938 288 115 173
is_linear=0
shrinkage=0.04


Tree=93
num_leaves=8
num_cat=0
split_feature=46 108 45 98 64 85 58
split_gain=2.22225 2.24256 4.72087 3.3168 1.38223 1.4835 1.07572
threshold=-1.1490218138751009 0.99891413148620212 -0.059336701039247035 0.91397188908946536 -0.38910708148796364 0.71136897676385835 0.64644790707771793
decision_type=2 2 2 2 2 2 2
left_child=4 3 -3 -2 5 -1 -6
right_child=1 2 -4 -5 6 -7 -8
leaf_value=-0.00026334008998420665 3.8955300451244039e-05 0.00043154597560280577 -0.00035326613088894945 -0.00015245553911150947 0.00045744574213541861 0.00020701433201194216 1.2867895072782477e-05
leaf_weight=54 1592 62 128 234 119 43 72
leaf_count=54 1592 62 128 234 119 43 72
internal_value=0.000312229 -0.000158573 -0.00427083 0.000273523 0.00358621 -0.00030303 0.00554404
internal_weight=2304 2016 190 1826 288 97 191
internal_count=2304 2016 190 1826 288 97 191
is_linear=0
shrinkage=0.04


Tree=94
num_leaves=8
num_cat=0
split_feature=46 108 45 28 63 85 58
split_gain=2.15324 2.38557 4.28337 3.03792 1.48858 1.85731 1.37276
threshold=-1.1490218138751009 0.99891413148620212 -0.059336701039247035 1.4718116087221589 -0.20961361061842473 0.71136897676385835 0.64644790707771793
decision_type=2 2 2 2 2 2 2
left_child=4 3 -3 -2 5 -1 -6
right_child=1 2 -4 -5 6 -7 -8
leaf_value=-0.00025280648638483839 2.137738193903168e-05 0.00041428413657869357 -0.00033913548565339148 -0.00036658069465181592 0.00045347338822307112 0.00029665592964512417 7.5019056661400265e-06
leaf_weight=66 1746 62 128 80 103 49 70
leaf_count=66 1746 62 128 80 103 49 70
internal_value=0.000225499 -0.000237859 -0.00447917 0.000207877 0.00344828 -8.54701e-05 0.00577143
internal_weight=2304 2016 190 1826 288 115 173
internal_count=2304 2016 190 1826 288 115 173
is_linear=0
shrinkage=0.04


Tree=95
num_leaves=8
num_cat=0
split_feature=116 82 75 117 60 15 87
split_gain=1.98041 3.28872 3.42502 2.49059 4.72056 2.25894 2.15091
threshold=-0.38352322564912777 0.032824979343411935 0.06202879450815036 0.77475749330737098 0.21916037928936599 1.0631466598327444 -0.017504429008684319
decision_type=2 2 2 2 2 2 2
left_child=1 2 -1 5 -5 -2 -3
right_child=3 6 -4 4 -6 -7 -8
leaf_value=-0.00063483522320787399 8.3913886487968462e-05 -0.00011947273174014696 -2.4665445405751447e-05 2.250185270512425e-05 -0.00095825018685422232 -0.00011885749645528379 0.00038894261887379821
leaf_weight=120 1330 138 198 243 78 80 117
leaf_count=120 1330 138 198 243 78 80 117
internal_value=0.000173461 -0.00186087 -0.0045625 0.00084824 -0.00232198 0.00157224 0.00151751
internal_weight=2304 573 318 1731 321 1410 255
internal_count=2304 573 318 1731 321 1410 255
is_linear=0
shrinkage=0.04


Tree=96
num_leaves=8
num_cat=0
split_feature=108 45 82 27 115 96 95
split_gain=2.01834 4.07761 2.60191 1.95808 2.29557 1.76981 0.84343
threshold=0.99891413148620212 -0.059336701039247035 -0.11762297245568873 0.79585213690224588 -0.59564674644394489 0.58424194173064703 0.011269188681210353
decision_type=2 2 2 2 2 2 2
left_child=3 6 -3 4 -1 -5 -2
right_child=1 2 -4 5 -6 -7 -8
leaf_value=0.00017934540838642586 0.00052212449501781429 -0.00055273330905479339 -0.00021467698556811346 -0.00020451199256902176 1.5437173174689678e-05 0.00050042455932356529 -6.0383567978161689e-07
leaf_weight=339 46 49 95 122 1569 43 41
leaf_count=339 46 49 95 122 1569 43 41
internal_value=0.000225499 -0.00330472 -0.00739726 0.000621687 0.000984293 -0.00353293 0.00348315
internal_weight=2304 231 144 2073 1908 165 87
internal_count=2304 231 144 2073 1908 165 87
is_linear=0
shrinkage=0.04


Tree=97
num_leaves=8
num_cat=0
split_feature=86 2 14 35 94 43 85
split_gain=1.95942 2.34837 2.08318 2.15567 1.49666 1.06748 1.0231
threshold=1.0739764854825755 0.40207661261388045 1.0627819512022791 1.3518174432813486 0.0853878216274047 0.19674820052530165 0.71825157344406532
decision_type=2 2 2 2 2 2 2
left_child=2 5 3 -1 -4 -2 -3
right_child=1 6 4 -5 -6 -7 -8
leaf_value=-7.2840062979197782e-06 0.00041996383470804853 -0.00012462122240498684 0.0004229929038470827 -0.00043855189016954623 -0.00018412145154444976 0.00029269467629715107 0.00021360341841359599
leaf_weight=1834 93 50 139 48 49 44 47
leaf_count=1834 93 50 139 48 49 44 47
internal_value=0.000190807 0.00364407 -0.000202703 -0.000605096 0.00378947 0.00697842 -0.00111111
internal_weight=2304 234 2070 1882 188 137 97
internal_count=2304 234 2070 1882 188 137 97
is_linear=0
shrinkage=0.04


Tree=98
num_leaves=6
num_cat=0
split_feature=15 66 102 72 42
split_gain=1.93522 3.05947 1.9159 2.39144 1.87493
threshold=1.0631466598327444 0.08691908554938059 -0.52426047110455698 -0.46923296901858119 -1.0851769055337404
decision_type=2 2 2 2 2
left_child=2 -2 4 -4 -1
right_child=1 -3 3 -5 -6
leaf_value=-0.00019546903939671412 0.00019661227734493573 -0.00038478465997721859 0.00012029478782846215 -3.6050538402150332e-05 0.0001786145954317616
leaf_weight=40 48 60 437 1225 494
leaf_count=40 48 60 437 1225 494
internal_value=8.67303e-05 -0.00509091 0.000345769 -0.000324519 0.00242537
internal_weight=2304 108 2196 1662 534
internal_count=2304 108 2196 1662 534
is_linear=0
shrinkage=0.04


Tree=99
num_leaves=6
num_cat=0
split_feature=74 60 108 46 56
split_gain=2.23838 2.24573 2.46484 2.27693 0.540356
threshold=-1.0015026654688521 0.83932726471663754 0.99891413148620212 -0.33410988806400871 0.28342187826597293
decision_type=2 2 2 2 2
left_child=4 2 -2 -3 -1
right_child=1 3 -4 -5 -6
leaf_value=0.00046653540790964987 3.2252795043933305e-05 4.7150586934513321e-05 -0.00021339208278293336 -0.00038203331052994539 7.5664854708476276e-05
leaf_weight=42 1797 71 192 154 48
leaf_count=42 1797 71 192 154 48
internal_value=0.000190807 -6.31769e-05 0.00036665 -0.0038326 0.00630435
internal_weight=2304 2214 1989 225 90
internal_count=2304 2214 1989 225 90
is_linear=0
shrinkage=0.04


Tree=100
num_leaves=6
num_cat=0
split_feature=74 60 58 46 56
split_gain=1.94314 2.04068 2.75133 2.14364 0.704704
threshold=-1.0015026654688521 0.83932726471663754 1.1000951320119507 -0.33410988806400871 0.28342187826597293
decision_type=2 2 2 2 2
left_child=4 2 -2 -3 -1
right_child=1 3 -4 -5 -6
leaf_value=0.00044787399159326393 2.5742712165043729e-05 4.5264563457132825e-05 -0.00070840631725554602 -0.00036675197810874755 7.263826052013722e-05
leaf_weight=42 1947 71 42 154 48
leaf_count=42 1947 71 42 154 48
internal_value=0.000173461 -6.31769e-05 0.00034656 -0.00365639 0.00586957
internal_weight=2304 2214 1989 225 90
internal_count=2304 2214 1989 225 90
is_linear=0
shrinkage=0.04


Tree=101
num_leaves=6
num_cat=0
split_feature=74 53 11 110 33
split_gain=1.94314 2.27629 4.69595 3.60727 0.390158
threshold=-1.0015026654688521 0.91666666666666685 0.47184046755787351 1.0503776871124604 0.59325691424994786
decision_type=2 2 2 2 2
left_child=4 3 -3 -2 -1
right_child=1 2 -4 -5 -6
leaf_value=0.00053899009417863282 -9.0831187189605039e-06 -4.8633174799087711e-07 -0.00039431503808089397 0.00030446335192420857 0.00019889642606919235
leaf_weight=42 1860 98 40 216 48
leaf_count=42 1860 98 40 216 48
internal_value=0.000173461 -6.31769e-05 -0.005 0.00026949 0.00586957
internal_weight=2304 2214 138 2076 90
internal_count=2304 2214 138 2076 90
is_linear=0
shrinkage=0.04


Tree=102
num_leaves=5
num_cat=0
split_feature=35 91 14 99
split_gain=2.09506 2.57534 2.04139 0.868605
threshold=-1.2753703913295957 1.1044699735476819 0.95034911967668878 0.13249716612728218
decision_type=2 2 2 2
left_child=3 2 -2 -1
right_child=1 -3 -4 -5
leaf_value=4.1649701558586771e-05 -7.6828829965441826e-06 -0.00032484616912707096 0.00017283395677455111 0.00066700953559931748
leaf_weight=51 1901 50 254 48
leaf_count=51 1901 50 254 48
internal_value=0.000208153 -4.98414e-05 0.000162262 0.00584158
internal_weight=2304 2205 2155 99
internal_count=2304 2205 2155 99
is_linear=0
shrinkage=0.04


Tree=103
num_leaves=6
num_cat=0
split_feature=36 115 115 41 14
split_gain=2.34508 1.93307 2.97373 2.90639 0.313911
threshold=-1.2293761481978638 -0.59564674644394489 -0.52690632448851782 -0.36282895478921312 -0.47604484313066625
decision_type=2 2 2 2 2
left_child=4 3 -3 -2 -1
right_child=1 2 -4 -5 -6
leaf_value=0.0002318140652501615 -0.00016508764697361657 -0.0003624841171701823 -9.4040704826409148e-06 0.00014641373766555919 0.00033477472351372775
leaf_weight=44 79 62 1689 375 55
leaf_count=44 79 62 1689 375 55
internal_value=0.000277537 4.53104e-06 -0.000598973 0.00232456 0.00623762
internal_weight=2304 2205 1751 454 99
internal_count=2304 2205 1751 454 99
is_linear=0
shrinkage=0.04


Tree=104
num_leaves=5
num_cat=0
split_feature=60 106 73 73
split_gain=1.89392 1.97503 4.26925 1.94118
threshold=-1.2806157674677865 0.90809259015101473 0.20725805482800458 -0.2719661753805257
decision_type=2 2 2 2
left_child=-1 3 -3 -2
right_child=1 2 -4 -5
leaf_value=0.00033016800719365056 0.00011197019434060534 -0.00095437022847864037 0.00010150654622757341 -1.4163592010540284e-05
leaf_weight=72 741 72 87 1332
leaf_count=72 741 72 87 1332
internal_value=0.000190807 -1.79051e-05 -0.00428571 0.000313253
internal_weight=2304 2232 159 2073
internal_count=2304 2232 159 2073
is_linear=0
shrinkage=0.04


Tree=105
num_leaves=5
num_cat=0
split_feature=78 59 61 1
split_gain=2.11839 1.99064 2.53866 0.829554
threshold=1.7254186088791965 2.697843565759785 0.57894596429675893 0.20916084374952629
decision_type=2 2 2 2
left_child=1 2 -1 -3
right_child=-2 3 -4 -5
leaf_value=2.3273117296178926e-05 -0.00025691426009000228 0.00066072905778935542 -0.00013438966970270199 0.00030735019637520539
leaf_weight=1833 66 46 294 65
leaf_count=1833 66 46 294 65
internal_value=0.000190807 0.000401786 0.00012682 0.00557522
internal_weight=2304 2238 2127 111
internal_count=2304 2238 2127 111
is_linear=0
shrinkage=0.04


Tree=106
num_leaves=8
num_cat=0
split_feature=29 106 26 63 112 11 53
split_gain=1.85212 3.18247 3.66203 2.50238 2.43961 3.61062 1.86434
threshold=-0.29497492369797723 0.90809259015101473 -0.62709536238381081 0.11022697698970156 -0.059741364486349736 0.24066474026780912 0.58333333333333337
decision_type=2 2 2 2 2 2 2
left_child=4 2 -2 -3 5 -1 -6
right_child=1 3 -4 -5 6 -7 -8
leaf_value=5.404013435221254e-05 -0.0004168813673137381 -0.0012359512652752203 1.5372820796122714e-05 -4.4955257351089736e-06 0.00029691853483751051 -0.00031798504791817004 -6.4533908760422044e-05
leaf_weight=285 77 45 1331 41 342 104 79
leaf_count=285 77 45 1331 41 342 104 79
internal_value=0.000260191 -0.000574866 -0.000113475 -0.00795455 0.00179803 -0.000485934 0.00390071
internal_weight=2304 1494 1408 86 810 389 421
internal_count=2304 1494 1408 86 810 389 421
is_linear=0
shrinkage=0.04


Tree=107
num_leaves=5
num_cat=0
split_feature=78 75 91 32
split_gain=2.13953 2.56015 2.10428 0.789648
threshold=1.7254186088791965 1.4091098141693645 1.0783195929729092 -0.52817850971768887
decision_type=2 2 2 2
left_child=1 2 -1 -3
right_child=-2 3 -4 -5
leaf_value=1.2532112124981395e-05 -0.0002372518664568183 0.00053717146170057005 -0.00033125541468015412 2.4075832820620869e-05
leaf_weight=2067 66 72 48 51
leaf_count=2067 66 72 48 51
internal_value=0.000225499 0.0004375 0.000108644 0.006
internal_weight=2304 2238 2115 123
internal_count=2304 2238 2115 123
is_linear=0
shrinkage=0.04


Tree=108
num_leaves=6
num_cat=0
split_feature=60 14 94 35 63
split_gain=2.06934 1.95152 2.87551 2.81825 0.969111
threshold=-1.117254098385027 0.95034911967668878 0.15556189472853227 1.3518174432813486 -0.29548121547959622
decision_type=2 2 2 2 2
left_child=4 3 -3 -2 -1
right_child=1 2 -4 -5 -6
leaf_value=1.0819633590776015e-05 -4.8044843954812152e-06 0.00030239243586097477 -0.00027179659283690943 -0.00044502452546297855 0.00071051710379567336
leaf_weight=40 1907 203 53 42 59
leaf_count=40 1907 203 53 42 59
internal_value=0.000242845 -1.35931e-05 0.00325581 -0.000445925 0.00584158
internal_weight=2304 2205 256 1949 99
internal_count=2304 2205 256 1949 99
is_linear=0
shrinkage=0.04


Tree=109
num_leaves=7
num_cat=0
split_feature=85 93 33 104 98 44
split_gain=1.82393 5.19332 2.88644 2.30385 2.42445 0.88399
threshold=-0.37936143733267852 0.42981265496645676 0.57041003540600299 1.7217418711387291 0.91397188908946536 -0.61634352685001603
decision_type=2 2 2 2 2 2
left_child=1 2 -1 4 -2 -5
right_child=3 -3 -4 5 -6 -7
leaf_value=0.00015072035023584049 2.657806172353644e-05 -0.0010372438292961907 -0.00013080524749855237 0.00012531315810559941 -0.00016068998752706267 0.00073070424323094633
leaf_weight=304 1500 51 194 40 156 59
leaf_count=304 1500 51 194 40 156 59
internal_value=0.000138768 -0.00186933 -0.0006 0.000768355 0.000410133 0.00663366
internal_weight=2304 549 498 1755 1656 99
internal_count=2304 549 498 1755 1656 99
is_linear=0
shrinkage=0.04


Tree=110
num_leaves=5
num_cat=0
split_feature=116 97 78 75
split_gain=1.94207 2.35748 1.95168 2.2007
threshold=-0.68580283954099663 -0.44080018915021951 1.7254186088791965 1.5537282787571869
decision_type=2 2 2 2
left_child=1 -1 3 -2
right_child=2 -3 -4 -5
leaf_value=-0.00081219254656238031 9.6328134258327234e-06 0.00021794273119470685 -0.00023235700354703689 0.00043738170446566297
leaf_weight=45 2064 45 66 84
leaf_count=45 2064 45 66 84
internal_value=0.000260191 -0.00543478 0.00049639 0.000706977
internal_weight=2304 90 2214 2148
internal_count=2304 90 2214 2148
is_linear=0
shrinkage=0.04


Tree=111
num_leaves=5
num_cat=0
split_feature=78 75 72 48
split_gain=1.79458 2.01948 2.58506 0.991249
threshold=1.7254186088791965 1.4091098141693645 1.7323358695754345 -0.5933123953841003
decision_type=2 2 2 2
left_child=1 2 -1 -3
right_child=-2 3 -4 -5
leaf_value=7.3950299963162011e-06 -0.00022306272340515541 0.00054861603479422981 -0.00019037023750978377 1.5528497733208623e-05
leaf_weight=2070 66 59 45 64
leaf_count=2070 66 59 45 64
internal_value=0.000225499 0.000419643 0.000127539 0.00536
internal_weight=2304 2238 2115 123
internal_count=2304 2238 2115 123
is_linear=0
shrinkage=0.04


Tree=112
num_leaves=5
num_cat=0
split_feature=78 15 47 20
split_gain=1.75595 1.95889 2.22722 1.56001
threshold=1.7254186088791965 -1.0529099926538648 -0.40827076926056971 -1.0304121809356095
decision_type=2 2 2 2
left_child=1 3 -3 -1
right_child=-2 2 -4 -5
leaf_value=8.1400791651325657e-05 -0.00021414021446894923 0.00012353983445136747 -1.7983932932566443e-05 0.00037878356224389873
leaf_weight=74 66 585 1511 68
leaf_count=74 66 585 1511 68
internal_value=0.000156114 0.000348214 3.81316e-05 0.00486111
internal_weight=2304 2238 2096 142
internal_count=2304 2238 2096 142
is_linear=0
shrinkage=0.04


Tree=113
num_leaves=8
num_cat=0
split_feature=74 80 108 36 46 0 109
split_gain=1.86473 2.37053 2.93162 2.31319 2.40625 0.766269 0.557945
threshold=-0.60469723112714002 2.7567208111656583 0.99891413148620212 0.16159471978822665 0.11413818434793921 0.37767163006022708 -0.20585983949403355
decision_type=2 2 2 2 2 2 2
left_child=3 2 -2 6 -5 -3 -1
right_child=1 5 -4 4 -6 -7 -8
leaf_value=0.00031787371961923322 -5.8578671119571829e-06 0.0002951197802737377 -0.00028613312953723775 0.00016061225282819371 -0.00019657051622770929 4.8319552221009943e-05 0.0005422519528195431
leaf_weight=49 1623 73 171 140 112 50 86
leaf_count=49 1623 73 171 140 112 50 86
internal_value=0.000225499 -0.000286608 -0.000657016 0.00275064 0.000472441 0.00504 0.00693431
internal_weight=2304 1917 1794 387 252 123 135
internal_count=2304 1917 1794 387 252 123 135
is_linear=0
shrinkage=0.04


Tree=114
num_leaves=8
num_cat=0
split_feature=61 59 74 118 26 36 84
split_gain=2.00069 3.21462 2.63352 2.61746 1.99717 1.88718 0.348091
threshold=0.57894596429675893 -0.70588048622260613 -0.60469723112714002 -0.06789238496515683 0.55398755459220894 0.46851786260151779 -0.090324896382394396
decision_type=2 2 2 2 2 2 2
left_child=1 6 -3 5 -5 -2 -1
right_child=3 2 -4 4 -6 -7 -8
leaf_value=0.00027836993080508724 0.00028733103492766784 0.00024114427292994483 -1.1152624959764133e-05 -3.2393745839740669e-05 -0.00041680681777469917 -0.00020974771960762111 0.0006200728268835028
leaf_weight=51 101 234 1620 45 45 145 63
leaf_count=51 101 234 1620 45 45 145 63
internal_value=0.000121422 0.000609137 0.000204741 -0.00272189 -0.00847826 -0.000564516 0.00706897
internal_weight=2304 1968 1854 336 90 246 114
internal_count=2304 1968 1854 336 90 246 114
is_linear=0
shrinkage=0.04


Tree=115
num_leaves=7
num_cat=0
split_feature=35 13 69 63 74 36
split_gain=1.74282 4.00572 4.22658 2.61275 3.05215 1.58753
threshold=0.81507070336683329 -0.32103615529719959 0.65874652867803019 -1.2749500115074022 -0.60469723112714002 0.46851786260151779
decision_type=2 2 2 2 2 2
left_child=3 -2 -3 5 -5 -1
right_child=1 2 -4 4 -6 -7
leaf_value=0.00055831922004293368 -0.00045688155820377971 7.0357013395381339e-05 -0.00040013454506371114 0.00023189793759000542 -1.3791856434077488e-05 -6.7435752061091596e-07
leaf_weight=104 57 208 41 266 1583 45
leaf_count=104 57 208 41 266 1583 45
internal_value=0.000138768 -0.00266234 -0.000438247 0.00057 0.000156672 0.00562914
internal_weight=2304 306 249 1998 1849 149
internal_count=2304 306 249 1998 1849 149
is_linear=0
shrinkage=0.04


Tree=116
num_leaves=6
num_cat=0
split_feature=36 28 2 108 73
split_gain=1.69077 1.99743 3.46888 2.15439 0.517061
threshold=-1.256217680388102 1.5140276526188148 0.049294015561209839 0.99891413148620212 0.69901784882015205
decision_type=2 2 2 2 2
left_child=4 3 -3 -2 -1
right_child=1 2 -4 -5 -6
leaf_value=0.00051103182699399152 1.7701974864414368e-05 5.3799797286755433e-05 -0.00048120448873092617 -0.00017510092951419538 8.2862092927477827e-05
leaf_weight=50 1907 40 50 217 40
leaf_count=50 1907 40 50 217 40
internal_value=0.000121422 -9.9278e-05 -0.00586957 0.000150517 0.00543478
internal_weight=2304 2214 90 2124 90
internal_count=2304 2214 90 2124 90
is_linear=0
shrinkage=0.04


Tree=117
num_leaves=5
num_cat=0
split_feature=9 106 41 67
split_gain=1.64713 1.704 2.5259 0.655547
threshold=-1.2253424506554131 1.0702985197230424 -0.26915487160321988 -0.37869543335776912
decision_type=2 2 2 2
left_child=3 2 -2 -1
right_child=1 -3 -4 -5
leaf_value=0.00033280460068736559 -5.1452927384326723e-05 -0.00046019206313287583 3.5987939267411244e-05 4.9349315890833048e-05
leaf_weight=78 691 65 1422 48
leaf_count=78 691 65 1422 48
internal_value=0.000121422 -0.000137615 6.14657e-05 0.00453125
internal_weight=2304 2178 2113 126
internal_count=2304 2178 2113 126
is_linear=0
shrinkage=0.04


Tree=118
num_leaves=6
num_cat=0
split_feature=82 76 115 97 14
split_gain=1.62107 2.06643 1.77841 2.92126 1.70208
threshold=-0.64711440126431952 -0.030072059020878433 -0.67838290180331806 -0.40671273725464158 -0.158672548537763
decision_type=2 2 2 2 2
left_child=1 -1 4 -4 -2
right_child=2 -3 3 -5 -6
leaf_value=-0.00031824480475512834 0.00035319604620239072 4.8826864914305876e-06 -0.00012500950461424021 3.2642133122790586e-05 4.9941049239002922e-06
leaf_weight=42 155 57 429 1443 178
leaf_count=42 155 57 429 1443 178
internal_value=0.000104076 -0.00485149 0.000330766 -0.000149413 0.00301493
internal_weight=2304 99 2205 1872 333
internal_count=2304 99 2205 1872 333
is_linear=0
shrinkage=0.04


Tree=119
num_leaves=5
num_cat=0
split_feature=69 91 105 25
split_gain=1.61456 2.03398 1.71655 0.630974
threshold=-1.596688443450397 1.0783195929729092 -0.95953390945694983 -0.82232047121924723
decision_type=2 2 2 2
left_child=3 2 -2 -1
right_child=1 -3 -4 -5
leaf_value=0.00010144166417088346 0.00025789160818501418 -0.00048154300388446233 -5.1858230278176072e-06 0.00055621165158778224
leaf_weight=41 171 42 1992 58
leaf_count=41 171 42 1992 58
internal_value=0.000104076 -0.000122338 5.08083e-05 0.0050495
internal_weight=2304 2205 2163 99
internal_count=2304 2205 2163 99
is_linear=0
shrinkage=0.04


end of trees

feature_importances:
Column_115=33
Column_36=28
Column_82=28
Column_74=24
Column_86=21
Column_76=20
Column_116=20
Column_28=17
Column_73=17
Column_40=16
Column_91=14
Column_81=13
Column_87=13
Column_61=12
Column_85=12
Column_108=12
Column_60=11
Column_78=11
Column_1=10
Column_14=10
Column_70=10
Column_106=10
Column_35=9
Column_58=9
Column_118=9
Column_24=8
Column_63=8
Column_97=8
Column_117=8
Column_4=7
Column_9=7
Column_16=7
Column_47=7
Column_80=7
Column_98=7
Column_7=6
Column_11=6
Column_15=6
Column_45=6
Column_46=6
Column_53=6
Column_59=6
Column_94=6
Column_110=6
Column_13=5
Column_18=5
Column_26=5
Column_29=5
Column_42=5
Column_92=5
Column_112=5
Column_33=4
Column_48=4
Column_75=4
Column_0=3
Column_41=3
Column_50=3
Column_56=3
Column_57=3
Column_68=3
Column_96=3
Column_102=3
Column_104=3
Column_105=3
Column_2=2
Column_5=2
Column_8=2
Column_12=2
Column_19=2
Column_20=2
Column_31=2
Column_34=2
Column_37=2
Column_39=2
Column_43=2
Column_44=2
Column_66=2
Column_67=2
Column_69=2
Column_72=2
Column_79=2
Column_84=2
Column_88=2
Column_99=2
Column_100=2
Column_111=2
Column_114=2
Column_3=1
Column_10=1
Column_17=1
Column_25=1
Column_27=1
Column_30=1
Column_32=1
Column_38=1
Column_62=1
Column_64=1
Column_71=1
Column_93=1
Column_95=1
Column_103=1
Column_107=1
Column_109=1

parameters:
[boosting: gbdt]
[objective: quantile]
[metric: quantile]
[tree_learner: serial]
[device_type: cpu]
[data_sample_strategy: bagging]
[data: ]
[valid: ]
[num_iterations: 120]
[learning_rate: 0.04]
[num_leaves: 15]
[num_threads: 2]
[seed: 42]
[deterministic: 0]
[force_col_wise: 0]
[force_row_wise: 0]
[histogram_pool_size: -1]
[max_depth: 3]
[min_data_in_leaf: 40]
[min_sum_hessian_in_leaf: 0.001]
[bagging_fraction: 0.85]
[pos_bagging_fraction: 1]
[neg_bagging_fraction: 1]
[bagging_freq: 0]
[bagging_seed: 400]
[bagging_by_query: 0]
[feature_fraction: 0.8]
[feature_fraction_bynode: 1]
[feature_fraction_seed: 30056]
[extra_trees: 0]
[extra_seed: 12879]
[early_stopping_round: 0]
[early_stopping_min_delta: 0]
[first_metric_only: 0]
[max_delta_step: 0]
[lambda_l1: 0]
[lambda_l2: 2]
[linear_lambda: 0]
[min_gain_to_split: 0]
[drop_rate: 0.1]
[max_drop: 50]
[skip_drop: 0.5]
[xgboost_dart_mode: 0]
[uniform_drop: 0]
[drop_seed: 17869]
[top_rate: 0.2]
[other_rate: 0.1]
[min_data_per_group: 100]
[max_cat_threshold: 32]
[cat_l2: 10]
[cat_smooth: 10]
[max_cat_to_onehot: 4]
[top_k: 20]
[monotone_constraints: ]
[monotone_constraints_method: basic]
[monotone_penalty: 0]
[feature_contri: ]
[forcedsplits_filename: ]
[refit_decay_rate: 0.9]
[cegb_tradeoff: 1]
[cegb_penalty_split: 0]
[cegb_penalty_feature_lazy: ]
[cegb_penalty_feature_coupled: ]
[path_smooth: 0]
[interaction_constraints: ]
[verbosity: -1]
[saved_feature_importance_type: 0]
[use_quantized_grad: 0]
[num_grad_quant_bins: 4]
[quant_train_renew_leaf: 0]
[stochastic_rounding: 1]
[linear_tree: 0]
[max_bin: 255]
[max_bin_by_feature: ]
[min_data_in_bin: 3]
[bin_construct_sample_cnt: 200000]
[data_random_seed: 175]
[is_enable_sparse: 1]
[enable_bundle: 1]
[use_missing: 1]
[zero_as_missing: 0]
[feature_pre_filter: 1]
[pre_partition: 0]
[two_round: 0]
[header: 0]
[label_column: ]
[weight_column: ]
[group_column: ]
[ignore_column: ]
[categorical_feature: ]
[forcedbins_filename: ]
[precise_float_parser: 0]
[parser_config_file: ]
[objective_seed: 16083]
[num_class: 1]
[is_unbalance: 0]
[scale_pos_weight: 1]
[sigmoid: 1]
[boost_from_average: 1]
[reg_sqrt: 0]
[alpha: 0.25]
[fair_c: 1]
[poisson_max_delta_step: 0.7]
[tweedie_variance_power: 1.5]
[lambdarank_truncation_level: 30]
[lambdarank_norm: 1]
[label_gain: ]
[lambdarank_position_bias_regularization: 0]
[eval_at: ]
[multi_error_top_k: 1]
[auc_mu_weights: ]
[num_machines: 1]
[local_listen_port: 12400]
[time_out: 120]
[machine_list_filename: ]
[machines: ]
[gpu_platform_id: -1]
[gpu_device_id: -1]
[gpu_device_id_list: ]
[gpu_use_dp: 0]
[num_gpu: 1]

end of parameters

pandas_categorical:null
