tree
version=v4
num_class=1
num_tree_per_iteration=1
label_index=0
max_feature_idx=126
objective=regression
feature_names=Column_0 Column_1 Column_2 Column_3 Column_4 Column_5 Column_6 Column_7 Column_8 Column_9 Column_10 Column_11 Column_12 Column_13 Column_14 Column_15 Column_16 Column_17 Column_18 Column_19 Column_20 Column_21 Column_22 Column_23 Column_24 Column_25 Column_26 Column_27 Column_28 Column_29 Column_30 Column_31 Column_32 Column_33 Column_34 Column_35 Column_36 Column_37 Column_38 Column_39 Column_40 Column_41 Column_42 Column_43 Column_44 Column_45 Column_46 Column_47 Column_48 Column_49 Column_50 Column_51 Column_52 Column_53 Column_54 Column_55 Column_56 Column_57 Column_58 Column_59 Column_60 Column_61 Column_62 Column_63 Column_64 Column_65 Column_66 Column_67 Column_68 Column_69 Column_70 Column_71 Column_72 Column_73 Column_74 Column_75 Column_76 Column_77 Column_78 Column_79 Column_80 Column_81 Column_82 Column_83 Column_84 Column_85 Column_86 Column_87 Column_88 Column_89 Column_90 Column_91 Column_92 Column_93 Column_94 Column_95 Column_96 Column_97 Column_98 Column_99 Column_100 Column_101 Column_102 Column_103 Column_104 Column_105 Column_106 Column_107 Column_108 Column_109 Column_110 Column_111 Column_112 Column_113 Column_114 Column_115 Column_116 Column_117 Column_118 Column_119 Column_120 Column_121 Column_122 Column_123 Column_124 Column_125 Column_126
feature_infos=[-4.497096209522546:4.534829326803818] [-3.8332010244198829:3.5977152765692977] [-3.7000116802525445:3.6306702116709806] [-3.4358384130152437:3.2149479116885717] [-3.1882207648169469:2.6013806631521663] [-2.1919126206121655:2.4921099643649489] [-3.3676844764142877:3.2692372959240403] [-1.2039454751569332:3.5722341146935825] [-1.6183397517778808:1.6056012496856995] [-3.1105474581487842:2.6657297554840818] [-1.2960148207776232:3.7880276896786964] [-2.3958489326853174:2.6090080997601537] [-2.1088480546064221:2.5142411964422404] [-1.396586344120389:2.7586565603051585] [-2.489982154342846:2.9402920762996292] [-1.6091913126368276:1.4724597217278943] [-1.663147065042218:1.7738446747538177] [-1.0477558860438423:0.67874358317543071] [-1.1141057012581213:0.70067956184274649] [-1.0477558860438423:0.67874358317543049] [-2.354922537309498:2.2898924614925735] [-3.1786127874906289:3.4676326827826767] [-2.8734722283890854:2.8476770900985282] [-1.9787084151352503:2.8172049715358827] [-2.1916229829428979:1.8313403683742111] [-2.0695429285748759:1.8502110640598495] [-3.2619273879536097:2.2185941014367683] [-1.8141680463389467:1.5072627872669231] [-0.96077067833288365:2.8027353206856418] [-3.5396068131328886:3.3297677344084251] [-3.2633817762655331:2.7816145058739434] [-2.5193698836741083:2.2157334625835654] [-2.477383429473019:2.3696729554500022] [-1.9948193153183087:2.4148002192623848] [-2.1512182619337401:2.2614952234834949] [-1.9137302661075914:2.0193826091684923] [-2.0504745821793078:2.2674051833097044] [-1.2200467354854707:2.9568057850127905] [-1.2857762944999884:3.6272706933052019] [-1.41686262998802:2.7008868887811737] [-1.2734129450861393:1.781497902710679] [-1.8519431121539809:1.6208388440832202] [-1.8428059719509633:1.6872783929802704] [-1.9819287734284832:11.94936455774212] [-587.23974358794612:93.679992737018594] [-499.8007075699436:104.0333000812773] [-664.02353726319518:48.839344416831288] [-1.140613815276649:3.4008501685061816] [-1.8867503945524624:1.7279836008388154] [-1.1507143969459324:6.0961046369601091] [-3.8187019361766965:4.5241902832992809] [-9.8852839726145927:8.1992429049973783] [-1:1] [-0.83333333333333337:1] [0:1] [0:1] [-3.457591931626625:4.1809470269489708] [-4.04487296401122:2.3153316023359527] [-2.2163548345920399:1.4999853255570301] [-0.9962102821842912:2.1810851378615914] [-2.2345566264194998:1.2455717944136615] [-1.578038559056409:0.3651565863277339] [-3.1837103748603157:3.6474458774786176] [-2.7499623637723727:2.4863630179937402] [-2.2284726169025761:1.7348887482913355] [-5.1121732933419208:4.5420415239390026] [-4.675036782586516:3.0949473160234247] [-3.3518923243976966:2.7515445609664826] [-1.1701034779507671:2.6336312087267797] [-2.1598964571815982:2.2419895107285677] [-2.3883316448687357:0.66297485391520694] [-3.839641282579318:4.3921296557900229] [-5.8506618180212042:4.7980435197795765] [-2.9889944489203684:3.9114918171609041] [-3.3952701838725381:2.2546453152646309] [-2.2859011162599443:1.5953307617269883] [-0.95580766908400439:2.0716476478396011] [-2.061285997903505:1.2647415606854866] [-1.3597934283273834:0.38781830179323967] [-4.5607568212535909:7.1488983604798202] [-4.1986885779024519:5.8414894875896399] [-2.4531135502516488:4.1682822038530229] [-1.3292785172915218:4.8773801141484885] [-1.2146698993511582:7.8497601630717186] [-1.0131473937467974:2.2394053655872646] [-6.5830441522479246:6.796683733600692] [-4.5407276548342699:3.5578563410408837] [-2.669556410677199:3.7101693850992219] [-1.1892236405455214:3.3819152663808327] [-1.6965938219937469:4.3589775364928087] [-0.76447896907001012:1.9528834412631126] [-10.745427286012649:10.536822559719059] [-5.8675751389474531:5.1279570638179104] [-3.5683471466414263:3.9783401351374499] [-0.99514770193677193:3.0604880367849359] [-2.105821587815377:4.1138580331885413] [-1.1973609404574275:0.76239618052518776] [-3.944018073326907:2.9597523868218905] [-3.3813888743472749:2.9768072804901591] [-2.530028009173146:1.7777990892706261] [-1.2163659893021819:3.0807574388162409] [-2.0760632319199024:1.9327876686489844] [-1.3885737294731408:0.49429351701722896] [-5.271926894613288:3.0766005806156227] [-4.1246333767481271:3.501834706341536] [-1.8259745051279115:2.708514004942443] [-1.3570041370754087:4.0739722209566738] [-1.6920797343114358:4.2504307753838049] [-1.4529420325723059:1.1615762702564156] [-4.2536448052702731:2.5686684303434291] [-3.7907096086770227:3.5099668776232869] [-1.9152467395947863:2.5255888693902868] [-1.4120971015533446:3.8610652969242309] [-1.5273576157607798:3.6816051243910741] [-1.4449922954694223:1.0965109779279922] [-2.7794050862712147:3.6832323288035629] [-2.2433198522030358:2.6569072487483991] [-2.0035791482004899:2.0268387224045696] [-1.4748665778363486:2.0956797913835925] [-1.4635536604519994:1.9609145422936785] [-2.1628398267766804:0.57218150243241772] [-3.0433990509988198:3.2602539442018346] [-2.6569962204859308:3.3973500282658917] [-1.6410916918773555:2.3964272984413628] [-0.88200429731084262:2.9423374188089149] [-1.409722972301265:2.3447174772481891] [-1.2913430838713509:0.95059641972559661]
tree_sizes=762 778 874 871 782 783 870 787 786 788 883 791 877 783 870 877 788 878 784 873 881 876 878 880 882 881 881 875 603 876 696 882 698 885 876 602 693 884 689 882 619 605 880 790 521 608 878 789 781 876 694 707 888 796 512 703 791 614 886 692 698 796 518 787 885 703 701 611 887 520 797 886 888 878 794 518 692 702 792 883

Tree=0
num_leaves=7
num_cat=0
split_feature=123 69 35 40 83 107
split_gain=0.359561 0.339836 0.150424 0.152738 0.121864 0.0427534
threshold=0.86456566692497072 0.52275036888797144 1.1584646158991627 -0.57500848331165122 0.56321426881942516 1.0343351258761373
decision_type=2 2 2 2 2 2
left_child=2 4 3 -1 -2 -3
right_child=1 5 -4 -5 -6 -7
leaf_value=0.0051088044421766969 0.005549269131336792 0.011005079335780403 0.0029367643825297749 0.0059873367367113527 0.007512258064859419 0.0087095776386501723
leaf_weight=407 96 34 30 1426 107 21
leaf_count=407 96 34 30 1426 107 21
internal_value=0.0059401 0.00733959 0.00574628 0.00579227 0.00658395 0.0101286
internal_weight=2121 258 1863 1833 203 55
internal_count=2121 258 1863 1833 203 55
is_linear=0
shrinkage=1


Tree=1
num_leaves=7
num_cat=0
split_feature=123 69 35 40 107 28
split_gain=0.331371 0.313193 0.13863 0.140763 0.116823 0.0405113
threshold=0.86456566692497072 0.52275036888797144 1.1584646158991627 -0.57500848331165122 0.10018227929208696 0.73995465074216538
decision_type=2 2 2 2 2 2
left_child=2 4 3 -1 -2 -3
right_child=1 5 -4 -5 -6 -7
leaf_value=-0.00079803996929940046 0.0016311526776310835 0.0050870091148785181 -0.0028831984832262 4.535103134900032e-05 -0.00029081110120098171 0.0029154646920937079
leaf_weight=407 96 28 30 1426 107 27
leaf_count=407 96 28 30 1426 107 27
internal_value=9.34901e-12 0.00134352 -0.000186059 -0.000141916 0.000618098 0.00402098
internal_weight=2121 258 1863 1833 203 55
internal_count=2121 258 1863 1833 203 55
is_linear=0
shrinkage=0.04


Tree=2
num_leaves=8
num_cat=0
split_feature=123 35 94 40 41 105 64
split_gain=0.305392 0.288833 0.133486 0.180584 0.132766 0.0958895 0.094516
threshold=0.86456566692497072 0.10298384610216557 0.95421646507630598 0.85536277609258726 -0.88280263040682372 -0.21000075009044533 0.8086645941997882
decision_type=2 2 2 2 2 2 2
left_child=2 4 3 -1 -2 -3 -4
right_child=1 5 6 -5 -6 -7 -8
leaf_value=-0.0001759004747483333 0.0019954658792756329 0.0052462020401771248 -0.0013086242705120921 0.0012824798645917326 -0.00037782241729049322 0.0023149011040661939 0.00077470612064821701
leaf_weight=1440 55 26 232 150 120 57 41
leaf_count=1440 55 26 232 150 120 57 41
internal_value=-1.62656e-11 0.00128978 -0.000178617 -3.83174e-05 0.000368068 0.00323314 -0.000995743
internal_weight=2121 258 1863 1590 175 83 273
internal_count=2121 258 1863 1590 175 83 273
is_linear=0
shrinkage=0.04


Tree=3
num_leaves=8
num_cat=0
split_feature=123 69 64 63 53 120 107
split_gain=0.281449 0.273802 0.131194 0.171614 0.107777 0.10727 0.0360772
threshold=0.86456566692497072 0.52275036888797144 -0.87215236461763934 0.48688638720320987 -0.58333333333333315 -1.6734011052443012 1.0343351258761373
decision_type=2 2 2 2 2 2 2
left_child=2 5 4 -4 -1 -2 -3
right_child=1 6 3 -5 -6 -7 -8
leaf_value=-0.0010991476198912345 0.002168385408818722 0.0045467427915290874 -0.00055140425859089384 0.00037764596073331589 0.0010874854693829548 3.4274700166885073e-05 0.0024380714898662907
leaf_weight=44 50 34 1184 435 200 153 21
leaf_count=44 50 34 1184 435 200 153 21
internal_value=2.41132e-12 0.00123819 -0.000171472 -0.000301783 0.000693175 0.000559918 0.00374161
internal_weight=2121 258 1863 1619 244 203 55
internal_count=2121 258 1863 1619 244 203 55
is_linear=0
shrinkage=0.04


Tree=4
num_leaves=7
num_cat=0
split_feature=123 69 35 40 83 28
split_gain=0.259383 0.252336 0.124648 0.126895 0.101303 0.0338452
threshold=0.86456566692497072 0.52275036888797144 1.1584646158991627 -0.57500848331165122 0.56321426881942516 0.73995465074216538
decision_type=2 2 2 2 2 2
left_child=2 4 3 -1 -2 -3
right_child=1 5 -4 -5 -6 -7
leaf_value=-0.00074572116000685366 -0.00040584489073808072 0.0045663332513400483 -0.0027221199794051549 5.5047783497012342e-05 0.0013839054363997323 0.0025814768206328153
leaf_weight=407 96 28 30 1426 107 27
leaf_count=407 96 28 30 1426 107 27
internal_value=2.42354e-12 0.00118866 -0.000164613 -0.000122755 0.000537521 0.00359195
internal_weight=2121 258 1863 1833 203 55
internal_count=2121 258 1863 1833 203 55
is_linear=0
shrinkage=0.04


Tree=5
num_leaves=7
num_cat=0
split_feature=64 40 64 123 101 126
split_gain=0.239324 0.216271 0.215041 0.173423 0.162783 0.0727441
threshold=0.82452429593323417 0.78419063771705588 -0.8007129974241386 0.78079603697752786 1.1309455356896037 -0.52134246455675759
decision_type=2 2 2 2 2 2
left_child=2 5 3 -1 -4 -2
right_child=1 -3 4 -5 -6 -7
leaf_value=0.00047232572767082887 -0.00065714333433831149 0.0041225544919602968 -0.00039559203899823113 0.0033110933078643982 0.0015761921606026591 0.0013873748489525877
leaf_weight=294 43 38 1558 39 70 79
leaf_count=294 43 38 1558 39 70 79
internal_value=-1.0462e-11 0.00148752 -0.000121368 0.000804794 -0.00031081 0.000666766
internal_weight=2121 160 1961 333 1628 122
internal_count=2121 160 1961 333 1628 122
is_linear=0
shrinkage=0.04


Tree=6
num_leaves=8
num_cat=0
split_feature=123 35 35 94 40 105 64
split_gain=0.224999 0.220907 0.120791 0.119681 0.159639 0.0850037 0.0811488
threshold=0.86456566692497072 0.10298384610216557 -1.3118378632545165 0.95421646507630598 0.85536277609258726 -0.21000075009044533 0.8086645941997882
decision_type=2 2 2 2 2 2 2
left_child=3 2 -2 4 -1 -3 -5
right_child=1 5 -4 6 -6 -7 -8
leaf_value=-0.00014982711436015153 0.0022634331409174665 0.0047019840089174416 -0.00026175649064551931 -0.0012169463475333157 0.0012213726090655351 0.0019420815363787769 0.00071345042408921006
leaf_weight=1440 39 26 136 232 150 57 41
leaf_count=1440 39 26 136 232 150 57 41
internal_value=1.4213e-12 0.00110707 0.000301 -0.000153315 -2.04686e-05 0.00280663 -0.000927033
internal_weight=2121 258 175 1863 1590 83 273
internal_count=2121 258 175 1863 1590 83 273
is_linear=0
shrinkage=0.04


Tree=7
num_leaves=7
num_cat=0
split_feature=64 64 40 58 82 126
split_gain=0.212179 0.195631 0.187593 0.154704 0.146917 0.0672707
threshold=0.82452429593323417 -0.87215236461763934 0.78419063771705588 -1.4964043832753604 0.073366865291480607 -0.52134246455675759
decision_type=2 2 2 2 2 2
left_child=1 4 5 -3 -1 -2
right_child=2 3 -4 -5 -6 -7
leaf_value=-6.921145295499698e-06 -0.00063691024316561435 0.0013492919219490352 0.0038547375989391613 -0.0003640995373996886 0.0018610669221447477 0.0013291876003900661
leaf_weight=141 43 89 38 1602 129 79
leaf_count=141 43 89 38 1602 129 79
internal_value=-8.32459e-12 -0.000114278 0.00140062 -0.000273921 0.000885562 0.000636219
internal_weight=2121 1961 160 1691 270 122
internal_count=2121 1961 160 1691 270 122
is_linear=0
shrinkage=0.04


Tree=8
num_leaves=7
num_cat=0
split_feature=123 35 35 35 41 38
split_gain=0.197304 0.199734 0.133852 0.111938 0.116305 0.0915951
threshold=0.86456566692497072 -0.11152819213118594 -1.2821727419941185 1.1584646158991627 0.42225124282161991 0.077091433591112576
decision_type=2 2 2 2 2 2
left_child=3 2 -2 4 -1 -3
right_child=1 5 -4 -5 -6 -7
leaf_value=-0.00030657244234442201 0.0020575106034188399 -2.7985656633973121e-05 -0.00058717914972355404 -0.0025671775770994528 0.00039701394285933048 0.0029875244474016037
leaf_weight=1305 42 20 113 30 528 83
leaf_count=1305 42 20 113 30 528 83
internal_value=6.92303e-12 0.0010367 0.000129446 -0.000143569 -0.000103903 0.00240199
internal_weight=2121 258 155 1863 1833 103
internal_count=2121 258 155 1863 1833 103
is_linear=0
shrinkage=0.04


Tree=9
num_leaves=7
num_cat=0
split_feature=64 40 64 40 68 126
split_gain=0.189823 0.182071 0.190739 0.164675 0.140852 0.061926
threshold=0.82452429593323417 -0.57811860036065565 -0.8007129974241386 0.78419063771705588 -0.69106697796187866 -0.52134246455675759
decision_type=2 2 2 2 2 2
left_child=1 4 -3 5 -1 -2
right_child=3 2 -4 -5 -6 -7
leaf_value=1.5877787792286674e-05 -0.00061291542548556313 0.00096171764656901367 -0.00014189377436052734 0.0036241141118501363 -0.001626429737091472 0.001273462685367352
leaf_weight=143 43 310 1307 38 201 79
leaf_count=143 43 310 1307 38 201 79
internal_value=-9.92714e-12 -0.00010809 6.96829e-05 0.00132478 -0.000943726 0.000608592
internal_weight=2121 1961 1617 160 344 122
internal_count=2121 1961 1617 160 344 122
is_linear=0
shrinkage=0.04


Tree=10
num_leaves=8
num_cat=0
split_feature=123 35 41 94 45 38 26
split_gain=0.176484 0.176871 0.124791 0.107561 0.153735 0.0825425 0.0719654
threshold=0.86456566692497072 -0.11152819213118594 -0.93358327817173004 0.93224199192325796 0.92894735653945093 0.077091433591112576 -0.53441155571976673
decision_type=2 2 2 2 2 2 2
left_child=3 2 -2 4 -1 -3 -5
right_child=1 5 -4 6 -6 -7 -8
leaf_value=-0.00016809299336864638 0.0017960573582314857 -4.1519551537930968e-05 -0.00064493864125633651 0.00018719272766649336 0.00096089903396528423 0.0028210989076150467 -0.0012470543463402087
leaf_weight=1356 49 20 106 77 225 83 205
leaf_count=1356 49 20 106 77 225 83 205
internal_value=7.32972e-12 0.000980481 0.000126731 -0.000135783 -7.4205e-06 0.00226525 -0.000855434
internal_weight=2121 258 155 1863 1581 103 282
internal_count=2121 258 155 1863 1581 103 282
is_linear=0
shrinkage=0.04


Tree=11
num_leaves=7
num_cat=0
split_feature=64 40 64 40 68 119
split_gain=0.172927 0.165369 0.173294 0.143165 0.129759 0.0571054
threshold=0.82452429593323417 -0.57811860036065565 -0.8007129974241386 0.78419063771705588 -0.69106697796187866 -0.24228369848281139
decision_type=2 2 2 2 2 2
left_child=1 4 -3 5 -1 -2
right_child=3 2 -4 -5 -6 -7
leaf_value=2.1487823565379829e-05 0.0017090330783875011 0.00091652073099037575 -0.00013541389229059341 0.0034083537169192967 -0.0015548228579673968 -7.6602544148428068e-05
leaf_weight=143 46 310 1307 38 201 76
leaf_count=143 46 310 1307 38 201 76
internal_value=1.50641e-12 -0.000103167 6.62557e-05 0.00126444 -0.000899554 0.00059667
internal_weight=2121 1961 1617 160 344 122
internal_count=2121 1961 1617 160 344 122
is_linear=0
shrinkage=0.04


Tree=12
num_leaves=8
num_cat=0
split_feature=64 40 94 112 68 126 89
split_gain=0.15937 0.152404 0.170491 0.133568 0.119586 0.0570813 0.023405
threshold=0.82452429593323417 -0.57811860036065565 0.95421646507630598 0.30578885089421054 -0.69106697796187866 -0.52134246455675759 -0.21252383284333967
decision_type=2 2 2 2 2 2 2
left_child=1 4 -3 5 -1 -2 -5
right_child=3 2 -4 6 -6 -7 -8
leaf_value=2.0628306319468193e-05 -0.00081124369741584633 0.00023591603958111426 -0.00091543180632553149 0.0035778940252719389 -0.0014926299429498613 0.0011032847840122986 0.0018483742894161315
leaf_weight=143 39 1375 242 31 201 69 21
leaf_count=143 39 1375 242 31 201 69 21
internal_value=3.45253e-12 -9.90406e-05 6.36055e-05 0.00121387 -0.000863572 0.000411927 0.00287943
internal_weight=2121 1961 1617 160 344 108 52
internal_count=2121 1961 1617 160 344 108 52
is_linear=0
shrinkage=0.04


Tree=13
num_leaves=7
num_cat=0
split_feature=123 35 35 35 45 43
split_gain=0.153547 0.152097 0.119601 0.0998624 0.103939 0.0749219
threshold=0.86456566692497072 -0.11152819213118594 -1.3118378632545165 1.2026428505135021 2.8823331196052546 0.46919336932073658
decision_type=2 2 2 2 2 2
left_child=3 2 -2 4 -1 -3
right_child=1 5 -4 -5 -6 -7
leaf_value=-0.00018282421120290756 0.0020391167837004059 0.0014305960520397168 -0.00052142040567685342 -0.0027460385255677544 0.00092259598512838068 0.0038292535959646616
leaf_weight=1692 39 74 116 23 148 29
leaf_count=1692 39 74 116 23 148 29
internal_value=1.8837e-12 0.000914547 0.000122844 -0.000126652 -9.391e-05 0.00210595
internal_weight=2121 258 155 1863 1840 103
internal_count=2121 258 155 1863 1840 103
is_linear=0
shrinkage=0.04


Tree=14
num_leaves=8
num_cat=0
split_feature=64 64 90 58 112 126 66
split_gain=0.145388 0.143204 0.127767 0.127495 0.11925 0.0525073 0.0229892
threshold=0.82452429593323417 -0.87215236461763934 -0.33315627602987874 -1.4964043832753604 0.30578885089421054 -0.52134246455675759 0.016056768563941729
decision_type=2 2 2 2 2 2 2
left_child=1 2 -1 -3 5 -2 -6
right_child=4 3 -4 -5 6 -7 -8
leaf_value=-0.00059213639354322963 -0.00077148099843329064 0.0012423884503417804 0.0013204505678183396 -0.0003130484388375419 0.003755023174342655 0.0010647401959716302 0.0020409334066414063
leaf_weight=79 39 89 191 1602 21 69 31
leaf_count=79 39 89 191 1602 21 69 31
internal_value=-3.17007e-12 -9.45965e-05 0.000760842 -0.000231183 0.0011594 0.00040166 0.00273316
internal_weight=2121 1961 270 1691 160 108 52
internal_count=2121 1961 270 1691 160 108 52
is_linear=0
shrinkage=0.04


Tree=15
num_leaves=8
num_cat=0
split_feature=102 63 108 25 13 87 90
split_gain=0.139211 0.154823 0.165201 0.129741 0.145775 0.115914 0.0638221
threshold=0.17591736765036498 -0.66337327080016173 0.51675775674705138 -1.0108535656975008 0.20935572127180954 0.56939488303525498 0.25364877014963333
decision_type=2 2 2 2 2 2 2
left_child=3 5 -3 6 -5 -2 -1
right_child=1 2 -4 4 -6 -7 -8
leaf_value=0.0025071258530952037 0.002243170714259825 0.00061410944117465404 -0.00085883339430604673 -0.00011050905184839375 -0.0011652316631829867 -0.00063948589684774306 -0.00010202914587959337
leaf_weight=40 110 401 175 1083 260 28 24
leaf_count=40 110 401 175 1083 260 28 24
internal_value=6.79285e-12 0.000454909 0.000166601 -0.000230849 -0.0003147 0.00165828 0.00152869
internal_weight=2121 714 576 1407 1343 138 64
internal_count=2121 714 576 1407 1343 138 64
is_linear=0
shrinkage=0.04


Tree=16
num_leaves=7
num_cat=0
split_feature=64 40 94 68 40 119
split_gain=0.133937 0.133817 0.150643 0.111237 0.109016 0.0465368
threshold=0.82452429593323417 -0.57811860036065565 1.1443281780974806 -0.69106697796187866 0.78419063771705588 -0.24228369848281139
decision_type=2 2 2 2 2 2
left_child=1 3 -3 -1 5 -2
right_child=4 2 -4 -5 -6 -7
leaf_value=4.5586699225359362e-05 0.0015342526453668657 0.00017813681832469497 -0.0012175851746276884 -0.0014138909191500155 0.002983631283829087 -7.7700060960763189e-05
leaf_weight=143 46 1482 135 201 38 76
leaf_count=143 46 1482 135 201 38 76
internal_value=-2.2339e-12 -9.07947e-05 6.16109e-05 -0.000807189 0.0011128 0.000530085
internal_weight=2121 1961 1617 344 160 122
internal_count=2121 1961 1617 344 160 122
is_linear=0
shrinkage=0.04


Tree=17
num_leaves=8
num_cat=0
split_feature=102 63 108 25 64 87 90
split_gain=0.125559 0.142715 0.176518 0.118929 0.139203 0.118392 0.0582017
threshold=0.17591736765036498 -0.53721375712339992 0.51675775674705138 -1.0108535656975008 0.514770306780307 0.56939488303525498 0.31251371162326141
decision_type=2 2 2 2 2 2 2
left_child=3 5 -3 6 -5 -2 -1
right_child=1 2 -4 4 -6 -7 -8
leaf_value=0.0022786493082954128 0.0020274678535412908 0.00059031289825131497 -0.00097615140618006818 -0.0005104096217032417 0.00048686713414163404 -0.00059562973066515823 -0.00032376564794685687
leaf_weight=44 129 386 164 1059 284 35 20
leaf_count=44 129 386 164 1059 284 35 20
internal_value=-2.84603e-12 0.000432028 0.000123222 -0.000219238 -0.000299519 0.00146766 0.00146539
internal_weight=2121 714 550 1407 1343 164 64
internal_count=2121 714 550 1407 1343 164 64
is_linear=0
shrinkage=0.04


Tree=18
num_leaves=7
num_cat=0
split_feature=123 35 35 46 35 45
split_gain=0.119953 0.130297 0.125034 0.100587 0.0887512 0.09306
threshold=0.86456566692497072 -0.28719387111502431 -1.2821727419941185 -0.73458813942188161 1.2026428505135021 2.8823331196052546
decision_type=2 2 2 2 2 2
left_child=4 2 -2 -3 5 -1
right_child=1 3 -4 -5 -6 -7
leaf_value=-0.00016520856479020207 0.0017904074544397494 -0.00027914291022923489 -0.00082629413094158124 0.0024260720084574852 -0.0025813103412561443 0.00088076182122726141
leaf_weight=1692 42 29 96 91 23 148
leaf_count=1692 42 29 96 91 23 148
internal_value=2.337e-12 0.000808334 -2.99067e-05 0.00177231 -0.000111943 -8.10762e-05
internal_weight=2121 258 138 120 1863 1840
internal_count=2121 258 138 120 1863 1840
is_linear=0
shrinkage=0.04


Tree=19
num_leaves=8
num_cat=0
split_feature=64 40 94 40 112 126 94
split_gain=0.116891 0.117002 0.136167 0.105 0.0971094 0.0460391 0.0212146
threshold=0.82452429593323417 -0.57811860036065565 0.95421646507630598 -1.096525366020644 0.30578885089421054 -0.52134246455675759 0.77098592601306382
decision_type=2 2 2 2 2 2 2
left_child=1 3 -3 -1 5 -2 -6
right_child=4 2 -4 -5 6 -7 -8
leaf_value=0.0013217493072152137 -0.00074271443423827013 0.00021168042342919349 -0.00081726560893754553 -0.00098989155913573545 0.003366968651180682 0.00097669096940291547 0.0017402364724668964
leaf_weight=35 39 1375 242 309 23 69 29
leaf_count=35 39 1375 242 309 23 69 29
internal_value=-4.96744e-12 -8.48205e-05 5.76885e-05 -0.000754696 0.00103958 0.000355795 0.00245975
internal_weight=2121 1961 1617 344 160 108 52
internal_count=2121 1961 1617 344 160 108 52
is_linear=0
shrinkage=0.04


Tree=20
num_leaves=8
num_cat=0
split_feature=102 63 108 87 25 13 90
split_gain=0.108103 0.128103 0.157126 0.109434 0.108963 0.133913 0.0529383
threshold=0.17591736765036498 -0.53721375712339992 0.51675775674705138 0.56939488303525498 -1.0108535656975008 0.20935572127180954 0.25364877014963333
decision_type=2 2 2 2 2 2 2
left_child=4 3 -3 -2 6 -6 -1
right_child=1 2 -4 -5 5 -7 -8
leaf_value=0.0023001860938966275 0.0019202682237111958 0.00054899015066670368 -0.00092892605501863109 -0.00060163616947829718 -8.4565065078438841e-05 -0.0010954640735916866 -7.6103522248255708e-05
leaf_weight=40 129 386 164 35 1083 260 24
leaf_count=40 129 386 164 35 1083 260 24
internal_value=-2.51324e-12 0.000400873 0.000108302 0.00138206 -0.000203428 -0.000280272 0.00140908
internal_weight=2121 714 550 164 1407 1343 64
internal_count=2121 714 550 164 1407 1343 64
is_linear=0
shrinkage=0.04


Tree=21
num_leaves=8
num_cat=0
split_feature=64 64 82 58 112 126 66
split_gain=0.107676 0.1088 0.125397 0.102083 0.0882642 0.0422533 0.019863
threshold=0.82452429593323417 -0.90373681668794503 0.073366865291480607 -1.4964043832753604 0.30578885089421054 -0.52134246455675759 0.016056768563941729
decision_type=2 2 2 2 2 2 2
left_child=1 2 -1 -3 5 -2 -6
right_child=4 3 -4 -5 6 -7 -8
leaf_value=-0.00014952404279247822 -0.00070651277410200772 0.0011077514680609066 0.0016378067748204358 -0.00026913464751305357 0.0033015572740918114 0.00094068254776083038 0.0017082701214859563
leaf_weight=133 39 91 119 1618 21 69 31
leaf_count=133 39 91 119 1618 21 69 31
internal_value=3.09154e-12 -8.14086e-05 0.000694493 -0.000195819 0.000997764 0.000345862 0.00235171
internal_weight=2121 1961 252 1709 160 108 52
internal_count=2121 1961 252 1709 160 108 52
is_linear=0
shrinkage=0.04


Tree=22
num_leaves=8
num_cat=0
split_feature=64 40 64 82 47 118 94
split_gain=0.100487 0.145984 0.10429 0.106317 0.103346 0.0478183 0.0257284
threshold=0.75184959520432171 0.78419063771705588 -0.8007129974241386 0.073366865291480607 -0.30155528203212928 -0.01067092557312827 0.78045559785963436
decision_type=2 2 2 2 2 2 2
left_child=2 5 3 -1 -4 -2 -3
right_child=1 6 4 -5 -6 -7 -8
leaf_value=-0.0001515339141020678 0.00090617681382397237 0.0037124461742738886 -0.00071830792591885846 0.0012780784276454629 -1.3632365908868044e-05 -0.00047576606478542087 0.0018402728713724926
leaf_weight=169 86 24 477 164 1103 75 23
leaf_count=169 86 24 477 164 1103 75 23
internal_value=-6.72139e-12 0.00083497 -9.07861e-05 0.000552539 -0.000226373 0.000262415 0.00279628
internal_weight=2121 208 1913 333 1580 161 47
internal_count=2121 208 1913 333 1580 161 47
is_linear=0
shrinkage=0.04


Tree=23
num_leaves=8
num_cat=0
split_feature=123 46 35 46 114 53 46
split_gain=0.0954734 0.109318 0.107926 0.081402 0.0990823 0.0826893 0.0214925
threshold=0.86456566692497072 -0.85922710630819543 -0.28719387111502431 2.1165698949347012 0.79474978826117626 -0.58333333333333315 -4.9814717825383168
decision_type=2 2 2 2 2 2 2
left_child=3 6 -3 4 -1 -5 -2
right_child=1 2 -4 5 -6 -7 -8
leaf_value=-9.6010687273846744e-05 -0.001806268786035833 0.00029550916755882403 0.0021667044461073895 0.0031004070628079627 -0.0012746862433396461 0.00040872330732444036 -0.00021904757795616602
leaf_weight=1579 21 105 93 21 123 140 39
leaf_count=1579 21 105 93 21 123 140 39
internal_value=2.00039e-12 0.000721153 0.0011744 -9.98698e-05 -0.000181191 0.000759812 -0.000774575
internal_weight=2121 258 198 1863 1702 161 60
internal_count=2121 258 198 1863 1702 161 60
is_linear=0
shrinkage=0.04


Tree=24
num_leaves=8
num_cat=0
split_feature=64 40 40 68 68 118 119
split_gain=0.0907322 0.128885 0.0990488 0.129222 0.1043 0.0440691 0.0240772
threshold=0.75184959520432171 0.78419063771705588 -0.57811860036065565 -0.23145691776235497 -0.69106697796187866 1.0000000180025095e-35 0.11024101052613523
decision_type=2 2 2 2 2 2 2
left_child=2 5 4 -4 -1 -2 -3
right_child=1 6 3 -5 -6 -7 -8
leaf_value=0.00011993873388913105 0.00086576645832573036 0.003449920020424403 0.00068204869225606788 -0.00015963800298970728 -0.0013021450605347452 -0.00046213106447327379 0.0016288967780946268
leaf_weight=142 87 26 387 1187 197 74 21
leaf_count=142 87 26 387 1187 197 74 21
internal_value=-3.01011e-12 0.000793407 -8.6267e-05 4.73078e-05 -0.000706464 0.000255428 0.00263627
internal_weight=2121 208 1913 1574 339 161 47
internal_count=2121 208 1913 1574 339 161 47
is_linear=0
shrinkage=0.04


Tree=25
num_leaves=8
num_cat=0
split_feature=102 63 108 122 25 13 90
split_gain=0.0885751 0.109042 0.136159 0.102211 0.0948298 0.122551 0.0469706
threshold=0.17591736765036498 -0.53721375712339992 0.49664099381950039 1.0759836717652085 -1.0108535656975008 0.20935572127180954 0.25364877014963333
decision_type=2 2 2 2 2 2 2
left_child=4 3 -3 -2 6 -6 -1
right_child=1 2 -4 -5 5 -7 -8
leaf_value=0.0021595359779894353 0.00086479793695306922 0.00052467606696446508 -0.00082451214388129307 0.0037405848608392739 -6.8606005052304481e-05 -0.0010356706347374712 -7.8810201181719693e-05
leaf_weight=40 141 374 176 23 1083 260 24
leaf_count=40 141 374 176 23 1083 260 24
internal_value=-7.45348e-13 0.000362864 9.29358e-05 0.00126811 -0.00018414 -0.000255826 0.00132016
internal_weight=2121 714 550 164 1407 1343 64
internal_count=2121 714 550 164 1407 1343 64
is_linear=0
shrinkage=0.04


Tree=26
num_leaves=8
num_cat=0
split_feature=64 40 40 68 42 118 94
split_gain=0.0840121 0.117211 0.0902869 0.119201 0.102396 0.0405279 0.0231069
threshold=0.75184959520432171 0.78419063771705588 -0.57811860036065565 -0.23145691776235497 -0.62641335472747961 -0.01067092557312827 0.78045559785963436
decision_type=2 2 2 2 2 2 2
left_child=2 5 4 -4 -1 -2 -3
right_child=1 6 3 -5 -6 -7 -8
leaf_value=0.00085503543943873256 0.00084308253884109727 0.0033891281237204869 0.00065415110865391871 -0.00015424036316088343 -0.00099097856592628912 -0.00042916013572054607 0.0016148952010047177
leaf_weight=58 86 24 387 1187 281 75 23
leaf_count=58 86 24 387 1187 281 75 23
internal_value=-3.80504e-13 0.00076346 -8.30108e-05 4.45192e-05 -0.000675141 0.000250423 0.00252089
internal_weight=2121 208 1913 1574 339 161 47
internal_count=2121 208 1913 1574 339 161 47
is_linear=0
shrinkage=0.04


Tree=27
num_leaves=8
num_cat=0
split_feature=125 35 35 45 94 106 94
split_gain=0.0816274 0.21809 0.160452 0.125707 0.0822475 0.0755746 0.0673516
threshold=0.86318364725669683 0.10298384610216557 -1.2616251780049506 2.8823331196052546 0.73947949987982164 -0.86995311637243844 0.56694617845904027
decision_type=2 2 2 2 2 2 2
left_child=3 2 -2 5 -5 -1 -3
right_child=1 6 -4 4 -6 -7 -8
leaf_value=0.00043241335129326144 0.0017660865573133431 0.0035152510117347304 -0.0007987632782700334 0.0014781887637849043 -0.00086342792476837836 -0.00031301102463240433 0.0013254626264262532
leaf_weight=257 53 38 148 120 30 1420 55
leaf_count=257 53 38 148 120 30 1420 55
internal_value=-2.13649e-12 0.00061859 -0.00012246 -9.95433e-05 0.00100987 -0.000198775 0.00222021
internal_weight=2121 294 201 1827 150 1677 93
internal_count=2121 294 201 1827 150 1677 93
is_linear=0
shrinkage=0.04


Tree=28
num_leaves=5
num_cat=0
split_feature=35 31 40 25
split_gain=0.078379 0.0998071 0.0882319 0.0509072
threshold=1.1319041247666279 1.6150565543483271 0.78419063771705588 1.1064292125221986
decision_type=2 2 2 2
left_child=1 2 -1 -2
right_child=3 -3 -4 -5
leaf_value=-0.0001004648332855956 -0.00032687634578906002 0.0024057414156517811 0.00067666538181969187 -0.0031808478720486166
leaf_weight=1784 20 28 269 20
leaf_count=1784 20 28 269 20
internal_value=1.93065e-13 3.37119e-05 1.3608e-06 -0.00175386
internal_weight=2121 2081 2053 40
internal_count=2121 2081 2053 40
is_linear=0
shrinkage=0.04


Tree=29
num_leaves=8
num_cat=0
split_feature=64 94 40 120 36 34 61
split_gain=0.076136 0.0866084 0.106227 0.0638323 0.0505098 0.0332918 0.0132062
threshold=0.82452429593323417 1.1443281780974806 -0.57811860036065565 -0.050006125565433768 -0.49094560228761525 -0.34289336849408097 -0.24744104239317341
decision_type=2 2 2 2 2 2 2
left_child=1 2 -1 6 -3 -5 -2
right_child=3 4 -4 5 -6 -7 -8
leaf_value=-0.00063862754419717279 0.002523081925076743 -0.001847869103003177 0.00015199582939558252 -0.0012469944482048352 -0.00034843544792327125 0.00056594635415281179 0.0013566183304117823
leaf_weight=333 24 64 1482 21 82 71 44
leaf_count=333 24 64 1482 21 82 71 44
internal_value=-8.97128e-13 -6.84551e-05 6.93931e-06 0.000839003 -0.00100572 0.000152123 0.00176831
internal_weight=2121 1961 1815 160 146 92 68
internal_count=2121 1961 1815 160 146 92 68
is_linear=0
shrinkage=0.04


Tree=30
num_leaves=6
num_cat=0
split_feature=82 35 24 25 45
split_gain=0.0744279 0.0754487 0.0926804 0.0470041 0.0130937
threshold=4.3873430077353293 1.1319041247666279 0.10490277561280265 1.1064292125221986 0.098590022867209956
decision_type=2 2 2 2 2
left_child=1 2 -1 -3 -2
right_child=4 3 -4 -5 -6
leaf_value=-0.00017032382931403349 -0.0022753734014589679 -0.00031313563836738465 0.00037353547900694244 -0.0030555173358879986 -0.00094946296509498579
leaf_weight=1135 22 20 898 20 26
leaf_count=1135 22 20 898 20 26
internal_value=1.16319e-12 3.60561e-05 6.99052e-05 -0.00168433 -0.00155717
internal_weight=2121 2073 2033 40 48
internal_count=2121 2073 2033 40 48
is_linear=0
shrinkage=0.04


Tree=31
num_leaves=8
num_cat=0
split_feature=123 46 35 46 114 53 36
split_gain=0.0724791 0.0892275 0.0811586 0.0683434 0.086918 0.071233 0.0197794
threshold=0.86456566692497072 -0.85922710630819543 -0.28719387111502431 2.1165698949347012 0.79474978826117626 -0.58333333333333315 -0.30714034464340639
decision_type=2 2 2 2 2 2 2
left_child=3 6 -3 4 -1 -5 -2
right_child=1 2 -4 5 -6 -7 -8
leaf_value=-8.1749137687581476e-05 -0.0016124578705057502 0.00027567438743565051 0.001898320461272873 0.0028731097799858879 -0.0011857031430572091 0.00037483654142956121 -0.00012999079384220144
leaf_weight=1579 24 105 93 21 123 140 36
leaf_count=1579 24 105 93 21 123 140 36
internal_value=1.07675e-12 0.000628337 0.00103783 -8.70161e-05 -0.00016153 0.000700698 -0.000722978
internal_weight=2121 258 198 1863 1702 161 60
internal_count=2121 258 198 1863 1702 161 60
is_linear=0
shrinkage=0.04


Tree=32
num_leaves=6
num_cat=0
split_feature=28 82 94 11 45
split_gain=0.0717575 0.0715015 0.0791256 0.045811 0.0120672
threshold=-0.79900171223876482 4.3873430077353293 0.93224199192325796 0.045250264488927043 0.098590022867209956
decision_type=2 2 2 2 2
left_child=3 2 -2 -1 -3
right_child=1 4 -4 -5 -6
leaf_value=-0.0028852100467140025 0.00018111401008393365 -0.0021810884697532115 -0.0004933293357539737 -0.00033206219120588884 -0.00090821449689638739
leaf_weight=22 1695 22 333 23 26
leaf_count=22 1695 22 333 23 26
internal_value=1.70055e-12 3.42544e-05 7.03696e-05 -0.00158027 -0.00149162
internal_weight=2121 2076 2028 45 48
internal_count=2121 2076 2028 45 48
is_linear=0
shrinkage=0.04


Tree=33
num_leaves=8
num_cat=0
split_feature=102 63 24 87 64 106 61
split_gain=0.0691217 0.0929653 0.102907 0.0911701 0.0886635 0.117429 0.0777884
threshold=0.17591736765036498 -0.66337327080016173 -0.023153054258634478 0.56939488303525498 0.514770306780307 -0.7651146786708537 -0.21344963800968417
decision_type=2 2 2 2 2 2 2
left_child=4 3 -3 -2 5 -1 -6
right_child=1 2 -4 -5 6 -7 -8
leaf_value=0.00048362424799352485 0.0017717523126524282 -0.0003547232531608253 0.00072975059396412694 -0.00078477444892217007 0.0017755180364474655 -0.00052993365414657687 0.00013338467873643469
leaf_weight=230 110 336 240 28 58 893 226
leaf_count=230 110 336 240 28 58 893 226
internal_value=3.16139e-12 0.000320549 9.71408e-05 0.00125304 -0.000162667 -0.000322348 0.00046875
internal_weight=2121 714 576 138 1407 1123 284
internal_count=2121 714 576 138 1407 1123 284
is_linear=0
shrinkage=0.04


Tree=34
num_leaves=8
num_cat=0
split_feature=125 35 35 45 94 11 94
split_gain=0.0668606 0.175254 0.146849 0.108026 0.069882 0.0684162 0.0587007
threshold=0.86318364725669683 0.10298384610216557 -1.2616251780049506 2.8823331196052546 0.73947949987982164 0.49374161557801982 0.56694617845904027
decision_type=2 2 2 2 2 2 2
left_child=3 2 -2 5 -5 -1 -3
right_child=1 6 -4 4 -6 -7 -8
leaf_value=-2.9468974826629889e-05 0.0017022691202736549 0.0032046025216971577 -0.0007514527122131423 0.0013700252077542246 -0.00078839951163778711 -0.00060980218983347197 0.0011602767373181202
leaf_weight=1236 53 38 148 120 30 441 55
leaf_count=1236 53 38 148 120 30 441 55
internal_value=-3.19168e-13 0.000559848 -0.000104451 -9.00905e-05 0.00093834 -0.000182079 0.00199559
internal_weight=2121 294 201 1827 150 1677 93
internal_count=2121 294 201 1827 150 1677 93
is_linear=0
shrinkage=0.04


Tree=35
num_leaves=5
num_cat=0
split_feature=35 31 2 25
split_gain=0.0660432 0.081721 0.0715245 0.0426494
threshold=1.1319041247666279 1.6150565543483271 -1.5360022243368481 1.1064292125221986
decision_type=2 2 2 2
left_child=1 2 -1 -2
right_child=3 -3 -4 -5
leaf_value=0.0010186061313198435 -0.00030380968423560263 0.0021773237076454931 -5.3142246807236148e-05 -0.0029160708208801223
leaf_weight=105 20 28 1948 20
leaf_count=105 20 28 1948 20
internal_value=3.3939e-13 3.09455e-05 1.67197e-06 -0.00160994
internal_weight=2121 2081 2053 40
internal_count=2121 2081 2053 40
is_linear=0
shrinkage=0.04


Tree=36
num_leaves=6
num_cat=0
split_feature=28 82 94 11 33
split_gain=0.0644288 0.0643707 0.0685218 0.0427035 0.0111622
threshold=-0.79900171223876482 4.3873430077353293 0.93224199192325796 0.1055245392094801 0.22063551963383779
decision_type=2 2 2 2 2
left_child=3 2 -2 -1 -3
right_child=1 4 -4 -5 -6
leaf_value=-0.0027025250960951265 0.00016978214831614904 -0.00087737528331301834 -0.00045784454848017757 -0.0002374909040306441 -0.002106976260741552
leaf_weight=23 1695 27 333 22 21
leaf_count=23 1695 27 333 22 21
internal_value=-2.1084e-12 3.2458e-05 6.67251e-05 -0.0014974 -0.00141533
internal_weight=2121 2076 2028 45 48
internal_count=2121 2076 2028 45 48
is_linear=0
shrinkage=0.04


Tree=37
num_leaves=8
num_cat=0
split_feature=64 40 68 42 120 81 78
split_gain=0.0641466 0.073226 0.0997118 0.0938203 0.0545474 0.0214781 0.0179931
threshold=0.82452429593323417 -0.57811860036065565 -0.23145691776235497 -0.62641335472747961 0.030897126836528659 -0.43001460042651646 -0.33983966458341497
decision_type=2 2 2 2 2 2 2
left_child=1 3 -3 -1 6 -6 -2
right_child=4 2 -4 -5 5 -7 -8
leaf_value=0.00084440749511122712 0.0022754446403788669 0.00060705065729771141 -0.00012718210317673218 -0.00089640880178604404 0.0010675858538597824 -0.00047485165271120007 0.0010474408513012653
leaf_weight=60 28 390 1227 284 20 52 60
leaf_count=60 28 390 1227 284 20 52 60
internal_value=-9.93592e-13 -6.28344e-05 4.99056e-05 -0.000592778 0.000770115 -4.63968e-05 0.00143817
internal_weight=2121 1961 1617 344 160 72 88
internal_count=2121 1961 1617 344 160 72 88
is_linear=0
shrinkage=0.04


Tree=38
num_leaves=6
num_cat=0
split_feature=58 45 35 45 64
split_gain=0.0604505 0.133272 0.0783674 0.0809141 0.0421799
threshold=-1.6402812734462924 1.6850731973943234 1.2026428505135021 2.8823331196052546 0.1048965651757074
decision_type=2 2 2 2 2
left_child=1 4 3 -2 -1
right_child=2 -3 -4 -5 -6
leaf_value=0.0012810404269645611 -9.1944505486908163e-05 -0.0015426905468727151 -0.0024145310626111248 0.00080788333110810655 0.0036184102864492509
leaf_weight=30 1852 21 22 175 21
leaf_count=30 1852 21 22 175 21
internal_value=1.29409e-12 0.00113919 -4.00299e-05 -1.42583e-05 0.00224349
internal_weight=2121 72 2049 2027 51
internal_count=2121 72 2049 2027 51
is_linear=0
shrinkage=0.04


Tree=39
num_leaves=8
num_cat=0
split_feature=64 82 33 112 36 30 119
split_gain=0.0601472 0.0733608 0.0788545 0.0577954 0.0290586 0.0173246 0.0107807
threshold=0.93536761004110669 -0.98243102837678575 0.3925385722592562 1.0000000180025095e-35 0.29382523258758114 -0.021022991548341443 -0.15398509241185376
decision_type=2 2 2 2 2 2 2
left_child=1 4 -3 6 -1 -5 -2
right_child=3 2 -4 5 -6 -7 -8
leaf_value=-0.00067870006554294376 0.00056221778970211745 -0.00015964894613002101 0.00042102783100848434 0.0025631832107901576 -0.0022881605825386944 0.0011884248427284712 -0.00061470648203270902
leaf_weight=50 20 1405 510 20 28 55 33
leaf_count=50 20 1405 510 20 28 55 33
internal_value=-1.24175e-12 -5.3982e-05 -5.00396e-06 0.000840516 -0.00125646 0.00155503 -0.000170584
internal_weight=2121 1993 1915 128 78 75 53
internal_count=2121 1993 1915 128 78 75 53
is_linear=0
shrinkage=0.04


Tree=40
num_leaves=5
num_cat=0
split_feature=28 123 46 112
split_gain=0.0574417 0.0587838 0.0795577 0.0597541
threshold=-0.81235091344538779 0.86456566692497072 -0.85922710630819543 -0.6353519304141958
decision_type=2 2 2 2
left_child=-1 3 -3 -2
right_child=1 2 -4 -5
leaf_value=-0.0015841820832186691 0.00032426426413623659 -0.00067942365352064371 0.00098520485695597899 -0.00019099285617417191
leaf_weight=36 493 60 196 1336
leaf_count=36 493 60 196 1336
internal_value=1.94565e-12 2.73528e-05 0.000595058 -5.21073e-05
internal_weight=2121 2085 256 1829
internal_count=2121 2085 256 1829
is_linear=0
shrinkage=0.04


Tree=41
num_leaves=5
num_cat=0
split_feature=35 31 40 25
split_gain=0.0560786 0.0722493 0.0655579 0.0381565
threshold=1.1319041247666279 1.6150565543483271 0.78419063771705588 1.1064292125221986
decision_type=2 2 2 2
left_child=1 2 -1 -2
right_child=3 -3 -4 -5
leaf_value=-8.678142408670825e-05 -0.00024810454808175562 0.0020466788584391389 0.00058309293089159266 -0.0027189426328986881
leaf_weight=1784 20 28 269 20
leaf_count=1784 20 28 269 20
internal_value=1.06357e-12 2.85156e-05 9.90715e-07 -0.00148352
internal_weight=2121 2081 2053 40
internal_count=2121 2081 2053 40
is_linear=0
shrinkage=0.04


Tree=42
num_leaves=8
num_cat=0
split_feature=64 40 64 82 58 118 69
split_gain=0.0554294 0.0740164 0.0667274 0.0940166 0.0680615 0.0326903 0.0224652
threshold=0.75184959520432171 0.78419063771705588 -0.90373681668794503 0.073366865291480607 -1.6402812734462924 -0.01067092557312827 0.63524318197999041
decision_type=2 2 2 2 2 2 2
left_child=2 5 3 -1 -4 -2 -3
right_child=1 6 4 -5 -6 -7 -8
leaf_value=-0.00019173411352271512 0.00074472247494985675 0.0030327757410705094 0.0011632085590778539 0.0013558823791011668 -0.00020901293989201864 -0.0003978988293558359 0.0012640222144761572
leaf_weight=133 86 20 60 119 1601 75 27
leaf_count=133 86 20 60 119 1601 75 27
internal_value=-9.20163e-13 0.000620134 -6.7427e-05 0.000539085 -0.000159444 0.000212445 0.00201668
internal_weight=2121 208 1913 252 1661 161 47
internal_count=2121 208 1913 252 1661 161 47
is_linear=0
shrinkage=0.04


Tree=43
num_leaves=7
num_cat=0
split_feature=82 40 41 76 20 40
split_gain=0.0540907 0.0555144 0.10676 0.0822653 0.0282174 0.0123111
threshold=2.4004813013189512 -0.57500848331165122 0.46749417003197752 0.83193339151772372 -0.20579728706549186 -0.1847794548757814
decision_type=2 2 2 2 2 2
left_child=1 2 -1 -3 -2 -6
right_child=4 3 -4 -5 5 -7
leaf_value=-0.00082948624822429208 8.3559644630267518e-05 0.00029661699434894859 0.0005500911705588039 -0.00037021267908271543 -0.0023392268108284992 -0.0010156795423245059
leaf_weight=276 21 1259 133 387 23 22
leaf_count=276 21 1259 133 387 23 22
internal_value=-1.78606e-12 3.62007e-05 -0.000380871 0.000139835 -0.00112716 -0.00169216
internal_weight=2121 2055 409 1646 66 45
internal_count=2121 2055 409 1646 66 45
is_linear=0
shrinkage=0.04


Tree=44
num_leaves=4
num_cat=0
split_feature=35 31 25
split_gain=0.0509767 0.0660498 0.0565422
threshold=1.2026428505135021 1.6150565543483271 0.14848879716596911
decision_type=2 2 2
left_child=1 2 -1
right_child=-2 -3 -4
leaf_value=-0.00018044653138202816 -0.0018330283346585929 0.0019507136282378009 0.00024428013183391351
leaf_weight=1215 24 28 854
leaf_count=1215 24 28 854
internal_value=-6.99741e-13 2.09789e-05 -5.13644e-06
internal_weight=2121 2097 2069
internal_count=2121 2097 2069
is_linear=0
shrinkage=0.04


Tree=45
num_leaves=5
num_cat=0
split_feature=28 82 94 20
split_gain=0.0510666 0.0519914 0.0589392 0.0260961
threshold=-0.81235091344538779 2.4004813013189512 0.93224199192325796 -0.27713175532640472
decision_type=2 2 2 2
left_child=-1 2 -2 -3
right_child=1 3 -4 -5
leaf_value=-0.0014936877771591149 0.000157952156854574 0.00012728560389950873 -0.00042439162555324086 -0.0016034320831734121
leaf_weight=36 1686 20 333 46
leaf_count=36 1686 20 333 46
internal_value=6.70376e-13 2.57903e-05 6.19044e-05 -0.00107897
internal_weight=2121 2085 2019 66
internal_count=2121 2085 2019 66
is_linear=0
shrinkage=0.04


Tree=46
num_leaves=8
num_cat=0
split_feature=64 82 33 112 36 30 119
split_gain=0.0503504 0.0645702 0.0653692 0.0494784 0.0252838 0.0148471 0.0096883
threshold=0.93536761004110669 -1.0043177015588027 0.3925385722592562 1.0000000180025095e-35 0.29382523258758114 -0.021022991548341443 -0.15398509241185376
decision_type=2 2 2 2 2 2 2
left_child=1 4 -3 6 -1 -5 -2
right_child=3 2 -4 5 -6 -7 -8
leaf_value=-0.00070558420263252977 0.00052818319888319821 -0.0001485712948776841 0.000377193442387646 0.0023634165674448013 -0.0023554516826634823 0.0010907504843039946 -0.00058752293938375789
leaf_weight=42 20 1411 517 20 23 55 33
leaf_count=42 20 1411 517 20 23 55 33
internal_value=1.12861e-12 -4.93904e-05 -7.58563e-06 0.000769024 -0.00128938 0.00143013 -0.000166502
internal_weight=2121 1993 1928 128 65 75 53
internal_count=2121 1993 1928 128 65 75 53
is_linear=0
shrinkage=0.04


Tree=47
num_leaves=7
num_cat=0
split_feature=41 78 24 35 90 35
split_gain=0.0505983 0.152755 0.0628744 0.13815 0.110514 0.0300769
threshold=-1.0009957579444244 -1.0435929608944845 0.10490277561280265 1.0000000180025095e-35 1.4813430515458184 -0.54794050394184424
decision_type=2 2 2 2 2 2
left_child=1 -1 4 -4 -2 -3
right_child=2 5 3 -5 -6 -7
leaf_value=0.0036989481803839618 -0.0001664430680052463 -0.00043906504662255893 0.0011418619167525321 -6.3729283725273743e-05 -0.0018717438689468857 0.00073922137738594604
leaf_weight=23 942 66 190 762 65 73
leaf_count=23 942 66 190 762 65 73
internal_value=1.91549e-12 0.000679387 -5.61821e-05 0.000176882 -0.000276517 0.000179747
internal_weight=2121 162 1959 952 1007 139
internal_count=2121 162 1959 952 1007 139
is_linear=0
shrinkage=0.04


Tree=48
num_leaves=7
num_cat=0
split_feature=58 45 46 53 11 61
split_gain=0.0498028 0.128633 0.0763543 0.0960669 0.07111 0.0486793
threshold=-1.4964043832753604 1.6076058245397264 2.1165698949347012 -0.74999999999999989 0.14207471012532363 -1.1905881588052261
decision_type=2 2 2 2 2 2
left_child=1 5 4 -4 -2 -1
right_child=2 -3 3 -5 -6 -7
leaf_value=0.003238198261546052 8.6723257485985132e-05 -0.0013891182215884329 0.0031569935899713763 0.00038783860517492617 -0.00041928146185772863 0.001046734991314059
leaf_weight=23 1078 30 23 156 756 55
leaf_count=23 1078 30 23 156 756 55
internal_value=-3.43112e-13 0.00083681 -4.48959e-05 0.000743652 -0.000121859 0.00169294
internal_weight=2121 108 2013 179 1834 78
internal_count=2121 108 2013 179 1834 78
is_linear=0
shrinkage=0.04


Tree=49
num_leaves=8
num_cat=0
split_feature=64 40 41 78 106 28 69
split_gain=0.0475518 0.0649296 0.0625325 0.134733 0.085088 0.0297467 0.0208348
threshold=0.75184959520432171 0.78419063771705588 -0.80719173203523498 -1.0990675883843037 -0.49318356503745125 0.72959203674045503 0.63524318197999041
decision_type=2 2 2 2 2 2 2
left_child=2 5 3 -1 -4 -2 -3
right_child=1 6 4 -5 -6 -7 -8
leaf_value=0.0027004124636541265 0.0004031135549110851 0.0028609231896698471 0.00027695283350938219 0.00014332407066714484 -0.00035079509745654256 -0.0012113139068796522 0.0011575638471792143
leaf_weight=38 140 20 498 249 1128 21 27
leaf_count=38 140 20 498 249 1128 21 27
internal_value=7.93014e-13 0.00057438 -6.24522e-05 0.000481893 -0.000158533 0.000192536 0.0018824
internal_weight=2121 208 1913 287 1626 161 47
internal_count=2121 208 1913 287 1626 161 47
is_linear=0
shrinkage=0.04


Tree=50
num_leaves=6
num_cat=0
split_feature=35 33 90 46 25
split_gain=0.0469642 0.0567753 0.139699 0.0938572 0.0343842
threshold=1.1319041247666279 0.3925385722592562 1.0598137578077311 0.11176630230597806 1.1064292125221986
decision_type=2 2 2 2 2
left_child=1 3 -3 -1 -2
right_child=4 2 -4 -5 -6
leaf_value=-0.00036217563496967261 -0.00018486260029021651 4.951979061740491e-05 0.0015975258578984147 0.0002824062111340147 -0.0025303825810551643
leaf_weight=900 20 460 117 604 20
leaf_count=900 20 460 117 604 20
internal_value=2.58531e-12 2.60956e-05 0.000363414 -0.000103314 -0.00135762
internal_weight=2121 2081 577 1504 40
internal_count=2121 2081 577 1504 40
is_linear=0
shrinkage=0.04


Tree=51
num_leaves=6
num_cat=0
split_feature=28 94 68 94 11
split_gain=0.0463864 0.0483084 0.165543 0.101439 0.0378977
threshold=-0.79900171223876482 -0.11010155186529837 -0.0049415370557970512 0.93224199192325796 0.045250264488927043
decision_type=2 2 2 2 2
left_child=4 2 -2 -3 -1
right_child=1 3 -4 -5 -6
leaf_value=-0.0024574477017052809 0.00014190733654640433 0.00041954554827126672 -0.0010883765590660012 -0.00040152722630893128 -0.00013526000568400259
leaf_weight=22 632 869 242 333 23
leaf_count=22 632 869 242 333 23
internal_value=-2.39417e-12 2.75409e-05 -0.000198743 0.000192077 -0.00127055
internal_weight=2121 2076 874 1202 45
internal_count=2121 2076 874 1202 45
is_linear=0
shrinkage=0.04


Tree=52
num_leaves=8
num_cat=0
split_feature=10 100 68 76 14 94 64
split_gain=0.044316 0.0863796 0.0920463 0.0790048 0.0918452 0.0883222 0.0697567
threshold=0.1253811959347583 -0.37760684528121458 -0.33160879978236107 1.0073560113528639 -0.027158181501752827 -0.11010155186529837 0.514770306780307
decision_type=2 2 2 2 2 2 2
left_child=1 2 -1 5 -5 -2 -3
right_child=3 6 -4 4 -6 -7 -8
leaf_value=0.0007683362678213571 -0.00026241442144964822 -0.00066531138400551762 -0.00037681707179254608 0.00053076288637265078 -0.0011287625019922275 0.00073589769340563381 0.00015977533365958921
leaf_weight=263 204 537 196 91 129 465 236
leaf_count=263 204 537 196 91 129 465 236
internal_value=1.53663e-12 -0.000155316 0.000279338 0.000215241 -0.000442322 0.00043148 -0.000413409
internal_weight=2121 1232 459 889 220 669 773
internal_count=2121 1232 459 889 220 669 773
is_linear=0
shrinkage=0.04


Tree=53
num_leaves=7
num_cat=0
split_feature=40 47 63 68 94 35
split_gain=0.0436225 0.0891368 0.0873536 0.074379 0.137374 0.102574
threshold=-0.57811860036065565 -0.52091775647034144 -0.18163621221208212 -0.23867197166338547 -0.11010155186529837 0.49391346882033399
decision_type=2 2 2 2 2 2
left_child=1 -1 -3 5 -5 -2
right_child=3 2 -4 4 -6 -7
leaf_value=-0.0025941441177080079 0.000889740306780691 -0.0012714423250996488 0.00013594597184787054 -0.00073596126681561532 0.00018904815400343743 -0.00065870818283259014
leaf_weight=27 321 94 283 351 958 87
leaf_count=27 321 94 283 351 958 87
internal_value=-2.94736e-12 -0.000373972 -0.000214968 8.79934e-05 -5.89872e-05 0.000559556
internal_weight=2121 404 377 1717 1309 408
internal_count=2121 404 377 1717 1309 408
is_linear=0
shrinkage=0.04


Tree=54
num_leaves=4
num_cat=0
split_feature=35 31 37
split_gain=0.0435653 0.053236 0.047722
threshold=1.2026428505135021 1.6150565543483271 0.99208247976039055
decision_type=2 2 2
left_child=1 2 -1
right_child=-2 -3 -4
leaf_value=-8.1613912993819035e-05 -0.001694547163012127 0.001751859144507242 0.0004717525139426941
leaf_weight=1779 24 28 290
leaf_count=1779 24 28 290
internal_value=9.247e-13 1.9394e-05 -4.05168e-06
internal_weight=2121 2097 2069
internal_count=2121 2097 2069
is_linear=0
shrinkage=0.04


Tree=55
num_leaves=6
num_cat=0
split_feature=82 64 59 40 45
split_gain=0.0421128 0.0460853 0.0565491 0.0514352 0.0155676
threshold=-1.1186919508799207 0.75184959520432171 -0.62898388413789397 0.78419063771705588 -0.13848140352382446
decision_type=2 2 2 2 2
left_child=4 2 -2 -3 -1
right_child=1 3 -4 -5 -6
leaf_value=-0.00037880839523859322 0.00088609589441157285 0.00024599608058897441 -8.6882405498274714e-05 0.0017636622965058429 -0.0018760503366356716
leaf_weight=20 101 149 1779 47 25
leaf_count=20 101 149 1779 47 25
internal_value=1.68647e-12 2.62415e-05 -3.46107e-05 0.000609926 -0.00121061
internal_weight=2121 2076 1880 196 45
internal_count=2121 2076 1880 196 45
is_linear=0
shrinkage=0.04


Tree=56
num_leaves=7
num_cat=0
split_feature=41 78 24 35 90 35
split_gain=0.0407738 0.122222 0.0519014 0.122786 0.100733 0.0271454
threshold=-1.0009957579444244 -1.0435929608944845 0.10490277561280265 1.0000000180025095e-35 1.4813430515458184 -0.54794050394184424
decision_type=2 2 2 2 2 2
left_child=1 -1 4 -4 -2 -3
right_child=2 5 3 -5 -6 -7
leaf_value=0.0033108506295020171 -0.00014553040842668215 -0.00042493241133342966 0.0010710561358121739 -6.5518557567834139e-05 -0.0017736223720443936 0.00069445955568656623
leaf_weight=23 942 66 190 762 65 73
leaf_count=23 942 66 190 762 65 73
internal_value=-5.12747e-13 0.000609874 -5.04337e-05 0.000161319 -0.000250621 0.00016295
internal_weight=2121 162 1959 952 1007 139
internal_count=2121 162 1959 952 1007 139
is_linear=0
shrinkage=0.04


Tree=57
num_leaves=5
num_cat=0
split_feature=28 76 40 68
split_gain=0.0403341 0.0415003 0.120964 0.0704909
threshold=-0.81235091344538779 0.79824589212391994 0.76906037316389309 0.054401112745989709
decision_type=2 2 2 2
left_child=-1 2 -2 -3
right_child=1 3 -4 -5
leaf_value=-0.0013274792598612192 2.2156676766193629e-05 -0.0025919790645795209 0.0014005030438714071 -0.00021399022566008863
leaf_weight=36 1558 21 109 397
leaf_count=36 1558 21 109 397
internal_value=4.17484e-13 2.29205e-05 0.000112283 -0.000333459
internal_weight=2121 2085 1667 418
internal_count=2121 2085 1667 418
is_linear=0
shrinkage=0.04


Tree=58
num_leaves=8
num_cat=0
split_feature=64 90 64 24 36 94 93
split_gain=0.0400846 0.0771677 0.0562807 0.108777 0.101995 0.0453689 0.0251998
threshold=-0.87215236461763934 -0.33315627602987874 0.48463657720878167 -0.048572833902994231 -1.3304855267899216 -0.22926391046740205 0.74820420715478486
decision_type=2 2 2 2 2 2 2
left_child=1 6 4 -4 -2 -3 -1
right_child=2 5 3 -5 -6 -7 -8
leaf_value=-0.00016629944162057907 0.0012043347459835695 7.0462239150335823e-05 -0.00037629265431961463 0.00081842272449700565 -0.00028562947765766507 0.0013538307982084695 -0.0017834431620403417
leaf_weight=58 78 69 216 280 1277 122 21
leaf_count=58 78 69 216 280 1277 122 21
internal_value=-2.54127e-12 0.000455302 -6.64136e-05 0.000298143 -0.00019986 0.000890206 -0.000596173
internal_weight=2121 270 1851 496 1355 191 79
internal_count=2121 270 1851 496 1355 191 79
is_linear=0
shrinkage=0.04


Tree=59
num_leaves=6
num_cat=0
split_feature=35 2 33 35 25
split_gain=0.038989 0.0483696 0.0600337 0.049328 0.0316061
threshold=1.1319041247666279 -1.5360022243368481 0.3925385722592562 0.25077168355618484 1.1064292125221986
decision_type=2 2 2 2 2
left_child=1 3 -3 -1 -2
right_child=4 2 -4 -5 -6
leaf_value=0.00042686691579763735 -0.00011260479630436748 -0.00016209741196476638 0.00032305242693635389 0.0025943329291684288 -0.0023613768648356199
leaf_weight=84 20 1400 576 21 20
leaf_count=84 20 1400 576 21 20
internal_value=1.79824e-13 2.37769e-05 -2.06772e-05 0.00086036 -0.00123699
internal_weight=2121 2081 1976 105 40
internal_count=2121 2081 1976 105 40
is_linear=0
shrinkage=0.04


Tree=60
num_leaves=6
num_cat=0
split_feature=82 59 88 35 45
split_gain=0.0382677 0.0396002 0.060155 0.0511112 0.013557
threshold=-1.1186919508799207 -0.62898388413789397 1.2757119112004851 0.5377583397851694 -0.13848140352382446
decision_type=2 2 2 2 2
left_child=4 3 -3 -2 -1
right_child=1 2 -4 -5 -6
leaf_value=-0.00037779022031463684 0.001561172906096267 5.4747778965707031e-05 -0.00071235779920243659 -0.00021754764749304107 -0.0017750029776245355
leaf_weight=20 59 1791 180 46 25
leaf_count=20 59 1791 180 46 25
internal_value=-4.24688e-13 2.50149e-05 -1.53075e-05 0.000781924 -0.00115402
internal_weight=2121 2076 1971 105 45
internal_count=2121 2076 1971 105 45
is_linear=0
shrinkage=0.04


Tree=61
num_leaves=7
num_cat=0
split_feature=40 47 63 68 94 35
split_gain=0.0378141 0.0787661 0.0804215 0.0678609 0.118953 0.0919742
threshold=-0.57811860036065565 -0.48421982776732397 -0.18163621221208212 -0.23480141759483233 -0.11010155186529837 0.49391346882033399
decision_type=2 2 2 2 2 2
left_child=1 -1 -3 5 -5 -2
right_child=3 2 -4 4 -6 -7
leaf_value=-0.0023566109386818678 0.00083713014712019748 -0.0012128987960186939 0.00014352599398479313 -0.000692805608109927 0.00017090422104576274 -0.00062673033706190859
leaf_weight=29 326 93 282 348 956 87
leaf_count=29 326 93 282 348 956 87
internal_value=-1.23221e-12 -0.000348186 -0.000192867 8.1926e-05 -5.9595e-05 0.000528762
internal_weight=2121 404 375 1717 1304 413
internal_count=2121 404 375 1717 1304 413
is_linear=0
shrinkage=0.04


Tree=62
num_leaves=4
num_cat=0
split_feature=35 31 2
split_gain=0.0369508 0.0466153 0.0407062
threshold=1.2026428505135021 1.6150565543483271 -1.5360022243368481
decision_type=2 2 2
left_child=1 2 -1
right_child=-2 -3 -4
leaf_value=0.00075943617191921286 -0.0015606126911006867 0.0016390225065281681 -4.530726424106595e-05
leaf_weight=106 24 28 1963
leaf_count=106 24 28 1963
internal_value=5.40294e-14 1.78611e-05 -4.07826e-06
internal_weight=2121 2097 2069
internal_count=2121 2097 2069
is_linear=0
shrinkage=0.04


Tree=63
num_leaves=7
num_cat=0
split_feature=58 45 45 96 64 46
split_gain=0.0365396 0.113732 0.0575232 0.0764249 0.0463267 0.0426821
threshold=-1.4964043832753604 1.6076058245397264 2.6437833116224221 -0.19211098935884488 0.56055494249292737 0.98066798352613815
decision_type=2 2 2 2 2 2
left_child=1 5 4 -4 -2 -1
right_child=2 -3 3 -5 -6 -7
leaf_value=0.0020712484909093071 -0.00020982387514149553 -0.0013762642360913258 0.001663327304257775 -2.9228794276072032e-06 0.00028745043856683418 -7.1648134849965574e-05
leaf_weight=58 1448 30 71 116 378 20
leaf_count=58 1448 30 71 116 378 20
internal_value=8.74624e-13 0.000716773 -3.84558e-05 0.000629718 -0.000106883 0.00152179
internal_weight=2121 108 2013 187 1826 78
internal_count=2121 108 2013 187 1826 78
is_linear=0
shrinkage=0.04


Tree=64
num_leaves=8
num_cat=0
split_feature=64 82 14 25 90 76 82
split_gain=0.0359522 0.0717617 0.113232 0.0568013 0.0947611 0.0741597 0.043258
threshold=-0.8007129974241386 0.073366865291480607 0.095751892207675202 0.14848879716596911 1.1600441737084111 1.0301939762863064 1.1785583531059305
decision_type=2 2 2 2 2 2 2
left_child=1 2 -1 5 -5 -2 -3
right_child=3 6 -4 4 -6 -7 -8
leaf_value=0.00047429848290165937 -0.00014180720977009575 0.0013160708550970222 -0.0017941526958718897 -8.2376574421208222e-07 0.0012300171315476646 -0.0011934999218504003 -0.00026950255821325949
leaf_weight=119 889 129 50 659 118 122 35
leaf_count=119 889 129 50 659 118 122 35
internal_value=-2.17464e-12 0.000381605 -0.000196841 -7.10707e-05 0.000186099 -0.000268718 0.000977686
internal_weight=2121 333 169 1788 777 1011 164
internal_count=2121 333 169 1788 777 1011 164
is_linear=0
shrinkage=0.04


Tree=65
num_leaves=6
num_cat=0
split_feature=82 64 94 120 45
split_gain=0.0353169 0.0361497 0.0503924 0.0472607 0.0121316
threshold=-1.1186919508799207 0.75184959520432171 1.3220886220613519 -0.087039015102797337 -0.13848140352382446
decision_type=2 2 2 2 2
left_child=4 2 -2 -3 -1
right_child=1 3 -4 -5 -6
leaf_value=-0.00037434292491525414 2.2011556081620119e-05 0.0012733473835467566 -0.00085659859999846506 1.419343123224711e-05 -0.0016960669182240961
leaf_weight=20 1769 82 111 114 25
leaf_count=20 1769 82 111 114 25
internal_value=1.53982e-12 2.40311e-05 -2.98638e-05 0.000540982 -0.00110863
internal_weight=2121 2076 1880 196 45
internal_count=2121 2076 1880 196 45
is_linear=0
shrinkage=0.04


Tree=66
num_leaves=6
num_cat=0
split_feature=41 78 35 64 35
split_gain=0.035175 0.105721 0.0460133 0.0548607 0.0243529
threshold=-1.0009957579444244 -1.0435929608944845 -1.6348627044670192 0.56055494249292737 -0.54794050394184424
decision_type=2 2 2 2 2
left_child=1 -1 -2 -4 -3
right_child=2 4 3 -5 -6
leaf_value=0.0030784917622804641 -0.0018254215594219125 -0.00040602737303054189 -0.00012782854863912209 0.00041828987536998854 0.00065422457043234612
leaf_weight=23 23 66 1574 362 73
leaf_count=23 23 66 1574 362 73
internal_value=4.77723e-13 0.000566456 -4.68432e-05 -2.57134e-05 0.000150796
internal_weight=2121 162 1959 1936 139
internal_count=2121 162 1959 1936 139
is_linear=0
shrinkage=0.04


Tree=67
num_leaves=5
num_cat=0
split_feature=28 11 46 40
split_gain=0.0345734 0.0375673 0.0746006 0.0656715
threshold=-0.81235091344538779 0.13502631727157677 2.1165698949347012 1.0181061476725455
decision_type=2 2 2 2
left_child=-1 3 -3 -2
right_child=1 2 -4 -5
leaf_value=-0.0012290292647149828 6.8274869152129612e-05 -0.00030982678561029467 0.00082070382776777793 0.00105128547231559
leaf_weight=36 1073 785 106 121
leaf_count=36 1073 785 106 121
internal_value=1.06553e-12 2.12207e-05 -0.00017533 0.000167893
internal_weight=2121 2085 891 1194
internal_count=2121 2085 891 1194
is_linear=0
shrinkage=0.04


Tree=68
num_leaves=8
num_cat=0
split_feature=106 35 41 94 68 94 60
split_gain=0.0338482 0.115941 0.0565442 0.0562576 0.0964053 0.058772 0.0495397
threshold=-0.78941493205676416 1.0000000180025095e-35 0.1584075515237269 -0.11010155186529837 0.011166100098214411 0.93224199192325796 0.1775298052814494
decision_type=2 2 2 2 2 2 2
left_child=1 2 -1 4 -2 -5 -3
right_child=3 6 -4 5 -6 -7 -8
leaf_value=0.00073332104434475605 -2.9725720385944112e-05 -0.00081291195843240943 0.0025153469615615902 0.00028360482048915195 -0.0010747827277205382 -0.00034265971545137614 0.00057759982619721159
leaf_weight=99 440 111 40 819 208 339 65
leaf_count=99 440 111 40 819 208 339 65
internal_value=1.54471e-12 0.000382614 0.00124613 -6.6735e-05 -0.000365176 0.000100268 -0.000299371
internal_weight=2121 315 139 1806 648 1158 176
internal_count=2121 315 139 1806 648 1158 176
is_linear=0
shrinkage=0.04


Tree=69
num_leaves=4
num_cat=0
split_feature=35 31 37
split_gain=0.0335997 0.0391268 0.0350704
threshold=1.2026428505135021 1.6150565543483271 0.99208247976039055
decision_type=2 2 2
left_child=1 2 -1
right_child=-2 -3 -4
leaf_value=-6.9558859146375828e-05 -0.0014881643963356814 0.0015022806334309281 0.00040481827232649489
leaf_weight=1779 24 28 290
leaf_count=1779 24 28 290
internal_value=3.66474e-13 1.70319e-05 -3.06811e-06
internal_weight=2121 2097 2069
internal_count=2121 2097 2069
is_linear=0
shrinkage=0.04


Tree=70
num_leaves=7
num_cat=0
split_feature=40 47 63 68 94 35
split_gain=0.032862 0.0714593 0.0680671 0.0587521 0.0980385 0.0825612
threshold=-0.57811860036065565 -0.52091775647034144 -0.18163621221208212 -0.23480141759483233 -0.11871853843061643 0.49391346882033399
decision_type=2 2 2 2 2 2
left_child=1 -1 -3 5 -5 -2
right_child=3 2 -4 4 -6 -7
leaf_value=-0.0023124550786559231 0.0007843027214084104 -0.0011148018670575496 0.00012754276712003819 -0.00064047919163222149 0.00015026049603997015 -0.00060262709526858968
leaf_weight=27 326 94 283 339 965 87
leaf_count=27 326 94 283 339 965 87
internal_value=1.44926e-12 -0.000324587 -0.00018222 7.63734e-05 -5.53076e-05 0.000492141
internal_weight=2121 404 377 1717 1304 413
internal_count=2121 404 377 1717 1304 413
is_linear=0
shrinkage=0.04


Tree=71
num_leaves=8
num_cat=0
split_feature=76 40 36 101 28 35 44
split_gain=0.0326234 0.0962969 0.0585076 0.0862195 0.0680186 0.0512044 0.0479075
threshold=0.80674677540155437 0.76906037316389309 -0.49094560228761525 -0.05335540341833802 0.49240960920176535 0.0085333858647656993 -0.17757913923979426
decision_type=2 2 2 2 2 2 2
left_child=1 5 3 -2 -4 -1 -3
right_child=2 6 4 -5 -6 -7 -8
leaf_value=0.00022915938235783473 -0.0025603697491759386 0.0023179940830450503 0.00095753986061975838 -0.00041525502835070309 -0.00047793621413274521 -0.0002239682519383453 0.00059569181963699323
leaf_weight=779 37 40 92 158 124 818 73
leaf_count=779 37 40 92 158 124 818 73
internal_value=-1.71988e-12 7.6909e-05 -0.000319986 -0.000822277 0.00013347 -2.9373e-06 0.00120536
internal_weight=2121 1710 411 195 216 1597 113
internal_count=2121 1710 411 195 216 1597 113
is_linear=0
shrinkage=0.04


Tree=72
num_leaves=8
num_cat=0
split_feature=106 35 64 34 40 41 41
split_gain=0.0312831 0.102828 0.0514843 0.108141 0.104647 0.0506481 0.0464312
threshold=-0.78941493205676416 1.0000000180025095e-35 0.48463657720878167 -0.50037760532034736 -0.57811860036065565 0.1584075515237269 1.0360994139372306
decision_type=2 2 2 2 2 2 2
left_child=1 5 4 -4 -2 -1 -3
right_child=2 6 3 -5 -6 -7 -8
leaf_value=0.00069571306222342448 -0.0010564478245778351 -0.00052632894161350576 -0.00068750940701647781 0.00068046759596225939 -4.5649704282887065e-05 0.0023822711035609246 0.0014012467577729536
leaf_weight=99 191 153 128 333 1154 40 23
leaf_count=99 191 153 128 333 1154 40 23
internal_value=-1.51581e-12 0.000367831 -6.41566e-05 0.000300639 -0.000189191 0.00118105 -0.00027443
internal_weight=2121 315 1806 461 1345 139 176
internal_count=2121 315 1806 461 1345 139 176
is_linear=0
shrinkage=0.04


Tree=73
num_leaves=8
num_cat=0
split_feature=18 25 35 90 63 46 18
split_gain=0.0314124 0.0478765 0.0970716 0.0679343 0.0368434 0.026093 0.0142391
threshold=-0.8923139308437954 0.14848879716596911 -0.13147250249176515 1.0598137578077311 -0.03903891102726182 0.24839268004814877 -1.0083400679208234
decision_type=2 2 2 2 2 2 2
left_child=4 3 -3 -2 6 -6 -1
right_child=1 2 -4 -5 5 -7 -8
leaf_value=0.0019307939417660235 -9.0131615412311871e-05 0.0013063235090768738 1.4507179600119512e-05 -0.00096886854997311838 -0.0004311292998479783 0.00088778428403505434 0.00078269511831292361
leaf_weight=25 896 106 763 167 72 36 56
leaf_count=25 896 106 763 167 72 36 56
internal_value=-2.5705e-12 -4.81468e-05 0.000172082 -0.000228183 0.000492168 8.50856e-06 0.00113705
internal_weight=2121 1932 869 1063 189 108 81
internal_count=2121 1932 869 1063 189 108 81
is_linear=0
shrinkage=0.04


Tree=74
num_leaves=7
num_cat=0
split_feature=82 7 25 36 90 84
split_gain=0.0308055 0.0424271 0.0340156 0.0773574 0.0664541 0.0137103
threshold=-0.98243102837678575 -0.39131452815578255 0.14848879716596911 0.033953866296056213 1.0598137578077311 1.0000000180025095e-35
decision_type=2 2 2 2 2 2
left_child=1 -1 4 -4 -2 -3
right_child=2 5 3 -5 -6 -7
leaf_value=0.00045600346762084349 2.3587396056664745e-05 -0.0018777624079666566 0.0010144120776439431 4.0228133658343936e-05 -0.0008068284049827176 -0.00071575796288071258
leaf_weight=34 1009 32 162 669 182 33
leaf_count=34 1009 32 162 669 182 33
internal_value=-4.8129e-13 -0.000688932 3.37311e-05 0.000230141 -0.000103311 -0.00128782
internal_weight=2121 99 2022 831 1191 65
internal_count=2121 99 2022 831 1191 65
is_linear=0
shrinkage=0.04


Tree=75
num_leaves=4
num_cat=0
split_feature=35 31 2
split_gain=0.0307561 0.0357557 0.031973
threshold=1.2026428505135021 1.6150565543483271 -1.5360022243368481
decision_type=2 2 2
left_child=1 2 -1
right_child=-2 -3 -4
leaf_value=0.00067375386656560706 -0.001423799815432479 0.0014361194042222841 -3.9459021509308274e-05
leaf_weight=106 24 28 1963
leaf_count=106 24 28 1963
internal_value=-7.63307e-13 1.62953e-05 -2.91936e-06
internal_weight=2121 2097 2069
internal_count=2121 2097 2069
is_linear=0
shrinkage=0.04


Tree=76
num_leaves=6
num_cat=0
split_feature=58 45 35 45 69
split_gain=0.0302635 0.101995 0.0432281 0.0452235 0.0369588
threshold=-1.6081691370887152 1.6076058245397264 1.2026428505135021 2.8823331196052546 -1.3147292073087289
decision_type=2 2 2 2 2
left_child=1 4 3 -2 -1
right_child=2 -3 -4 -5 -6
leaf_value=0.00038001930496344962 -6.9282465596689124e-05 -0.0013661072079092266 -0.0018355614993543852 0.00060706735390392893 0.0025026241769748078
leaf_weight=21 1846 25 21 173 35
leaf_count=21 1846 25 21 173 35
internal_value=3.05549e-13 0.000758266 -3.01076e-05 -1.13288e-05 0.00170665
internal_weight=2121 81 2040 2019 56
internal_count=2121 81 2040 2019 56
is_linear=0
shrinkage=0.04


Tree=77
num_leaves=6
num_cat=0
split_feature=82 14 102 94 45
split_gain=0.0300455 0.0332842 0.0735961 0.0612984 0.00587285
threshold=4.545464107751541 -0.44612399318828172 -1.1148092537700189 -0.67535581192431526 0.11881553136528834
decision_type=2 2 2 2 2
left_child=1 2 -1 -3 -2
right_child=4 3 -4 -5 -6
leaf_value=0.0025023941209782723 -0.0015552944219671188 0.00062493606166661548 0.00019113843378590044 -0.0001667793345348156 -0.00060822299565188587
leaf_weight=23 20 177 530 1349 22
leaf_count=23 20 177 530 1349 22
internal_value=4.58684e-13 2.13982e-05 0.000287267 -7.49486e-05 -0.00105921
internal_weight=2121 2079 553 1526 42
internal_count=2121 2079 553 1526 42
is_linear=0
shrinkage=0.04


Tree=78
num_leaves=7
num_cat=0
split_feature=41 78 12 46 35 72
split_gain=0.0295631 0.0942714 0.053959 0.0440502 0.0430493 0.0307035
threshold=-0.88280263040682372 -1.0990675883843037 -1.0352916412760589 2.1165698949347012 -0.43229193999303211 -1.0038053832180243
decision_type=2 2 2 2 2 2
left_child=1 -1 4 -4 -2 -3
right_child=2 5 3 -5 -6 -7
leaf_value=0.0025620720439975884 -0.0015765157860005274 -0.0011907820180058479 -6.0922032496830182e-05 0.00065944840695797088 0.00018475754768159652 0.00030998657052523469
leaf_weight=29 64 25 1650 148 34 171
leaf_count=29 64 25 1650 148 34 171
internal_value=-3.24022e-13 0.000433503 -5.14442e-05 -1.62569e-06 -0.000965462 0.000118562
internal_weight=2121 225 1896 1798 98 196
internal_count=2121 225 1896 1798 98 196
is_linear=0
shrinkage=0.04


Tree=79
num_leaves=8
num_cat=0
split_feature=64 124 53 47 118 90 106
split_gain=0.028397 0.0622031 0.0652675 0.0476146 0.0818627 0.0661955 0.0228378
threshold=-0.8007129974241386 0.67974519159559599 -0.58333333333333315 -0.32089975703842849 -0.71501433701980488 -0.56439641446577549 0.76295917024275772
decision_type=2 2 2 2 2 2 2
left_child=1 2 -1 4 -2 -5 -3
right_child=3 6 -4 5 -6 -7 -8
leaf_value=-0.0013204351932896922 0.0012526032537557928 0.0015870569584270321 0.00032864954181908014 0.0013625908933657532 -0.00055424332208189463 1.9324074259220225e-06 0.00015454313096900782
leaf_weight=48 44 69 192 60 455 1229 24
leaf_count=48 44 69 192 60 455 1229 24
internal_value=9.29974e-13 0.000339147 -1.16741e-06 -6.31632e-05 -0.000394922 6.52679e-05 0.00121738
internal_weight=2121 333 240 1788 499 1289 93
internal_count=2121 333 240 1788 499 1289 93
is_linear=0
shrinkage=0.04


end of trees

feature_importances:
Column_35=51
Column_64=42
Column_40=37
Column_94=28
Column_45=18
Column_82=18
Column_68=15
Column_25=14
Column_123=14
Column_46=13
Column_90=13
Column_41=12
Column_28=11
Column_63=10
Column_31=8
Column_58=8
Column_36=7
Column_69=7
Column_112=7
Column_126=7
Column_11=6
Column_78=6
Column_102=6
Column_106=6
Column_24=5
Column_33=5
Column_47=5
Column_53=5
Column_76=5
Column_118=5
Column_119=5
Column_2=4
Column_87=4
Column_108=4
Column_120=4
Column_13=3
Column_14=3
Column_61=3
Column_107=3
Column_18=2
Column_20=2
Column_30=2
Column_34=2
Column_37=2
Column_38=2
Column_42=2
Column_59=2
Column_66=2
Column_83=2
Column_101=2
Column_105=2
Column_114=2
Column_125=2
Column_7=1
Column_10=1
Column_12=1
Column_26=1
Column_43=1
Column_44=1
Column_60=1
Column_72=1
Column_81=1
Column_84=1
Column_88=1
Column_89=1
Column_93=1
Column_96=1
Column_100=1
Column_122=1
Column_124=1

parameters:
[boosting: gbdt]
[objective: regression]
[metric: l2]
[tree_learner: serial]
[device_type: cpu]
[data_sample_strategy: bagging]
[data: ]
[valid: ]
[num_iterations: 80]
[learning_rate: 0.04]
[num_leaves: 15]
[num_threads: 2]
[seed: 42]
[deterministic: 0]
[force_col_wise: 0]
[force_row_wise: 0]
[histogram_pool_size: -1]
[max_depth: 3]
[min_data_in_leaf: 20]
[min_sum_hessian_in_leaf: 0.001]
[bagging_fraction: 1]
[pos_bagging_fraction: 1]
[neg_bagging_fraction: 1]
[bagging_freq: 0]
[bagging_seed: 400]
[bagging_by_query: 0]
[feature_fraction: 1]
[feature_fraction_bynode: 1]
[feature_fraction_seed: 30056]
[extra_trees: 0]
[extra_seed: 12879]
[early_stopping_round: 0]
[early_stopping_min_delta: 0]
[first_metric_only: 0]
[max_delta_step: 0]
[lambda_l1: 0]
[lambda_l2: 0]
[linear_lambda: 0]
[min_gain_to_split: 0]
[drop_rate: 0.1]
[max_drop: 50]
[skip_drop: 0.5]
[xgboost_dart_mode: 0]
[uniform_drop: 0]
[drop_seed: 17869]
[top_rate: 0.2]
[other_rate: 0.1]
[min_data_per_group: 100]
[max_cat_threshold: 32]
[cat_l2: 10]
[cat_smooth: 10]
[max_cat_to_onehot: 4]
[top_k: 20]
[monotone_constraints: ]
[monotone_constraints_method: basic]
[monotone_penalty: 0]
[feature_contri: ]
[forcedsplits_filename: ]
[refit_decay_rate: 0.9]
[cegb_tradeoff: 1]
[cegb_penalty_split: 0]
[cegb_penalty_feature_lazy: ]
[cegb_penalty_feature_coupled: ]
[path_smooth: 0]
[interaction_constraints: ]
[verbosity: -1]
[saved_feature_importance_type: 0]
[use_quantized_grad: 0]
[num_grad_quant_bins: 4]
[quant_train_renew_leaf: 0]
[stochastic_rounding: 1]
[linear_tree: 0]
[max_bin: 255]
[max_bin_by_feature: ]
[min_data_in_bin: 3]
[bin_construct_sample_cnt: 200000]
[data_random_seed: 175]
[is_enable_sparse: 1]
[enable_bundle: 1]
[use_missing: 1]
[zero_as_missing: 0]
[feature_pre_filter: 1]
[pre_partition: 0]
[two_round: 0]
[header: 0]
[label_column: ]
[weight_column: ]
[group_column: ]
[ignore_column: ]
[categorical_feature: ]
[forcedbins_filename: ]
[precise_float_parser: 0]
[parser_config_file: ]
[objective_seed: 16083]
[num_class: 1]
[is_unbalance: 0]
[scale_pos_weight: 1]
[sigmoid: 1]
[boost_from_average: 1]
[reg_sqrt: 0]
[alpha: 0.9]
[fair_c: 1]
[poisson_max_delta_step: 0.7]
[tweedie_variance_power: 1.5]
[lambdarank_truncation_level: 30]
[lambdarank_norm: 1]
[label_gain: ]
[lambdarank_position_bias_regularization: 0]
[eval_at: ]
[multi_error_top_k: 1]
[auc_mu_weights: ]
[num_machines: 1]
[local_listen_port: 12400]
[time_out: 120]
[machine_list_filename: ]
[machines: ]
[gpu_platform_id: -1]
[gpu_device_id: -1]
[gpu_device_id_list: ]
[gpu_use_dp: 0]
[num_gpu: 1]

end of parameters

pandas_categorical:null
