tree
version=v4
num_class=1
num_tree_per_iteration=1
label_index=0
max_feature_idx=118
objective=quantile
feature_names=Column_0 Column_1 Column_2 Column_3 Column_4 Column_5 Column_6 Column_7 Column_8 Column_9 Column_10 Column_11 Column_12 Column_13 Column_14 Column_15 Column_16 Column_17 Column_18 Column_19 Column_20 Column_21 Column_22 Column_23 Column_24 Column_25 Column_26 Column_27 Column_28 Column_29 Column_30 Column_31 Column_32 Column_33 Column_34 Column_35 Column_36 Column_37 Column_38 Column_39 Column_40 Column_41 Column_42 Column_43 Column_44 Column_45 Column_46 Column_47 Column_48 Column_49 Column_50 Column_51 Column_52 Column_53 Column_54 Column_55 Column_56 Column_57 Column_58 Column_59 Column_60 Column_61 Column_62 Column_63 Column_64 Column_65 Column_66 Column_67 Column_68 Column_69 Column_70 Column_71 Column_72 Column_73 Column_74 Column_75 Column_76 Column_77 Column_78 Column_79 Column_80 Column_81 Column_82 Column_83 Column_84 Column_85 Column_86 Column_87 Column_88 Column_89 Column_90 Column_91 Column_92 Column_93 Column_94 Column_95 Column_96 Column_97 Column_98 Column_99 Column_100 Column_101 Column_102 Column_103 Column_104 Column_105 Column_106 Column_107 Column_108 Column_109 Column_110 Column_111 Column_112 Column_113 Column_114 Column_115 Column_116 Column_117 Column_118
feature_infos=[-6.1606048776228217:6.6219814583080669] [-5.7067413616328917:5.5350567065524858] [-4.9180996974151672:4.2003706134940373] [-4.3937862931603391:3.871835743465204] [-3.6190394930874965:2.1480256744107136] [-2.5902615025086546:2.3771940539197742] [-4.2630756286870133:3.9993925483302752] [-1.3559997152147163:6.6073214334769803] [-1.6831475035520862:1.6466215059836915] [-3.5850805469764846:2.1967005172318714] [-1.4760506518107108:5.2011671391493968] [-2.4780622080933066:2.1648995696719133] [-2.5603889496258159:2.4641038661114165] [-1.4333546782265267:3.8912139231030243] [-2.8167078166364408:2.6193482896771441] [-1.581504386401029:1.625072627470874] [-1.7852776703800257:1.7947019087002705] [-0.95830388484865159:0.77249583021617374] [-1.0010762428662809:0.7796803817968414] [-0.95830388484865137:0.77249583021617374] [-2.2506158466940249:1.6672164477855249] [-4.0607863319443878:4.1646801156877142] [-3.2732544149618161:2.2875220056104686] [-2.3343744982921653:2.6113518665708813] [-2.1770459453821327:1.5908812977464315] [-2.2035620854388802:1.593348917372599] [-3.3400275164522943:2.0169119962988682] [-1.7897437255612563:1.4175089486341408] [-1.1636509024985962:3.5665892077165484] [-3.7629203481328455:4.3342071273207727] [-3.730556738156483:4.5450982365276271] [-3.0606709627808897:3.2615923735986101] [-3.2098931781042839:3.4562908592291137] [-1.9982101454511534:2.1055755104380105] [-2.2501297388130732:2.2764501394514376] [-1.7448893556548817:1.765680286821999] [-1.8175838744227397:1.8582618510101747] [-1.5515702478437423:3.8196044760596881] [-1.4829390028622216:5.0606551058092091] [-1.4222384987058101:3.7500748052978481] [-1.1468253309825105:3.07136478095829] [-1.6728696339648523:1.4279614394091198] [-1.9769107103879799:1.7102274222960852] [-1.7340295971406858:13.890310696683292] [-177.82111752387542:158.762060057974] [-385.42132313611643:127.30846656208102] [-318.48881470142248:74.753516390689072] [-1.3629440559031396:2.8318858526659731] [-1.9416966520546597:1.9964052702071882] [-1.1942777173206425:9.0913758780461507] [-4.8843657004168959:4.4479407572965455] [-9.0513061149149188:6.7223581823360732] [-1:1] [-0.83333333333333337:1] [0:1] [0:1] [-6.446615259009894:3.3476783208325691] [-3.0024879037146261:2.2630743302183647] [-2.4277407793464381:2.2324700196572684] [-1.0354800116144673:3.0652855186476158] [-2.3193638721763636:1.8235888132755618] [-2.8188215950848576:0.57271190982175657] [-4.5667178926929983:3.7059671561626444] [-3.1772384254057369:2.3907147050444273] [-2.8667697813160551:2.01412122513953] [-3.0002459750801735:3.9370045951319046] [-3.3739110496385072:2.2626198307305581] [-2.239516664605933:1.5584747647183426] [-0.93697117596071833:2.0220499570071921] [-2.0154914572004818:1.2339560424396376] [-1.3366098945188987:0.3770757401476007] [-4.5555190576284526:7.1557652811308081] [-4.217385099577494:5.8885366940074748] [-2.4626633318651399:4.2374123589971333] [-1.283442964885442:4.8821006281693888] [-1.198822348954738:7.9108586421849623] [-1.0229572844698889:2.2768242630354831] [-6.5275920020349076:6.7165449034812053] [-4.5882388230428264:3.5592698813316792] [-3.3182060840226968:3.7070222749088066] [-1.1882838270317675:3.4442640272481717] [-1.7355030269111138:4.4006413073004458] [-0.76803539336990334:1.9704461234130477] [-10.940109102205774:10.721724430175531] [-5.7841733397252773:5.0623763342845445] [-3.4073703364948722:3.7884075229158656] [-1.0017307771004424:3.0665350147616248] [-2.082727864293128:4.0849152571190066] [-1.3314568364984112:0.75383636775604623] [-3.9888602055808566:2.9926390575513251] [-3.4199749811739748:3.0211603831946436] [-2.5361100585999639:1.7698197291323123] [-1.25187460536512:3.0635424565467333] [-1.9876229617924117:1.8630141182006072] [-1.3818434638356767:0.49568521372080881] [-5.2347968310734574:2.6239322669052347] [-4.0504925542691463:3.4525264495528409] [-1.8114245206414294:2.6928231955734403] [-1.4032161060881818:4.1335945281298638] [-1.6226894871461344:4.2649768799698462] [-1.4283838017608486:1.1428147595575076] [-4.241636579137591:2.43100861041665] [-3.7623116565952333:3.4912986186853878] [-1.9068088534862109:2.562053581766965] [-1.448623062985273:3.9376634533655039] [-1.4905425539733399:3.6921515251215538] [-1.4034658920182346:1.0817671316488797] [-2.7901579382621335:3.7380586372606208] [-2.2446458439936867:2.6703524621246637] [-1.9848662049506272:2.0576528307942885] [-1.4817455051083654:2.1025661497275134] [-1.4302466552534938:1.8665968121927081] [-2.1411668648900317:0.57140816941489536] [-3.0505498734136998:3.235792366873552] [-2.6772078151736252:3.4387508787816059] [-1.6026510994856018:2.352737476354096] [-0.90057154177507992:3.0013401045304731] [-1.399126594972306:2.351673936150882] [-1.3361078847309511:0.98354913380936571]
tree_sizes=825 681 854 682 687 682 683 685 681 694 605 857 517 608 777 773 518 517 602 518 598 609 783 517 603 866 611 519 603 598 520 608 518 780 872 613 777 779 872 868 603 774 777 698 609 788 865 875 694 872 787 868 608 880 870 869 782 788 875 872 780 696 875 788 879 612 777 788 868 608 792 776 612 870 787 792 607 696 869 781 779 786 873 783 782 783 776 785 873 609 784 874 873 608 700 696 699 785 872 871 694 704 867 699 610 704 697 785 690 877 607 696 696 875 703 785 777 613 790 609

Tree=0
num_leaves=8
num_cat=0
split_feature=87 59 98 63 74 86 11
split_gain=7.62662 5.42185 5.03586 6.95168 2.30829 2.18834 1.98708
threshold=1.30229723990204 2.2894212484115291 0.94610769966485175 -0.17086970474216837 -0.53299855167897137 0.91019072033638759 -0.0071972645956415752
decision_type=2 2 2 2 2 2 2
left_child=1 4 5 -4 -1 -2 -3
right_child=2 6 3 -5 -6 -7 -8
leaf_value=0.052778858433092886 0.051968346626439156 0.053807702957775094 0.052642223005250767 0.054072596628670054 0.051959187825924256 0.053352355443057567 0.052894421872232013
leaf_weight=387 75 40 43 53 1368 78 41
leaf_count=387 75 40 43 53 1368 78 41
internal_value=0.0525118 0.0516187 0.059052 0.0661349 0.0511477 0.0544893 0.0616107
internal_weight=2085 1836 249 96 1755 153 81
internal_count=2085 1836 249 96 1755 153 81
is_linear=0
shrinkage=1


Tree=1
num_leaves=6
num_cat=0
split_feature=59 80 68 38 102
split_gain=7.36529 5.97137 4.15777 3.67218 3.03977
threshold=2.2894212484115291 -0.893318901244747 1.5456681942557888 1.9420434542110729 0.31411575264598285
decision_type=2 2 2 2 2
left_child=1 4 -3 -2 -1
right_child=3 2 -4 -5 -6
leaf_value=0.0011801751886633086 0.00043381336537466538 -0.00024980466702901222 0.00074888924491202109 0.0019361604902334356 2.5059695911125446e-06
leaf_weight=63 75 1797 60 45 45
leaf_count=63 75 1797 60 45 45
internal_value=-2.87504e-05 -0.000620235 -0.00115546 0.0095082 0.00843636
internal_weight=2085 1965 1857 120 108
internal_count=2085 1965 1857 120 108
is_linear=0
shrinkage=0.04


Tree=2
num_leaves=8
num_cat=0
split_feature=87 98 70 40 93 86 116
split_gain=7.30312 4.68794 4.01989 3.72978 2.8219 1.98783 1.64087
threshold=1.30229723990204 0.94610769966485175 0.323037340726888 1.3634294311374804 0.060564586501142569 0.87693442905463359 1.0647713866947284
decision_type=2 2 2 2 2 2 2
left_child=2 5 6 -3 -4 -2 -1
right_child=1 3 4 -5 -6 -7 -8
leaf_value=-0.00052352886816245815 -0.00059008213410646228 0.00092943156204383485 0.00072666583554563987 0.001254814292769858 -0.00052459121583153042 0.00078594620939795388 0.00037199254875667608
leaf_weight=1272 72 43 324 53 135 81 105
leaf_count=1272 72 43 324 53 135 81 105
internal_value=-9.58409e-06 0.00639044 -0.00088357 0.0132245 0.00235141 0.0019871 -0.00196374
internal_weight=2085 249 1836 96 459 153 1377
internal_count=2085 249 1836 96 459 153 1377
is_linear=0
shrinkage=0.04


Tree=3
num_leaves=6
num_cat=0
split_feature=59 80 86 96 38
split_gain=6.13844 5.63057 3.7185 3.32689 3.09814
threshold=2.2894212484115291 -0.893318901244747 0.47156438008708451 0.34588049258099224 1.9420434542110729
decision_type=2 2 2 2 2
left_child=1 3 -3 -1 -2
right_child=4 2 -4 -5 -6
leaf_value=0.0011433686717378985 0.00038739419733785309 -0.00048480619605939247 0.00015760318683208296 2.5122168756359572e-06 0.0018247810682747046
leaf_weight=60 75 1317 540 48 45
leaf_count=60 75 1317 540 48 45
internal_value=-0.00018208 -0.000721912 -0.00124153 0.00807273 0.00852459
internal_weight=2085 1965 1857 108 120
internal_count=2085 1965 1857 108 120
is_linear=0
shrinkage=0.04


Tree=4
num_leaves=6
num_cat=0
split_feature=59 87 98 38 74
split_gain=5.95093 4.37493 4.9183 3.09814 2.13678
threshold=2.2894212484115291 1.2711630468235204 0.96550495212217669 1.9420434542110729 -0.53299855167897137
decision_type=2 2 2 2 2
left_child=1 4 -3 -2 -1
right_child=3 2 -4 -5 -6
leaf_value=0.00028238940088246153 0.00037189842944433893 9.4369478244769921e-05 0.00068073779491595928 0.0017517898255437164 -0.00050494661346064441
leaf_weight=387 75 156 63 45 1359
leaf_count=387 75 156 63 45 1359
internal_value=-4.79166e-05 -0.000579564 0.00472398 0.00852459 -0.00124943
internal_weight=2085 1965 219 120 1746
internal_count=2085 1965 219 120 1746
is_linear=0
shrinkage=0.04


Tree=5
num_leaves=6
num_cat=0
split_feature=59 80 37 38 96
split_gain=6.03094 4.64282 3.22371 3.09814 2.74296
threshold=2.2894212484115291 -0.893318901244747 -1.0952684414468348 1.9420434542110729 0.34588049258099224
decision_type=2 2 2 2 2
left_child=1 4 -3 -2 -1
right_child=3 2 -4 -5 -6
leaf_value=0.0011178317894068083 0.00035702249226656548 0.00076657071963075424 -0.00022728647877523538 0.0016817182325219676 -1.8580749453493729e-05
leaf_weight=60 75 59 1798 45 48
leaf_count=60 75 59 1798 45 48
internal_value=-0.000105415 -0.00064057 -0.00111243 0.00852459 0.00734545
internal_weight=2085 1965 1857 120 108
internal_count=2085 1965 1857 120 108
is_linear=0
shrinkage=0.04


Tree=6
num_leaves=6
num_cat=0
split_feature=59 80 86 10 64
split_gain=5.58138 3.81413 3.38413 2.73961 2.46827
threshold=2.2894212484115291 -0.893318901244747 0.91019072033638759 1.7025766928735335 0.29043009005934489
decision_type=2 2 2 2 2
left_child=1 4 -3 -2 -1
right_child=3 2 -4 -5 -6
leaf_value=6.5794402473973393e-05 0.00049639089417862381 -0.00037895852193996861 0.0003759011029531692 0.0011938108920761315 0.0011363628085722857
leaf_weight=61 66 1569 288 54 47
leaf_count=61 66 1569 288 54 47
internal_value=-0.000105415 -0.000620235 -0.00104788 0.00819672 0.00661818
internal_weight=2085 1965 1857 120 108
internal_count=2085 1965 1857 120 108
is_linear=0
shrinkage=0.04


Tree=7
num_leaves=6
num_cat=0
split_feature=59 80 60 10 102
split_gain=5.45341 3.70796 3.16879 2.73961 2.37389
threshold=2.2894212484115291 -0.893318901244747 -1.2186476267706456 1.7025766928735335 0.31411575264598285
decision_type=2 2 2 2 2
left_child=1 4 -3 -2 -1
right_child=3 2 -4 -5 -6
leaf_value=0.0010041036795797669 0.00047653525841147878 0.00062725840096544672 -0.00026230127834975345 0.0011460584563930864 -0.00011884596918950104
leaf_weight=63 66 87 1770 54 45
leaf_count=63 66 87 1770 54 45
internal_value=-9.58409e-06 -0.000518557 -0.000940291 0.00819672 0.00661818
internal_weight=2085 1965 1857 120 108
internal_count=2085 1965 1857 120 108
is_linear=0
shrinkage=0.04


Tree=8
num_leaves=6
num_cat=0
split_feature=59 80 37 64 13
split_gain=5.07533 3.72908 3.1177 2.46827 2.44709
threshold=2.2894212484115291 -0.893318901244747 -1.0952684414468348 0.29043009005934489 1.5808969223073122
decision_type=2 2 2 2 2
left_child=1 3 -3 -1 -2
right_child=4 2 -4 -5 -6
leaf_value=2.2998479191823851e-05 5.3763738693980957e-05 0.00075551944761160161 -0.00020171019910890245 0.0010507441490462035 0.001661494532026369
leaf_weight=61 56 59 1798 47 64
leaf_count=61 56 59 1798 47 64
internal_value=-4.79166e-05 -0.000538893 -0.000961808 0.00661818 0.00786885
internal_weight=2085 1965 1857 108 120
internal_count=2085 1965 1857 108 120
is_linear=0
shrinkage=0.04


Tree=9
num_leaves=6
num_cat=0
split_feature=59 74 64 10 114
split_gain=4.64015 3.51108 3.91803 2.69393 2.69092
threshold=2.2894212484115291 -0.53299855167897137 -0.7633493854169151 1.7025766928735335 -0.75119659166503727
decision_type=2 2 2 2 2
left_child=1 2 -1 -2 -3
right_child=3 4 -4 -5 -6
leaf_value=-0.00081320227390524198 0.00042316858299926093 0.00046944213217176478 0.00057766877644137825 0.0010337563368563085 -0.00050191292015360942
leaf_weight=118 66 213 329 54 1305
leaf_count=118 66 213 329 54 1305
internal_value=-2.87504e-05 -0.000498222 0.00261024 0.00754098 -0.00141579
internal_weight=2085 1965 447 120 1518
internal_count=2085 1965 447 120 1518
is_linear=0
shrinkage=0.04


Tree=10
num_leaves=5
num_cat=0
split_feature=36 86 94 114
split_gain=4.64049 3.01526 3.22717 2.43621
threshold=-1.4187375039237675 0.91019072033638759 -0.14591205761527185 0.1352864278151045
decision_type=2 2 2 2
left_child=-1 3 -3 -2
right_child=1 2 -4 -5
leaf_value=0.0007939979107147824 1.3534191320177324e-05 -0.00022632871123465516 0.00062000593605261581 -0.00065674553118948793
leaf_weight=45 967 96 243 734
leaf_count=45 967 96 243 734
internal_value=-8.62492e-05 -0.000372185 0.00306158 -0.00105931
internal_weight=2085 2040 339 1701
internal_count=2085 2040 339 1701
is_linear=0
shrinkage=0.04


Tree=11
num_leaves=8
num_cat=0
split_feature=80 13 74 47 4 37 46
split_gain=3.8862 5.26 3.87549 4.00999 3.79723 3.29351 1.98463
threshold=0.86256748308481546 1.5808969223073122 -0.53299855167897137 -0.36488951783334889 -0.38855416539753612 -1.0952684414468348 0.50006609489014053
decision_type=2 2 2 2 2 2 2
left_child=2 4 3 -1 -2 -4 -3
right_child=1 6 5 -5 -6 -7 -8
leaf_value=0.00079914110894278108 0.00047748618137789664 0.0018297418848943253 0.00080715638730040893 1.4420806663490154e-05 -0.00058172162520510611 -0.0004963049682772426 0.00067875923332696693
leaf_weight=97 87 41 43 338 186 1253 40
leaf_count=97 87 41 43 338 186 1253 40
internal_value=-0.000143748 0.00366292 -0.000925564 0.0023341 0.000974545 -0.00202157 0.0124819
internal_weight=2085 354 1731 435 273 1296 81
internal_count=2085 354 1731 435 273 1296 81
is_linear=0
shrinkage=0.04


Tree=12
num_leaves=4
num_cat=0
split_feature=36 37 13
split_gain=4.18795 2.70318 2.89723
threshold=-1.4187375039237675 -1.0808654942806764 1.5808969223073122
decision_type=2 2 2
left_child=-1 -2 -3
right_child=1 2 -4
leaf_value=0.00078209019301728102 0.00069298380653448383 -0.00018838218847688968 0.00070289510846656346
leaf_weight=45 72 1795 173
leaf_count=45 72 1795 173
internal_value=-0.000316244 -0.00058766 -0.000869036
internal_weight=2085 2040 1968
internal_count=2085 2040 1968
is_linear=0
shrinkage=0.04


Tree=13
num_leaves=5
num_cat=0
split_feature=36 80 64 74
split_gain=3.59329 2.73438 3.32414 3.22285
threshold=-1.4187375039237675 1.0710933138292769 -0.14324457774276259 -0.53299855167897137
decision_type=2 2 2 2
left_child=-1 3 -3 -2
right_child=1 2 -4 -5
leaf_value=0.00075080658529658975 0.00028596386486036716 -5.1996335376918756e-05 0.00082648284371528537 -0.00044484915108402093
leaf_weight=45 433 162 87 1358
leaf_count=45 433 162 87 1358
internal_value=-0.000297078 -0.000548483 0.00336255 -0.00109537
internal_weight=2085 2040 249 1791
internal_count=2085 2040 249 1791
is_linear=0
shrinkage=0.04


Tree=14
num_leaves=7
num_cat=0
split_feature=80 17 80 86 13 96
split_gain=3.34088 4.81893 3.16426 2.97789 2.72838 2.42569
threshold=0.86256748308481546 -0.46831091179693307 -0.893318901244747 0.87693442905463359 1.5808969223073122 0.27943328955320096
decision_type=2 2 2 2 2 2
left_child=2 -2 5 -4 -3 -1
right_child=1 4 3 -5 -6 -7
leaf_value=0.0010063272184973528 0.0011766741896492483 -0.00022294933776192019 -0.00043703342133390134 0.00034823611851798289 0.00081227348812142497 -9.8225446603131283e-05
leaf_weight=57 76 216 1332 291 62 51
leaf_count=57 76 216 1332 291 62 51
internal_value=-0.000316244 0.00321348 -0.00104097 -0.00148431 0.000742856 0.00552727
internal_weight=2085 354 1731 1623 278 108
internal_count=2085 354 1731 1623 278 108
is_linear=0
shrinkage=0.04


Tree=15
num_leaves=7
num_cat=0
split_feature=80 13 37 74 4 62
split_gain=2.89951 4.5038 3.16556 2.78901 2.55868 1.95447
threshold=0.86256748308481546 1.5808969223073122 -1.0808654942806764 -0.53299855167897137 -0.38855416539753612 0.31820831387151127
decision_type=2 2 2 2 2 2
left_child=2 4 -1 -4 -2 -3
right_child=1 5 3 -5 -6 -7
leaf_value=0.00066846910162104262 0.00039929041678899357 0.0017272054903414555 0.00019975970464337355 -0.00044780031936097754 -0.00055110069133590769 0.00059330804163720493
leaf_weight=71 87 40 415 1245 186 41
leaf_count=71 87 40 415 1245 186 41
internal_value=-0.000412076 0.0028764 -0.00108713 -0.00144404 0.000392726 0.0110361
internal_weight=2085 354 1731 1660 273 81
internal_count=2085 354 1731 1660 273 81
is_linear=0
shrinkage=0.04


Tree=16
num_leaves=4
num_cat=0
split_feature=36 37 13
split_gain=3.66909 2.75974 2.47361
threshold=-1.4187375039237675 -1.0808654942806764 1.4518287597281565
decision_type=2 2 2
left_child=-1 -2 -3
right_child=1 2 -4
leaf_value=0.00073862648333171074 0.00064111244789147098 -0.00017909142025623103 0.00046730556097341307
leaf_weight=45 72 1763 205
leaf_count=45 72 1763 205
internal_value=-0.000412076 -0.000666015 -0.000950255
internal_weight=2085 2040 1968
internal_count=2085 2040 1968
is_linear=0
shrinkage=0.04


Tree=17
num_leaves=4
num_cat=0
split_feature=36 37 80
split_gain=3.16089 2.78823 2.30784
threshold=-1.4187375039237675 -1.0808654942806764 1.3097658130430336
decision_type=2 2 2
left_child=-1 -2 -3
right_child=1 2 -4
leaf_value=0.00070908142399844223 0.00061546794997581207 -0.0001740734352022698 0.00038287003629175232
leaf_weight=45 72 1738 230
leaf_count=45 72 1738 230
internal_value=-0.000469575 -0.000705192 -0.000990864
internal_weight=2085 2040 1968
internal_count=2085 2040 1968
is_linear=0
shrinkage=0.04


Tree=18
num_leaves=5
num_cat=0
split_feature=36 70 28 13
split_gain=3.13737 2.86477 2.59909 2.44633
threshold=-1.4187375039237675 0.323037340726888 0.68032455946844705 1.5808969223073122
decision_type=2 2 2 2
left_child=-1 3 -3 -2
right_child=1 2 -4 -5
leaf_value=0.00068071816703850442 -0.00024440482947508138 0.00056941467262134097 -0.0010597746415534745 0.0006824895990534904
leaf_weight=45 1464 367 90 119
leaf_count=45 1464 367 90 119
internal_value=-0.000431242 -0.000666015 0.00211765 -0.00147129
internal_weight=2085 2040 457 1583
internal_count=2085 2040 457 1583
is_linear=0
shrinkage=0.04


Tree=19
num_leaves=4
num_cat=0
split_feature=36 37 80
split_gain=2.62572 2.73139 2.39685
threshold=-1.4187375039237675 -1.0808654942806764 1.0710933138292769
decision_type=2 2 2
left_child=-1 -2 -3
right_child=1 2 -4
leaf_value=0.00065348944035696426 0.00060062542515578279 -0.00018109924906897602 0.00034103143986295888
leaf_weight=45 72 1720 248
leaf_count=45 72 1720 248
internal_value=-0.000412076 -0.000626837 -0.000909646
internal_weight=2085 2040 1968
internal_count=2085 2040 1968
is_linear=0
shrinkage=0.04


Tree=20
num_leaves=5
num_cat=0
split_feature=59 37 38 80
split_gain=2.59179 2.83427 2.40426 2.19626
threshold=2.2894212484115291 -1.0808654942806764 1.9420434542110729 -0.893318901244747
decision_type=2 2 2 2
left_child=1 -1 -2 -3
right_child=2 3 -4 -5
leaf_value=0.0005766004081495514 9.9634359882745785e-05 0.00047232867035777005 0.0011141573574478261 -0.00018511292322834577
leaf_weight=72 75 101 45 1792
leaf_count=72 75 101 45 1792
internal_value=-0.000412076 -0.000762584 0.0052459 -0.00106174
internal_weight=2085 1965 120 1893
internal_count=2085 1965 120 1893
is_linear=0
shrinkage=0.04


Tree=21
num_leaves=5
num_cat=0
split_feature=37 110 39 74
split_gain=2.50965 2.64387 4.20313 3.3431
threshold=-1.0808654942806764 0.30124427898656747 1.2172712282044016 -0.53299855167897137
decision_type=2 2 2 2
left_child=-1 3 -3 -2
right_child=1 2 -4 -5
leaf_value=0.00055353639182356923 0.00035444232166276224 -8.2588781507847849e-06 0.00092469335277402481 -0.00056764146377667583
leaf_weight=72 228 635 132 1018
leaf_count=72 228 635 132 1018
internal_value=-0.000316244 -0.000581639 0.00126398 -0.00171795
internal_weight=2085 2013 767 1246
internal_count=2085 2013 767 1246
is_linear=0
shrinkage=0.04


Tree=22
num_leaves=7
num_cat=0
split_feature=86 114 111 63 49 86
split_gain=3.13601 2.52466 2.77656 2.15884 1.90433 0.678892
threshold=0.87693442905463359 0.1352864278151045 -0.74780291755571648 -0.67366239037246733 0.20702118273696887 -0.61861463337098177
decision_type=2 2 2 2 2 2
left_child=1 2 -1 -2 -5 -3
right_child=3 5 -4 4 -6 -7
leaf_value=0.00061780395124900361 -0.000497986643962009 -9.5241192144298605e-05 -2.8668411721014612e-05 0.00017785156869124134 0.00070440307371754112 -0.00072640326757812386
leaf_weight=75 69 144 906 165 132 594
leaf_count=75 69 144 906 165 132 594
internal_value=-0.000373743 -0.00109006 0.00024008 0.00297826 0.00445485 -0.00285406
internal_weight=2085 1719 981 366 297 738
internal_count=2085 1719 981 366 297 738
is_linear=0
shrinkage=0.04


Tree=23
num_leaves=4
num_cat=0
split_feature=36 37 74
split_gain=2.615 2.71726 2.3757
threshold=-1.4187375039237675 -1.0808654942806764 -0.89159988458622486
decision_type=2 2 2
left_child=-1 -2 -3
right_child=1 2 -4
leaf_value=0.00059309188982853455 0.00053254167261946716 0.00067425571292159298 -0.00017130144709543243
leaf_weight=45 72 136 1832
leaf_count=45 72 136 1832
internal_value=-0.000392909 -0.000607249 -0.000889341
internal_weight=2085 2040 1968
internal_count=2085 2040 1968
is_linear=0
shrinkage=0.04


Tree=24
num_leaves=5
num_cat=0
split_feature=37 110 13 74
split_gain=2.54962 2.51766 3.95921 3.39228
threshold=-1.0808654942806764 0.30124427898656747 1.5808969223073122 -0.53299855167897137
decision_type=2 2 2 2
left_child=-1 3 -3 -2
right_child=1 2 -4 -5
leaf_value=0.00051124000571468853 0.00030953914764865064 1.2097851242054998e-06 0.0011592495111122168 -0.00053693701087295079
leaf_weight=72 228 675 92 1018
leaf_count=72 228 675 92 1018
internal_value=-0.000373743 -0.000641192 0.00115995 -0.00175
internal_weight=2085 2013 767 1246
internal_count=2085 2013 767 1246
is_linear=0
shrinkage=0.04


Tree=25
num_leaves=8
num_cat=0
split_feature=86 94 64 114 63 80 14
split_gain=2.68479 2.50604 2.879 2.4241 2.4653 0.935764 0.120009
threshold=0.91019072033638759 -0.14591205761527185 0.58752249117431166 0.015750771829614194 -0.1830249534868256 -0.91976025066185085 0.63057571566634651
decision_type=2 2 2 2 2 2 2
left_child=3 6 -3 4 -1 -5 -2
right_child=1 2 -4 5 -6 -7 -8
leaf_value=-0.00024219948031477424 -6.4445457015377796e-05 0.00035931729187899222 0.00061095027791778728 0.00029623537315023938 0.00027599551882381747 -0.00057067468792787208 -0.00064533797009354678
leaf_weight=367 40 196 56 45 488 837 56
leaf_count=367 40 196 56 45 488 837 56
internal_value=-0.000431242 0.00276571 0.00485039 -0.00107418 0.000443406 -0.00254299 -0.00269388
internal_weight=2085 348 252 1737 855 882 96
internal_count=2085 348 252 1737 855 882 96
is_linear=0
shrinkage=0.04


Tree=26
num_leaves=5
num_cat=0
split_feature=37 110 60 74
split_gain=2.60338 2.5945 3.10755 2.76518
threshold=-1.0808654942806764 0.30124427898656747 -0.89145958241671408 -0.53299855167897137
decision_type=2 2 2 2
left_child=-1 3 -3 -2
right_child=1 2 -4 -5
leaf_value=0.00047975058473314827 0.00029346101112826944 0.00048907246142895322 -7.7674517322930806e-06 -0.00051213297868649859
leaf_weight=72 228 135 632 1018
leaf_count=72 228 135 632 1018
internal_value=-0.000450408 -0.000720596 0.00110793 -0.00184615
internal_weight=2085 2013 767 1246
internal_count=2085 2013 767 1246
is_linear=0
shrinkage=0.04


Tree=27
num_leaves=4
num_cat=0
split_feature=37 36 74
split_gain=2.65769 2.37312 1.93076
threshold=-1.0808654942806764 -1.4187375039237675 -0.84519473904007303
decision_type=2 2 2
left_child=-1 -2 -3
right_child=1 2 -4
leaf_value=0.00046056056134382249 0.00057566149269322659 0.00060360282968562236 -0.00017315899923674478
leaf_weight=72 45 145 1823
leaf_count=72 45 145 1823
internal_value=-0.000527073 -0.000800001 -0.00101117
internal_weight=2085 2013 1968
internal_count=2085 2013 1968
is_linear=0
shrinkage=0.04


Tree=28
num_leaves=5
num_cat=0
split_feature=37 80 63 80
split_gain=2.71255 1.98024 1.95273 1.73914
threshold=-1.0808654942806764 2.6665232450768506 -0.077190839091407129 -0.893318901244747
decision_type=2 2 2 2
left_child=-1 3 -3 -2
right_child=1 2 -4 -5
leaf_value=0.00044213813889006949 0.00052198900906348298 2.6873317105298341e-05 0.0010686375663203709 -0.00017162191763433923
leaf_weight=72 101 90 42 1780
leaf_count=72 101 90 42 1780
internal_value=-0.000603738 -0.000879405 0.00382089 -0.00121296
internal_weight=2085 2013 132 1881
internal_count=2085 2013 132 1881
is_linear=0
shrinkage=0.04


Tree=29
num_leaves=5
num_cat=0
split_feature=37 87 70 37
split_gain=2.52767 2.04379 2.02642 1.72378
threshold=-1.0952684414468348 1.30229723990204 0.323037340726888 1.4586785513811391
decision_type=2 2 2 2
left_child=-1 2 -2 -3
right_child=1 3 -4 -5
leaf_value=0.00042383472514290026 -0.00028284503918944189 5.0779971880603511e-05 0.00015398815266951356 0.0011040851798683974
leaf_weight=63 1341 184 432 65
leaf_count=63 1341 184 432 65
internal_value=-0.000565406 -0.00081423 -0.00129127 0.00256574
internal_weight=2085 2022 1773 249
internal_count=2085 2022 1773 249
is_linear=0
shrinkage=0.04


Tree=30
num_leaves=4
num_cat=0
split_feature=37 35 110
split_gain=2.47814 2.33851 1.75752
threshold=-1.0952684414468348 -1.3740202387274054 0.30124427898656747
decision_type=2 2 2
left_child=-1 -2 -3
right_child=1 2 -4
leaf_value=0.00040688133613718416 0.00053203176151856726 -0.00028132598289782608 2.8304644503431959e-05
leaf_weight=63 45 1226 751
leaf_count=63 45 1226 751
internal_value=-0.000488741 -0.000735179 -0.000943912
internal_weight=2085 2022 1977
internal_count=2085 2022 1977
is_linear=0
shrinkage=0.04


Tree=31
num_leaves=5
num_cat=0
split_feature=37 110 74 39
split_gain=2.44131 1.89834 2.93246 2.55782
threshold=-1.0952684414468348 0.30124427898656747 -0.53299855167897137 1.2172712282044016
decision_type=2 2 2 2
left_child=-1 2 -2 -3
right_child=1 3 -4 -5
leaf_value=0.00039060608269169675 0.000265114961761716 -1.0583311078693243e-05 -0.00046680759903886578 0.00084756038269706156
leaf_weight=63 229 637 1024 132
leaf_count=63 229 637 1024 132
internal_value=-0.000431242 -0.00067589 -0.00163506 0.000887159
internal_weight=2085 2022 1253 769
internal_count=2085 2022 1253 769
is_linear=0
shrinkage=0.04


Tree=32
num_leaves=4
num_cat=0
split_feature=37 35 110
split_gain=2.1314 1.92774 1.45056
threshold=-1.0952684414468348 -1.3740202387274054 0.30124427898656747
decision_type=2 2 2
left_child=-1 -2 -3
right_child=1 2 -4
leaf_value=0.00037498183938402895 0.00052212318726808319 -0.00026400274890329479 2.7595791166442458e-05
leaf_weight=63 45 1226 751
leaf_count=63 45 1226 751
internal_value=-0.00054624 -0.000774705 -0.000964124
internal_weight=2085 2022 1977
internal_count=2085 2022 1977
is_linear=0
shrinkage=0.04


Tree=33
num_leaves=7
num_cat=0
split_feature=115 34 74 42 81 62
split_gain=2.26033 4.78121 1.97611 4.22734 1.49919 1.37567
threshold=-0.85837838774401976 -0.28262968895228374 -0.89159988458622486 0.35123152304039829 0.14330986280964844 -0.32915805389664782
decision_type=2 2 2 2 2 2
left_child=1 -1 3 -2 -4 -3
right_child=2 5 4 -5 -6 -7
leaf_value=0.0005536496224783213 0.0010447997508724815 0.0003616770187466399 -0.00034090282695115634 -0.00052007777491911529 5.7400528224748658e-06 -0.00017969422724082473
leaf_weight=57 45 43 1032 45 732 131
leaf_count=57 45 43 1032 45 732 131
internal_value=-0.000469575 0.00324463 -0.000935346 0.00478261 -0.00123216 -9.091e-05
internal_weight=2085 231 1854 90 1764 174
internal_count=2085 231 1854 90 1764 174
is_linear=0
shrinkage=0.04


Tree=34
num_leaves=8
num_cat=0
split_feature=73 3 64 110 39 47 86
split_gain=2.11978 2.66705 2.37849 2.14586 3.49594 1.81921 1.15602
threshold=-0.22353742980178995 -0.016028389669060967 0.14893759870624732 0.30124427898656747 1.2798282705513326 -0.069697318085628776 0.92449613085241522
decision_type=2 2 2 2 2 2 2
left_child=1 2 -1 6 -5 -3 -2
right_child=3 5 -4 4 -6 -7 -8
leaf_value=4.7258959990590934e-05 -0.00058089617557520467 0.00018917955953508863 0.00079183531194590754 -6.7499281750132243e-05 0.001017963484711612 -0.00032558162448718015 0.00030472447506913608
leaf_weight=186 777 231 108 379 92 252 60
leaf_count=186 777 231 108 379 92 252 60
internal_value=-0.000507907 0.00114506 0.00413513 -0.00149008 0.000668075 -0.000684537 -0.00270322
internal_weight=2085 777 294 1308 471 483 837
internal_count=2085 777 294 1308 471 483 837
is_linear=0
shrinkage=0.04


Tree=35
num_leaves=5
num_cat=0
split_feature=37 6 114 74
split_gain=1.94184 1.81856 2.87703 1.02301
threshold=-1.0808654942806764 -0.15604048539009222 -0.47749319463433887 -0.89159988458622486
decision_type=2 2 2 2
left_child=-1 2 -2 -3
right_child=1 3 -4 -5
leaf_value=0.00039114272389031258 0.00052029456695985344 0.00042395717526302581 -5.2466885173350452e-05 -0.00023854516625706066
leaf_weight=72 185 108 668 1052
leaf_count=72 185 108 668 1052
internal_value=-0.000527073 -0.000760299 0.000640935 -0.00179002
internal_weight=2085 2013 853 1160
internal_count=2085 2013 853 1160
is_linear=0
shrinkage=0.04


Tree=36
num_leaves=7
num_cat=0
split_feature=64 47 41 63 34 112
split_gain=2.0093 2.99847 3.75304 2.17539 2.11422 1.08005
threshold=0.26559113268259765 -0.40509711120724512 0.11245384906180213 0.26547148625308764 -1.3241987246750881 -1.5574111556750152
decision_type=2 2 2 2 2 2
left_child=4 2 -2 -3 -1 -6
right_child=1 3 -4 -5 5 -7
leaf_value=0.00036937474708344806 5.4238970783723961e-05 0.00099758434312302341 0.0010594842850353168 -7.3993403258166844e-05 0.00014677066230960303 -0.00029021392275865859
leaf_weight=47 92 45 66 517 102 1216
leaf_count=47 92 45 66 517 102 1216
internal_value=-0.000488741 0.00121884 0.00605 -0.000156029 -0.00138991 -0.00169091
internal_weight=2085 720 158 562 1365 1318
internal_count=2085 720 158 562 1365 1318
is_linear=0
shrinkage=0.04


Tree=37
num_leaves=7
num_cat=0
split_feature=63 104 116 3 35 112
split_gain=1.96286 2.77237 2.95556 2.45543 1.45849 1.48653
threshold=-0.10823132722514099 0.90321392014607549 -0.12020542845622414 0.49059378816093474 -1.1008931631164416 -1.5712238157376748
decision_type=2 2 2 2 2 2
left_child=4 2 -2 -3 -1 -6
right_child=1 3 -4 -5 5 -7
leaf_value=0.00016887776202956372 0.0003694396802327022 0.00093955985326440615 -0.00022733890855103651 -0.0001135367778722608 0.00032535075939564258 -0.00043420423785865269
leaf_weight=57 415 62 641 45 53 812
leaf_count=57 415 62 641 45 53 812
internal_value=-0.000450408 0.000642059 1.51219e-05 0.0067156 -0.00182684 -0.0022376
internal_weight=2085 1163 1056 107 922 865
internal_count=2085 1163 1056 107 922 865
is_linear=0
shrinkage=0.04


Tree=38
num_leaves=8
num_cat=0
split_feature=114 30 63 70 28 86 47
split_gain=1.78491 2.4622 3.94919 2.00665 1.86093 1.16749 0.694271
threshold=-0.75119659166503727 0.23935381837844169 -0.077190839091407129 0.323037340726888 0.6234498628457531 0.47156438008708451 -0.45509927432250374
decision_type=2 2 2 2 2 2 2
left_child=1 2 -1 5 -5 -2 -3
right_child=3 6 -4 4 -6 -7 -8
leaf_value=-8.1406334099777767e-06 -0.00045399507932965109 0.00013117439782424527 0.00089142490291349553 0.00050023559462819014 -0.00066547169673711088 -3.8402041770625113e-06 -0.00021264370531584543
leaf_weight=110 912 41 84 309 81 432 116
leaf_count=110 912 41 84 309 81 432 116
internal_value=-0.000565406 0.00202833 0.00502041 -0.00109217 0.00142857 -0.00182467 -0.00168554
internal_weight=2085 351 194 1734 390 1344 157
internal_count=2085 351 194 1734 390 1344 157
is_linear=0
shrinkage=0.04


Tree=39
num_leaves=8
num_cat=0
split_feature=81 117 16 74 42 37 73
split_gain=1.85865 3.19716 3.61797 2.25027 3.06645 1.8337 1.14849
threshold=0.14330986280964844 -0.018731911811335707 0.49504328126291902 -0.89159988458622486 0.34339867179655509 1.625527047553502 -0.48570923872385874
decision_type=2 2 2 2 2 2 2
left_child=3 2 -2 4 -1 -3 -5
right_child=1 5 -4 6 -6 -7 -8
leaf_value=0.0010013132292970171 0.00051211728528818194 -0.00035053783980342038 -0.00013605917392219363 -1.11558425844594e-05 -0.00052453239758999811 0.00041612412322175553 -0.00039277230480156143
leaf_weight=40 288 404 123 339 41 55 795
leaf_count=40 288 404 123 339 41 55 795
internal_value=-0.000584572 0.000825687 0.00338014 -0.00159408 0.00477108 -0.00146638 -0.00205634
internal_weight=2085 870 411 1215 81 459 1134
internal_count=2085 870 411 1215 81 459 1134
is_linear=0
shrinkage=0.04


Tree=40
num_leaves=5
num_cat=0
split_feature=37 30 80 74
split_gain=1.80024 1.67423 1.72825 1.71428
threshold=-1.0952684414468348 -1.5251778031745142 0.34099439951910759 -0.89159988458622486
decision_type=2 2 2 2
left_child=-1 2 -2 -3
right_child=1 3 -4 -5
leaf_value=0.00031138556913114858 -0.00033694313896040013 0.00044782997716375493 0.00094718094972814307 -0.00014063470317185052
leaf_weight=63 41 137 40 1804
leaf_count=63 41 137 40 1804
internal_value=-0.000584572 -0.000794467 0.00477108 -0.0010314
internal_weight=2085 2022 81 1941
internal_count=2085 2022 81 1941
is_linear=0
shrinkage=0.04


Tree=41
num_leaves=7
num_cat=0
split_feature=64 47 41 63 34 110
split_gain=1.80589 3.25745 3.42911 1.8936 1.84863 1.2639
threshold=0.34384513189599358 -0.39901675076054816 0.11245384906180213 0.36616872578907 -1.3241987246750881 0.78696357617010582
decision_type=2 2 2 2 2 2
left_child=4 2 -2 -3 -1 -6
right_child=1 3 -4 -5 5 -7
leaf_value=0.00031582669277105841 8.9386283803270897e-05 0.00086377660975253808 0.0010133447049533522 -0.00010059913463947546 -0.00027501506238215801 1.5496540542572717e-05
leaf_weight=57 75 50 63 436 1082 322
leaf_count=57 75 50 63 436 1082 322
internal_value=-0.00054624 0.0012524 0.00662857 -0.000295083 -0.00131511 -0.00160455
internal_weight=2085 624 138 486 1461 1404
internal_count=2085 624 138 486 1461 1404
is_linear=0
shrinkage=0.04


Tree=42
num_leaves=7
num_cat=0
split_feature=114 30 64 86 79 25
split_gain=1.69506 2.26022 2.92693 1.22947 0.93402 0.877304
threshold=0.19576542794414609 0.50136541135811741 -0.11455741730305469 1.0943320457029697 -1.088397595828074 0.88938649888789156
decision_type=2 2 2 2 2 2
left_child=1 2 -1 5 -3 -2
right_child=3 4 -4 -5 -6 -7
leaf_value=-0.00010375405498574527 -0.00034309435581741162 0.00026418595666397911 0.00033175459912114605 0.00017743089674703488 -0.00041439289855486222 0.00036829557010209903
leaf_weight=474 692 48 469 57 278 67
leaf_count=474 692 48 469 57 278 67
internal_value=-0.000565406 0.00034933 0.0013418 -0.00198533 -0.0025122 -0.00241262
internal_weight=2085 1269 943 816 326 759
internal_count=2085 1269 943 816 326 759
is_linear=0
shrinkage=0.04


Tree=43
num_leaves=6
num_cat=0
split_feature=80 73 28 25 118
split_gain=1.5475 1.88004 2.42958 1.26941 1.05913
threshold=2.9044156320576762 0.094890323453540926 -0.70529071788378339 0.060657741234806106 -0.51813425558243609
decision_type=2 2 2 2 2
left_child=1 2 -1 -2 -3
right_child=3 4 -4 -5 -6
leaf_value=0.00044642041806531468 -6.2035024910796734e-07 0.00020075042930326557 -1.1041507779367542e-05 0.00083906170581502057 -0.00035209089541712846
leaf_weight=108 62 135 993 40 747
leaf_count=108 62 135 993 40 747
internal_value=-0.000603738 -0.000852394 0.000250226 0.00415385 -0.00222625
internal_weight=2085 1983 1101 102 882
internal_count=2085 1983 1101 102 882
is_linear=0
shrinkage=0.04


Tree=44
num_leaves=5
num_cat=0
split_feature=35 64 47 86
split_gain=1.86336 1.72557 2.84894 1.07585
threshold=-1.3740202387274054 0.34384513189599358 -0.40509711120724512 0.38618727539067471
decision_type=2 2 2 2
left_child=-1 3 -3 -2
right_child=1 2 -4 -5
leaf_value=0.0004031209467448844 -0.00031566213503872871 0.00060369897884203245 -2.4614201670816808e-05 -3.5289124017674828e-07
leaf_weight=45 953 134 480 473
leaf_count=45 953 134 480 473
internal_value=-0.000642071 -0.000822724 0.000948051 -0.00158544
internal_weight=2085 2040 614 1426
internal_count=2085 2040 614 1426
is_linear=0
shrinkage=0.04


Tree=45
num_leaves=7
num_cat=0
split_feature=63 74 47 104 59 106
split_gain=1.52583 2.52581 4.90392 2.88771 0.577553 0.600846
threshold=-0.67366239037246733 -0.53299855167897137 -0.23055232255149269 0.88326465390438547 2.8513981628731258 -0.94369246086388936
decision_type=2 2 2 2 2 2
left_child=4 2 -2 -3 5 -1
right_child=1 3 -4 -5 -6 -7
leaf_value=2.6765579250414983e-05 0.0009180718057506021 -0.00016768849225760272 8.170332313743834e-06 0.0004347025318372836 0.00033437435556060588 -0.00057028374242050484
leaf_weight=45 81 1126 244 168 40 381
leaf_count=45 81 1126 244 168 40 381
internal_value=-0.000603738 -2.22095e-05 0.00311927 -0.000814816 -0.00261539 -0.00304673
internal_weight=2085 1619 325 1294 466 426
internal_count=2085 1619 325 1294 466 426
is_linear=0
shrinkage=0.04


Tree=46
num_leaves=8
num_cat=0
split_feature=1 73 13 97 37 104 110
split_gain=1.68456 2.38093 2.86329 1.76388 0.780032 1.26838 0.727052
threshold=-0.070706466792281888 0.11941248495456394 1.5091300448089033 0.82280613385897194 -0.99469449671172938 0.11721366502035045 0.41139703426217694
decision_type=2 2 2 2 2 2 2
left_child=1 3 -3 -1 5 -2 -6
right_child=4 2 -4 -5 6 -7 -8
leaf_value=0.00026263941756070943 -0.00040508130398607438 -0.00019443515317420844 0.0012613401249764158 -0.00066390363748685028 -0.00037582989614539134 0.0003404949794990139 -2.6248450753940016e-05
leaf_weight=433 42 423 40 58 647 44 398
leaf_count=433 42 423 40 58 647 44 398
internal_value=-0.000584572 0.000652719 -0.00140215 0.00258823 -0.00162754 0.002 -0.00192932
internal_weight=2085 954 463 491 1131 86 1045
internal_count=2085 954 463 491 1131 86 1045
is_linear=0
shrinkage=0.04


Tree=47
num_leaves=8
num_cat=0
split_feature=64 116 87 111 86 116 80
split_gain=1.69171 2.39671 3.34254 1.74256 1.48226 1.42891 1.3459
threshold=0.34384513189599358 -0.14031384870517979 -0.12550542406671991 0.60497078964285833 0.39572586723002456 -0.053858625909675183 1.3097658130430336
decision_type=2 2 2 2 2 2 2
left_child=4 2 -2 -3 6 -6 -1
right_child=1 3 -4 -5 5 -7 -8
leaf_value=-0.00039882411987850072 0.00089638224336098852 -0.00014266296627649631 -5.1718955980658786e-05 0.00062174622579678151 0.00053863165766801437 -4.8665957553554287e-06 0.00022514826836676885
leaf_weight=833 101 328 123 72 41 442 145
leaf_count=833 101 328 123 72 41 442 145
internal_value=-0.000680403 0.0010607 0.00435398 -0.000796021 -0.00142447 0.000387628 -0.00231837
internal_weight=2085 624 224 400 1461 483 978
internal_count=2085 624 224 400 1461 483 978
is_linear=0
shrinkage=0.04


Tree=48
num_leaves=6
num_cat=0
split_feature=63 80 74 59 100
split_gain=1.58756 2.05215 1.99867 0.529895 0.580464
threshold=-0.50447237053919525 2.6665232450768506 -0.221368017023748 2.8513981628731258 -1.0590009648930749
decision_type=2 2 2 2 2
left_child=3 2 -2 4 -1
right_child=1 -3 -4 -5 -6
leaf_value=0.00022283706308623492 9.8603838569510222e-05 0.00078744729498003707 -0.00019196805216904633 0.00030264341462964866 -0.00048452069675574956
leaf_weight=42 529 54 956 40 464
leaf_count=42 529 54 956 40 464
internal_value=-0.000603738 5.45091e-05 -0.000228649 -0.00245256 -0.00280315
internal_weight=2085 1539 1485 546 506
internal_count=2085 1539 1485 546 506
is_linear=0
shrinkage=0.04


Tree=49
num_leaves=8
num_cat=0
split_feature=81 117 30 74 28 80 37
split_gain=1.90947 2.95943 2.85978 2.27344 3.69336 1.19936 1.11029
threshold=0.14330986280964844 -0.018731911811335707 0.50136541135811741 -0.89159988458622486 0.35080802302512609 -0.87226323750379986 1.625527047553502
decision_type=2 2 2 2 2 2 2
left_child=3 2 -2 4 -1 -5 -3
right_child=1 6 -4 5 -6 -7 -8
leaf_value=0.0007688226402475446 0.00041249422405236326 -0.00031383518819344823 -0.00021118354974829969 0.00042629450873397576 -0.00024702485530361102 -0.00033206866284722983 0.00029107195727100016
leaf_weight=41 307 404 104 108 40 1026 55
leaf_count=41 307 404 104 108 40 1026 55
internal_value=-0.000603738 0.000825687 0.00328329 -0.00162695 0.00477108 -0.00209155 -0.00137961
internal_weight=2085 870 411 1215 81 1134 459
internal_count=2085 870 411 1215 81 1134 459
is_linear=0
shrinkage=0.04


Tree=50
num_leaves=7
num_cat=0
split_feature=63 79 74 63 109 3
split_gain=1.5392 2.11691 2.31153 0.603499 1.1598 0.069402
threshold=-0.67366239037246733 1.2725958831560094 -0.53299855167897137 -1.5621647070380489 -0.065589384829816813 -0.90611230950036259
decision_type=2 2 2 2 2 2
left_child=3 2 -2 4 -1 -5
right_child=1 -3 -4 5 -6 -7
leaf_value=0.000611029041063131 0.0002926229510656045 0.00064386883425804841 -0.00013265345672919886 -0.00014809938728200259 -0.00076037578912630953 -0.00063009214030196748
leaf_weight=45 319 65 1235 40 90 291
leaf_count=45 319 65 1235 40 90 291
internal_value=-0.000680403 -9.62378e-05 -0.000395888 -0.00270086 -0.000437957 -0.00361562
internal_weight=2085 1619 1554 466 135 331
internal_count=2085 1619 1554 466 135 331
is_linear=0
shrinkage=0.04


Tree=51
num_leaves=8
num_cat=0
split_feature=81 117 48 74 42 79 37
split_gain=1.52278 2.37689 2.80024 1.61924 3.06757 1.11095 1.11029
threshold=0.14330986280964844 -0.018731911811335707 0.21488350390036501 -0.89159988458622486 0.34339867179655509 -1.6145712659315785 1.625527047553502
decision_type=2 2 2 2 2 2 2
left_child=3 2 -2 4 -1 -5 -3
right_child=1 6 -4 5 -6 -7 -8
leaf_value=0.00081233132143257827 0.00046775754240021525 -0.0002959756423965424 -3.1657697289353745e-05 0.00038743065182960279 -0.00046797023244086225 -0.0002299766556989345 0.00028473521724932778
leaf_weight=40 242 404 169 69 41 1065 55
leaf_count=40 242 404 169 69 41 1065 55
internal_value=-0.000680403 0.000596329 0.00279903 -0.00159408 0.00380723 -0.00198592 -0.00137961
internal_weight=2085 870 411 1215 81 1134 459
internal_count=2085 870 411 1215 81 1134 459
is_linear=0
shrinkage=0.04


Tree=52
num_leaves=5
num_cat=0
split_feature=35 64 30 112
split_gain=1.8724 1.24997 2.091 0.898874
threshold=-1.3740202387274054 -0.27925709849110802 0.57048849436278826 -1.5712238157376748
decision_type=2 2 2 2
left_child=-1 3 -3 -2
right_child=1 2 -4 -5
leaf_value=0.00036677115754994233 0.0001200987816292835 6.8633451009978487e-05 -0.00030451510816040158 -0.00035237707629477157
leaf_weight=45 52 1003 312 673
leaf_count=45 52 1003 312 673
internal_value=-0.000661237 -0.000842312 -0.000106303 -0.00217332
internal_weight=2085 2040 1315 725
internal_count=2085 2040 1315 725
is_linear=0
shrinkage=0.04


Tree=53
num_leaves=8
num_cat=0
split_feature=114 11 57 70 116 86 42
split_gain=1.59824 2.66727 1.71804 1.31232 1.70182 1.51218 0.912927
threshold=-0.54645385930341173 -0.05546924776896698 -0.37322011320342091 0.24498594270140464 -0.197175687252338 0.38618727539067471 -0.1260405902245062
decision_type=2 2 2 2 2 2 2
left_child=1 2 -1 5 -5 -2 -3
right_child=3 6 -4 4 -6 -7 -8
leaf_value=0.00054834901455652662 -0.00046934617955875197 0.00010265643813494585 3.2470102332143186e-05 0.00044221611979625229 -0.00028539269741487881 -2.9482642287284918e-05 -0.00018480746887400185
leaf_weight=78 651 118 109 339 168 450 172
leaf_count=78 651 118 109 339 168 450 172
internal_value=-0.000584572 0.00144468 0.00514286 -0.00118758 0.000495087 -0.00196192 -0.000958905
internal_weight=2085 477 187 1608 507 1101 290
internal_count=2085 477 187 1608 507 1101 290
is_linear=0
shrinkage=0.04


Tree=54
num_leaves=8
num_cat=0
split_feature=1 104 64 66 81 117 74
split_gain=1.50407 2.3205 1.90392 1.55612 0.766212 1.33031 0.627
threshold=-0.070706466792281888 0.93905915757283032 -0.068288047935144189 0.27517061014184541 0.14493559383922031 -0.31414265549141374 -0.91755938079390098
decision_type=2 2 2 2 2 2 2
left_child=1 3 -3 -1 6 -6 -2
right_child=4 2 -4 -5 5 -7 -8
leaf_value=-0.00011023151194042321 0.00017002553195286167 2.9523100776437422e-05 0.0012453128596355983 0.00017066518809649028 0.000191170612806505 -0.00030008671707207053 -0.00028437068257867369
leaf_weight=616 46 53 42 243 175 258 652
leaf_count=616 46 53 42 243 175 258 652
internal_value=-0.000642071 0.000527196 0.00639175 -0.000134728 -0.00162754 -0.000303449 -0.00244572
internal_weight=2085 954 95 859 1131 433 698
internal_count=2085 954 95 859 1131 433 698
is_linear=0
shrinkage=0.04


Tree=55
num_leaves=8
num_cat=0
split_feature=64 15 59 86 105 29 42
split_gain=1.45231 2.00863 1.85714 1.30555 1.24069 1.23837 0.416756
threshold=0.34384513189599358 0.47603597915415941 -0.64752891090797271 0.38618727539067471 -0.92206602154839834 0.10935752247410276 0.1448938554970676
decision_type=2 2 2 2 2 2 2
left_child=3 2 -2 4 -1 -5 -3
right_child=1 6 -4 5 -6 -7 -8
leaf_value=0.00043820584065313667 0.0012908581776005822 2.4347246928227292e-05 9.8503821808068538e-05 0.00019038803525533727 -0.0002984868330695614 -0.00013708031882801345 -0.00050734615322520281
leaf_weight=42 40 50 385 247 927 245 149
leaf_count=42 40 50 385 247 927 245 149
internal_value=-0.000680403 0.000932906 0.00248243 -0.00136979 -0.00222039 0.000307691 -0.00236816
internal_weight=2085 624 425 1461 969 492 199
internal_count=2085 624 425 1461 969 492 199
is_linear=0
shrinkage=0.04


Tree=56
num_leaves=7
num_cat=0
split_feature=81 109 74 28 115 64
split_gain=1.37153 2.18333 1.87936 3.29662 1.63918 0.920102
threshold=0.14330986280964844 1.1301519330545282 -0.89159988458622486 0.35080802302512609 0.61753670153909168 0.91288181283314518
decision_type=2 2 2 2 2 2
left_child=2 4 3 -1 -2 -4
right_child=1 -3 5 -5 -6 -7
leaf_value=0.00062580369650416584 0.00010470820995876642 0.00077057721139626165 -0.00021142728706918969 -0.00028582720377427594 -0.00043303827708541972 6.2791199932870135e-05
leaf_weight=41 606 45 1058 40 219 76
leaf_count=41 606 45 1058 40 219 76
internal_value=-0.000661237 0.000550458 -0.00152835 0.00428916 7.25504e-05 -0.00195071
internal_weight=2085 870 1215 81 825 1134
internal_count=2085 870 1215 81 825 1134
is_linear=0
shrinkage=0.04


Tree=57
num_leaves=7
num_cat=0
split_feature=63 73 74 63 109 3
split_gain=1.36891 2.00533 2.29214 0.603499 1.1598 0.069402
threshold=-0.67366239037246733 1.577852160501964 -0.53299855167897137 -1.5621647070380489 -0.065589384829816813 -0.90611230950036259
decision_type=2 2 2 2 2 2
left_child=3 2 -2 4 -1 -5
right_child=1 -3 -4 5 -6 -7
leaf_value=0.00060881915125444237 0.00022682744964346385 0.00069274882750007777 -9.3501854679412772e-05 -0.0001228242119987771 -0.00068711705685104709 -0.00056176249922836063
leaf_weight=45 325 41 1253 40 90 291
leaf_count=45 325 41 1253 40 90 291
internal_value=-0.000795401 -0.000244295 -0.00047595 -0.00270086 -0.000437957 -0.00361562
internal_weight=2085 1619 1578 466 135 331
internal_count=2085 1619 1578 466 135 331
is_linear=0
shrinkage=0.04


Tree=58
num_leaves=8
num_cat=0
split_feature=2 117 81 74 35 35 1
split_gain=1.52608 2.17156 2.77472 1.77206 0.285994 0.719235 0.00760073
threshold=0.47971090481701584 0.096354722169908799 0.12368591020608756 -0.45302229093097623 0.35954700002942758 0.12713377457221478 1.5408471269844031
decision_type=2 2 2 2 2 2 2
left_child=1 2 -1 -3 5 -2 -6
right_child=4 3 -4 -5 6 -7 -8
leaf_value=-9.4449177876366336e-05 -0.00016977312690544998 0.00011727832173805869 0.00032446879480352991 -0.00035257233246580418 -0.00064253206347607858 0.00021124412562510719 -0.00017796912071305873
leaf_weight=467 269 73 351 650 166 69 40
leaf_count=467 269 73 351 650 166 69 40
internal_value=-0.000776235 -0.000132211 0.00127805 -0.0017269 -0.00259341 -0.00185882 -0.00376923
internal_weight=2085 1541 818 723 544 338 206
internal_count=2085 1541 818 723 544 338 206
is_linear=0
shrinkage=0.04


Tree=59
num_leaves=8
num_cat=0
split_feature=114 11 14 70 93 70 42
split_gain=1.55734 2.48557 2.3747 1.42084 1.55723 1.17572 0.700111
threshold=-0.54645385930341173 -0.05546924776896698 1.0000000180025095e-35 0.323037340726888 0.10771953009894698 -1.2487151201519409 -0.1260405902245062
decision_type=2 2 2 2 2 2 2
left_child=1 2 -1 5 -5 -2 -3
right_child=3 6 -4 4 -6 -7 -8
leaf_value=9.467421639662025e-05 6.9510319250636523e-05 7.4712046455412568e-05 0.00080427753931615429 0.0004089200861219485 -0.00049182319962935022 -0.00018814578594471932 -0.00016544965794641084
leaf_weight=147 48 118 40 261 90 1209 172
leaf_count=147 48 118 40 261 90 1209 172
internal_value=-0.000642071 0.00136117 0.00493122 -0.00123727 0.0010085 -0.00186497 -0.000958905
internal_weight=2085 477 187 1608 351 1257 290
internal_count=2085 477 187 1608 351 1257 290
is_linear=0
shrinkage=0.04


Tree=60
num_leaves=7
num_cat=0
split_feature=48 117 82 70 28 65
split_gain=1.30862 2.68722 2.10796 1.02342 1.02101 1.00017
threshold=0.066807539408969774 0.1299112440055076 -0.36363566625930299 -1.0999945203856887 -0.75875117004974735 -1.0895490594521549
decision_type=2 2 2 2 2 2
left_child=1 2 -1 -2 -5 -3
right_child=3 5 -4 4 -6 -7
leaf_value=-0.0001563647446874042 8.4323545161046011e-05 0.00011919591800729059 0.00036977849655751648 0.00020458354930197737 -0.00023850655794142818 -0.00023194028622842673
leaf_weight=147 52 90 383 56 862 495
leaf_count=147 52 90 383 56 862 495
internal_value=-0.000737902 0.000196955 0.00225564 -0.0018107 -0.00212174 -0.00166951
internal_weight=2085 1115 530 970 918 585
internal_count=2085 1115 530 970 918 585
is_linear=0
shrinkage=0.04


Tree=61
num_leaves=6
num_cat=0
split_feature=63 74 116 34 70
split_gain=1.50771 2.293 1.41431 0.823278 0.670628
threshold=-0.091358353550351976 1.9840574787137666 -0.15522779921810301 -1.2167539698589469 0.323037340726888
decision_type=2 2 2 2 2
left_child=3 2 -2 -1 -5
right_child=1 -3 -4 4 -6
leaf_value=7.6090039158358493e-05 0.0002557579439227342 0.00060798913893553752 -6.2880968956965141e-05 -0.00033461479740666723 -1.1588699318427309e-05
leaf_weight=42 339 50 758 702 194
leaf_count=42 339 50 758 702 194
internal_value=-0.000718736 0.000254133 -0.000134669 -0.00190638 -0.00216481
internal_weight=2085 1147 1097 938 896
internal_count=2085 1147 1097 938 896
is_linear=0
shrinkage=0.04


Tree=62
num_leaves=8
num_cat=0
split_feature=86 2 46 64 86 115 33
split_gain=1.35413 1.5429 1.25665 1.22846 1.77531 0.97415 0.787566
threshold=0.47156438008708451 -0.14965499330851589 -1.318602124183782 0.27255149072704371 -0.52885775159732107 -0.081840375188021355 0.53346625701661565
decision_type=2 2 2 2 2 2 2
left_child=3 2 -2 5 -5 -1 -3
right_child=1 6 -4 4 -6 -7 -8
leaf_value=-5.0579393655579791e-05 0.00057988373470440821 2.7098427955749143e-05 0.0001142598418395181 0.0006140996756103229 -5.3747270254962762e-05 -0.00052920934850082205 -0.00037130273241300411
leaf_weight=464 44 233 210 103 412 506 113
leaf_count=464 44 233 210 103 412 506 113
internal_value=-0.000737902 0.000863786 0.00321875 -0.00138534 0.000193423 -0.00222222 -0.000873564
internal_weight=2085 600 254 1485 515 970 346
internal_count=2085 600 254 1485 515 970 346
is_linear=0
shrinkage=0.04


Tree=63
num_leaves=7
num_cat=0
split_feature=63 15 86 112 115 116
split_gain=1.37049 1.69331 2.32388 0.783942 0.931327 0.690581
threshold=0.052831331472509638 0.50666390552136187 1.0943320457029697 -1.8603064995701362 0.33085076951645792 -0.12020542845622414
decision_type=2 2 2 2 2 2
left_child=3 2 -2 -1 -5 -3
right_child=1 5 -4 4 -6 -7
leaf_value=0.00024672299286210487 4.8173070075278209e-05 1.0399908337883725e-05 0.00073142416890092021 -7.5487830719056157e-05 -0.00069395909814004477 -0.00040430278177454705
leaf_weight=41 668 87 44 752 313 180
leaf_count=41 668 87 44 752 313 180
internal_value=-0.000718736 0.000371049 0.00138935 -0.00168231 -0.00189316 -0.00233457
internal_weight=2085 979 712 1106 1065 267
internal_count=2085 979 712 1106 1065 267
is_linear=0
shrinkage=0.04


Tree=64
num_leaves=8
num_cat=0
split_feature=81 117 11 74 42 80 61
split_gain=1.27811 2.35422 2.04302 1.92183 2.02917 0.951253 0.838258
threshold=0.14330986280964844 -0.018731911811335707 -0.019480834726860071 -0.89159988458622486 0.34339867179655509 -0.87226323750379986 -1.7862766104539296
decision_type=2 2 2 2 2 2 2
left_child=3 2 -2 4 -1 -5 -3
right_child=1 6 -4 5 -6 -7 -8
leaf_value=0.00065410026521022803 0.00033665513229370599 0.00012199999872121293 -2.6217460173961164e-06 0.00039327216231479687 -0.00049703703501935632 -0.00028173488047861283 -0.00022603315434886043
leaf_weight=40 208 57 203 108 41 1026 402
leaf_count=40 208 57 203 108 41 1026 402
internal_value=-0.000757069 0.000412843 0.00260533 -0.00159408 0.00428916 -0.00202113 -0.00155315
internal_weight=2085 870 411 1215 81 1134 459
internal_count=2085 870 411 1215 81 1134 459
is_linear=0
shrinkage=0.04


Tree=65
num_leaves=5
num_cat=0
split_feature=36 64 116 110
split_gain=1.49844 1.36992 2.18142 1.21696
threshold=-1.4187375039237675 0.34384513189599358 -0.15522779921810301 0.17219670483361441
decision_type=2 2 2 2
left_child=-1 3 -3 -2
right_child=1 2 -4 -5
leaf_value=0.00030379372888635412 -0.00027138839934515071 0.00045678478371992566 -7.7229015972882307e-05 -1.1376497515840724e-05
leaf_weight=45 757 215 402 666
leaf_count=45 757 215 402 666
internal_value=-0.000680403 -0.000842312 0.000730209 -0.00152421
internal_weight=2085 2040 617 1423
internal_count=2085 2040 617 1423
is_linear=0
shrinkage=0.04


Tree=66
num_leaves=7
num_cat=0
split_feature=110 0 37 44 74 64
split_gain=1.286 1.92593 1.84577 1.67416 1.55072 1.37994
threshold=0.1673478792592602 -1.2778523667271078 -1.0144064928843555 0.051718218043109353 -0.53299855167897137 -0.57446123813690664
decision_type=2 2 2 2 2 2
left_child=2 -2 3 -1 -4 -3
right_child=1 5 4 -5 -6 -7
leaf_value=-8.6776595454442776e-05 0.0009429660032314578 -0.00021600795678704062 6.4120207033578015e-05 0.00071034730836362083 -0.0003344364463450947 5.360653062298464e-05
leaf_weight=42 59 300 204 49 884 547
leaf_count=42 59 300 204 49 884 547
internal_value=-0.000718736 0.000414096 -0.00158849 0.00382796 -0.00204771 -8.00952e-05
internal_weight=2085 906 1179 91 1088 847
internal_count=2085 906 1179 91 1088 847
is_linear=0
shrinkage=0.04


Tree=67
num_leaves=7
num_cat=0
split_feature=3 114 64 70 70 116
split_gain=1.38228 1.86852 1.57418 1.41689 0.64651 0.553903
threshold=0.18989948011278113 -0.54645385930341173 0.031844302178004054 0.323037340726888 -1.0999945203856887 -0.22392453038922022
decision_type=2 2 2 2 2 2
left_child=1 2 -1 -3 -2 -6
right_child=4 3 -4 -5 5 -7
leaf_value=9.5526615280823412e-06 5.6236905185266276e-05 -9.8650030930215243e-05 0.0003948109184823221 0.00041412260690614714 -7.3521108930954659e-05 -0.00027846633434784948
leaf_weight=156 59 834 105 190 242 499
leaf_count=156 59 834 105 190 242 499
internal_value=-0.000642071 0.000170939 0.00317871 -0.000600391 -0.00194514 -0.00226649
internal_weight=2085 1285 261 1024 800 741
internal_count=2085 1285 261 1024 800 741
is_linear=0
shrinkage=0.04


Tree=68
num_leaves=8
num_cat=0
split_feature=59 110 45 59 44 29 63
split_gain=1.4523 1.87057 1.61205 1.18753 1.31149 1.17324 0.509279
threshold=-0.12798006224524103 0.33310986582791929 1.5116695971902787 -0.66573323958830799 -0.13174626428480507 -0.30637484218620542 1.1497264804465293
decision_type=2 2 2 2 2 2 2
left_child=3 5 -3 4 -1 -2 -5
right_child=1 2 -4 6 -6 -7 -8
leaf_value=-0.00011807926335331027 4.6114538446117621e-05 9.5073288052149153e-05 0.00021666620613500575 -0.00027695438567216938 0.00073047809210523838 -0.00023334004955425131 2.2872246397237382e-05
leaf_weight=52 304 395 70 670 74 467 53
leaf_count=52 304 395 70 670 74 467 53
internal_value=-0.000603738 0.000271405 0.00226981 -0.00187544 0.0016875 -0.000936612 -0.00249931
internal_weight=2085 1236 465 849 126 771 723
internal_count=2085 1236 465 849 126 771 723
is_linear=0
shrinkage=0.04


Tree=69
num_leaves=5
num_cat=0
split_feature=82 6 117 74
split_gain=1.20706 1.30417 2.01634 0.825862
threshold=-0.53591239326548157 0.026722661941540101 0.1299112440055076 -0.91755938079390098
decision_type=2 2 2 2
left_child=-1 2 -2 -3
right_child=1 3 -4 -5
leaf_value=-0.0008437995490840418 0.00021241453808617017 8.0391362180323652e-05 -3.989390231947644e-05 -0.00011698973822629761
leaf_weight=159 485 99 499 843
leaf_count=159 485 99 499 843
internal_value=-0.000622905 -0.000344399 0.000673427 -0.00140678
internal_weight=2085 1926 984 942
internal_count=2085 1926 984 942
is_linear=0
shrinkage=0.04


Tree=70
num_leaves=7
num_cat=0
split_feature=64 116 88 25 34 110
split_gain=1.31771 2.14429 3.15883 1.82939 1.21751 0.905327
threshold=0.34384513189599358 -0.15522779921810301 0.36960629489343361 0.11245331987863305 -1.2549031988130219 -0.28554842746530723
decision_type=2 2 2 2 2 2
left_child=4 2 -2 -3 -1 -6
right_child=1 3 -4 -5 5 -7
leaf_value=0.00012075596406682703 0.00063160302318108921 5.6029902486898603e-05 -0.00030714658779084486 -0.00047732852640863804 -0.00043934958085252353 -4.4265345365340951e-05
leaf_weight=71 145 214 70 195 388 1002
leaf_count=71 145 214 70 195 388 1002
internal_value=-0.000603738 0.000932906 0.00414746 -0.000768857 -0.00126042 -0.00152299
internal_weight=2085 624 215 409 1461 1390
internal_count=2085 624 215 409 1461 1390
is_linear=0
shrinkage=0.04


Tree=71
num_leaves=7
num_cat=0
split_feature=3 115 14 86 70 37
split_gain=1.06882 1.86547 1.67247 1.48665 0.614771 0.692477
threshold=0.18989948011278113 -0.94613567575790058 0.47972764726974321 0.91019072033638759 -1.0999945203856887 1.6705841004696647
decision_type=2 2 2 2 2 2
left_child=1 2 -1 -3 -2 -6
right_child=4 3 -4 -5 5 -7
leaf_value=0.0004979411065813502 5.5160181068747426e-05 -6.17196947102086e-05 -2.958219135604491e-05 0.0001670416353338928 -0.00019895453134404585 0.00030614881669969356
leaf_weight=40 59 1052 40 153 701 40
leaf_count=40 59 1052 40 153 701 40
internal_value=-0.00069957 1.55391e-05 0.00585366 -0.000381111 -0.00184539 -0.00215882
internal_weight=2085 1285 80 1205 800 741
internal_count=2085 1285 80 1205 800 741
is_linear=0
shrinkage=0.04


Tree=72
num_leaves=5
num_cat=0
split_feature=95 100 82 31
split_gain=1.08312 1.30425 1.23939 0.521195
threshold=1.4126753693792835 0.55845654467436212 -0.54158157737510759 -0.88148115848613418
decision_type=2 2 2 2
left_child=1 2 -1 -3
right_child=-2 3 -4 -5
leaf_value=-0.00084913060122083085 0.00025337955392238368 2.3995777811670764e-05 -4.9354198279783292e-06 -0.00079108405297607736
leaf_weight=150 54 41 1575 265
leaf_count=150 54 41 1575 265
internal_value=-0.000776235 -0.00092671 -0.000497974 -0.00332468
internal_weight=2085 2031 1725 306
internal_count=2085 2031 1725 306
is_linear=0
shrinkage=0.04


Tree=73
num_leaves=8
num_cat=0
split_feature=48 41 70 94 74 24 10
split_gain=1.24878 2.02996 2.61214 1.5812 0.913924 2.55209 0.886389
threshold=0.066807539408969774 -0.38621232255855759 0.24498594270140464 -0.93340973501215518 -0.89159988458622486 0.52644955335682975 -0.98243102190676257
decision_type=2 2 2 2 2 2 2
left_child=1 3 -3 -1 5 -2 -6
right_child=4 2 -4 -5 6 -7 -8
leaf_value=0.00043536175903424029 0.00050188142698189919 1.6662085967347743e-05 0.00068923709703315645 -0.00012280304928211297 0.00014797799622826423 -0.00027021222476810369 -0.00024430975449022096
leaf_weight=51 40 405 126 533 43 84 803
leaf_count=51 40 405 126 533 43 84 803
internal_value=-0.000680403 0.000232765 0.00201876 -0.00139249 -0.0017284 0.00146032 -0.00219811
internal_weight=2085 1115 531 584 970 124 846
internal_count=2085 1115 531 584 970 124 846
is_linear=0
shrinkage=0.04


Tree=74
num_leaves=7
num_cat=0
split_feature=59 107 87 59 93 114
split_gain=1.44034 1.6692 1.19286 1.31699 1.10402 0.250651
threshold=0.031610518858387907 1.4005202899743614 0.054955450565777657 -0.64752891090797271 0.060564586501142569 -0.67161349470687604
decision_type=2 2 2 2 2 2
left_child=2 4 3 -1 -2 -4
right_child=1 -3 5 -5 -6 -7
leaf_value=0.00064539684904797918 9.3476130722670994e-05 0.00049136608337090081 -1.3794495898447381e-05 -8.4887842494952236e-05 -7.8827843402610686e-05 -0.00056521285349685083
leaf_weight=84 396 57 48 606 543 351
leaf_count=84 396 57 48 606 543 351
internal_value=-0.000642071 0.000456913 -0.0016462 -0.000635839 4.67578e-05 -0.00338155
internal_weight=2085 996 1089 690 939 399
internal_count=2085 996 1089 690 939 399
is_linear=0
shrinkage=0.04


Tree=75
num_leaves=7
num_cat=0
split_feature=82 63 110 69 53 62
split_gain=1.16738 1.24626 1.86054 0.919904 0.590972 0.55015
threshold=-0.34250796103916453 -0.67366239037246733 0.33047956381580318 0.73011048671106005 -0.74999999999999989 -0.31864052825717737
decision_type=2 2 2 2 2 2
left_child=3 5 -3 4 -1 -2
right_child=1 2 -4 -5 -6 -7
leaf_value=5.8015380190107457e-05 -1.9768963500730479e-06 -1.4068592675980099e-05 0.00017227887956531256 0.00018744912571328599 -0.00048810461195095595 -0.00048772736343357943
leaf_weight=57 118 896 347 54 381 232
leaf_count=57 118 896 347 54 381 232
internal_value=-0.000584572 -5.76812e-05 0.000536545 -0.0022834 -0.00289091 -0.00215909
internal_weight=2085 1593 1243 492 438 350
internal_count=2085 1593 1243 492 438 350
is_linear=0
shrinkage=0.04


Tree=76
num_leaves=5
num_cat=0
split_feature=82 86 4 1
split_gain=1.13226 1.31932 1.2591 1.22482
threshold=-0.54158157737510759 0.91019072033638759 0.31600734929850316 -0.42203822998418511
decision_type=2 2 2 2
left_child=-1 2 -2 -3
right_child=1 3 -4 -5
leaf_value=-0.00077059962909719238 -3.99747528297359e-06 0.0004176342144509956 -0.00023589718087571073 4.7210524776239506e-06
leaf_weight=150 1135 76 488 236
leaf_count=150 1135 76 488 236
internal_value=-0.000622905 -0.000361385 -0.000819693 0.00201274
internal_weight=2085 1935 1623 312
internal_count=2085 1935 1623 312
is_linear=0
shrinkage=0.04


Tree=77
num_leaves=6
num_cat=0
split_feature=63 74 109 112 70
split_gain=1.16301 1.70605 1.43943 0.78932 0.815247
threshold=-0.091358353550351976 2.1062673378696553 0.88517818431483952 -1.5712238157376748 0.323037340726888
decision_type=2 2 2 2 2
left_child=3 2 -2 -1 -5
right_child=1 -3 -4 4 -6
leaf_value=3.1338520095851034e-05 -2.1426338962751047e-05 0.00054091309750162241 0.00029228224920543563 -0.00029350154887639339 1.7245543065652762e-05
leaf_weight=76 1003 47 97 668 194
leaf_count=76 1003 47 97 668 194
internal_value=-0.000565406 0.000288946 -3.62986e-05 -0.00160851 -0.0019537
internal_weight=2085 1147 1100 938 862
internal_count=2085 1147 1100 938 862
is_linear=0
shrinkage=0.04


Tree=78
num_leaves=8
num_cat=0
split_feature=94 94 25 110 58 105 80
split_gain=1.10001 2.40329 2.72239 1.52788 1.13462 1.57517 1.0476
threshold=-0.12357188874373666 0.035895908787072814 0.58923479450991934 0.088305380622653057 -0.64252427214463237 -0.34150902944524836 -0.87226323750379986
decision_type=2 2 2 2 2 2 2
left_child=4 2 -2 -3 5 -1 -6
right_child=1 3 -4 -5 6 -7 -8
leaf_value=0.00029713292828604333 2.3091485388724497e-05 -0.0002120945755115564 0.00068059691222818134 3.4350142294141058e-05 0.00060753184350016058 -3.234254170143147e-05 -0.00031216089711650892
leaf_weight=54 140 465 40 525 78 78 705
leaf_count=54 140 465 40 525 78 78 705
internal_value=-0.000642071 0.000170648 0.0043956 -0.00060484 -0.00167939 0.00173134 -0.00225733
internal_weight=2085 1170 180 990 915 132 783
internal_count=2085 1170 180 990 915 132 783
is_linear=0
shrinkage=0.04


Tree=79
num_leaves=7
num_cat=0
split_feature=115 19 74 28 29 10
split_gain=1.26545 1.81304 1.56566 2.76504 1.54273 1.03077
threshold=-0.85837838774401976 -0.40485383892601273 -0.89159988458622486 0.33482761741690964 -0.31138336003688583 -0.24386198794218386
decision_type=2 2 2 2 2 2
left_child=1 -1 3 -2 -4 -3
right_child=2 5 4 -5 -6 -7
leaf_value=0.00053225656164372919 0.00062091535899540197 5.1027233251481536e-05 9.9258836245875122e-06 -0.00034895624446632065 -0.0001671706295678131 -5.8079614248079644e-05
leaf_weight=47 47 88 652 43 1112 96
leaf_count=47 47 88 652 43 1112 96
internal_value=-0.000392909 0.00238627 -0.00074138 0.00434783 -0.00100566 0.000559139
internal_weight=2085 231 1854 90 1764 184
internal_count=2085 231 1854 90 1764 184
is_linear=0
shrinkage=0.04


Tree=80
num_leaves=7
num_cat=0
split_feature=115 33 6 29 69 74
split_gain=1.14683 1.63962 1.31324 1.08974 1.75563 1.1648
threshold=-0.85837838774401976 0.65581016049992169 0.26737875789841409 -0.30637484218620542 0.42081209230177868 -0.62357955746132732
decision_type=2 2 2 2 2 2
left_child=1 2 -1 4 -2 -5
right_child=3 -3 -4 5 -6 -7
leaf_value=0.0003032226036870536 -2.0436333074248238e-05 -0.0002936470696222644 -2.803616561452161e-06 7.2642772782963299e-05 0.00064018516931392479 -0.00019175821905559624
leaf_weight=92 588 79 60 184 84 998
leaf_count=92 588 79 60 184 84 998
internal_value=-0.000431242 0.00221459 0.00462338 -0.000762932 0.000522254 -0.00149324
internal_weight=2085 231 152 1854 672 1182
internal_count=2085 231 152 1854 672 1182
is_linear=0
shrinkage=0.04


Tree=81
num_leaves=7
num_cat=0
split_feature=63 47 45 78 118 112
split_gain=1.19272 1.30561 2.18421 1.06822 1.01039 0.939045
threshold=-0.28323058810985852 0.56283764293196403 -0.71493295665097001 -1.3966828049734199 -0.52838512400598814 -1.6261460610591938
decision_type=2 2 2 2 2 2
left_child=3 2 -2 -1 -3 -5
right_child=1 4 -4 5 -6 -7
leaf_value=4.7618595583675365e-05 0.00036616006348242177 0.00012107982280230147 3.4511594040691266e-06 0.00025202730138781189 -0.00030571509993403666 -0.00023362046503870942
leaf_weight=50 193 121 793 50 248 630
leaf_count=50 193 121 793 50 248 630
internal_value=-0.000392909 0.000309505 0.00106882 -0.00169399 -0.00171429 -0.00211144
internal_weight=2085 1355 986 730 369 680
internal_count=2085 1355 986 730 369 680
is_linear=0
shrinkage=0.04


Tree=82
num_leaves=8
num_cat=0
split_feature=114 62 104 28 74 57 98
split_gain=1.25617 1.5744 1.22766 1.20014 0.690229 1.00102 0.701037
threshold=0.19576542794414609 -0.31864052825717737 0.90321392014607549 -0.70529071788378339 -0.45302229093097623 -0.41194540373238137 2.0505283148177966
decision_type=2 2 2 2 2 2 2
left_child=1 2 -1 -3 5 -2 -6
right_child=4 3 -4 -5 6 -7 -8
leaf_value=5.2936504664871446e-05 0.00011250361857788601 0.00015128379545556182 0.00042678285724997089 -8.9182091894140017e-05 -0.00039777465728471547 -2.5830986761651876e-05 0.00040323422639986639
leaf_weight=357 45 94 43 775 576 132 63
leaf_count=357 45 94 43 775 576 132 63
internal_value=-0.000469575 0.000317859 0.00238806 -0.000638348 -0.00169193 0.000513966 -0.00230265
internal_weight=2085 1269 400 869 816 177 639
internal_count=2085 1269 400 869 816 177 639
is_linear=0
shrinkage=0.04


Tree=83
num_leaves=7
num_cat=0
split_feature=2 115 93 70 79 38
split_gain=1.14801 1.36726 3.00572 1.53367 0.453811 0.325915
threshold=0.47971090481701584 -0.90406984215159925 -0.90485395231084109 0.323037340726888 -1.088397595828074 -0.76056768757257798
decision_type=2 2 2 2 2 2
left_child=1 2 -1 -3 -2 -6
right_child=4 3 -4 -5 5 -7
leaf_value=-3.8474346887800058e-05 7.6723558611171738e-06 -6.3381595149192795e-05 0.00051860032345272308 0.00024011364504047944 6.8258253642116312e-06 -0.00019408801805305582
leaf_weight=76 73 1125 59 281 40 431
leaf_count=76 73 1125 59 281 40 431
internal_value=-0.000431242 0.000127024 0.0039416 -0.000244319 -0.00200733 -0.00246089
internal_weight=2085 1541 135 1406 544 471
internal_count=2085 1541 135 1406 544 471
is_linear=0
shrinkage=0.04


Tree=84
num_leaves=7
num_cat=0
split_feature=87 63 66 30 115 39
split_gain=1.1702 1.73834 1.19298 1.1995 1.11987 0.417308
threshold=2.0387652011082835 0.16012562311422959 0.26459034614762605 0.58405413480908286 -0.59755032036749445 0.48751820202491386
decision_type=2 2 2 2 2 2
left_child=2 5 4 -4 -1 -2
right_child=1 -3 3 -5 -6 -7
leaf_value=2.9108432076402417e-05 3.5845297239719566e-05 0.00020450418801459393 7.4018110429676778e-05 -0.00016755096133622566 -0.00018214161695267447 -0.00012499543164244922
leaf_weight=210 42 47 475 182 1086 43
leaf_count=210 42 47 475 182 1086 43
internal_value=-0.000392909 0.00322388 -0.00064041 0.000746585 -0.00134361 -0.000229886
internal_weight=2085 132 1953 657 1296 85
internal_count=2085 132 1953 657 1296 85
is_linear=0
shrinkage=0.04


Tree=85
num_leaves=7
num_cat=0
split_feature=1 61 90 56 116 38
split_gain=1.19523 1.47221 1.1657 0.964844 1.18248 0.679192
threshold=-0.070706466792281888 -1.7862766104539296 -1.1892310242805448 0.57767397052209191 -0.026354234076202018 -0.99979398099648975
decision_type=2 2 2 2 2 2
left_child=1 -1 -3 5 -5 -2
right_child=3 2 -4 4 -6 -7
leaf_value=0.00041137494150559597 7.4223063843682481e-05 0.00015343702521501785 -4.5418751368072386e-06 0.00026180748902115785 -6.9055548477469424e-05 -0.0002461525480051125
leaf_weight=70 40 40 844 144 221 726
leaf_count=70 40 40 844 144 221 726
internal_value=-0.000431242 0.000610878 0.000162527 -0.0013098 0.00038147 -0.00211458
internal_weight=2085 954 884 1131 365 766
internal_count=2085 954 884 1131 365 766
is_linear=0
shrinkage=0.04


Tree=86
num_leaves=7
num_cat=0
split_feature=110 35 37 0 26 64
split_gain=1.30417 1.73929 1.62323 1.29846 1.26664 1.2538
threshold=0.1673478792592602 0.84380489362949318 -1.0144064928843555 -1.1887613022331769 0.22745710876230277 0.26559113268259765
decision_type=2 2 2 2 2 2
left_child=2 3 4 -2 -1 -4
right_child=1 -3 5 -5 -6 -7
leaf_value=0.00059071412194036969 0.00079690134273130767 -0.00098254096506002067 -0.00028841409391918495 1.647059448373862e-05 -3.1999656376738975e-05 -1.1814234592633518e-06
leaf_weight=48 66 109 658 731 43 430
leaf_count=48 66 109 658 731 43 430
internal_value=-0.000373743 0.000766519 -0.00124979 0.00141677 0.00382796 -0.00168073
internal_weight=2085 906 1179 797 91 1088
internal_count=2085 906 1179 797 91 1088
is_linear=0
shrinkage=0.04


Tree=87
num_leaves=7
num_cat=0
split_feature=114 43 66 47 74 64
split_gain=1.43516 1.31875 1.19765 1.82299 1.18762 0.864403
threshold=-0.75119659166503727 1.394308767116369 0.26459034614762605 -0.98983210510660591 -0.51577197144365261 -0.7633493854169151
decision_type=2 2 2 2 2 2
left_child=1 5 3 -2 -4 -1
right_child=2 -3 4 -5 -6 -7
leaf_value=-0.00016672964632610961 0.00043018644479808909 0.00048588942647612425 0.00033546513676729347 -0.00016229660419209447 -8.2943389585304675e-06 3.9448846565689348e-05
leaf_weight=70 46 44 120 1145 423 237
leaf_count=70 46 44 120 1145 423 237
internal_value=-0.000297078 0.00202833 -0.000769586 -0.00147863 0.00078532 0.00107443
internal_weight=2085 351 1734 1191 543 307
internal_count=2085 351 1734 1191 543 307
is_linear=0
shrinkage=0.04


Tree=88
num_leaves=8
num_cat=0
split_feature=114 45 25 29 110 34 80
split_gain=1.45889 1.1456 1.29062 1.12348 1.50352 1.27066 0.743584
threshold=-0.75119659166503727 0.31737503443170151 -0.26092651119633786 -0.30637484218620542 0.7375459273955739 0.21037681019598151 0.78252679408905468
decision_type=2 2 2 2 2 2 2
left_child=1 2 -1 5 -5 -2 -3
right_child=3 6 -4 4 -6 -7 -8
leaf_value=1.3952014323540203e-07 -1.0220878620458834e-05 -0.0002321701000457593 0.00037823691747610507 -0.00019652294924472379 2.5697477252252408e-05 0.00057762002978902871 6.9204821185093364e-05
leaf_weight=105 522 68 138 844 280 88 40
leaf_count=105 522 68 138 844 280 88 40
internal_value=-0.000316244 0.00202833 0.00354286 -0.000792628 -0.00154174 0.000588234 -0.00138182
internal_weight=2085 351 243 1734 1124 610 108
internal_count=2085 351 243 1734 1124 610 108
is_linear=0
shrinkage=0.04


Tree=89
num_leaves=5
num_cat=0
split_feature=87 66 116 47
split_gain=1.27655 1.37162 1.45786 1.02228
threshold=2.4417690559156173 0.29542200000039426 -0.12020542845622414 -1.0002991177232925
decision_type=2 2 2 2
left_child=1 3 -3 -1
right_child=-2 2 -4 -5
leaf_value=0.00015424090531568775 0.00012519855416999408 0.00030530228997948137 -1.4559030089540762e-05 -9.6300525706000876e-05
leaf_weight=47 66 246 411 1315
leaf_count=47 66 246 411 1315
internal_value=-0.000450408 -0.000631372 0.000867981 -0.00135484
internal_weight=2085 2019 657 1362
internal_count=2085 2019 657 1362
is_linear=0
shrinkage=0.04


Tree=90
num_leaves=7
num_cat=0
split_feature=29 36 95 74 28 60
split_gain=1.19429 1.76896 1.4485 1.18203 1.67526 1.01304
threshold=-0.31138336003688583 0.70827217870217252 0.68873109874512339 -0.62357955746132732 0.55028912195244206 -1.1482698693663116
decision_type=2 2 2 2 2 2
left_child=1 2 -1 4 -2 -5
right_child=3 -3 -4 5 -6 -7
leaf_value=-4.3268312343271289e-05 0.00011001491364524713 0.00057950650631788045 0.00020499669076523542 8.6908573865281726e-05 -0.00053587847235915943 -0.00014893745176257128
leaf_weight=562 190 44 108 61 74 1046
leaf_count=562 190 44 108 61 74 1046
internal_value=-0.000565406 0.000759776 0.000238094 -0.00125565 0.00114286 -0.00182868
internal_weight=2085 714 670 1371 264 1107
internal_count=2085 714 670 1371 264 1107
is_linear=0
shrinkage=0.04


Tree=91
num_leaves=8
num_cat=0
split_feature=66 115 20 70 13 59 14
split_gain=1.10565 1.58467 1.60236 1.37155 1.13933 1.88415 0.650977
threshold=0.26459034614762605 -0.85837838774401976 -0.064653982392749235 -1.2487151201519409 0.52452093283112988 -0.12798006224524103 -0.49945751741282457
decision_type=2 2 2 2 2 2 2
left_child=1 2 -1 -3 5 -2 -6
right_child=4 3 -4 -5 6 -7 -8
leaf_value=0.00036425928250843426 -1.9932636884832932e-05 6.2921841412423395e-05 -3.0941901543816803e-06 -0.00013848320048244784 1.514579640271871e-05 0.0001779026368816963 -0.00040716664752566035
leaf_weight=40 266 48 89 1206 83 250 103
leaf_count=40 266 48 89 1206 83 250 103
internal_value=-0.000450408 -0.00110614 0.00308397 -0.0015414 0.000840908 0.00180695 -0.00182979
internal_weight=2085 1383 129 1254 702 516 186
internal_count=2085 1383 129 1254 702 516 186
is_linear=0
shrinkage=0.04


Tree=92
num_leaves=8
num_cat=0
split_feature=63 58 74 80 56 30 80
split_gain=1.13486 2.01073 3.42608 2.19748 0.711427 1.21501 0.738151
threshold=-0.091358353550351976 -0.15341557678668913 -0.37361339478914052 -0.91976025066185085 0.60170212990884886 -0.40579859477816915 2.9044156320576762
decision_type=2 2 2 2 2 2 2
left_child=4 2 -2 -3 6 -6 -1
right_child=1 3 -4 -5 5 -7 -8
leaf_value=-0.00017357293931465734 0.00059035883475614217 0.00066384335628108082 2.3836507555659702e-05 -0.00011281309515056034 0.00021106511691351899 -1.4883905388869325e-05 0.0002592978094058039
leaf_weight=681 40 44 419 644 46 164 47
leaf_count=681 40 44 419 644 46 164 47
internal_value=-0.000450408 0.000393385 0.00243818 -0.000973914 -0.00148085 0.000566037 -0.00207123
internal_weight=2085 1147 459 688 938 210 728
internal_count=2085 1147 459 688 938 210 728
is_linear=0
shrinkage=0.04


Tree=93
num_leaves=5
num_cat=0
split_feature=35 88 48 29
split_gain=1.74772 1.18304 1.60644 0.649483
threshold=-1.3740202387274054 0.5176555278617575 0.066807539408969774 0.4185774232909007
decision_type=2 2 2 2
left_child=-1 2 -2 -3
right_child=1 3 -4 -5
leaf_value=0.00023609119172164834 4.653200095837219e-05 -0.00023417634346980308 -9.7153998183425479e-05 2.8996140058338476e-06
leaf_weight=45 746 367 818 109
leaf_count=45 746 367 818 109
internal_value=-0.000392909 -0.000568071 -3.57609e-05 -0.00230962
internal_weight=2085 2040 1564 476
internal_count=2085 2040 1564 476
is_linear=0
shrinkage=0.04


Tree=94
num_leaves=6
num_cat=0
split_feature=82 105 79 37 2
split_gain=1.20228 1.3182 1.60065 1.46165 0.00516917
threshold=-0.54158157737510759 0.66987055021382613 -0.79071920597307643 1.3578467106901257 0.41848717582080641
decision_type=2 2 2 2 2
left_child=4 2 -2 -3 -1
right_child=1 3 -4 -5 -6
leaf_value=-0.00066696673102683559 0.0001679749200004014 -0.00054682663827458535 -2.5681121113898427e-06 0.00021837891211066483 -0.00081276752340390501
leaf_weight=110 258 335 1260 82 40
leaf_count=110 258 335 1260 82 40
internal_value=-0.000258746 1.03243e-05 0.000557894 -0.00197613 -0.00368421
internal_weight=2085 1935 1518 417 150
internal_count=2085 1935 1518 417 150
is_linear=0
shrinkage=0.04


Tree=95
num_leaves=6
num_cat=0
split_feature=1 87 67 100 45
split_gain=1.42162 1.41008 1.136 0.746172 0.852929
threshold=-0.070706466792281888 2.1253290804408258 0.69280033595459412 0.55267692440769711 0.28123530397835067
decision_type=2 2 2 2 2
left_child=1 2 -1 4 -2
right_child=3 -3 -4 -5 -6
leaf_value=-7.6933832401816207e-07 -9.2255827441491635e-07 0.00044417802550416273 0.00020178246122748095 -0.00089360760898225637 -0.00019973615791870882
leaf_weight=833 657 48 73 144 330
leaf_count=833 657 48 73 144 330
internal_value=-0.000316244 0.000820083 0.000458149 -0.00127449 -0.000877655
internal_weight=2085 954 906 1131 987
internal_count=2085 954 906 1131 987
is_linear=0
shrinkage=0.04


Tree=96
num_leaves=6
num_cat=0
split_feature=82 110 43 37 4
split_gain=1.13594 1.19803 1.89878 1.42809 0.00516917
threshold=-0.54158157737510759 0.38012005875050064 1.6138771383318904 -1.0144064928843555 0.39858229826147235
decision_type=2 2 2 2 2
left_child=4 3 -3 -2 -1
right_child=1 2 -4 -5 -6
leaf_value=-0.00064348928827438485 0.00019465570501591637 2.1607493920224014e-05 0.00055596944802820927 -8.4770878095106016e-05 -0.00061363300950975316
leaf_weight=110 96 617 40 1182 40
leaf_count=110 96 617 40 1182 40
internal_value=-0.000354577 -9.29282e-05 0.00129287 -0.000806251 -0.00368421
internal_weight=2085 1935 657 1278 150
internal_count=2085 1935 657 1278 150
is_linear=0
shrinkage=0.04


Tree=97
num_leaves=7
num_cat=0
split_feature=21 109 67 72 107 105
split_gain=1.15529 1.66568 1.47164 1.08112 1.85357 0.909508
threshold=-0.25821951547370697 1.2097671960787604 0.038634510055147377 -0.87465459742019747 0.1642026081729473 0.60016010559483057
decision_type=2 2 2 2 2 2
left_child=1 2 -1 4 -2 -5
right_child=3 -3 -4 5 -6 -7
leaf_value=-7.3956060222560887e-05 0.0002467220088234983 0.00037445049945964857 0.00028077434060201411 -1.9084960740861499e-05 -0.00012475787095516381 -0.00055187624871031067
leaf_weight=430 82 40 292 920 89 232
leaf_count=430 82 40 292 920 89 232
internal_value=-0.000412076 0.000827224 0.00037569 -0.00112604 0.00182659 -0.00156673
internal_weight=2085 762 722 1323 171 1152
internal_count=2085 762 722 1323 171 1152
is_linear=0
shrinkage=0.04


Tree=98
num_leaves=8
num_cat=0
split_feature=59 74 28 17 80 26 74
split_gain=1.11449 1.43302 3.46526 1.97589 1.29658 1.29666 0.961522
threshold=0.031610518858387907 -0.39531720997134706 0.50193416072974906 -0.42093986581188408 -0.893318901244747 0.19971213821848041 -0.78056654050841179
decision_type=2 2 2 2 2 2 2
left_child=4 2 -2 -3 5 -1 -6
right_child=1 3 -4 -5 6 -7 -8
leaf_value=0.00060894609917490285 0.00045054099926596206 9.9996384033459109e-05 -0.00017994925298232478 -0.00012824528021130783 1.4204843521659638e-05 -1.3766407145244255e-05 -0.00024787543792942525
leaf_weight=41 101 310 73 512 180 46 822
leaf_count=41 101 310 73 512 180 46 822
internal_value=-0.000469575 0.000496993 0.00377273 -0.000203884 -0.00135289 0.0032809 -0.00176096
internal_weight=2085 996 174 822 1089 87 1002
internal_count=2085 996 174 822 1089 87 1002
is_linear=0
shrinkage=0.04


Tree=99
num_leaves=8
num_cat=0
split_feature=63 60 116 83 112 37 70
split_gain=1.2208 1.69218 2.27547 1.75664 0.858445 0.957027 0.891922
threshold=-0.091358353550351976 -0.81131495446810209 -0.14031384870517979 -0.15361064897202806 -1.5574111556750152 0.16911432671026064 0.323037340726888
decision_type=2 2 2 2 2 2 2
left_child=4 3 -3 -2 5 -1 -6
right_child=1 2 -4 -5 6 -7 -8
leaf_value=0.00024261979860533024 0.00051603954530285412 0.00014145898640253212 -8.5245665848672668e-05 2.0425832429155251e-05 -0.00023663940213731625 -8.168390090118775e-06 2.4022521091039792e-05
leaf_weight=40 40 360 648 99 664 40 194
leaf_count=40 40 360 648 99 664 40 194
internal_value=-0.000412076 0.00046301 -0.000110892 0.00456737 -0.00148085 0.00243902 -0.00185116
internal_weight=2085 1147 1008 139 938 80 858
internal_count=2085 1147 1008 139 938 80 858
is_linear=0
shrinkage=0.04


Tree=100
num_leaves=6
num_cat=0
split_feature=95 116 64 102 58
split_gain=1.10031 1.13999 1.84249 1.09003 0.900909
threshold=1.259642706351966 -0.18969914012005928 0.29043009005934489 0.092656411392719559 -0.44655141967424544
decision_type=2 2 2 2 2
left_child=1 2 -1 -3 -2
right_child=4 3 -4 -5 -6
leaf_value=-6.9913062339511489e-05 0.00019701347613900223 -5.8576394185939387e-06 0.00032903245106853169 -0.00025540350152569876 -8.7798295438293786e-06
leaf_weight=481 42 717 209 594 42
leaf_count=481 42 717 209 594 42
internal_value=-0.000431242 -0.000621069 0.000693641 -0.00131302 0.004
internal_weight=2085 2001 690 1311 84
internal_count=2085 2001 690 1311 84
is_linear=0
shrinkage=0.04


Tree=101
num_leaves=6
num_cat=0
split_feature=82 117 74 48 4
split_gain=1.10992 1.23489 1.84878 1.75961 0.00516917
threshold=-0.54158157737510759 0.096354722169908799 -0.53299855167897137 0.73310003206198293 0.39858229826147235
decision_type=2 2 2 2 2
left_child=4 3 -3 -2 -1
right_child=1 2 -4 -5 -6
leaf_value=-0.00059675934214000175 5.5835312120934956e-05 0.00030973524434795913 -0.00012251133608960922 -0.00026997554219531733 -0.00056634142504546436
leaf_weight=110 809 57 837 232 40
leaf_count=110 809 57 837 232 40
internal_value=-0.000392909 -0.000134229 -0.00122322 0.000801533 -0.00368421
internal_weight=2085 1935 894 1041 150
internal_count=2085 1935 894 1041 150
is_linear=0
shrinkage=0.04


Tree=102
num_leaves=8
num_cat=0
split_feature=66 104 64 63 13 57 42
split_gain=1.17032 1.18447 3.02459 1.00847 0.978256 1.512 0.64928
threshold=0.29542200000039426 1.1112091308816077 0.1111249969972179 0.64792939836714225 0.51019149398478569 -0.38646407506385333 0.60918131257423658
decision_type=2 2 2 2 2 2 2
left_child=1 3 -3 -1 5 -2 -6
right_child=4 2 -4 -5 6 -7 -8
leaf_value=-0.00011372500420646215 0.00036058360133994516 -3.4734284293618916e-05 0.00083688075038452635 2.9421642001143194e-05 -0.00024946383657356228 1.3575377037094088e-05 0.00013249316565532395
leaf_weight=1039 90 86 40 245 140 405 40
leaf_count=1039 90 86 40 245 140 405 40
internal_value=-0.000392909 -0.00104816 0.002625 -0.00141213 0.000974888 0.00189135 -0.00153846
internal_weight=2085 1410 126 1284 675 495 180
internal_count=2085 1410 126 1284 675 495 180
is_linear=0
shrinkage=0.04


Tree=103
num_leaves=6
num_cat=0
split_feature=26 114 70 43 84
split_gain=1.1427 1.41178 1.39662 1.12841 0.166615
threshold=0.84684129595688118 -0.75119659166503727 0.323037340726888 1.0945703690275452 -0.83868357144057315
decision_type=2 2 2 2 2
left_child=1 3 -3 -1 -2
right_child=4 2 -4 -5 -6
leaf_value=1.3474025764115927e-05 -0.00015351937738104595 -7.5438058776526403e-05 0.00011771361054082176 0.00048047642294012538 -0.00046898597098597988
leaf_weight=253 64 1214 352 50 152
leaf_count=253 64 1214 352 50 152
internal_value=-0.000488741 -0.000168895 -0.000653062 0.00232131 -0.00322936
internal_weight=2085 1869 1566 303 216
internal_count=2085 1869 1566 303 216
is_linear=0
shrinkage=0.04


Tree=104
num_leaves=5
num_cat=0
split_feature=35 66 39 37
split_gain=1.04778 1.10735 1.08266 0.942728
threshold=-1.3740202387274054 0.26459034614762605 0.48751820202491386 -0.9833908036393213
decision_type=2 2 2 2
left_child=-1 3 -3 -2
right_child=1 2 -4 -5
leaf_value=0.00015541337803303478 6.3768556166914108e-05 4.7951562153468011e-05 -9.7948853255629364e-05 -7.8013967092634205e-05
leaf_weight=45 79 508 185 1268
leaf_count=45 79 508 185 1268
internal_value=-0.000373743 -0.000509306 0.000788488 -0.00117717
internal_weight=2085 2040 693 1347
internal_count=2085 2040 693 1347
is_linear=0
shrinkage=0.04


Tree=105
num_leaves=6
num_cat=0
split_feature=82 74 109 19 2
split_gain=1.10992 1.14448 2.26079 1.78607 0.00516917
threshold=-0.54158157737510759 -0.221368017023748 -0.28010049359021766 -0.45197910553355336 0.41848717582080641
decision_type=2 2 2 2 2
left_child=4 2 -2 -3 -1
right_child=1 3 -4 -5 -6
leaf_value=-0.00055836303673121701 0.00024139998445147037 3.4330741456369614e-05 -8.3707516838961843e-06 -0.0002014556335778963 -0.00068458178938416315
leaf_weight=110 207 459 471 798 40
leaf_count=110 207 459 471 798 40
internal_value=-0.000392909 -0.000134229 0.00118823 -0.000848293 -0.00368421
internal_weight=2085 1935 678 1257 150
internal_count=2085 1935 678 1257 150
is_linear=0
shrinkage=0.04


Tree=106
num_leaves=6
num_cat=0
split_feature=38 59 100 28 67
split_gain=0.970053 1.28941 1.53382 1.20478 1.08917
threshold=-0.98626723733458643 0.031610518858387907 -1.0590009648930749 -0.55871207916570631 0.28623595988023748
decision_type=2 2 2 2 2
left_child=3 4 -3 -1 -2
right_child=1 2 -4 -5 -6
leaf_value=0.00017064129892582999 -0.00018411012822098114 0.00014917479154561374 -2.9734715255096263e-07 -3.3575990724120875e-05 2.2955598379716294e-06
leaf_weight=40 652 65 920 41 367
leaf_count=40 652 65 920 41 367
internal_value=-0.000431242 -0.000606182 0.000425531 0.00380723 -0.00160235
internal_weight=2085 2004 985 81 1019
internal_count=2085 2004 985 81 1019
is_linear=0
shrinkage=0.04


Tree=107
num_leaves=7
num_cat=0
split_feature=1 90 104 100 53 3
split_gain=1.10899 1.34839 1.45121 0.618603 0.897274 0.00480005
threshold=-0.070706466792281888 -1.3023003104933837 1.0498667764881404 0.55267692440769711 -0.74999999999999989 0.68871088351248833
decision_type=2 2 2 2 2 2
left_child=1 -1 -3 4 -2 -5
right_child=3 2 -4 5 -6 -7
leaf_value=0.00018101702244816318 4.637062509861344e-05 -1.914736501116732e-06 0.00046241558718017128 -0.00081512305964662776 -4.8626500729818555e-05 -0.0015204941126320498
leaf_weight=40 61 834 80 104 926 40
leaf_count=40 61 834 80 104 926 40
internal_value=-0.000392909 0.000610878 0.000288209 -0.00123919 -0.000877655 -0.00367123
internal_weight=2085 954 914 1131 987 144
internal_count=2085 954 914 1131 987 144
is_linear=0
shrinkage=0.04


Tree=108
num_leaves=6
num_cat=0
split_feature=95 116 37 87 18
split_gain=1.06266 1.07724 1.69496 0.818149 0.747826
threshold=1.259642706351966 -0.13108449229223837 -1.0144064928843555 2.0387652011082835 -0.31852764104007508
decision_type=2 2 2 2 2
left_child=1 2 -1 -3 -2
right_child=4 3 -4 -5 -6
leaf_value=0.00050173361690532443 0.00059294879344010164 -8.2868123254076291e-05 2.5353845709105156e-06 2.2160266196265441e-05 -3.3979012719640778e-05
leaf_weight=61 44 1119 707 114 40
leaf_count=61 44 1119 707 114 40
internal_value=-0.000354577 -0.000541189 0.000633765 -0.00127288 0.004
internal_weight=2085 2001 768 1233 84
internal_count=2085 2001 768 1233 84
is_linear=0
shrinkage=0.04


Tree=109
num_leaves=8
num_cat=0
split_feature=110 30 63 73 28 53 17
split_gain=1.10565 1.53551 1.76411 1.30923 1.81641 0.882349 0.403672
threshold=0.38012005875050064 0.65837210919391642 -0.53105056069010081 -0.099934770887596627 -0.72062693905382014 -0.74999999999999989 0.71297615633169942
decision_type=2 2 2 2 2 2 2
left_child=3 2 -2 4 -1 -5 -3
right_child=1 6 -4 5 -6 -7 -8
leaf_value=0.00028821619007051753 -8.1090395564378031e-05 -0.00027594163017025688 0.00012287659504853644 2.2486803996091462e-05 -1.2437612345337742e-05 -0.00020455399243065876 4.3380086797875326e-05
leaf_weight=67 221 124 344 81 467 741 40
leaf_count=67 221 124 344 81 467 741 40
internal_value=-0.000373743 0.000880984 0.00186949 -0.0010486 0.000492536 -0.00204854 -0.00250603
internal_weight=2085 729 565 1356 534 822 164
internal_count=2085 729 565 1356 534 822 164
is_linear=0
shrinkage=0.04


Tree=110
num_leaves=5
num_cat=0
split_feature=95 74 28 17
split_gain=0.951816 1.15537 2.087 1.1433
threshold=1.4126753693792835 -0.53299855167897137 0.47807780444313225 -0.42093986581188408
decision_type=2 2 2 2
left_child=1 2 -1 -3
right_child=-2 3 -4 -5
leaf_value=0.00011660664778313536 0.00017472876018774148 1.4019226926793024e-05 -0.0002430045203380487 -0.0001317391870851788
leaf_weight=303 54 558 150 1020
leaf_count=303 54 558 150 1020
internal_value=-0.000431242 -0.000572554 0.00120439 -0.00108355
internal_weight=2085 2031 453 1578
internal_count=2085 2031 453 1578
is_linear=0
shrinkage=0.04


Tree=111
num_leaves=6
num_cat=0
split_feature=80 63 59 110 43
split_gain=0.952636 1.73158 1.22808 1.28003 1.13334
threshold=-0.91976025066185085 0.24554452457609421 -0.15576303986544163 0.33310986582791929 -0.74626320905808452
decision_type=2 2 2 2 2
left_child=1 -1 4 -4 -2
right_child=2 -3 3 -5 -6
leaf_value=-3.8166662538337615e-05 7.0321037457502032e-05 0.00057883056458486303 -3.8413475876802238e-05 7.7806404626518401e-05 -0.00016806828309842413
leaf_weight=41 76 40 762 471 695
leaf_count=41 76 40 762 471 695
internal_value=-0.000392909 0.00380723 -0.000566302 0.000217003 -0.0018163
internal_weight=2085 81 2004 1233 771
internal_count=2085 81 2004 1233 771
is_linear=0
shrinkage=0.04


Tree=112
num_leaves=6
num_cat=0
split_feature=82 93 92 9 37
split_gain=0.964261 1.23793 1.87786 1.28864 0.287353
threshold=-0.50375632085360811 0.10771953009894698 0.81501724792302366 -1.3718299940001393 -0.49260267733458968
decision_type=2 2 2 2 2
left_child=4 2 -2 -3 -1
right_child=1 3 -4 -5 -6
leaf_value=-1.5608465845437675e-05 5.7588521484381715e-06 0.00044204861965911396 0.00011554527203069255 -6.280655163818116e-05 -0.00050077894240419711
leaf_weight=42 942 62 93 802 144
leaf_count=42 942 62 93 802 144
internal_value=-0.000373743 -0.000103105 0.000829314 -0.0012194 -0.00310638
internal_weight=2085 1899 1035 864 186
internal_count=2085 1899 1035 864 186
is_linear=0
shrinkage=0.04


Tree=113
num_leaves=8
num_cat=0
split_feature=59 74 28 17 85 33 42
split_gain=0.952495 1.56465 3.14294 1.70771 0.983874 1.04062 0.160355
threshold=0.031610518858387907 -0.39531720997134706 0.50193416072974906 -0.42093986581188408 0.34538143847012798 0.58023830728278369 -0.5935114089646446
decision_type=2 2 2 2 2 2 2
left_child=4 2 -2 -3 5 -1 -6
right_child=1 3 -4 -5 6 -7 -8
leaf_value=4.3949963275422097e-06 0.00039854210098555064 6.6499510311816189e-05 -0.00017535853713422628 -7.4882839053988146e-05 -4.3174767850690685e-07 -0.00031357060120219322 -0.00051351859680448639
leaf_weight=569 101 310 73 512 40 271 209
leaf_count=569 101 310 73 512 40 271 209
internal_value=-0.000316244 0.000577153 0.004 -0.000155341 -0.00113291 -0.00047506 -0.00333068
internal_weight=2085 996 174 822 1089 840 249
internal_count=2085 996 174 822 1089 840 249
is_linear=0
shrinkage=0.04


Tree=114
num_leaves=6
num_cat=0
split_feature=26 115 35 110 84
split_gain=1.11872 1.46316 1.34579 0.807569 0.171895
threshold=0.85949401992344543 0.34664471963646698 0.97919605851849922 0.088305380622653057 -0.83868357144057315
decision_type=2 2 2 2 2
left_child=1 2 -1 -3 -2
right_child=4 3 -4 -5 -6
leaf_value=2.3040080083878436e-05 -0.0001887666091349015 -0.00040316580708013979 -0.00021164899363086673 3.6761602382937757e-05 -0.00051835996438785172
leaf_weight=1113 62 413 149 202 146
leaf_count=1113 62 413 149 202 146
internal_value=-0.000431242 -0.000121342 0.000658227 -0.00171799 -0.0032
internal_weight=2085 1877 1262 615 208
internal_count=2085 1877 1262 615 208
is_linear=0
shrinkage=0.04


Tree=115
num_leaves=7
num_cat=0
split_feature=64 58 117 80 35 70
split_gain=1.17591 1.97987 2.55882 1.69624 0.694647 0.749013
threshold=-0.10413683702856578 -0.15341557678668913 0.2405468689496186 -0.91976025066185085 -1.1008931631164416 0.323037340726888
decision_type=2 2 2 2 2 2
left_child=4 2 -2 -3 -1 -6
right_child=1 3 -4 -5 5 -7
leaf_value=2.8296329004470272e-05 0.00023723578897108494 0.00054479422224320629 -1.151946834499562e-06 -6.9035741198623615e-05 -0.00019470530590096245 4.6047817535280875e-05
leaf_weight=58 200 44 263 648 678 194
leaf_count=58 200 44 263 648 678 194
internal_value=-0.000316244 0.000535868 0.00255484 -0.000818445 -0.00137339 -0.00165675
internal_weight=2085 1155 463 692 930 872
internal_count=2085 1155 463 692 930 872
is_linear=0
shrinkage=0.04


Tree=116
num_leaves=7
num_cat=0
split_feature=74 28 28 0 95 69
split_gain=1.11781 2.61549 1.96325 1.23558 1.26576 1.21334
threshold=-0.78056654050841179 0.42117269813424874 -0.11421580943614029 -0.54363030615929719 1.259642706351966 0.50810321121361279
decision_type=2 2 2 2 2 2
left_child=1 2 -1 5 -5 -2
right_child=3 -3 -4 4 -6 -7
leaf_value=1.8848598351622274e-06 2.616013744439561e-05 -0.00060906744831202946 0.00024910082599967793 -6.7221044865876624e-05 0.00011952446997070707 0.00042855930379015348
leaf_weight=70 419 81 77 1336 62 40
leaf_count=70 419 81 77 1336 62 40
internal_value=-0.000335411 0.00229565 0.00544966 -0.000660571 -0.00125143 0.00113666
internal_weight=2085 228 147 1857 1398 459
internal_count=2085 228 147 1857 1398 459
is_linear=0
shrinkage=0.04


Tree=117
num_leaves=5
num_cat=0
split_feature=95 93 116 116
split_gain=0.950063 0.923488 1.3851 0.695785
threshold=1.4267902427952577 0.10771953009894698 -0.10498405862789252 0.82547574691642245
decision_type=2 2 2 2
left_child=1 2 -1 -3
right_child=-2 3 -4 -5
leaf_value=7.1620096122172635e-05 0.00021170232212342063 -0.0001509111061558903 -4.2231044846790984e-05 -2.2085636537795669e-07
leaf_weight=525 48 594 654 264
leaf_count=525 48 594 654 264
internal_value=-0.000488741 -0.000621874 0.000104995 -0.00161861
internal_weight=2085 2037 1179 858
internal_count=2085 2037 1179 858
is_linear=0
shrinkage=0.04


Tree=118
num_leaves=7
num_cat=0
split_feature=59 106 116 87 38 71
split_gain=0.989847 1.30388 1.73311 1.25033 1.75971 0.410414
threshold=0.031610518858387907 -1.061673356207417 -0.12070878953880701 0.054955450565777657 -0.81171972861555153 -0.88328159785580784
decision_type=2 2 2 2 2 2
left_child=3 -2 -3 4 -1 -5
right_child=1 2 -4 5 -6 -7
leaf_value=0.00016199189270863854 0.00025564561512567103 0.00027254297694558586 -1.7236514757850215e-05 1.2411452235520189e-06 -3.9953160589083313e-05 -0.00028894947924434548
leaf_weight=87 57 204 735 42 603 357
leaf_count=87 57 204 735 42 603 357
internal_value=-0.000373743 0.000537073 0.000174282 -0.00120623 -0.000173411 -0.00298254
internal_weight=2085 996 939 1089 690 399
internal_count=2085 996 939 1089 690 399
is_linear=0
shrinkage=0.04


Tree=119
num_leaves=5
num_cat=0
split_feature=95 45 100 15
split_gain=0.930195 0.995991 1.47458 1.19528
threshold=1.4267902427952577 0.28719517213240259 0.52042797964454646 -1.1653465165260004
decision_type=2 2 2 2
left_child=1 2 -1 -3
right_child=-2 3 -4 -5
leaf_value=1.5561447066492512e-05 0.0002039236898287979 5.2432204533237137e-05 -0.0005807099623737252 -9.8009007479011784e-05
leaf_weight=1124 48 40 222 651
leaf_count=1124 48 40 222 651
internal_value=-0.000431242 -0.000563022 7.12157e-05 -0.00179509
internal_weight=2085 2037 1346 691
internal_count=2085 2037 1346 691
is_linear=0
shrinkage=0.04


end of trees

feature_importances:
Column_74=44
Column_37=35
Column_80=30
Column_63=26
Column_64=25
Column_59=23
Column_86=21
Column_110=21
Column_70=19
Column_116=18
Column_28=16
Column_114=15
Column_35=12
Column_13=11
Column_36=11
Column_87=11
Column_115=11
Column_47=10
Column_82=10
Column_117=10
Column_38=9
Column_42=9
Column_30=8
Column_81=8
Column_95=8
Column_1=7
Column_3=7
Column_29=7
Column_66=7
Column_104=7
Column_112=7
Column_34=6
Column_73=6
Column_93=6
Column_100=6
Column_109=6
Column_2=5
Column_4=5
Column_10=5
Column_17=5
Column_25=5
Column_39=5
Column_45=5
Column_48=5
Column_79=5
Column_94=5
Column_11=4
Column_14=4
Column_26=4
Column_43=4
Column_58=4
Column_60=4
Column_62=4
Column_98=4
Column_105=4
Column_0=3
Column_6=3
Column_15=3
Column_33=3
Column_41=3
Column_53=3
Column_57=3
Column_67=3
Column_69=3
Column_96=3
Column_102=3
Column_19=2
Column_44=2
Column_46=2
Column_56=2
Column_61=2
Column_84=2
Column_88=2
Column_90=2
Column_106=2
Column_107=2
Column_111=2
Column_118=2
Column_9=1
Column_16=1
Column_18=1
Column_20=1
Column_21=1
Column_24=1
Column_31=1
Column_40=1
Column_49=1
Column_65=1
Column_68=1
Column_71=1
Column_72=1
Column_78=1
Column_83=1
Column_85=1
Column_92=1
Column_97=1

parameters:
[boosting: gbdt]
[objective: quantile]
[metric: quantile]
[tree_learner: serial]
[device_type: cpu]
[data_sample_strategy: bagging]
[data: ]
[valid: ]
[num_iterations: 120]
[learning_rate: 0.04]
[num_leaves: 15]
[num_threads: 2]
[seed: 42]
[deterministic: 0]
[force_col_wise: 0]
[force_row_wise: 0]
[histogram_pool_size: -1]
[max_depth: 3]
[min_data_in_leaf: 40]
[min_sum_hessian_in_leaf: 0.001]
[bagging_fraction: 0.85]
[pos_bagging_fraction: 1]
[neg_bagging_fraction: 1]
[bagging_freq: 0]
[bagging_seed: 400]
[bagging_by_query: 0]
[feature_fraction: 0.8]
[feature_fraction_bynode: 1]
[feature_fraction_seed: 30056]
[extra_trees: 0]
[extra_seed: 12879]
[early_stopping_round: 0]
[early_stopping_min_delta: 0]
[first_metric_only: 0]
[max_delta_step: 0]
[lambda_l1: 0]
[lambda_l2: 2]
[linear_lambda: 0]
[min_gain_to_split: 0]
[drop_rate: 0.1]
[max_drop: 50]
[skip_drop: 0.5]
[xgboost_dart_mode: 0]
[uniform_drop: 0]
[drop_seed: 17869]
[top_rate: 0.2]
[other_rate: 0.1]
[min_data_per_group: 100]
[max_cat_threshold: 32]
[cat_l2: 10]
[cat_smooth: 10]
[max_cat_to_onehot: 4]
[top_k: 20]
[monotone_constraints: ]
[monotone_constraints_method: basic]
[monotone_penalty: 0]
[feature_contri: ]
[forcedsplits_filename: ]
[refit_decay_rate: 0.9]
[cegb_tradeoff: 1]
[cegb_penalty_split: 0]
[cegb_penalty_feature_lazy: ]
[cegb_penalty_feature_coupled: ]
[path_smooth: 0]
[interaction_constraints: ]
[verbosity: -1]
[saved_feature_importance_type: 0]
[use_quantized_grad: 0]
[num_grad_quant_bins: 4]
[quant_train_renew_leaf: 0]
[stochastic_rounding: 1]
[linear_tree: 0]
[max_bin: 255]
[max_bin_by_feature: ]
[min_data_in_bin: 3]
[bin_construct_sample_cnt: 200000]
[data_random_seed: 175]
[is_enable_sparse: 1]
[enable_bundle: 1]
[use_missing: 1]
[zero_as_missing: 0]
[feature_pre_filter: 1]
[pre_partition: 0]
[two_round: 0]
[header: 0]
[label_column: ]
[weight_column: ]
[group_column: ]
[ignore_column: ]
[categorical_feature: ]
[forcedbins_filename: ]
[precise_float_parser: 0]
[parser_config_file: ]
[objective_seed: 16083]
[num_class: 1]
[is_unbalance: 0]
[scale_pos_weight: 1]
[sigmoid: 1]
[boost_from_average: 1]
[reg_sqrt: 0]
[alpha: 0.9]
[fair_c: 1]
[poisson_max_delta_step: 0.7]
[tweedie_variance_power: 1.5]
[lambdarank_truncation_level: 30]
[lambdarank_norm: 1]
[label_gain: ]
[lambdarank_position_bias_regularization: 0]
[eval_at: ]
[multi_error_top_k: 1]
[auc_mu_weights: ]
[num_machines: 1]
[local_listen_port: 12400]
[time_out: 120]
[machine_list_filename: ]
[machines: ]
[gpu_platform_id: -1]
[gpu_device_id: -1]
[gpu_device_id_list: ]
[gpu_use_dp: 0]
[num_gpu: 1]

end of parameters

pandas_categorical:null
