tree
version=v4
num_class=1
num_tree_per_iteration=1
label_index=0
max_feature_idx=118
objective=quantile
feature_names=Column_0 Column_1 Column_2 Column_3 Column_4 Column_5 Column_6 Column_7 Column_8 Column_9 Column_10 Column_11 Column_12 Column_13 Column_14 Column_15 Column_16 Column_17 Column_18 Column_19 Column_20 Column_21 Column_22 Column_23 Column_24 Column_25 Column_26 Column_27 Column_28 Column_29 Column_30 Column_31 Column_32 Column_33 Column_34 Column_35 Column_36 Column_37 Column_38 Column_39 Column_40 Column_41 Column_42 Column_43 Column_44 Column_45 Column_46 Column_47 Column_48 Column_49 Column_50 Column_51 Column_52 Column_53 Column_54 Column_55 Column_56 Column_57 Column_58 Column_59 Column_60 Column_61 Column_62 Column_63 Column_64 Column_65 Column_66 Column_67 Column_68 Column_69 Column_70 Column_71 Column_72 Column_73 Column_74 Column_75 Column_76 Column_77 Column_78 Column_79 Column_80 Column_81 Column_82 Column_83 Column_84 Column_85 Column_86 Column_87 Column_88 Column_89 Column_90 Column_91 Column_92 Column_93 Column_94 Column_95 Column_96 Column_97 Column_98 Column_99 Column_100 Column_101 Column_102 Column_103 Column_104 Column_105 Column_106 Column_107 Column_108 Column_109 Column_110 Column_111 Column_112 Column_113 Column_114 Column_115 Column_116 Column_117 Column_118
feature_infos=[-6.1606048776228217:6.6219814583080669] [-5.7067413616328917:5.5350567065524858] [-4.9180996974151672:4.2003706134940373] [-4.3937862931603391:3.871835743465204] [-3.6190394930874965:2.1480256744107136] [-2.5902615025086546:2.3771940539197742] [-4.2630756286870133:3.9993925483302752] [-1.3559997152147163:6.6073214334769803] [-1.6831475035520862:1.6466215059836915] [-3.5850805469764846:2.1967005172318714] [-1.4760506518107108:5.2011671391493968] [-2.4780622080933066:2.1648995696719133] [-2.5603889496258159:2.4641038661114165] [-1.4333546782265267:3.8912139231030243] [-2.8167078166364408:2.6193482896771441] [-1.581504386401029:1.625072627470874] [-1.7852776703800257:1.7947019087002705] [-0.95830388484865159:0.77249583021617374] [-1.0010762428662809:0.7796803817968414] [-0.95830388484865137:0.77249583021617374] [-2.2506158466940249:1.6672164477855249] [-4.0607863319443878:4.1646801156877142] [-3.2732544149618161:2.2875220056104686] [-2.3343744982921653:2.6113518665708813] [-2.1770459453821327:1.5908812977464315] [-2.2035620854388802:1.593348917372599] [-3.3400275164522943:2.0169119962988682] [-1.7897437255612563:1.4175089486341408] [-1.1636509024985962:3.5665892077165484] [-3.7629203481328455:4.3342071273207727] [-3.730556738156483:4.5450982365276271] [-3.0606709627808897:3.2615923735986101] [-3.2098931781042839:3.4562908592291137] [-1.9982101454511534:2.1055755104380105] [-2.2501297388130732:2.2764501394514376] [-1.7448893556548817:1.765680286821999] [-1.8175838744227397:1.8582618510101747] [-1.5515702478437423:3.8196044760596881] [-1.4829390028622216:5.0606551058092091] [-1.4222384987058101:3.7500748052978481] [-1.1468253309825105:3.07136478095829] [-1.6728696339648523:1.4279614394091198] [-1.9769107103879799:1.7102274222960852] [-1.7340295971406858:13.890310696683292] [-177.82111752387542:158.762060057974] [-385.42132313611643:127.30846656208102] [-318.48881470142248:74.753516390689072] [-1.3629440559031396:2.8318858526659731] [-1.9416966520546597:1.9964052702071882] [-1.1942777173206425:9.0913758780461507] [-4.8843657004168959:4.4479407572965455] [-9.0513061149149188:6.7223581823360732] [-1:1] [-0.83333333333333337:1] [0:1] [0:1] [-6.446615259009894:3.3476783208325691] [-3.0024879037146261:2.2630743302183647] [-2.4277407793464381:2.2324700196572684] [-1.0354800116144673:3.0652855186476158] [-2.3193638721763636:1.8235888132755618] [-2.8188215950848576:0.57271190982175657] [-4.5667178926929983:3.7059671561626444] [-3.1772384254057369:2.3907147050444273] [-2.8667697813160551:2.01412122513953] [-3.0002459750801735:3.9370045951319046] [-3.3739110496385072:2.2626198307305581] [-2.239516664605933:1.5584747647183426] [-0.93697117596071833:2.0220499570071921] [-2.0154914572004818:1.2339560424396376] [-1.3366098945188987:0.3770757401476007] [-4.5555190576284526:7.1557652811308081] [-4.217385099577494:5.8885366940074748] [-2.4626633318651399:4.2374123589971333] [-1.283442964885442:4.8821006281693888] [-1.198822348954738:7.9108586421849623] [-1.0229572844698889:2.2768242630354831] [-6.5275920020349076:6.7165449034812053] [-4.5882388230428264:3.5592698813316792] [-3.3182060840226968:3.7070222749088066] [-1.1882838270317675:3.4442640272481717] [-1.7355030269111138:4.4006413073004458] [-0.76803539336990334:1.9704461234130477] [-10.940109102205774:10.721724430175531] [-5.7841733397252773:5.0623763342845445] [-3.4073703364948722:3.7884075229158656] [-1.0017307771004424:3.0665350147616248] [-2.082727864293128:4.0849152571190066] [-1.3314568364984112:0.75383636775604623] [-3.9888602055808566:2.9926390575513251] [-3.4199749811739748:3.0211603831946436] [-2.5361100585999639:1.7698197291323123] [-1.25187460536512:3.0635424565467333] [-1.9876229617924117:1.8630141182006072] [-1.3818434638356767:0.49568521372080881] [-5.2347968310734574:2.6239322669052347] [-4.0504925542691463:3.4525264495528409] [-1.8114245206414294:2.6928231955734403] [-1.4032161060881818:4.1335945281298638] [-1.6226894871461344:4.2649768799698462] [-1.4283838017608486:1.1428147595575076] [-4.241636579137591:2.43100861041665] [-3.7623116565952333:3.4912986186853878] [-1.9068088534862109:2.562053581766965] [-1.448623062985273:3.9376634533655039] [-1.4905425539733399:3.6921515251215538] [-1.4034658920182346:1.0817671316488797] [-2.7901579382621335:3.7380586372606208] [-2.2446458439936867:2.6703524621246637] [-1.9848662049506272:2.0576528307942885] [-1.4817455051083654:2.1025661497275134] [-1.4302466552534938:1.8665968121927081] [-2.1411668648900317:0.57140816941489536] [-3.0505498734136998:3.235792366873552] [-2.6772078151736252:3.4387508787816059] [-1.6026510994856018:2.352737476354096] [-0.90057154177507992:3.0013401045304731] [-1.399126594972306:2.351673936150882] [-1.3361078847309511:0.98354913380936571]
tree_sizes=764 687 773 871 780 771 779 780 780 873 772 775 868 859 766 791 783 777 866 874 870 866 866 603 870 692 871 786 696 605 695 784 871 773 862 777 780 868 782 601 780 777 780 787 867 784 698 691 780 692 775 777 783 782 692 697 773 782 695 785 686 776 694 781 692 608 692 787 779 689 778 787 604 693 608 789 783 872 603 602 785 877 776 783 602 610 873 695 694 875 607 869 868 605 603 686 781 696 692 787 689 689 693 693 603 606 520 611 520 603 609 519 867 603 519 523 609 881 792 872

Tree=0
num_leaves=7
num_cat=0
split_feature=115 48 106 31 86 48
split_gain=6.05061 6.98935 5.26229 8.51719 2.18642 2.11072
threshold=0.96212715829920559 0.37675553192764094 0.67636592492667269 -0.088766511106430288 -0.84857171600112691 -0.35473694298073738
decision_type=2 2 2 2 2 2
left_child=2 5 4 -4 -1 -2
right_child=1 -3 3 -5 -6 -7
leaf_value=-0.051399072581359201 -0.049968101253027711 -0.052783816007696993 -0.04988890392356906 -0.052139719574982236 -0.049795162377807282 -0.051438902019509215
leaf_weight=72 80 53 106 86 1611 77
leaf_count=72 80 53 106 86 1611 77
internal_value=-0.0502806 -0.0566861 -0.0495571 -0.0557968 -0.0488396 -0.0523591
internal_weight=2085 210 1875 192 1683 157
internal_count=2085 210 1875 192 1683 157
is_linear=0
shrinkage=1


Tree=1
num_leaves=6
num_cat=0
split_feature=115 4 106 31 60
split_gain=5.71369 6.06929 4.27048 8.01702 2.81245
threshold=1.1487795677033505 0.17832361491868945 0.67636592492667269 -0.088766511106430288 0.79574002522394593
decision_type=2 2 2 2 2
left_child=2 -2 4 -4 -1
right_child=1 -3 3 -5 -6
leaf_value=0.00045690331331224327 -0.00014685354557758892 -0.0019874883519434895 0.00036537379482832756 -0.0015660313028228131 -0.0006027089771642347
leaf_weight=1482 77 55 117 96 258
leaf_count=1482 77 55 117 96 258
internal_value=-9.58298e-06 -0.008 0.000538108 -0.0047814 0.00119403
internal_weight=2085 132 1953 213 1740
internal_count=2085 132 1953 213 1740
is_linear=0
shrinkage=0.04


Tree=2
num_leaves=7
num_cat=0
split_feature=40 33 110 70 36 16
split_gain=4.91568 9.27266 4.32339 4.93127 1.08508 0.42741
threshold=1.5616323326319577 -0.16824631948544286 0.1017195755950103 0.2421990902759896 1.1370954065442278 -0.65535289495014903
decision_type=2 2 2 2 2 2
left_child=2 5 3 -1 -4 -2
right_child=1 -3 4 -5 -6 -7
leaf_value=-0.00054408293317099207 0.00045342461912601479 -0.0032495164048114821 0.00068267422698042456 0.00060738825842496626 -0.00043017685340532936 -0.00014728534713546554
leaf_weight=652 40 48 822 441 42 40
leaf_count=652 40 48 822 441 42 40
internal_value=8.62484e-05 -0.00744615 0.000586013 -0.00108493 0.00269746 0.00097561
internal_weight=2085 128 1957 1093 864 80
internal_count=2085 128 1957 1093 864 80
is_linear=0
shrinkage=0.04


Tree=3
num_leaves=8
num_cat=0
split_feature=118 48 40 16 60 42 86
split_gain=4.9954 7.90721 4.54889 3.14799 2.25711 2.50256 2.37355
threshold=0.33080180962350764 0.34103008606213353 0.49681234639794902 -0.64587192525333104 0.83110540733633143 0.83282050200468627 -0.79132457132715217
decision_type=2 2 2 2 2 2 2
left_child=4 3 -3 -2 6 -6 -1
right_child=1 2 -4 -5 5 -7 -8
leaf_value=-0.00053964276685854965 0.00061168072796119694 -0.00055654028352734029 -0.0029483142230363859 -0.00030070931975514144 -4.6504087527570472e-05 -0.0010026112403685333 0.00066322740540447525
leaf_weight=147 197 81 58 378 177 42 1005
leaf_count=147 197 81 58 378 177 42 1005
internal_value=0.000105415 -0.00260335 -0.0110922 -0.000519931 0.00151784 -0.00219005 0.0022253
internal_weight=2085 714 139 575 1371 219 1152
internal_count=2085 714 139 575 1371 219 1152
is_linear=0
shrinkage=0.04


Tree=4
num_leaves=7
num_cat=0
split_feature=118 33 10 86 60 0
split_gain=5.06627 5.97637 7.48249 1.938 2.20441 0.710143
threshold=0.33080180962350764 -0.39770650765407434 0.93830731128307721 -0.84857171600112691 0.83110540733633143 0.60931231017627718
decision_type=2 2 2 2 2 2
left_child=3 5 -3 -1 -5 -2
right_child=1 2 -4 4 -6 -7
leaf_value=-0.0010848356035367324 0.00052782624211942511 -0.00044158287278640471 -0.0030629478518148291 0.00059380698540602013 -0.00035148941787106812 -5.9751396281730044e-05
leaf_weight=72 238 372 64 1086 213 40
leaf_count=72 238 372 64 1086 213 40
internal_value=0.000124581 -0.00260335 -0.00551598 0.00154698 0.00190315 0.00197143
internal_weight=2085 714 436 1371 1299 278
internal_count=2085 714 436 1371 1299 278
is_linear=0
shrinkage=0.04


Tree=5
num_leaves=7
num_cat=0
split_feature=110 59 29 85 40 36
split_gain=3.94715 8.32799 7.83504 3.05539 2.21073 1.07328
threshold=0.1017195755950103 1.0386718760693918 -0.11136845545805556 -0.35883519558242744 1.7039010301362338 1.1370954065442278
decision_type=2 2 2 2 2 2
left_child=1 3 -3 -1 5 -2
right_child=4 2 -4 -5 -6 -7
leaf_value=-0.00082385376856050879 0.00064418875783954391 7.390648365896537e-05 -0.0018226378496728984 0.00018457149562162376 -0.0014178004716468413 -0.00039322560810528122
leaf_weight=264 831 44 55 789 60 42
leaf_count=264 831 44 55 789 60 42
internal_value=0.000220412 -0.00134489 -0.0123168 -0.000291943 0.00215187 0.00266514
internal_weight=2085 1152 99 1053 933 873
internal_count=2085 1152 99 1053 933 873
is_linear=0
shrinkage=0.04


Tree=6
num_leaves=7
num_cat=0
split_feature=118 48 40 112 86 60
split_gain=4.41804 6.13101 3.89067 2.6187 1.96471 2.27326
threshold=0.28002852010230522 0.34103008606213353 0.49681234639794902 0.32976645076937888 -0.84857171600112691 0.83110540733633143
decision_type=2 2 2 2 2 2
left_child=4 3 -3 -2 -1 -6
right_child=1 2 -4 -5 5 -7
leaf_value=-0.0010084880286528428 7.1856320058871168e-05 -0.00050472695221513892 -0.0026511517211764628 -0.0015117518068187585 0.00057848277744538862 -0.00036319739146980725
leaf_weight=72 543 84 58 56 1059 213
leaf_count=72 543 84 58 56 1059 213
internal_value=0.000220412 -0.00225572 -0.00966667 -0.000472546 0.00158692 0.0019529
internal_weight=2085 741 142 599 1344 1272
internal_count=2085 741 142 599 1344 1272
is_linear=0
shrinkage=0.04


Tree=7
num_leaves=7
num_cat=0
split_feature=118 16 10 86 60 107
split_gain=4.10775 5.46589 8.0897 1.91475 2.13209 1.21821
threshold=0.28002852010230522 -0.20098156494967098 0.7298003455909996 -0.88357368638786371 0.83110540733633143 0.53809486939784545
decision_type=2 2 2 2 2 2
left_child=3 5 -3 -1 -5 -2
right_child=1 2 -4 4 -6 -7
leaf_value=-0.0010221206703431066 0.00025652213246963945 -0.0003294611923458784 -0.0027114691252298965 0.00054201044169579528 -0.00034866949581101482 -7.5785030348766842e-05
leaf_weight=45 301 303 68 1086 213 69
leaf_count=45 301 303 68 1086 213 69
internal_value=0.000239578 -0.00214805 -0.00556568 0.00155721 0.00184166 0.00129032
internal_weight=2085 741 371 1344 1299 370
internal_count=2085 741 371 1344 1299 370
is_linear=0
shrinkage=0.04


Tree=8
num_leaves=7
num_cat=0
split_feature=118 33 10 86 60 107
split_gain=3.86044 5.47317 6.30074 1.91019 2.26281 0.673286
threshold=0.28002852010230522 -0.41896043069944627 0.7298003455909996 -0.84857171600112691 0.805483801866966 0.53809486939784545
decision_type=2 2 2 2 2 2
left_child=3 5 -3 -1 -5 -2
right_child=1 2 -4 4 -6 -7
leaf_value=-0.00092726368069300457 0.0004134879079121963 -0.00031397386987193354 -0.0023424689332164047 0.00053762825361542864 -0.00032646312141503653 -3.579138800682091e-05
leaf_weight=72 225 374 85 1053 219 57
leaf_count=72 225 374 85 1053 219 57
internal_value=0.000220412 -0.00209421 -0.00478091 0.00149777 0.00185871 0.00228169
internal_weight=2085 741 459 1344 1272 282
internal_count=2085 741 459 1344 1272 282
is_linear=0
shrinkage=0.04


Tree=9
num_leaves=8
num_cat=0
split_feature=118 34 10 60 85 86 111
split_gain=3.41139 5.28056 6.69139 1.91801 2.21588 1.14966 0.86936
threshold=0.28002852010230522 -0.34460977750893157 0.7298003455909996 0.64268650530942784 -0.12370510750325302 -0.79132457132715217 -0.46914102371586158
decision_type=2 2 2 2 2 2 2
left_child=3 6 -3 5 -5 -1 -2
right_child=1 2 -4 4 -6 -7 -8
leaf_value=-0.00016873380621592219 -3.3550727288870608e-06 -0.00030537955294770465 -0.0024561618755088179 -0.000927475223886555 0.00054318625923954365 0.00059504311142095088 0.0009277297478294111
leaf_weight=120 152 350 71 174 150 900 168
leaf_count=120 152 350 71 174 150 900 168
internal_value=0.000297077 -0.00187887 -0.00481324 0.00149777 -0.00117791 0.00234834 0.00198758
internal_weight=2085 741 421 1344 324 1020 320
internal_count=2085 741 421 1344 324 1020 320
is_linear=0
shrinkage=0.04


Tree=10
num_leaves=7
num_cat=0
split_feature=110 59 30 67 40 53
split_gain=3.62273 5.72323 7.35176 2.84829 2.18513 1.1164
threshold=0.1017195755950103 1.0386718760693918 -0.21506008582781222 0.19290709870178077 1.7039010301362338 -0.74999999999999989
decision_type=2 2 2 2 2 2
left_child=1 3 -3 -1 5 -2
right_child=4 2 -4 -5 -6 -7
leaf_value=-0.00024305187808954534 -0.00051303815152663667 0.0001218948664038551 -0.0015322451508945681 0.00044286122829523711 -0.00095463838657570466 0.00056632903493209386
leaf_weight=633 60 40 59 420 60 813
leaf_count=633 60 40 59 420 60 813
internal_value=0.000258745 -0.0012409 -0.0103366 -0.000367772 0.00210909 0.00261943
internal_weight=2085 1152 99 1053 933 873
internal_count=2085 1152 99 1053 933 873
is_linear=0
shrinkage=0.04


Tree=11
num_leaves=7
num_cat=0
split_feature=110 59 16 84 79 53
split_gain=3.329 5.00785 8.80207 3.17153 1.90537 0.851183
threshold=0.1017195755950103 0.8232520475848818 -0.23125095189286315 -0.74526446213979447 -1.6500342058499962 -0.74999999999999989
decision_type=2 2 2 2 2 2
left_child=1 3 -3 -1 -2 -6
right_child=4 2 -4 -5 5 -7
leaf_value=-0.00088192203905002845 -0.00097089422274814657 8.447382651635128e-05 -0.0018130858858146704 0.00013931061297050876 -0.00049251662546557107 0.00054650775544010219
leaf_weight=132 66 63 63 894 60 807
leaf_count=132 66 63 63 894 60 807
internal_value=0.00033541 -0.00110225 -0.0085625 -0.000171206 0.00210909 0.0026099
internal_weight=2085 1152 126 1026 933 867
internal_count=2085 1152 126 1026 933 867
is_linear=0
shrinkage=0.04


Tree=12
num_leaves=8
num_cat=0
split_feature=115 15 71 60 28 106 0
split_gain=3.41491 3.64511 3.85672 2.04218 2.48029 2.17644 1.08302
threshold=0.33435165667500683 -0.26032350020098854 0.58905184130608323 0.64268650530942784 -0.35611796257723727 0.67636592492667269 0.26919508587165503
decision_type=2 2 2 2 2 2 2
left_child=3 6 -3 5 -5 -1 -2
right_child=1 2 -4 4 -6 -7 -8
leaf_value=0.00062168776499146969 0.00024491825270653728 -0.00041605256815511977 -0.0010886975715905518 -0.0032471722718616924 3.3905314239708969e-05 -0.00024878362543886821 -8.3697323364101197e-05
leaf_weight=999 265 272 82 40 260 105 62
leaf_count=999 265 272 82 40 260 105 62
internal_value=0.00033541 -0.00198536 -0.00478652 0.0014623 -0.00145695 0.00225678 0.00105775
internal_weight=2085 681 354 1404 300 1104 327
internal_count=2085 681 354 1404 300 1104 327
is_linear=0
shrinkage=0.04


Tree=13
num_leaves=8
num_cat=0
split_feature=110 59 16 60 24 91 40
split_gain=2.94758 4.58558 6.97265 2.74967 1.91591 2.68843 0.982206
threshold=0.1017195755950103 1.0517416559829946 -0.19527010538225828 0.79574002522394593 0.86644682814645879 -0.318010108072736 1.8738793772331659
decision_type=2 2 2 2 2 2 2
left_child=1 3 -3 -1 6 -6 -2
right_child=4 2 -4 -5 5 -7 -8
leaf_value=6.684858416632044e-05 0.00059290470331549037 0.0001234573045584762 -0.0013408205870776393 -0.0014458834124034426 0.00042205240147145831 -0.0014119853155324131 -0.00020749234137886494
leaf_weight=948 758 40 50 114 86 43 46
leaf_count=948 758 40 50 114 86 43 46
internal_value=0.000354576 -0.000998267 -0.00956522 -0.000255639 0.00202353 -0.00247328 0.00274938
internal_weight=2085 1152 90 1062 933 129 804
internal_count=2085 1152 90 1062 933 129 804
is_linear=0
shrinkage=0.04


Tree=14
num_leaves=7
num_cat=0
split_feature=110 59 16 60 40 53
split_gain=3.34582 4.98514 6.36447 2.71426 1.83668 1.1164
threshold=0.1017195755950103 1.0517416559829946 -0.19527010538225828 0.79574002522394593 1.7039010301362338 -0.74999999999999989
decision_type=2 2 2 2 2 2
left_child=1 3 -3 -1 5 -2
right_child=4 2 -4 -5 -6 -7
leaf_value=6.4174640799667614e-05 -0.00052139965917922637 0.00011851901237613715 -0.0012871877635945337 -0.001388048075907305 -0.00084516674051231743 0.0005016937647847222
leaf_weight=948 60 40 50 114 60 813
leaf_count=948 60 40 50 114 60 813
internal_value=0.000373742 -0.00106759 -0.01 -0.000293233 0.00215187 0.00261943
internal_weight=2085 1152 90 1062 933 873
internal_count=2085 1152 90 1062 933 873
is_linear=0
shrinkage=0.04


Tree=15
num_leaves=7
num_cat=0
split_feature=115 62 63 86 106 87
split_gain=3.47149 3.81402 3.49048 1.90127 2.1029 1.37058
threshold=0.33435165667500683 0.040616023442076293 0.076594230172036967 -0.84857171600112691 0.67636592492667269 0.22278646451480577
decision_type=2 2 2 2 2 2
left_child=3 5 -3 -1 -5 -2
right_child=1 2 -4 4 -6 -7
leaf_value=-0.00077128203798541926 -7.7123891828829834e-05 -0.00098976730696676658 -0.00011804884155809226 0.00045582222947213009 -0.00013371194639442648 0.00040530444564435583
leaf_weight=72 173 175 142 1227 105 191
leaf_count=72 173 175 142 1227 105 191
internal_value=0.000354576 -0.00198536 -0.00517868 0.00149075 0.00183508 0.000808743
internal_weight=2085 681 317 1404 1332 364
internal_count=2085 681 317 1404 1332 364
is_linear=0
shrinkage=0.04


Tree=16
num_leaves=7
num_cat=0
split_feature=86 40 117 86 87 40
split_gain=2.51262 3.24713 2.31864 2.28728 4.2909 0.688528
threshold=-0.20222333231974249 -0.85493677824344105 0.16236807182919089 -0.79132457132715217 -0.4692619847821744 1.1120367106040361
decision_type=2 2 2 2 2 2
left_child=3 -2 -3 4 -1 -5
right_child=1 2 -4 5 -6 -7
leaf_value=-0.0010251796479803252 -0.0027174405143405001 0.00025999788223751057 -0.00023067211472762637 0.00059515782210860279 0.00023001771020127464 -0.00016057451182438672
leaf_weight=45 43 652 598 598 108 41
leaf_count=45 43 652 598 598 108 41
internal_value=0.000354576 -0.000732046 -0.000351438 0.00212594 -0.00224516 0.00317629
internal_weight=2085 1293 1250 792 153 639
internal_count=2085 1293 1250 792 153 639
is_linear=0
shrinkage=0.04


Tree=17
num_leaves=7
num_cat=0
split_feature=110 59 16 82 33 73
split_gain=2.44968 4.73527 6.97265 2.5911 2.11108 0.955777
threshold=0.1017195755950103 1.0517416559829946 -0.19527010538225828 -0.49852730391835903 1.2397492041293197 -0.93298270153119378
decision_type=2 2 2 2 2 2
left_child=1 3 -3 -1 5 -2
right_child=4 2 -4 -5 -6 -7
leaf_value=-0.0004890641123550003 -2.1001388049870511e-05 0.00010888637057665488 -0.0012211248906058699 8.0981992446262367e-05 -0.00074043254911150753 0.00053662042702832039
leaf_weight=90 123 40 50 972 59 751
leaf_count=90 123 40 50 972 59 751
internal_value=0.000373742 -0.000859619 -0.00956522 -0.000105263 0.00189519 0.00239269
internal_weight=2085 1152 90 1062 933 874
internal_count=2085 1152 90 1062 933 874
is_linear=0
shrinkage=0.04


Tree=18
num_leaves=8
num_cat=0
split_feature=84 11 41 9 40 53 118
split_gain=2.77434 2.15632 2.46794 1.9691 3.93423 1.37203 1.09083
threshold=-0.80010983668158786 0.054151004860565129 -0.22601598568569556 -0.24463309034182254 1.3163168790849056 -0.74999999999999989 0.41875995847347347
decision_type=2 2 2 2 2 2 2
left_child=1 6 -3 5 -5 -2 -1
right_child=3 2 -4 4 -6 -7 -8
leaf_value=0.0010964447223039448 -0.00042811508981435958 -0.00090046502084816633 -0.00035711283521191637 9.2547138592742161e-05 -0.0005456411820418172 0.00046448449424223284 -0.00086616119910626224
leaf_weight=70 53 48 104 1000 99 645 66
leaf_count=70 53 48 104 1000 99 645 66
internal_value=0.000431241 -0.0032 -0.00644156 0.00101612 -3.99635e-05 0.00267429 0.000463768
internal_weight=2085 288 152 1797 1099 698 136
internal_count=2085 288 152 1797 1099 698 136
is_linear=0
shrinkage=0.04


Tree=19
num_leaves=8
num_cat=0
split_feature=117 24 110 112 116 106 98
split_gain=2.56899 5.23395 4.52249 1.90743 2.17543 2.00286 0.711608
threshold=0.76501893479881755 -0.17934242532262296 0.043478232465780607 -0.13631498221841643 -0.81579967419121313 0.28480134739867241 1.0437820453500415
decision_type=2 2 2 2 2 2 2
left_child=3 6 -3 5 -5 -1 -2
right_child=1 2 -4 4 -6 -7 -8
leaf_value=8.5422944637262966e-05 0.00090938124735076 -0.0013164016264599584 -0.00075800754276450857 -0.00091164801416079334 0.00042499080215998696 -0.00027958977537041833 -3.1543527714686192e-05
leaf_weight=498 120 61 92 45 1044 171 54
leaf_count=498 120 61 92 45 1044 171 54
internal_value=0.000412075 -0.00283283 -0.00818064 0.00101818 0.0020495 -0.000661699 0.00190909
internal_weight=2085 327 153 1758 1089 669 174
internal_count=2085 327 153 1758 1089 669 174
is_linear=0
shrinkage=0.04


Tree=20
num_leaves=8
num_cat=0
split_feature=117 33 64 112 100 36 118
split_gain=2.35097 7.10324 5.67379 1.67648 2.46552 2.41275 0.777123
threshold=0.76501893479881755 -0.031567351555793745 0.1111249969972179 -0.14121797683949591 0.50194712446345224 1.0359636275443018 0.76854339074148126
decision_type=2 2 2 2 2 2 2
left_child=3 6 -3 4 -1 -5 -2
right_child=1 2 -4 5 -6 -7 -8
leaf_value=1.8039980065823041e-05 -3.3696604563746549e-05 -0.0020727677609950145 7.2159021743632597e-06 0.00052251320032246267 -0.00052277322478591821 -0.00019382815546807608 0.00042327161799852146
leaf_weight=558 69 68 49 946 99 155 141
leaf_count=558 69 68 49 946 99 155 141
internal_value=0.000392909 -0.00271125 -0.010521 0.000972727 -0.00062519 0.00192566 0.00169811
internal_weight=2085 327 117 1758 657 1101 210
internal_count=2085 327 117 1758 657 1101 210
is_linear=0
shrinkage=0.04


Tree=21
num_leaves=8
num_cat=0
split_feature=84 11 80 117 38 60 50
split_gain=2.65263 2.3433 3.34289 1.80388 3.04036 1.34337 1.12719
threshold=-0.80010983668158786 0.054151004860565129 -0.40761103849005159 0.79068321284845156 1.2212016846626257 0.83110540733633143 0.27310480455865677
decision_type=2 2 2 2 2 2 2
left_child=1 6 -3 5 -5 -2 -1
right_child=3 2 -4 4 -6 -7 -8
leaf_value=0.0002803218013825559 0.0002839650733880553 0.00063246518187117396 -0.00088680903371019849 -4.3074360405078979e-07 -0.0017526304266808352 -0.00031772288209028747 -0.00088593581737438022
leaf_weight=87 1374 66 86 207 42 174 49
leaf_count=87 1374 66 86 207 42 174 49
internal_value=0.00048874 -0.00306207 -0.00644156 0.00106059 -0.00208765 0.00156903 0.000753623
internal_weight=2085 288 152 1797 249 1548 136
internal_count=2085 288 152 1797 249 1548 136
is_linear=0
shrinkage=0.04


Tree=22
num_leaves=8
num_cat=0
split_feature=115 29 92 60 28 13 60
split_gain=2.55256 3.73074 3.21617 1.9635 2.48029 1.19629 0.934236
threshold=0.33435165667500683 -0.29711175739360918 1.2854905721227365 0.64268650530942784 -0.35611796257723727 -0.99145026337600084 -1.0220628855280758
decision_type=2 2 2 2 2 2 2
left_child=3 6 -3 5 -5 -1 -2
right_child=1 2 -4 4 -6 -7 -8
leaf_value=-0.00012026888499280259 -0.00013712949675326555 -0.0005360200505758005 0.0023546821033558962 -0.002895745283122269 1.0597445522054184e-06 0.00036906789082266324 0.00031365523444557925
leaf_weight=51 47 302 62 40 260 1053 270
leaf_count=51 47 302 62 40 260 1053 270
internal_value=0.000431241 -0.0015754 -0.00432787 0.00140541 -0.00145695 0.00218445 0.00159248
internal_weight=2085 681 364 1404 300 1104 317
internal_count=2085 681 364 1404 300 1104 317
is_linear=0
shrinkage=0.04


Tree=23
num_leaves=5
num_cat=0
split_feature=33 110 74 115
split_gain=2.17073 2.46221 3.12275 1.39512
threshold=1.5371076546484141 0.1017195755950103 1.1469147646098221 1.3215032669003557
decision_type=2 2 2 2
left_child=1 2 -1 -3
right_child=-2 3 -4 -5
leaf_value=1.5130605313970801e-05 -0.0017843919097873986 0.00042798089506760798 -0.00067038311054732399 -0.00064576626674039939
leaf_weight=1013 40 868 118 46
leaf_count=1013 40 868 118 46
internal_value=0.000431241 0.000615535 -0.00063195 0.00215721
internal_weight=2085 2045 1131 914
internal_count=2085 2045 1131 914
is_linear=0
shrinkage=0.04


Tree=24
num_leaves=8
num_cat=0
split_feature=112 70 13 112 29 40 112
split_gain=2.21856 2.76732 2.45722 1.92726 3.1437 1.94237 0.868579
threshold=-0.14121797683949591 -1.0019480190505021 -0.1729301314719314 0.55546787276635012 0.063255692758137208 1.3163168790849056 -1.0344972311823177
decision_type=2 2 2 2 2 2 2
left_child=1 6 -3 5 -5 -2 -1
right_child=3 2 -4 4 -6 -7 -8
leaf_value=0.00065216418124025132 0.00038000597840750274 0.0001007560389756493 -0.00041175239288235576 0.0005363775177372747 -0.00061405267136666584 -0.00024737364521775163 -7.6726269172777069e-05
leaf_weight=186 989 200 337 86 88 73 126
leaf_count=186 989 200 337 86 88 73 126
internal_value=0.000392909 -0.00117979 -0.00291651 0.00147334 -0.00240909 0.00211278 0.00180892
internal_weight=2085 849 537 1236 174 1062 312
internal_count=2085 849 537 1236 174 1062 312
is_linear=0
shrinkage=0.04


Tree=25
num_leaves=6
num_cat=0
split_feature=60 28 86 115 79
split_gain=2.0541 4.21423 2.06496 2.41873 1.8876
threshold=0.76469172825428477 -0.33227201099918485 -0.84857171600112691 0.33435165667500683 0.17948508912286479
decision_type=2 2 2 2 2
left_child=2 -2 -1 -4 -3
right_child=1 4 3 -5 -6
leaf_value=-0.0006095345307827628 -0.0027957209351462372 -0.00035323347813177413 0.00036223667418515474 -2.84479958035233e-05 0.00054534654499692676
leaf_weight=51 40 133 1116 633 112
leaf_count=51 40 133 1116 633 112
internal_value=0.000565405 -0.0025784 0.00106548 0.00129983 -0.000566801
internal_weight=2085 285 1800 1749 245
internal_count=2085 285 1800 1749 245
is_linear=0
shrinkage=0.04


Tree=26
num_leaves=8
num_cat=0
split_feature=84 11 80 112 4 117 50
split_gain=2.14673 2.19832 2.85198 1.60511 2.73827 1.23191 0.901875
threshold=-0.80010983668158786 0.054151004860565129 -0.40761103849005159 -0.1060057076369965 0.39858229826147235 0.95698535499352089 0.27310480455865677
decision_type=2 2 2 2 2 2 2
left_child=1 6 -3 4 -2 -5 -1
right_child=3 2 -4 5 -6 -7 -8
leaf_value=0.00028900033691486691 7.2618390449909466e-05 0.00063104507408334764 -0.00080161682438885742 0.00035119445815408047 -0.0004565252820402592 -0.00023406812657664834 -0.00083138134299560996
leaf_weight=87 538 66 86 1005 179 75 49
leaf_count=87 538 66 86 1005 179 75 49
internal_value=0.000546239 -0.00264828 -0.00592208 0.00106059 -0.000406119 0.00203327 0.00104348
internal_weight=2085 288 152 1797 717 1080 136
internal_count=2085 288 152 1797 717 1080 136
is_linear=0
shrinkage=0.04


Tree=27
num_leaves=7
num_cat=0
split_feature=84 116 112 6 35 13
split_gain=1.79186 2.78156 1.50932 2.39221 1.59426 1.23782
threshold=-0.80010983668158786 -0.29084520300058109 -0.1060057076369965 0.12715346915016004 1.2665572248700538 -0.16861835286414836
decision_type=2 2 2 2 2 2
left_child=1 -1 3 -2 -4 -3
right_child=2 5 4 -5 -6 -7
leaf_value=-0.0007189770137222038 0.00015084923553015348 0.00087634490053221665 0.00032778690825521615 -0.00027386721168094817 -0.00038544902179291388 -0.00050902014424939043
leaf_weight=42 438 78 1000 279 80 168
leaf_count=42 438 78 1000 279 80 168
internal_value=0.000546239 -0.00237241 0.00101612 -0.000406119 0.00195933 -0.000709677
internal_weight=2085 288 1797 717 1080 246
internal_count=2085 288 1797 717 1080 246
is_linear=0
shrinkage=0.04


Tree=28
num_leaves=6
num_cat=0
split_feature=60 28 42 86 115
split_gain=1.65414 3.83867 2.54319 1.70477 1.88883
threshold=0.76469172825428477 -0.33227201099918485 0.86603660668697613 -0.84857171600112691 0.33435165667500683
decision_type=2 2 2 2 2
left_child=3 -2 -3 -1 -5
right_child=1 2 -4 4 -6
leaf_value=-0.00052432939602701026 -0.0026732124966560638 0.00037817438307195898 -0.00072560999650625783 0.00035401064137712641 -1.4499021164540765e-05
leaf_weight=51 40 198 47 1116 633
leaf_count=51 40 198 47 1116 633
internal_value=0.000661236 -0.00216028 -0.000242915 0.00110988 0.00132267
internal_weight=2085 285 245 1800 1749
internal_count=2085 285 245 1800 1749
is_linear=0
shrinkage=0.04


Tree=29
num_leaves=5
num_cat=0
split_feature=33 60 28 60
split_gain=2.25442 1.48238 4.01122 1.48846
threshold=1.5371076546484141 0.76469172825428477 -0.33227201099918485 -0.48414593558894231
decision_type=2 2 2 2
left_child=1 3 -3 -1
right_child=-2 2 -4 -5
leaf_value=-2.2004486361820279e-05 -0.0016656125572530375 -0.0025662839967898216 3.0940261610623408e-05 0.00022187561592746434
leaf_weight=548 40 40 227 1230
leaf_count=548 40 40 227 1230
internal_value=0.000603738 0.000791402 -0.00197769 0.00120899
internal_weight=2085 2045 267 1778
internal_count=2085 2045 267 1778
is_linear=0
shrinkage=0.04


Tree=30
num_leaves=6
num_cat=0
split_feature=115 10 118 86 60
split_gain=2.03184 2.36468 1.70038 1.52369 1.53265
threshold=0.33435165667500683 1.3923084630942379 0.927697055268071 -0.84857171600112691 0.83110540733633143
decision_type=2 2 2 2 2
left_child=3 2 -2 -1 -5
right_child=1 -3 -4 4 -6
leaf_value=-0.00050190671145708724 -0.00011916811264041472 -0.0018058863829423686 0.00041234058555337751 0.00032198130381819173 -0.00033121064671659431
leaf_weight=72 457 53 171 1140 192
leaf_count=72 457 53 171 1140 192
internal_value=0.000507906 -0.00128258 -0.000584127 0.00137696 0.00168516
internal_weight=2085 681 628 1404 1332
internal_count=2085 681 628 1404 1332
is_linear=0
shrinkage=0.04


Tree=31
num_leaves=7
num_cat=0
split_feature=112 70 80 86 117 112
split_gain=1.89771 2.53525 2.02798 1.52503 1.1719 1.09581
threshold=-0.21019270022541667 -1.0019480190505021 -0.893318901244747 -0.88357368638786371 0.95698535499352089 -1.0344972311823177
decision_type=2 2 2 2 2 2
left_child=1 5 -3 -2 -5 -1
right_child=3 2 -4 4 -6 -7
leaf_value=0.00059496244455213836 -0.00056319394996581589 0.0012900891949322421 -0.00040540307721774569 0.00029766230464676595 -0.00025244390689652319 -0.00010452347426830544
leaf_weight=186 45 60 387 1170 111 126
leaf_count=186 45 60 387 1170 111 126
internal_value=0.00064207 -0.00095138 -0.00287751 0.00155422 0.00181138 0.00180892
internal_weight=2085 759 447 1326 1281 312
internal_count=2085 759 447 1326 1281 312
is_linear=0
shrinkage=0.04


Tree=32
num_leaves=8
num_cat=0
split_feature=60 78 8 110 59 86 44
split_gain=1.55932 3.14078 1.66047 1.56039 1.99921 0.986433 0.275795
threshold=0.76469172825428477 -0.020904821443930566 0.074294391704585697 0.55785240363456057 0.89214650765662562 0.49982460821813685 -0.51447310738089669
decision_type=2 2 2 2 2 2 2
left_child=3 2 -2 4 -1 -3 -5
right_child=1 5 -4 6 -6 -7 -8
leaf_value=0.0001137875463146948 -0.00058738099906791008 0.00029282304441620043 -0.0020363434943473082 0.00041550018078763065 -0.00044243247566713495 -0.00068659282462292786 0.00049351986856071433
leaf_weight=1128 50 123 64 86 240 48 346
leaf_count=1128 50 123 64 86 240 48 346
internal_value=0.000718735 -0.00202091 -0.00710345 0.00115427 0.000490511 0.0014104 0.00324424
internal_weight=2085 285 114 1800 1368 171 432
internal_count=2085 285 114 1800 1368 171 432
is_linear=0
shrinkage=0.04


Tree=33
num_leaves=7
num_cat=0
split_feature=115 15 74 53 115 13
split_gain=1.67034 1.95505 2.53154 2.04085 0.459304 0.12063
threshold=-0.59755032036749445 -0.08038382521492661 1.1469147646098221 -0.74999999999999989 -1.1956917901104818 -0.71419363750065001
decision_type=2 2 2 2 2 2
left_child=4 3 -3 -2 -1 -6
right_child=1 2 -4 -5 5 -7
leaf_value=7.760816499177235e-06 -0.00054861243025392306 -1.7265323371783349e-05 -0.00060225805926882015 0.00027668621147528656 0.0011129598292706913 0.00054533626856553645
leaf_weight=54 71 771 89 752 53 295
leaf_count=54 71 771 89 752 53 295
internal_value=0.000680403 0.000125816 -0.0012065 0.00151758 0.0029901 0.00352
internal_weight=2085 1683 860 823 402 348
internal_count=2085 1683 860 823 402 348
is_linear=0
shrinkage=0.04


Tree=34
num_leaves=8
num_cat=0
split_feature=110 47 68 40 33 46 53
split_gain=1.77767 2.40275 4.32663 1.86321 1.28643 2.09411 0.887922
threshold=0.1017195755950103 -0.66175068936728965 -0.26807057135214801 -0.85493677824344105 1.0950477220892783 -0.07215853624561229 -0.74999999999999989
decision_type=2 2 2 2 2 2 2
left_child=1 2 -1 -3 6 -6 -2
right_child=4 3 -4 -5 5 -7 -8
leaf_value=0.00033661044241334217 -0.00043051436950417325 -0.0014475902202889838 -0.00097412195726906045 4.1932852095045054e-05 0.00042751365353866576 -0.00054372221229859066 0.00037536218015541128
leaf_weight=84 56 49 70 949 59 42 776
leaf_count=84 56 49 70 949 59 42 776
internal_value=0.00064207 -0.000409012 -0.00502564 0.000312 0.00193797 -0.00229126 0.00245564
internal_weight=2085 1152 154 998 933 101 832
internal_count=2085 1152 154 998 933 101 832
is_linear=0
shrinkage=0.04


Tree=35
num_leaves=7
num_cat=0
split_feature=115 36 64 110 67 67
split_gain=1.57964 1.89443 1.94657 1.41251 2.20302 1.13342
threshold=1.1487795677033505 -0.51367029963497624 0.054680223776034424 0.1017195755950103 0.23680610884028488 0.55394050044230914
decision_type=2 2 2 2 2 2
left_child=3 -2 -3 4 -1 -5
right_child=1 2 -4 5 -6 -7
leaf_value=-0.00020222669010529088 0.00028479532089888105 -0.0016241468424830531 -4.9253176497895262e-05 0.00033001231964857657 0.0003224618216384996 -0.00017492657397348777
leaf_weight=696 52 40 40 780 384 93
leaf_count=696 52 40 40 780 384 93
internal_value=0.000680403 -0.00352239 -0.00731707 0.000967775 1.48736e-10 0.00216229
internal_weight=2085 132 80 1953 1080 873
internal_count=2085 132 80 1953 1080 873
is_linear=0
shrinkage=0.04


Tree=36
num_leaves=7
num_cat=0
split_feature=110 67 67 2 42 110
split_gain=1.3405 2.66604 1.73329 2.49946 0.990685 0.165921
threshold=0.60676734522264641 0.55394050044230914 0.23680610884028488 -0.57489036235209223 0.83282050200468627 1.6766191959086034
decision_type=2 2 2 2 2 2
left_child=2 5 3 -1 -4 -2
right_child=1 -3 4 -5 -6 -7
leaf_value=0.00024773677445842103 0.00043744761460058157 -0.00059634452037317712 0.00032862095020916722 -0.00022491279879416308 -0.00015895534105682038 0.0012445051817584433
leaf_weight=301 420 66 402 803 51 42
leaf_count=301 420 66 402 803 51 42
internal_value=0.000737901 0.00247547 0.000146248 -0.000708861 0.00222418 0.00355172
internal_weight=2085 528 1557 1104 453 462
internal_count=2085 528 1557 1104 453 462
is_linear=0
shrinkage=0.04


Tree=37
num_leaves=8
num_cat=0
split_feature=60 78 35 42 115 114 86
split_gain=1.38401 2.61651 2.484 1.55047 1.43347 2.33991 1.41182
threshold=0.76469172825428477 -0.19145644715909507 0.30994190240706099 0.81814873878870564 0.33435165667500683 -0.16738562732856407 -0.84857171600112691
decision_type=2 2 2 2 2 2 2
left_child=4 2 -2 -3 6 -6 -1
right_child=1 3 -4 -5 5 -7 -8
leaf_value=-0.0004130464127190404 -0.002439801054744983 0.00052332897525609917 -0.00043781118066872008 -0.0001593732591552545 -0.00060406674047366177 4.8773954388842419e-05 0.00027371909532247828
leaf_weight=51 42 158 42 43 117 516 1116
leaf_count=51 42 158 42 43 117 516 1116
internal_value=0.000699569 -0.00188153 -0.00772093 0.000610838 0.00110988 -0.000422047 0.00194012
internal_weight=2085 285 84 201 1800 633 1167
internal_count=2085 285 84 201 1800 633 1167
is_linear=0
shrinkage=0.04


Tree=38
num_leaves=7
num_cat=0
split_feature=115 60 12 112 42 45
split_gain=1.53019 2.08072 2.2731 1.26178 0.637949 0.115292
threshold=-0.59755032036749445 0.76469172825428477 0.12426367151204805 -0.1060057076369965 0.81814873878870564 0.29605496376083235
decision_type=2 2 2 2 2 2
left_child=4 3 -3 -2 5 -1
right_child=1 2 -4 -5 -6 -7
leaf_value=0.0009994018258068769 -1.9768845273197591e-05 -0.0021583797127089372 -0.00014625637635241816 0.00017221174773264785 -2.2199184009247948e-05 0.00029420941956533422
leaf_weight=234 666 41 127 849 41 127
leaf_count=234 666 41 127 849 41 127
internal_value=0.000680403 0.000149555 -0.00404706 0.000619644 0.00289109 0.003427
internal_weight=2085 1683 168 1515 402 361
internal_count=2085 1683 168 1515 402 361
is_linear=0
shrinkage=0.04


Tree=39
num_leaves=5
num_cat=0
split_feature=33 110 67 86
split_gain=1.7938 1.4777 1.44211 1.43677
threshold=1.5371076546484141 0.60676734522264641 0.55394050044230914 -0.84857171600112691
decision_type=2 2 2 2
left_child=1 3 -3 -1
right_child=-2 2 -4 -5
leaf_value=-0.00053338103034232651 -0.0014418362507138353 0.00045986588911414738 -0.00020626918654497505 2.6231356536652605e-05
leaf_weight=48 40 452 61 1484
leaf_count=48 40 452 61 1484
internal_value=0.000565405 0.00073278 0.00258641 0.000109518
internal_weight=2085 2045 513 1532
internal_count=2085 2045 513 1532
is_linear=0
shrinkage=0.04


Tree=40
num_leaves=7
num_cat=0
split_feature=110 67 80 60 105 96
split_gain=1.25683 2.55948 1.88843 2.91166 1.27606 0.142804
threshold=0.60676734522264641 0.55394050044230914 -0.32806598894384326 0.65812000375719204 1.0043074479624208 -1.2073159817272772
decision_type=2 2 2 2 2 2
left_child=2 5 4 -4 -1 -2
right_child=1 -3 3 -5 -6 -7
leaf_value=0.00056961836115397395 0.00026831015126126362 -0.00051616592374526861 -6.9727510202462437e-06 -0.00086205516427167246 -0.00011820447792320218 0.00040818454445535512
leaf_weight=501 42 66 912 96 48 420
leaf_count=501 42 66 912 96 48 420
internal_value=0.00064207 0.00232453 6.92753e-05 -0.000958416 0.00195281 0.00337931
internal_weight=2085 528 1557 1008 549 462
internal_count=2085 528 1557 1008 549 462
is_linear=0
shrinkage=0.04


Tree=41
num_leaves=7
num_cat=0
split_feature=110 80 60 36 75 104
split_gain=1.31292 1.8374 2.59328 1.27338 1.01723 0.887321
threshold=0.60676734522264641 -0.32806598894384326 0.65812000375719204 1.049240648867636 -0.88515950378050923 -1.1513677939582501
decision_type=2 2 2 2 2 2
left_child=1 3 -3 -1 -2 -6
right_child=4 2 -4 -5 5 -7
leaf_value=0.00054640200307688649 -0.00067784108259276075 -6.6938409794363667e-06 -0.00082757295770080576 -0.00063181177954410735 -0.00016989635744828785 0.00048656793365985503
leaf_weight=509 42 912 96 40 42 444
leaf_count=509 42 912 96 40 42 444
internal_value=0.000680403 9.49328e-05 -0.000918812 0.00195281 0.0024 0.00291803
internal_weight=2085 1557 1008 549 528 486
internal_count=2085 1557 1008 549 528 486
is_linear=0
shrinkage=0.04


Tree=42
num_leaves=7
num_cat=0
split_feature=60 28 42 110 4 96
split_gain=1.41059 3.9351 2.70722 1.42178 1.56474 0.43377
threshold=0.76469172825428477 -0.33227201099918485 0.93609558790595004 0.60676734522264641 0.094508937553845804 -1.2073159817272772
decision_type=2 2 2 2 2 2
left_child=3 -2 -3 4 -1 -5
right_child=1 2 -4 5 -6 -7
leaf_value=0.00013716237528350411 -0.0022974753740341892 0.00027874064179006855 -0.00064368710785132986 -4.4562982067903254e-05 -0.00011174379552520923 0.0004857884715950381
leaf_weight=873 40 204 41 42 525 360
leaf_count=873 40 204 41 42 525 360
internal_value=0.000584571 -0.00202091 -8.09715e-05 0.00099889 0.000394286 0.00308911
internal_weight=2085 285 245 1800 1398 402
internal_count=2085 285 245 1800 1398 402
is_linear=0
shrinkage=0.04


Tree=43
num_leaves=7
num_cat=0
split_feature=115 18 94 8 66 4
split_gain=1.37563 1.36768 1.40707 0.607109 0.0779961 0.00551077
threshold=-0.73394914923660426 -0.81519390176600282 -0.76647450025021324 1.0812354550442804 -0.49478995202623083 -1.4568144880052423
decision_type=2 2 2 2 2 2
left_child=3 5 -3 4 -1 -2
right_child=1 2 -4 -5 -6 -7
leaf_value=0.00023390480897983327 0.00024469616934835818 0.00020572508832249762 -4.2430777235574558e-05 -9.4430885342890826e-06 0.00063280787900858585 0.00058040453709458774
leaf_weight=40 40 395 1213 45 236 116
leaf_count=40 40 395 1213 45 236 116
internal_value=0.000584571 0.000144961 -0.000203727 0.00298452 0.00368345 0.0036962
internal_weight=2085 1764 1608 321 276 156
internal_count=2085 1764 1608 321 276 156
is_linear=0
shrinkage=0.04


Tree=44
num_leaves=8
num_cat=0
split_feature=112 112 24 86 85 28 86
split_gain=1.21033 2.02002 1.99485 1.68425 2.29317 1.32679 1.25843
threshold=-0.14121797683949591 -1.0344972311823177 0.76709544900162141 -0.78093077937314204 -0.35123632685773104 1.1381853319058051 0.17275386490888314
decision_type=2 2 2 2 2 2 2
left_child=1 6 -3 4 -2 -5 -1
right_child=3 2 -4 5 -6 -7 -8
leaf_value=-0.00030212519796565427 -0.00061663529153116762 -8.2999143056440591e-05 -0.0015000962072618557 0.000304561431318145 3.2441800130398891e-05 -0.00010283526044685033 0.00043215239162520014
leaf_weight=42 45 497 40 967 144 80 270
leaf_count=42 45 497 40 967 144 80 270
internal_value=0.000546239 -0.000615746 -0.00210019 0.0013441 -0.00211518 0.0019714 0.00193631
internal_weight=2085 849 537 1236 189 1047 312
internal_count=2085 849 537 1236 189 1047 312
is_linear=0
shrinkage=0.04


Tree=45
num_leaves=7
num_cat=0
split_feature=60 28 42 62 115 111
split_gain=1.18094 4.13135 1.87701 1.25534 1.62039 0.809081
threshold=0.76469172825428477 -0.33227201099918485 0.86603660668697613 -0.13210214248742949 0.33435165667500683 0.78167502129794453
decision_type=2 2 2 2 2 2
left_child=3 -2 -3 5 -5 -1
right_child=1 2 -4 4 -6 -7
leaf_value=0.00027386243589327144 -0.0022171669269386218 0.00028222576612133178 -0.00052652103059970025 0.00016271263081451951 -0.00024545656873139939 -7.5020198596345298e-05
leaf_weight=641 40 198 47 690 365 104
leaf_count=641 40 198 47 690 365 104
internal_value=0.00064207 -0.00174216 0.000242915 0.00102109 0.00013245 0.00227577
internal_weight=2085 285 245 1800 1055 745
internal_count=2085 285 245 1800 1055 745
is_linear=0
shrinkage=0.04


Tree=46
num_leaves=6
num_cat=0
split_feature=15 110 67 86 8
split_gain=1.18938 1.29998 1.94758 1.73257 0.00626277
threshold=-1.0042949342060039 0.60676734522264641 0.55394050044230914 -0.84857171600112691 -0.81695010143709668
decision_type=2 2 2 2 2
left_child=4 3 -3 -2 -1
right_child=1 2 -4 -5 -6
leaf_value=0.00079992806386793849 -0.00041752846636147533 0.00032284411780259702 -0.00051349937956360727 -5.2669222198833848e-06 0.00072592139658161263
leaf_weight=40 41 449 66 1358 131
leaf_count=40 41 449 66 1358 131
internal_value=0.000546239 0.000258873 0.00197292 -0.000374018 0.00372254
internal_weight=2085 1914 515 1399 171
internal_count=2085 1914 515 1399 171
is_linear=0
shrinkage=0.04


Tree=47
num_leaves=6
num_cat=0
split_feature=46 40 4 115 53
split_gain=1.18571 2.04909 2.09891 1.18216 1.83176
threshold=-0.41773956663619316 -0.85913730113559184 -0.22223633574663951 1.1414008139657177 -0.74999999999999989
decision_type=2 2 2 2 2
left_child=3 -2 -3 4 -1
right_child=1 2 -4 -5 -6
leaf_value=-0.00046884437276020958 -0.001572609360180122 0.00026639940749059916 -3.7261591455916288e-05 -0.00054253494892293936 0.0003946907621155412
leaf_weight=43 49 575 891 52 475
leaf_count=43 49 575 891 52 475
internal_value=0.000546239 -3.95516e-05 0.000234333 0.0020979 0.00267692
internal_weight=2085 1515 1466 570 518
internal_count=2085 1515 1466 570 518
is_linear=0
shrinkage=0.04


Tree=48
num_leaves=7
num_cat=0
split_feature=70 60 28 112 35 0
split_gain=1.10721 1.65118 2.6806 1.69416 0.768297 0.276928
threshold=0.34398722755538474 0.79574002522394593 -0.20951247964039091 -1.1811757496329769 1.3013067712775201 0.84445512770554065
decision_type=2 2 2 2 2 2
left_child=1 3 -3 -1 5 -2
right_child=4 2 -4 -5 -6 -7
leaf_value=0.00054390014391986717 0.00057828135061720632 -0.002071506586070933 -7.526640762448384e-06 -5.5234438548786626e-07 -0.00038544411301328247 1.3269600145320173e-05
leaf_weight=216 272 40 140 1332 43 42
leaf_count=216 272 40 140 1332 43 42
internal_value=0.000507906 8.78614e-05 -0.00351648 0.000510968 0.00252925 0.00321519
internal_weight=2085 1728 180 1548 357 314
internal_count=2085 1728 180 1548 357 314
is_linear=0
shrinkage=0.04


Tree=49
num_leaves=6
num_cat=0
split_feature=15 116 84 86 50
split_gain=1.14588 1.33012 3.27896 1.64648 0.067562
threshold=-1.0042949342060039 -0.40162627909032883 -0.5720527039426978 -0.1834056553534327 -1.2432385595334556
decision_type=2 2 2 2 2
left_child=4 2 -2 -3 -1
right_child=1 3 -4 -5 -6
leaf_value=0.00076388038624116165 -0.00054283579973212403 0.0003445036141609168 -6.9200520343798641e-06 -9.9173772749289407e-06 0.00068625065819414373
leaf_weight=40 51 449 335 1079 131
leaf_count=40 51 449 335 1079 131
internal_value=0.000373742 9.18582e-05 -0.002 0.000622222 0.00349133
internal_weight=2085 1914 386 1528 171
internal_count=2085 1914 386 1528 171
is_linear=0
shrinkage=0.04


Tree=50
num_leaves=7
num_cat=0
split_feature=60 58 35 74 9 11
split_gain=1.37533 2.31562 4.11439 1.33729 1.24616 1.19642
threshold=0.76469172825428477 0.5753484754485706 0.52113202959177019 -0.6052982661576124 0.069825090086794619 0.31580278057237449
decision_type=2 2 2 2 2 2
left_child=3 2 -2 -1 -5 -3
right_child=1 5 -4 4 -6 -7
leaf_value=0.00079851456864180135 -0.0018646345766809363 0.00097936471621763548 0.00057931623083803594 0.00013172680160753985 -4.9814437636502891e-05 -0.00019514753351206328
leaf_weight=192 49 105 41 977 631 90
leaf_count=192 49 105 41 977 631 90
internal_value=0.000412075 -0.00216028 -0.0073913 0.00082131 0.000442236 0.000304569
internal_weight=2085 285 90 1800 1608 195
internal_count=2085 285 90 1800 1608 195
is_linear=0
shrinkage=0.04


Tree=51
num_leaves=7
num_cat=0
split_feature=86 9 111 86 40 94
split_gain=1.27456 2.85239 2.42249 1.77186 2.42469 0.546778
threshold=-0.7868709603144215 -0.36958358260285001 0.56372241864656036 -0.20222333231974249 -0.79802159393710859 0.1956116411363106
decision_type=2 2 2 2 2 2
left_child=1 -1 -3 5 -5 -2
right_child=3 2 -4 4 -6 -7
leaf_value=0.00042651752823271881 0.0003558087772778064 6.76763879834631e-06 -0.00075120652405632701 -0.0015216236892417381 1.9942779487571674e-05 7.9133690140028096e-06
leaf_weight=61 537 47 54 65 1228 93
leaf_count=61 537 47 54 65 1228 93
internal_value=0.000507906 -0.00287805 -0.00695146 0.000795844 -5.25095e-05 0.00253165
internal_weight=2085 162 101 1923 1293 630
internal_count=2085 162 101 1923 1293 630
is_linear=0
shrinkage=0.04


Tree=52
num_leaves=7
num_cat=0
split_feature=115 60 28 68 100 25
split_gain=1.14669 1.64735 2.18278 1.68826 0.31193 0.11156
threshold=-0.76008598880334743 0.76469172825428477 -0.25874129764757992 -0.37123347641112842 -1.0519804368234245 0.87583455620041772
decision_type=2 2 2 2 2 2
left_child=4 3 -3 -2 -1 -6
right_child=1 2 -4 -5 5 -7
leaf_value=8.8955967835393186e-05 0.00028992605370078614 -0.0017147675506018077 -1.8569893816515181e-05 -1.3490047421208105e-05 0.0007975908446617348 0.00024392049057723447
leaf_weight=48 474 40 149 1119 204 51
leaf_count=48 474 40 149 1119 204 51
internal_value=0.000527072 0.000139014 -0.00337173 0.000559248 0.00279344 0.0033463
internal_weight=2085 1782 189 1593 303 255
internal_count=2085 1782 189 1593 303 255
is_linear=0
shrinkage=0.04


Tree=53
num_leaves=7
num_cat=0
split_feature=115 60 39 68 100 25
split_gain=1.12737 1.44966 1.82043 1.73313 0.31193 0.11156
threshold=-0.76008598880334743 0.83110540733633143 0.37748261051042592 -0.37123347641112842 -1.0519804368234245 0.87583455620041772
decision_type=2 2 2 2 2 2
left_child=4 3 -3 -2 -1 -6
right_child=1 2 -4 -5 5 -7
leaf_value=8.5397729121977484e-05 0.00026023114531692303 -0.00078292922778673416 0.00019676353024754932 -1.3379875847331595e-05 0.0007656872108752653 0.00023416367095414515
leaf_weight=48 486 100 53 1143 204 51
leaf_count=48 486 100 53 1143 204 51
internal_value=0.000546239 0.000161435 -0.00353548 0.000512569 0.00279344 0.0033463
internal_weight=2085 1782 153 1629 303 255
internal_count=2085 1782 153 1629 303 255
is_linear=0
shrinkage=0.04


Tree=54
num_leaves=6
num_cat=0
split_feature=15 41 106 113 49
split_gain=1.07648 1.23523 1.30314 1.24251 0.067562
threshold=-1.0042949342060039 -0.88966711705542056 0.68943909702497586 0.2554174847853608 1.2829251581081789
decision_type=2 2 2 2 2
left_child=4 3 -3 -2 -1
right_child=1 2 -4 -5 -6
leaf_value=0.00094371650764103353 -0.00030178247910195722 6.1751343424043271e-05 -9.71436235983643e-05 0.00017197223359231631 0.00034334075159896268
leaf_weight=131 66 1604 192 52 40
leaf_count=131 66 1604 192 52 40
internal_value=0.000469574 0.000196242 0.000458287 -0.00373333 0.00349133
internal_weight=2085 1914 1796 118 171
internal_count=2085 1914 1796 118 171
is_linear=0
shrinkage=0.04


Tree=55
num_leaves=6
num_cat=0
split_feature=15 116 38 40 49
split_gain=1.04932 1.13049 3.16732 1.35197 0.067562
threshold=-1.0042949342060039 -0.40162627909032883 -0.57720871157436637 0.57348596786906503 1.2829251581081789
decision_type=2 2 2 2 2
left_child=4 2 -2 -3 -1
right_child=1 3 -4 -5 -6
leaf_value=0.00090596784733539232 -0.00028217860040561353 0.00012777233404599901 2.0260908074430499e-05 -8.1680808447176544e-05 0.00032960712153500422
leaf_weight=131 86 1115 300 413 40
leaf_count=131 86 1115 300 413 40
internal_value=0.000507906 0.000237996 -0.00169072 0.000726798 0.00349133
internal_weight=2085 1914 386 1528 171
internal_count=2085 1914 386 1528 171
is_linear=0
shrinkage=0.04


Tree=56
num_leaves=7
num_cat=0
split_feature=53 35 69 46 34 115
split_gain=1.06576 3.90816 3.71686 1.4044 3.01928 1.59903
threshold=-0.74999999999999989 0.2493414912485388 -0.56184317012250129 -0.24776009456701045 0.96934155429390623 1.1414008139657177
decision_type=2 2 2 2 2 2
left_child=1 2 -1 5 -5 -2
right_child=3 -3 -4 4 -6 -7
leaf_value=9.7743418154757906e-05 0.00025056136167499887 0.0010605589570819511 -0.001603723469914313 3.7458256456609929e-05 -0.0005646789442670183 -0.00060373264054093675
leaf_weight=46 583 83 51 1188 90 44
leaf_count=46 583 83 51 1188 90 44
internal_value=0.000507906 -0.00241758 -0.00779798 0.000786576 2.50001e-05 0.00233386
internal_weight=2085 180 97 1905 1278 627
internal_count=2085 180 97 1905 1278 627
is_linear=0
shrinkage=0.04


Tree=57
num_leaves=7
num_cat=0
split_feature=68 14 112 53 34 20
split_gain=1.06023 1.60114 1.91766 1.28407 0.921958 0.829843
threshold=-0.35806727244081199 -0.31785685936178182 -1.2242589161528976 -0.74999999999999989 1.1657361729020568 -0.39288787629014771
decision_type=2 2 2 2 2 2
left_child=3 5 -3 -1 -5 -2
right_child=1 2 -4 4 -6 -7
leaf_value=-0.0013506964281650403 0.00049583636953385668 0.00028382354595729554 -9.517819595719386e-05 0.0003343016615731216 -3.3627671032734731e-05 8.6127868720481764e-06
leaf_weight=63 221 182 766 554 55 244
leaf_count=63 221 182 766 554 55 244
internal_value=0.000546239 -7.63249e-05 -0.00101895 0.00185163 0.00241571 0.00184154
internal_weight=2085 1413 948 672 609 465
internal_count=2085 1413 948 672 609 465
is_linear=0
shrinkage=0.04


Tree=58
num_leaves=6
num_cat=0
split_feature=15 106 17 41 49
split_gain=1.14588 1.4049 2.42412 1.34328 0.067562
threshold=-1.0042949342060039 0.68943909702497586 -0.19889247563166948 -0.88966711705542056 1.2829251581081789
decision_type=2 2 2 2 2
left_child=4 3 -3 -2 -1
right_child=1 2 -4 -5 -6
leaf_value=0.00085485873506953563 -0.00023916011777912386 0.00031207562050926396 -0.00040335901436452075 5.7709583263101919e-05 0.00029936525040071839
leaf_weight=131 106 79 125 1604 40
leaf_count=131 106 79 125 1604 40
internal_value=0.000373742 9.18582e-05 -0.00302913 0.00046729 0.00349133
internal_weight=2085 1914 204 1710 171
internal_count=2085 1914 204 1710 171
is_linear=0
shrinkage=0.04


Tree=59
num_leaves=7
num_cat=0
split_feature=28 97 25 82 40 80
split_gain=1.14891 2.86937 3.23077 1.29879 1.27729 0.93677
threshold=-0.35611796257723727 -0.065116295840055988 0.53729012916117469 -0.64877885255471701 0.68420870387015753 -0.12418322558550719
decision_type=2 2 2 2 2 2
left_child=1 5 -3 -2 -5 -1
right_child=3 2 -4 4 -6 -7
leaf_value=0.00045504000918638416 -0.0002345752872836308 -7.2253421347582747e-05 -0.0016150644473927579 0.00024725920959078825 -2.3068214620735714e-05 -1.3711655506172149e-05
leaf_weight=182 45 220 43 968 462 165
leaf_count=182 45 220 43 968 462 165
internal_value=0.000412075 -0.00104575 -0.00418113 0.00101557 0.00122905 0.00134097
internal_weight=2085 610 263 1475 1430 347
internal_count=2085 610 263 1475 1430 347
is_linear=0
shrinkage=0.04


Tree=60
num_leaves=6
num_cat=0
split_feature=87 91 45 40 61
split_gain=1.09795 1.45653 1.68973 1.22313 0.295522
threshold=1.568920151517186 0.79608714405218672 0.28123530397835067 1.7569134708290106 -2.0262157593269103
decision_type=2 2 2 2 2
left_child=1 3 -3 -1 -2
right_child=4 2 -4 -5 -6
leaf_value=2.9521621640025169e-05 4.7343504765727741e-05 -9.5814403821911627e-07 -0.00094304478498106927 -0.00055069513099562204 0.0016318378080136496
leaf_weight=1716 42 75 48 42 162
leaf_count=1716 42 75 48 42 162
internal_value=0.000412075 0.000108338 -0.004064 0.000404546 0.00318447
internal_weight=2085 1881 123 1758 204
internal_count=2085 1881 123 1758 204
is_linear=0
shrinkage=0.04


Tree=61
num_leaves=7
num_cat=0
split_feature=62 44 91 53 37 74
split_gain=1.11207 1.423 1.72255 1.13248 1.05495 0.818985
threshold=-0.092317454739420282 0.13165202718676097 0.71126637610117682 -0.74999999999999989 0.91523252204451599 0.37482800236290098
decision_type=2 2 2 2 2 2
left_child=3 4 -3 -1 -2 -5
right_child=1 2 -4 5 -6 -7
leaf_value=-0.00038771464207594314 0.00012652560038254961 -2.407679472264748e-05 -0.00083851156997379647 0.00026879205981846904 -0.00037178322226837166 1.6928469956066719e-05
leaf_weight=78 613 391 65 560 86 292
leaf_count=78 613 391 65 560 86 292
internal_value=0.000431241 -0.00039758 -0.002131 0.00145923 0.000736091 0.0018829
internal_weight=2085 1155 456 930 699 852
internal_count=2085 1155 456 930 699 852
is_linear=0
shrinkage=0.04


Tree=62
num_leaves=6
num_cat=0
split_feature=87 112 8 86 61
split_gain=1.14398 1.32632 1.75157 1.32808 0.295522
threshold=1.568920151517186 -0.21019270022541667 0.37318066450336063 -0.78093077937314204 -2.0262157593269103
decision_type=2 2 2 2 2
left_child=1 2 -1 -3 -2
right_child=4 3 -4 -5 -6
leaf_value=-3.787123090220913e-07 4.4772625776855984e-05 -0.00011179816606575653 -0.0003462125533596793 0.00013899325510910172 0.0015674420073939716
leaf_weight=410 42 189 175 1107 162
leaf_count=410 42 189 175 1107 162
internal_value=0.000354576 4.46098e-05 -0.00153322 0.00075809 0.00318447
internal_weight=2085 1881 585 1296 204
internal_count=2085 1881 585 1296 204
is_linear=0
shrinkage=0.04


Tree=63
num_leaves=7
num_cat=0
split_feature=22 80 110 36 74 8
split_gain=1.14188 1.31444 2.47588 1.79417 0.247974 0.0714069
threshold=-0.84303647259103909 -0.30837112035171743 0.60676734522264641 1.1370954065442278 -0.11700742153642808 0.4098314475223338
decision_type=2 2 2 2 2 2
left_child=4 3 -3 -2 -1 -6
right_child=1 2 -4 -5 5 -7
leaf_value=8.0771443991435268e-05 0.00029443961802487771 -0.00010030436969437207 0.00027922294406814086 -0.00051609988283875144 0.00046049717652684694 0.00018655921944241616
leaf_weight=59 614 800 372 41 159 40
leaf_count=59 614 800 372 41 159 40
internal_value=0.000412075 5.90488e-05 -0.00074276 0.00149163 0.00289231 0.00356219
internal_weight=2085 1827 1172 655 258 199
internal_count=2085 1827 1172 655 258 199
is_linear=0
shrinkage=0.04


Tree=64
num_leaves=6
num_cat=0
split_feature=87 70 34 112 61
split_gain=1.09795 1.43501 1.62276 0.985306 0.295522
threshold=1.568920151517186 0.26168629432132279 -0.42631891153335094 0.14505962528223004 -2.0262157593269103
decision_type=2 2 2 2 2
left_child=1 2 -1 -3 -2
right_child=4 3 -4 -5 -6
leaf_value=0.00011192371117148343 4.6993895533556601e-05 0.00057160974665687624 -5.0864731757964647e-05 5.4586524849602693e-06 0.0015072383889888612
leaf_weight=373 42 300 875 333 162
leaf_count=373 42 300 875 333 162
internal_value=0.000412075 0.000108338 -0.0006784 0.00165669 0.00318447
internal_weight=2085 1881 1248 633 204
internal_count=2085 1881 1248 633 204
is_linear=0
shrinkage=0.04


Tree=65
num_leaves=5
num_cat=0
split_feature=33 85 116 100
split_gain=1.32753 1.19675 2.72931 1.26667
threshold=1.5371076546484141 -0.39380606589436695 -0.40162627909032883 0.55845654467436212
decision_type=2 2 2 2
left_child=1 2 -1 -3
right_child=-2 3 -4 -5
leaf_value=-0.00048407511217116319 -0.0012001074741721355 0.00013634326707574854 2.8661876788447051e-05 -2.2691454357192342e-05
leaf_weight=74 40 1331 379 261
leaf_count=74 40 1331 379 261
internal_value=0.000373742 0.000517831 -0.00129231 0.00103388
internal_weight=2085 2045 453 1592
internal_count=2085 2045 453 1592
is_linear=0
shrinkage=0.04


Tree=66
num_leaves=6
num_cat=0
split_feature=87 117 62 46 61
split_gain=1.14398 1.37198 1.66319 1.61562 0.295522
threshold=1.568920151517186 0.95698535499352089 -0.081649536264223152 -0.49501655083998791 -2.0262157593269103
decision_type=2 2 2 2 2
left_child=1 3 -3 -1 -2
right_child=4 2 -4 -5 -6
leaf_value=0.00026537270004503024 3.9660409029184332e-05 1.7069998923828361e-05 -0.0011607905777572694 -5.2394311658673334e-06 0.001441495122746277
leaf_weight=417 42 85 89 1290 162
leaf_count=417 42 85 89 1290 162
internal_value=0.000354576 4.46098e-05 -0.00331818 0.000390872 0.00318447
internal_weight=2085 1881 174 1707 204
internal_count=2085 1881 174 1707 204
is_linear=0
shrinkage=0.04


Tree=67
num_leaves=7
num_cat=0
split_feature=2 106 9 116 60 113
split_gain=1.07973 1.29082 1.68389 1.33656 0.397988 0.233961
threshold=-0.70280607090883829 0.25882760700913815 -0.19942848731384594 -0.40162627909032883 0.55436082530057651 -0.69053744869692302
decision_type=2 2 2 2 2 2
left_child=4 3 -3 -2 5 -1
right_child=1 2 -4 -5 -6 -7
leaf_value=1.3243978998599563e-05 -0.00011340916012306251 0.00013414386517652055 -0.0002588432034522509 0.0001382907147601825 -1.3153442624275107e-05 0.00041813239832688936
leaf_weight=61 222 181 314 998 61 248
leaf_count=61 222 181 314 998 61 248
internal_value=0.000412075 -1.16481e-05 -0.00173038 0.000687398 0.00236559 0.00294534
internal_weight=2085 1715 495 1220 370 309
internal_count=2085 1715 495 1220 370 309
is_linear=0
shrinkage=0.04


Tree=68
num_leaves=7
num_cat=0
split_feature=80 28 53 42 81 98
split_gain=0.999889 2.306 2.67009 1.7812 1.51826 1.11259
threshold=-0.30837112035171743 -0.34909697584258709 -0.58333333333333315 1.0547403370405952 0.40022347871269909 -1.1206146243511459
decision_type=2 2 2 2 2 2
left_child=3 2 -2 5 -3 -1
right_child=1 4 -4 -5 -6 -7
leaf_value=-8.7531627159441499e-05 -0.0012008338663502711 -1.4334871111230017e-05 -2.3866642668873934e-05 -0.00018270641626728229 0.00062075188659991881 0.00045930527855108483
leaf_weight=89 84 624 244 57 431 556
leaf_count=89 84 624 244 57 431 556
internal_value=0.00048874 -0.00013574 -0.00305455 0.00171591 0.000775781 0.00231839
internal_weight=2085 1383 328 702 1055 645
internal_count=2085 1383 328 702 1055 645
is_linear=0
shrinkage=0.04


Tree=69
num_leaves=6
num_cat=0
split_feature=87 69 40 42 61
split_gain=1.09795 1.43396 1.91935 1.86954 0.295522
threshold=1.568920151517186 0.39702968958790907 -0.79802159393710859 1.0547403370405952 -2.0262157593269103
decision_type=2 2 2 2 2
left_child=1 2 -1 -3 -2
right_child=4 3 -4 -5 -6
leaf_value=-0.0010590035965606323 4.7412579007194417e-05 0.00026722022266176509 -4.9584686387313181e-06 -0.00053244719740569576 0.001376353318403239
leaf_weight=73 42 448 1316 44 162
leaf_count=73 42 448 1316 44 162
internal_value=0.000412075 0.000108338 -0.000549245 0.00195951 0.00318447
internal_weight=2085 1881 1389 492 204
internal_count=2085 1881 1389 492 204
is_linear=0
shrinkage=0.04


Tree=70
num_leaves=7
num_cat=0
split_feature=69 87 29 28 112 61
split_gain=1.15927 1.46324 1.44581 1.18221 0.467237 0.294261
threshold=0.39702968958790907 1.568920151517186 0.62393784195832958 1.1381853319058051 -0.60962675717748283 -2.0262157593269103
decision_type=2 2 2 2 2 2
left_child=1 2 -1 4 -2 -3
right_child=3 5 -4 -5 -6 -7
leaf_value=2.1263252711493753e-06 -0.0001407650986484522 4.5516075846906693e-05 -0.00025922527859871492 -0.00012162256544662878 0.0005351013630554561 0.001293002130490736
leaf_weight=1183 67 42 206 54 374 159
leaf_count=1183 67 42 206 54 374 159
internal_value=0.000527072 1.48824e-10 -0.000462976 0.00221328 0.00289842 0.00317241
internal_weight=2085 1590 1389 495 441 201
internal_count=2085 1590 1389 495 441 201
is_linear=0
shrinkage=0.04


Tree=71
num_leaves=7
num_cat=0
split_feature=86 10 53 36 61 47
split_gain=1.09656 1.86379 1.23693 1.89713 1.11984 0.919286
threshold=-0.78093077937314204 -0.61590355550590004 -0.24999999999999997 -0.64027911596320519 -2.2188538212115736 -0.22044292787903372
decision_type=2 2 2 2 2 2
left_child=1 -1 3 -2 -4 -3
right_child=2 5 4 -5 -6 -7
leaf_value=-0.00022576456290224488 0.00030901211253415366 -0.00073981872614590452 -0.00025842652747234415 -0.00021440044964534112 0.0001238972391416151 0.00034765663194132659
leaf_weight=48 186 46 63 486 1161 95
leaf_count=48 186 46 63 486 1161 95
internal_value=0.000565405 -0.00232461 0.000855638 -0.000522255 0.00161175 2.79722e-05
internal_weight=2085 189 1896 672 1224 141
internal_count=2085 189 1896 672 1224 141
is_linear=0
shrinkage=0.04


Tree=72
num_leaves=5
num_cat=0
split_feature=72 11 61 28
split_gain=0.992155 1.07715 0.96503 1.12036
threshold=1.7771475142847397 -0.12329181951506939 -2.2188538212115736 -0.35611796257723727
decision_type=2 2 2 2
left_child=2 -2 -1 -4
right_child=1 -3 3 -5
leaf_value=-0.00029402759593115196 0.0002268653237947175 -0.00017280218699661752 -4.6272824898959659e-05 0.00010481509231859503
leaf_weight=57 48 42 592 1346
leaf_count=57 48 42 592 1346
internal_value=0.000584571 -0.00347826 0.000771157 0.000923711
internal_weight=2085 90 1995 1938
internal_count=2085 90 1995 1938
is_linear=0
shrinkage=0.04


Tree=73
num_leaves=6
num_cat=0
split_feature=2 72 61 105 50
split_gain=1.09269 1.41968 1.2377 0.451452 0.651211
threshold=-0.70280607090883829 1.7771475142847397 -2.2188538212115736 0.13127605626774194 -0.99037672386373921
decision_type=2 2 2 2 2
left_child=3 2 -2 4 -1
right_child=1 -3 -4 -5 -6
leaf_value=-7.2915678054813457e-05 -0.00030798309315568901 -0.00017770801519320114 2.3681574559103026e-05 0.00051897505841736835 0.0001899449092609448
leaf_weight=65 41 48 1626 173 132
leaf_count=65 41 48 1626 173 132
internal_value=0.000507906 8.15377e-05 0.000280408 0.00247312 0.00114573
internal_weight=2085 1715 1667 370 197
internal_count=2085 1715 1667 370 197
is_linear=0
shrinkage=0.04


Tree=74
num_leaves=5
num_cat=0
split_feature=59 59 4 116
split_gain=0.950558 1.26376 1.98495 1.21092
threshold=2.5596261840911976 0.89214650765662562 0.59166514043207619 -0.40162627909032883
decision_type=2 2 2 2
left_child=1 3 -3 -1
right_child=-2 2 -4 -5
leaf_value=-2.7327035667151142e-05 0.00091017390718590855 -6.2730707893679324e-06 -0.001461895777336763 0.00012864298469241977
leaf_weight=420 114 234 54 1263
leaf_count=420 114 234 54 1263
internal_value=0.000412075 0.000204764 -0.00223448 0.000624332
internal_weight=2085 1971 288 1683
internal_count=2085 1971 288 1683
is_linear=0
shrinkage=0.04


Tree=75
num_leaves=7
num_cat=0
split_feature=50 110 67 12 93 72
split_gain=1.02004 1.40678 1.85716 0.848286 0.729614 0.408845
threshold=0.35661708097254552 0.27405913338537091 0.2206355150058367 1.2337304989503952 -1.1185935188938694 -0.33480707595089215
decision_type=2 2 2 2 2 2
left_child=3 2 -2 4 -1 -3
right_child=1 5 -4 -5 -6 -7
leaf_value=-7.7468315081368586e-05 -0.00029342661388497042 0.00027029048759234271 0.00017351168473775079 -0.00073603454487378454 0.00010193415472179019 2.6078187866624475e-06
leaf_weight=115 263 106 111 41 1289 160
leaf_count=115 263 106 111 41 1289 160
internal_value=0.000392909 -0.000934579 -0.00251064 0.000981341 0.00114936 0.00128358
internal_weight=2085 640 374 1445 1404 266
internal_count=2085 640 374 1445 1404 266
is_linear=0
shrinkage=0.04


Tree=76
num_leaves=7
num_cat=0
split_feature=82 10 80 110 116 2
split_gain=1.1981 1.4708 1.16349 1.20038 1.14841 0.326077
threshold=-0.58296039936582378 0.13877071853453846 -0.41727242937346176 0.60676734522264641 -0.50526921258673096 -0.014134382834332359
decision_type=2 2 2 2 2 2
left_child=1 5 4 -4 -2 -1
right_child=2 -3 3 -5 -6 -7
leaf_value=-7.0904759442666723e-05 -0.00022357934331144081 -0.00024942012536425195 -2.1171035002837242e-05 0.00026320968971866758 0.00058592406971516759 7.8758410569729494e-05
leaf_weight=40 99 40 1029 411 423 43
leaf_count=40 99 40 1029 411 423 43
internal_value=0.000373742 -0.003424 0.000615071 2.77394e-05 0.00222901 -0.000329412
internal_weight=2085 123 1962 1440 522 83
internal_count=2085 123 1962 1440 522 83
is_linear=0
shrinkage=0.04


Tree=77
num_leaves=8
num_cat=0
split_feature=115 60 10 69 11 11 98
split_gain=1.04203 1.45558 1.68485 1.46706 0.456426 0.565757 0.252402
threshold=-0.59755032036749445 0.805483801866966 -0.22393915327035049 0.2750741200914581 0.67661625733736852 0.89695354938707161 -0.019543452464172727
decision_type=2 2 2 2 2 2 2
left_child=4 3 -3 -2 6 -6 -1
right_child=1 2 -4 -5 5 -7 -8
leaf_value=8.9243422822078998e-05 -1.2385784889968624e-05 -0.0011606094827181696 -1.2853789749069137e-05 0.00018780835777614273 -6.9400230558699377e-05 0.00021109620054043872 0.00074798299901639642
leaf_weight=85 1164 52 95 372 50 60 207
leaf_count=85 1164 52 95 372 50 60 207
internal_value=0.000373742 -6.40948e-05 -0.00383893 0.000301691 0.00219802 1.46351e-10 0.00302041
internal_weight=2085 1683 147 1536 402 110 292
internal_count=2085 1683 147 1536 402 110 292
is_linear=0
shrinkage=0.04


Tree=78
num_leaves=5
num_cat=0
split_feature=10 86 46 75
split_gain=1.306 1.40475 1.30326 0.178715
threshold=2.7519622888526643 1.0190409879967504 -0.43712507776926729 -0.88515950378050923
decision_type=2 2 2 2
left_child=1 2 -1 -3
right_child=-2 3 -4 -5
leaf_value=0.00016946116308254623 -0.00030852684687834484 8.1201328223512657e-05 -1.5945519571784133e-05 0.0013876604324650692
leaf_weight=475 40 40 1346 184
leaf_count=475 40 40 1346 184
internal_value=0.000316244 0.000459209 8.99617e-05 0.00343363
internal_weight=2085 2045 1821 224
internal_count=2085 2045 1821 224
is_linear=0
shrinkage=0.04


Tree=79
num_leaves=5
num_cat=0
split_feature=33 80 80 7
split_gain=1.32034 1.06674 1.22227 0.0677205
threshold=1.5371076546484141 1.965585791529137 -0.28369521465234698 -0.29442796494705664
decision_type=2 2 2 2
left_child=1 2 -1 -3
right_child=-2 3 -4 -5
leaf_value=9.5397593797103957e-05 -0.0010235555822641273 0.0002373230669683216 -1.6478871305921815e-05 0.00085658590632298865
leaf_weight=723 40 40 1150 132
leaf_count=723 40 40 1150 132
internal_value=0.000354576 0.00049829 0.000219733 0.00349425
internal_weight=2085 2045 1873 172
internal_count=2085 2045 1873 172
is_linear=0
shrinkage=0.04


Tree=80
num_leaves=7
num_cat=0
split_feature=82 38 4 74 53 43
split_gain=1.08184 2.11443 1.09655 2.18515 0.848364 0.511829
threshold=-0.53591239326548157 0.16299449008704875 -0.30517167271251683 0.35326170229594983 -0.74999999999999989 0.094063669628303578
decision_type=2 2 2 2 2 2
left_child=1 5 4 -4 -2 -1
right_child=2 -3 3 -5 -6 -7
leaf_value=-7.1461767862414046e-05 -0.00033484250484758877 -0.00028135041510977162 6.4936606622198914e-05 -0.00013257930806525502 0.00034279786889169426 0.00018575567099669683
leaf_weight=57 61 49 898 359 608 53
leaf_count=57 61 49 898 359 608 53
internal_value=0.000392909 -0.00275776 0.000655602 -4.13025e-05 0.00196125 0.000357143
internal_weight=2085 159 1926 1257 669 110
internal_count=2085 159 1926 1257 669 110
is_linear=0
shrinkage=0.04


Tree=81
num_leaves=8
num_cat=0
split_feature=115 114 35 14 118 87 29
split_gain=1.04592 1.77546 2.0352 1.18951 1.54883 1.18866 0.380629
threshold=0.33435165667500683 -0.16738562732856407 -0.028117119515814765 -0.24970654045616006 -0.41136075370740044 -0.031383396861969996 0.93316705289670299
decision_type=2 2 2 2 2 2 2
left_child=3 2 -2 6 -5 -3 -1
right_child=1 5 -4 4 -6 -7 -8
leaf_value=0.00025639892701119472 -8.7849858688439546e-05 -5.2937420130294993e-05 -0.0011090377721665497 -0.00017903767547425525 7.7293545704371875e-05 0.00012969794719881798 -9.7443703823526246e-06
leaf_weight=458 80 165 40 305 590 396 51
leaf_count=458 80 165 40 305 590 396 51
internal_value=0.000412075 -0.000872621 -0.0052459 0.00103556 0.000156076 7.81529e-05 0.00257534
internal_weight=2085 681 120 1404 895 561 509
internal_count=2085 681 120 1404 895 561 509
is_linear=0
shrinkage=0.04


Tree=82
num_leaves=7
num_cat=0
split_feature=69 42 87 42 28 68
split_gain=0.952474 1.54504 1.28822 1.40535 0.601667 0.42237
threshold=0.4051642865828331 1.0547403370405952 1.568920151517186 0.46962195877756258 1.0129033351448076 1.2915544384203277
decision_type=2 2 2 2 2 2
left_child=2 4 3 -1 -2 -4
right_child=1 -3 5 -5 -6 -7
leaf_value=-4.7734304874256185e-05 0.00045579788906456104 -0.00050020373282289748 0.0016478233946850113 0.00018082846425096917 -0.00010512828453271922 3.0544593837006889e-05
leaf_weight=1076 390 43 156 322 53 45
leaf_count=1076 390 43 156 322 53 45
internal_value=0.000469574 0.00201639 -2.49829e-06 -0.000434286 0.0027236 0.00297537
internal_weight=2085 486 1599 1398 443 201
internal_count=2085 486 1599 1398 443 201
is_linear=0
shrinkage=0.04


Tree=83
num_leaves=7
num_cat=0
split_feature=115 36 58 14 13 100
split_gain=0.980836 1.77687 1.56463 1.10318 1.1416 0.501588
threshold=0.33435165667500683 0.65145518324781737 -1.0197937248262934 -0.24970654045616006 -0.57580668617019259 0.57576742579156981
decision_type=2 2 2 2 2 2
left_child=3 2 -2 5 -5 -1
right_child=1 -3 -4 4 -6 -7
leaf_value=0.00030949486667065988 -0.00023304887495234809 -0.00091536133082704431 2.8052299992133513e-05 -0.00019757498125385888 4.1215987197684721e-05 -5.9635254195995381e-06
leaf_weight=439 80 44 557 182 713 70
leaf_count=439 80 44 557 182 713 70
internal_value=0.00048874 -0.00075549 -0.000206573 0.00109246 0.000245262 0.00257534
internal_weight=2085 681 637 1404 895 509
internal_count=2085 681 637 1404 895 509
is_linear=0
shrinkage=0.04


Tree=84
num_leaves=5
num_cat=0
split_feature=10 86 86 65
split_gain=1.02397 1.12392 1.45124 0.228843
threshold=2.7519622888526643 1.0190409879967504 -0.06845120900417119 -0.67832473363565571
decision_type=2 2 2 2
left_child=1 2 -1 -3
right_child=-2 3 -4 -5
leaf_value=9.6418411399654019e-05 -0.00030232860204395346 0.0003785989060327883 -3.5894599238967812e-05 0.0012572469775515825
leaf_weight=929 40 52 892 172
leaf_count=929 40 52 892 172
internal_value=0.000469574 0.000595994 0.000265497 0.00325664
internal_weight=2085 2045 1821 224
internal_count=2085 2045 1821 224
is_linear=0
shrinkage=0.04


Tree=85
num_leaves=5
num_cat=0
split_feature=82 115 118 109
split_gain=1.0212 1.14528 1.19507 0.274252
threshold=-0.64877885255471701 -0.69484242244529371 -0.62071554437477994 0.94964855568404161
decision_type=2 2 2 2
left_child=-1 3 -3 -2
right_child=1 2 -4 -5
leaf_value=-0.00012191133908988323 0.00066857366408828187 -0.00017659025802843145 3.244700226942147e-05 2.6166532257476066e-05
leaf_weight=66 243 165 1539 72
leaf_count=66 243 165 1539 72
internal_value=0.000469574 0.000631371 0.000220399 0.00283912
internal_weight=2085 2019 1704 315
internal_count=2085 2019 1704 315
is_linear=0
shrinkage=0.04


Tree=86
num_leaves=8
num_cat=0
split_feature=46 25 110 110 41 47 79
split_gain=1.01204 1.39886 1.94294 1.49955 1.08385 1.99939 0.704673
threshold=-0.49501655083998791 0.44322061219605108 -0.60306715928646948 0.57831824845410995 -0.36135590102526299 0.11813198733712783 -1.2362060267508765
decision_type=2 2 2 2 2 2 2
left_child=4 3 -3 -2 5 -1 -6
right_child=1 2 -4 -5 6 -7 -8
leaf_value=-0.00031226358173827844 -6.5482564659567614e-06 0.00055723035080884175 -0.00023822799957502584 0.000479836971093792 -8.6527254196526668e-05 0.00020625158680962337 0.00044800527599740659
leaf_weight=53 842 90 328 295 41 114 322
leaf_count=53 842 90 328 295 41 114 322
internal_value=0.000373742 -0.000141297 -0.00211429 0.00058648 0.0018797 -0.000781065 0.00310137
internal_weight=2085 1555 418 1137 530 167 363
internal_count=2085 1555 418 1137 530 167 363
is_linear=0
shrinkage=0.04


Tree=87
num_leaves=6
num_cat=0
split_feature=82 38 10 86 46
split_gain=1.08184 1.56173 1.08803 1.18484 0.583176
threshold=-0.53591239326548157 0.14837573153524261 2.7519622888526643 -0.78093077937314204 -0.20560847397570958
decision_type=2 2 2 2 2
left_child=1 4 3 -2 -1
right_child=2 -3 -4 -5 -6
leaf_value=0.0001903601197475323 -0.00011062173958706654 -0.00021975541997398682 -0.00028378213538228123 7.9950158240995331e-05 -5.7600805469442444e-05
leaf_weight=50 177 50 40 1709 59
leaf_count=50 177 50 40 1709 59
internal_value=0.000392909 -0.00275776 0.000655602 0.00079661 -3.60359e-05
internal_weight=2085 159 1926 1886 109
internal_count=2085 159 1926 1886 109
is_linear=0
shrinkage=0.04


Tree=88
num_leaves=6
num_cat=0
split_feature=80 74 45 82 38
split_gain=1.02298 1.43798 2.75977 1.01605 0.165922
threshold=2.1130645630721983 1.1469147646098221 -0.12417450948939977 -0.64877885255471701 -0.057363363450111365
decision_type=2 2 2 2 2
left_child=1 3 -3 -1 -2
right_child=4 2 -4 -5 -6
leaf_value=-0.00010195864040618223 4.5904908797453239e-05 0.00014608917488624849 -0.00039208440268678974 4.4502146350058451e-05 0.00081618344638289587
leaf_weight=66 40 71 109 1665 134
leaf_count=66 40 71 109 1665 134
internal_value=0.000354576 8.57294e-05 -0.0032967 0.000440854 0.00327273
internal_weight=2085 1911 180 1731 174
internal_count=2085 1911 180 1731 174
is_linear=0
shrinkage=0.04


Tree=89
num_leaves=8
num_cat=0
split_feature=46 30 106 41 92 79 75
split_gain=1.04588 1.32906 1.6618 0.775142 1.73254 0.676844 0.303799
threshold=-0.47936280562933692 -0.76211171788362642 0.66901059700014753 -0.36135590102526299 0.49375400232385785 -1.2362060267508765 1.1368119757121657
decision_type=2 2 2 2 2 2 2
left_child=3 6 -3 4 -1 -5 -2
right_child=1 2 -4 5 -6 -7 -8
leaf_value=0.00026294785017091135 0.00033998018983101878 -4.1291120928846829e-06 -0.00024862133965393836 -8.804425621230773e-05 -0.00032971333668158867 0.00039713587341018306 1.9268273905071465e-05
leaf_weight=114 193 1180 112 41 55 328 62
leaf_count=114 193 1180 112 41 55 328 62
internal_value=0.000469574 -5.9393e-05 -0.000581144 0.00198519 -0.00025731 0.00300809 0.00256809
internal_weight=2085 1547 1292 538 169 369 255
internal_count=2085 1547 1292 538 169 369 255
is_linear=0
shrinkage=0.04


Tree=90
num_leaves=5
num_cat=0
split_feature=10 46 40 111
split_gain=1.01766 1.24999 1.68075 0.744548
threshold=2.7519622888526643 -0.49501655083998791 -0.85913730113559184 0.84512469497447451
decision_type=2 2 2 2
left_child=1 3 -3 -1
right_child=-2 2 -4 -5
leaf_value=0.00024608471609606871 -0.00027511407856549002 -0.00088870686443732929 6.3060574810584951e-06 -0.00029495557014998366
leaf_weight=474 40 49 1482 40
leaf_count=474 40 49 1482 40
internal_value=0.000450407 0.000576453 2.60941e-06 0.00227907
internal_weight=2085 2045 1531 514
internal_count=2085 2045 1531 514
is_linear=0
shrinkage=0.04


Tree=91
num_leaves=8
num_cat=0
split_feature=85 116 1 40 115 114 93
split_gain=0.963291 1.80009 2.36878 1.69728 0.979952 1.9668 0.735258
threshold=-0.29510836096324766 -0.4158375823989896 0.146991588973407 0.74678963759106209 0.33435165667500683 -0.16738562732856407 -1.1550021989996933
decision_type=2 2 2 2 2 2 2
left_child=1 2 -1 -3 6 -6 -2
right_child=4 3 -4 -5 5 -7 -8
leaf_value=5.3696895267016939e-06 -7.9218616607398007e-05 0.00013640941544955111 -0.00093353310981124523 -0.00034130034577023243 -0.00064546351289267395 4.1308940555531102e-05 0.00013461779735417473
leaf_weight=57 72 401 45 64 96 480 870
leaf_count=57 72 401 45 64 96 480 870
internal_value=0.000469574 -0.000934973 -0.00569231 0.00012848 0.000994737 -0.000304498 0.00178814
internal_weight=2085 567 102 465 1518 576 942
internal_count=2085 567 102 465 1518 576 942
is_linear=0
shrinkage=0.04


Tree=92
num_leaves=8
num_cat=0
split_feature=50 110 47 14 98 14 58
split_gain=1.12719 1.40596 2.98576 1.08542 1.20502 0.707902 0.409509
threshold=0.342408669337747 0.23794266999777094 -0.66175068936728965 -0.27692950689157758 0.91207777308253635 0.65109053565765895 -0.65313471692824876
decision_type=2 2 2 2 2 2 2
left_child=3 2 -2 6 -5 -3 -1
right_child=1 5 -4 4 -6 -7 -8
leaf_value=3.272294925526386e-05 -0.00059411135647742259 0.00022359600883003285 -4.2508795445154447e-05 4.3028984328078094e-05 -0.00025558798565465966 -0.0001072957163617674 0.00018806077310100524
leaf_weight=90 54 231 313 801 107 58 431
leaf_count=90 54 231 313 801 107 58 431
internal_value=0.000373742 -0.00099696 -0.00263415 0.00100349 0.000167033 0.00108591 0.00245507
internal_weight=2085 656 367 1429 908 289 521
internal_count=2085 656 367 1429 908 289 521
is_linear=0
shrinkage=0.04


Tree=93
num_leaves=5
num_cat=0
split_feature=33 85 116 2
split_gain=1.3565 1.10351 1.70292 1.07886
threshold=1.5371076546484141 -0.3851647684447162 -0.40162627909032883 -0.57489036235209223
decision_type=2 2 2 2
left_child=1 2 -1 -3
right_child=-2 3 -4 -5
leaf_value=-0.00033299213005010214 -0.00086793370291314749 0.00029592302703278125 9.0456434337624666e-07 2.3497718033442941e-05
leaf_weight=80 40 366 390 1209
leaf_count=80 40 366 390 1209
internal_value=0.000450407 0.000595994 -0.00110169 0.00110336
internal_weight=2085 2045 470 1575
internal_count=2085 2045 470 1575
is_linear=0
shrinkage=0.04


Tree=94
num_leaves=5
num_cat=0
split_feature=10 13 39 0
split_gain=1.0051 1.03325 1.21128 0.00528594
threshold=2.7519622888526643 1.540098724205581 0.99267149338124427 0.60931231017627718
decision_type=2 2 2 2
left_child=1 2 -1 -3
right_child=-2 3 -4 -5
leaf_value=2.4847180870437217e-05 -0.00024311652503355565 0.00063886321372561331 -0.00039978441661114237 0.00026844714689951572
leaf_weight=1765 40 112 128 40
leaf_count=1765 40 112 128 40
internal_value=0.000412075 0.000537372 0.000280739 0.00368831
internal_weight=2085 2045 1893 152
internal_count=2085 2045 1893 152
is_linear=0
shrinkage=0.04


Tree=95
num_leaves=6
num_cat=0
split_feature=87 91 45 35 61
split_gain=1.05286 1.50129 1.61741 1.32178 0.295522
threshold=1.568920151517186 0.79608714405218672 0.13164196377177576 -0.7507539735402714 -2.0262157593269103
decision_type=2 2 2 2 2
left_child=1 3 -3 -1 -2
right_child=4 2 -4 -5 -6
leaf_value=0.00031430106469376192 7.2673079867982535e-05 1.6008541031320432e-05 -0.00072650490143529912 6.400746322343164e-06 0.0010859167215611864
leaf_weight=231 42 65 58 1527 162
leaf_count=231 42 65 58 1527 162
internal_value=0.000469574 0.000172066 -0.004064 0.000472727 0.00318447
internal_weight=2085 1881 123 1758 204
internal_count=2085 1881 123 1758 204
is_linear=0
shrinkage=0.04


Tree=96
num_leaves=7
num_cat=0
split_feature=82 7 9 26 53 108
split_gain=1.02687 1.3591 1.17452 1.76878 1.03165 0.741931
threshold=-0.58296039936582378 -0.3023695858232977 -0.38045585480408828 -0.31548168045254704 -0.74999999999999989 -0.27593863785665279
decision_type=2 2 2 2 2 2
left_child=1 -1 4 -4 -2 -3
right_child=2 5 3 -5 -6 -7
leaf_value=6.4435465698072365e-05 -0.00028940173196615761 -0.00015223292340298301 -8.5513685504109876e-05 3.3780045586476914e-05 0.00028883893012275077 -0.00016690987461484918
leaf_weight=40 56 40 153 1186 567 43
leaf_count=40 56 40 153 1186 567 43
internal_value=0.000412075 -0.003104 0.000635438 -3.28112e-05 0.0020672 -0.00597647
internal_weight=2085 123 1962 1339 623 83
internal_count=2085 123 1962 1339 623 83
is_linear=0
shrinkage=0.04


Tree=97
num_leaves=6
num_cat=0
split_feature=80 50 112 8 10
split_gain=0.983043 1.10938 1.61233 0.831899 0.165922
threshold=2.1130645630721983 0.342408669337747 0.5092200228558813 0.57233457460438053 -0.045669471893452891
decision_type=2 2 2 2 2
left_child=1 3 -3 -1 -2
right_child=4 2 -4 -5 -6
leaf_value=6.1304744010487084e-05 3.9969602248900303e-05 -1.5334437848466969e-05 -0.00031111551567683537 -6.2404126530902991e-05 0.00078459827449411967
leaf_weight=1032 40 516 73 290 134
leaf_count=1032 40 516 73 290 134
internal_value=0.000412075 0.000148458 -0.00129272 0.000791541 0.00327273
internal_weight=2085 1911 589 1322 174
internal_count=2085 1911 589 1322 174
is_linear=0
shrinkage=0.04


Tree=98
num_leaves=6
num_cat=0
split_feature=80 15 74 10 41
split_gain=0.969906 1.08397 1.29057 0.165922 0.11631
threshold=2.1130645630721983 -1.0042949342060039 1.1469147646098221 -0.045669471893452891 -1.0853167187279864
decision_type=2 2 2 2 2
left_child=1 4 -3 -2 -1
right_child=3 2 -4 -5 -6
leaf_value=0.0002842898398624384 3.8370818158944409e-05 9.9542494199218735e-06 -0.00014207440969334366 0.00075321434351435486 0.00045313071152436129
leaf_weight=50 40 1587 158 134 116
leaf_count=50 40 1587 158 134 116
internal_value=0.000431241 0.000169368 -0.00012593 0.00327273 0.0032381
internal_weight=2085 1911 1745 174 166
internal_count=2085 1911 1745 174 166
is_linear=0
shrinkage=0.04


Tree=99
num_leaves=7
num_cat=0
split_feature=87 8 53 86 113 47
split_gain=1.04392 1.27208 2.67952 2.20703 0.437106 0.00701135
threshold=1.4261658983757608 0.38310564066540986 -0.74999999999999989 -0.78093077937314204 -0.99826945379138798 -0.60411434508035144
decision_type=2 2 2 2 2 2
left_child=1 3 -3 -1 -2 -6
right_child=4 2 -4 -5 5 -7
leaf_value=-0.00012239218282794392 -0.0001811146841512221 -0.00098627988441596088 -1.4121770515048772e-05 6.5419335275599172e-05 0.0016371161899713794 0.00078441231993977287
leaf_weight=133 42 45 515 1161 40 149
leaf_count=133 42 45 515 1161 40 149
internal_value=0.000412075 9.48277e-05 -0.00149466 0.000783951 0.00293562 0.00374869
internal_weight=2085 1854 560 1294 231 189
internal_count=2085 1854 560 1294 231 189
is_linear=0
shrinkage=0.04


Tree=100
num_leaves=6
num_cat=0
split_feature=87 117 33 50 61
split_gain=0.992374 1.20899 2.2511 1.09076 0.359185
threshold=1.568920151517186 0.95698535499352089 -0.031567351555793745 0.342408669337747 -1.868040720527079
decision_type=2 2 2 2 2
left_child=1 3 -3 -1 -2
right_child=4 2 -4 -5 -6
leaf_value=4.4296960642534051e-05 1.1876926883516844e-05 3.4870676135755006e-05 -0.0008155873291797092 -3.5113620642402245e-05 0.001094111956579238
leaf_weight=1185 51 90 84 522 153
leaf_count=1185 51 90 84 522 153
internal_value=0.000354576 6.58525e-05 -0.00309091 0.000390872 0.00299029
internal_weight=2085 1881 174 1707 204
internal_count=2085 1881 174 1707 204
is_linear=0
shrinkage=0.04


Tree=101
num_leaves=6
num_cat=0
split_feature=87 86 40 86 68
split_gain=0.97799 1.1429 1.84222 1.70086 0.424305
threshold=1.568920151517186 -0.03873260511784328 -0.79802159393710859 -0.77962747247785036 1.2915544384203277
decision_type=2 2 2 2 2
left_child=1 3 -3 -1 -2
right_child=4 2 -4 -5 -6
leaf_value=-5.117350796712208e-05 0.0014037489886734153 -0.0012064835142585972 -1.2765922445165102e-05 0.00012246719266525795 -5.8516768302572726e-05
leaf_weight=198 159 42 876 765 45
leaf_count=198 159 42 876 765 45
internal_value=0.000373742 8.70952e-05 -0.000921739 0.0010487 0.00299029
internal_weight=2085 1881 918 963 204
internal_count=2085 1881 918 963 204
is_linear=0
shrinkage=0.04


Tree=102
num_leaves=6
num_cat=0
split_feature=87 86 40 86 68
split_gain=0.992374 1.09532 1.84222 1.46012 0.424305
threshold=1.568920151517186 -0.03873260511784328 -0.79802159393710859 -0.77962747247785036 1.2915544384203277
decision_type=2 2 2 2 2
left_child=1 3 -3 -1 -2
right_child=4 2 -4 -5 -6
leaf_value=-4.9126567648436953e-05 0.0013475990291264787 -0.0011582241736882532 -1.2255285547358569e-05 0.00011756850495864755 -5.6176097570469782e-05
leaf_weight=198 159 42 876 765 45
leaf_count=198 159 42 876 765 45
internal_value=0.000354576 6.58525e-05 -0.000921739 0.00100725 0.00299029
internal_weight=2085 1881 918 963 204
internal_count=2085 1881 918 963 204
is_linear=0
shrinkage=0.04


Tree=103
num_leaves=6
num_cat=0
split_feature=87 50 112 112 86
split_gain=1.00686 1.09358 1.08974 0.888564 0.359185
threshold=1.568920151517186 0.342408669337747 0.55058243932384821 -0.29518059822250781 0.34787342170926466
decision_type=2 2 2 2 2
left_child=1 3 -3 -1 -2
right_child=4 2 -4 -5 -6
leaf_value=-2.9933583413414041e-05 1.5989564443098088e-05 -2.2212262202302835e-05 -0.00024429059002523725 9.6032027189398199e-05 0.0012155288863506554
leaf_weight=349 51 506 71 955 153
leaf_count=349 51 506 71 955 153
internal_value=0.00033541 4.46098e-05 -0.00140242 0.000686064 0.00299029
internal_weight=2085 1881 577 1304 204
internal_count=2085 1881 577 1304 204
is_linear=0
shrinkage=0.04


Tree=104
num_leaves=5
num_cat=0
split_feature=87 38 46 68
split_gain=0.992374 1.04465 1.09388 0.424305
threshold=1.568920151517186 2.55290749194035 -0.56345843677729646 1.2915544384203277
decision_type=2 2 2 2
left_child=1 2 -1 -2
right_child=3 -3 -4 -5
leaf_value=0.00014642925892730012 0.0012682659612541776 -0.00014758712053456607 -1.0085175052348547e-05 -5.4568636245374857e-05
leaf_weight=434 159 43 1404 45
leaf_count=434 159 43 1404 45
internal_value=0.000354576 6.58525e-05 0.000213044 0.00299029
internal_weight=2085 1881 1838 204
internal_count=2085 1881 1838 204
is_linear=0
shrinkage=0.04


Tree=105
num_leaves=5
num_cat=0
split_feature=38 86 22 96
split_gain=0.967844 1.12305 1.08339 0.334974
threshold=2.7831758508921003 1.0190409879967504 -0.42086964656996645 -0.86493357281606831
decision_type=2 2 2 2
left_child=1 2 -1 -3
right_child=-2 3 -4 -5
leaf_value=0.00020246304725836766 -0.00020080414480869911 4.219099634536514e-05 -1.4799153516969893e-05 0.0011829465418388796
leaf_weight=569 40 55 1252 169
leaf_count=569 40 55 1252 169
internal_value=0.000297077 0.000420127 8.99617e-05 0.00307965
internal_weight=2085 2045 1821 224
internal_count=2085 2045 1821 224
is_linear=0
shrinkage=0.04


Tree=106
num_leaves=4
num_cat=0
split_feature=35 86 37
split_gain=0.966539 1.06962 1.27313
threshold=-1.1984555189103125 1.4538532073483446 0.78183191960354048
decision_type=2 2 2
left_child=-1 2 -2
right_child=1 -3 -4
leaf_value=0.00089109909809419381 8.4668863659716338e-06 0.001198660137137572 -0.00017173373990384902
leaf_weight=108 1617 107 253
leaf_count=108 1617 107 253
internal_value=0.000277911 7.47854e-05 -0.000149572
internal_weight=2085 1977 1870
internal_count=2085 1977 1870
is_linear=0
shrinkage=0.04


Tree=107
num_leaves=5
num_cat=0
split_feature=35 80 39 82
split_gain=0.956408 0.988831 1.60025 0.209402
threshold=-1.1984555189103125 2.1130645630721983 0.99267149338124427 -0.20926425607698171
decision_type=2 2 2 2
left_child=-1 2 -2 -3
right_child=1 3 -4 -5
leaf_value=0.00085545513417042615 7.2362542472601639e-06 0.00012559827333037999 -0.00034351125653215138 0.00052979831490874204
leaf_weight=108 1629 51 180 117
leaf_count=108 1629 51 180 117
internal_value=0.000297077 9.49976e-05 -0.000178907 0.00301176
internal_weight=2085 1977 1809 168
internal_count=2085 1977 1809 168
is_linear=0
shrinkage=0.04


Tree=108
num_leaves=4
num_cat=0
split_feature=35 86 86
split_gain=0.966539 1.06962 1.06557
threshold=-1.1984555189103125 1.4538532073483446 -0.06845120900417119
decision_type=2 2 2
left_child=-1 2 -2
right_child=1 -3 -4
leaf_value=0.00082123692880360926 5.8925205846032279e-05 0.0011295217990557195 -3.4067325207868384e-05
leaf_weight=108 919 107 951
leaf_count=108 919 107 951
internal_value=0.000277911 7.47854e-05 -0.000149572
internal_weight=2085 1977 1870
internal_count=2085 1977 1870
is_linear=0
shrinkage=0.04


Tree=109
num_leaves=5
num_cat=0
split_feature=15 86 115 9
split_gain=1.0351 1.10821 1.02322 0.16492
threshold=-1.0042949342060039 1.4538532073483446 1.1562267873621896 -0.77567364182410237
decision_type=2 2 2 2
left_child=3 2 -2 -1
right_child=1 -3 -4 -5
leaf_value=0.00045347201770686864 1.1850031055121894e-06 0.0010843421515733852 -0.00020094047717507071 7.7992531717015518e-05
leaf_weight=131 1709 108 97 40
leaf_count=131 1709 108 97 40
internal_value=0.000297077 2.92277e-05 -0.000207964 0.00326012
internal_weight=2085 1914 1806 171
internal_count=2085 1914 1806 171
is_linear=0
shrinkage=0.04


Tree=110
num_leaves=5
num_cat=0
split_feature=86 2 37 8
split_gain=0.976721 0.911949 1.21376 0.730572
threshold=1.4538532073483446 -0.71905201269562713 0.78183191960354048 0.45287724441087701
decision_type=2 2 2 2
left_child=1 3 -3 -1
right_child=-2 2 -4 -5
leaf_value=0.00024423598122687756 0.0010409684655104498 1.8769903283626352e-06 -0.00031997379190832779 -9.4703644260915875e-05
leaf_weight=312 108 1421 197 47
leaf_count=312 108 1421 197 47
internal_value=0.000258745 5.45732e-05 -0.000350617 0.00187258
internal_weight=2085 1977 1618 359
internal_count=2085 1977 1618 359
is_linear=0
shrinkage=0.04


Tree=111
num_leaves=4
num_cat=0
split_feature=86 35 86
split_gain=0.976721 0.983516 1.12051
threshold=1.4538532073483446 -1.2245828772578846 -0.03873260511784328
decision_type=2 2 2
left_child=1 -1 -3
right_child=-2 2 -4
leaf_value=0.00082427939188703522 0.00099932972689003186 5.4193950130269046e-05 -2.933475819121219e-05
leaf_weight=98 108 944 935
leaf_count=98 108 944 935
internal_value=0.000258745 5.45732e-05 -0.000150983
internal_weight=2085 1977 1879
internal_count=2085 1977 1879
is_linear=0
shrinkage=0.04


Tree=112
num_leaves=8
num_cat=0
split_feature=81 28 46 36 85 58 86
split_gain=1.15712 1.69351 1.91425 1.52132 1.71905 1.56305 0.590181
threshold=0.40022347871269909 -0.36059445304463916 0.17603827928454427 1.0713991044953708 -0.058932791843741138 -1.1042980578226127 -0.77962747247785036
decision_type=2 2 2 2 2 2 2
left_child=3 2 -2 5 -5 -1 -3
right_child=1 6 -4 4 -6 -7 -8
leaf_value=-0.00018499933117650425 5.3561766039830247e-05 -2.8939911510045806e-05 -0.0012083209250597963 -0.00047432212377137184 4.7567548497302428e-05 1.4075972827499743e-05 0.00043596975832074162
leaf_weight=51 79 42 46 45 44 1336 442
leaf_count=51 79 42 46 45 44 1336 442
internal_value=0.000297077 0.00176105 -0.0023622 -0.000308525 -0.00531868 2.01585e-05 0.00283128
internal_weight=2085 609 125 1476 89 1387 484
internal_count=2085 609 125 1476 89 1387 484
is_linear=0
shrinkage=0.04


Tree=113
num_leaves=5
num_cat=0
split_feature=86 36 28 4
split_gain=0.966539 0.865272 1.37189 0.0569887
threshold=1.4538532073483446 -1.1464013174485188 1.4526594799264585 -0.68645499809344179
decision_type=2 2 2 2
left_child=1 3 -3 -1
right_child=-2 2 -4 -5
leaf_value=0.00056476899049541626 0.00094191774748160083 3.198413006116944e-06 -0.00035398846071116265 0.00074633631365807424
leaf_weight=83 108 1784 70 40
leaf_count=83 108 1784 70 40
internal_value=0.000277911 7.47854e-05 -0.000142241 0.003296
internal_weight=2085 1977 1854 123
internal_count=2085 1977 1854 123
is_linear=0
shrinkage=0.04


Tree=114
num_leaves=4
num_cat=0
split_feature=86 35 86
split_gain=0.946331 0.952919 1.03882
threshold=1.4538532073483446 -1.2245828772578846 -0.06845120900417119
decision_type=2 2 2
left_child=1 -1 -3
right_child=-2 2 -4
leaf_value=0.00076597561085044413 0.00090424103758233695 5.7130598901570423e-05 -2.6382395903642395e-05
leaf_weight=98 108 921 958
leaf_count=98 108 921 958
internal_value=0.000316244 0.00011521 -8.71875e-05
internal_weight=2085 1977 1879
internal_count=2085 1977 1879
is_linear=0
shrinkage=0.04


Tree=115
num_leaves=4
num_cat=0
split_feature=86 35 46
split_gain=0.966539 0.973264 0.988985
threshold=1.4538532073483446 -1.2245828772578846 -0.49501655083998791
decision_type=2 2 2
left_child=1 -1 -3
right_child=-2 2 -4
leaf_value=0.00073533658641642633 0.00086807139607904336 0.00011741500042145074 -2.1104369100765952e-05
leaf_weight=98 108 483 1396
leaf_count=98 108 483 1396
internal_value=0.000277911 7.47854e-05 -0.000129718
internal_weight=2085 1977 1879
internal_count=2085 1977 1879
is_linear=0
shrinkage=0.04


Tree=116
num_leaves=5
num_cat=0
split_feature=86 87 91 7
split_gain=0.976721 0.844654 1.10219 0.0560538
threshold=1.4538532073483446 2.0259819419695648 0.79608714405218672 1.0000000180025095e-35
decision_type=2 2 2 2
left_child=1 2 -1 -3
right_child=-2 3 -4 -5
leaf_value=5.5833919960084508e-06 0.00083334854023588156 0.00039833633083909587 -8.5752977471250454e-05 0.0011355204958934152
leaf_weight=1707 108 40 150 80
leaf_count=1707 108 40 150 80
internal_value=0.000258745 5.45732e-05 -0.000157074 0.00327869
internal_weight=2085 1977 1857 120
internal_count=2085 1977 1857 120
is_linear=0
shrinkage=0.04


Tree=117
num_leaves=8
num_cat=0
split_feature=115 118 35 33 11 94 37
split_gain=0.936767 1.36283 2.78507 1.32923 0.563605 0.741991 0.118357
threshold=-0.76008598880334743 -0.44651631614351983 0.28967898121060093 -0.52291943348662773 0.62109207082390838 -0.46148895769349885 -0.82693098746173621
decision_type=2 2 2 2 2 2 2
left_child=4 2 -2 -3 6 -6 -1
right_child=1 3 -4 -5 5 -7 -8
leaf_value=0.00021507792242848655 -0.00032862826188775814 0.00028528548112994603 6.0906903940234313e-05 -7.2329080800588954e-06 -5.406053030246851e-05 0.00041266142504939432 0.00069307468695261232
leaf_weight=53 160 353 152 1117 44 48 158
leaf_count=53 160 353 152 1117 44 48 158
internal_value=0.000220412 -0.000130045 -0.00252229 0.000380435 0.00226885 -0.000340425 0.00339906
internal_weight=2085 1782 312 1470 303 92 211
internal_count=2085 1782 312 1470 303 92 211
is_linear=0
shrinkage=0.04


Tree=118
num_leaves=7
num_cat=0
split_feature=82 38 106 9 53 35
split_gain=1.06857 1.42844 0.988455 2.28235 1.34464 0.670576
threshold=-0.53591239326548157 0.14837573153524261 0.23970928629097546 -0.19942848731384594 -0.74999999999999989 0.049771393867212174
decision_type=2 2 2 2 2 2
left_child=1 5 4 -4 -2 -1
right_child=2 -3 3 -5 -6 -7
leaf_value=-5.7298411564728708e-05 -0.00037386065079147128 -0.00017886825516809341 0.00020809921127421413 -9.3714050097008577e-05 0.00011906694374882293 0.00015103566404765499
leaf_weight=43 111 50 294 342 1179 66
leaf_count=43 111 50 294 342 1179 66
internal_value=0.000124581 -0.00300621 0.000385892 -0.000902821 0.00102167 -0.000396396
internal_weight=2085 159 1926 636 1290 109
internal_count=2085 159 1926 636 1290 109
is_linear=0
shrinkage=0.04


Tree=119
num_leaves=8
num_cat=0
split_feature=14 74 44 37 115 76 29
split_gain=0.966756 1.59032 3.28806 1.30549 1.07797 1.50967 0.567275
threshold=-0.31785685936178182 1.3461106643350271 0.24911484135215611 0.78183191960354048 0.070437342067677336 0.18954910510400699 0.93316705289670299
decision_type=2 2 2 2 2 2 2
left_child=4 3 -3 -2 6 -6 -1
right_child=1 2 -4 -5 5 -7 -8
leaf_value=0.00030799537478959203 3.3237867665679058e-05 0.00011822309547586438 -0.00077078858318186533 -0.00018917131045901678 -8.1851428717459644e-05 8.3962236022771308e-05 -1.5282851283733853e-05
leaf_weight=336 1158 52 46 147 158 144 44
leaf_count=336 1158 52 46 147 158 144 44
internal_value=0.00018208 -0.000418505 -0.00528 -4.59065e-05 0.0014152 -0.000368421 0.00282723
internal_weight=2085 1403 98 1305 682 302 380
internal_count=2085 1403 98 1305 682 302 380
is_linear=0
shrinkage=0.04


end of trees

feature_importances:
Column_86=49
Column_60=31
Column_115=28
Column_110=25
Column_40=22
Column_112=21
Column_87=18
Column_28=17
Column_53=16
Column_10=15
Column_35=15
Column_80=15
Column_33=14
Column_46=12
Column_118=12
Column_42=11
Column_61=11
Column_36=10
Column_82=10
Column_106=10
Column_116=10
Column_15=9
Column_50=9
Column_59=9
Column_67=9
Column_74=9
Column_4=8
Column_8=8
Column_11=8
Column_38=8
Column_68=8
Column_117=8
Column_9=7
Column_16=7
Column_85=7
Column_2=6
Column_13=6
Column_14=6
Column_29=6
Column_41=6
Column_84=6
Column_37=5
Column_47=5
Column_69=5
Column_70=5
Column_91=5
Column_100=5
Column_0=4
Column_25=4
Column_34=4
Column_45=4
Column_48=4
Column_58=4
Column_62=4
Column_79=4
Column_98=4
Column_111=4
Column_7=3
Column_24=3
Column_39=3
Column_44=3
Column_49=3
Column_72=3
Column_75=3
Column_94=3
Column_96=3
Column_113=3
Column_114=3
Column_12=2
Column_22=2
Column_30=2
Column_31=2
Column_64=2
Column_78=2
Column_81=2
Column_92=2
Column_93=2
Column_105=2
Column_107=2
Column_1=1
Column_6=1
Column_17=1
Column_18=1
Column_20=1
Column_26=1
Column_43=1
Column_63=1
Column_65=1
Column_66=1
Column_71=1
Column_73=1
Column_76=1
Column_97=1
Column_104=1
Column_108=1
Column_109=1

parameters:
[boosting: gbdt]
[objective: quantile]
[metric: quantile]
[tree_learner: serial]
[device_type: cpu]
[data_sample_strategy: bagging]
[data: ]
[valid: ]
[num_iterations: 120]
[learning_rate: 0.04]
[num_leaves: 15]
[num_threads: 2]
[seed: 42]
[deterministic: 0]
[force_col_wise: 0]
[force_row_wise: 0]
[histogram_pool_size: -1]
[max_depth: 3]
[min_data_in_leaf: 40]
[min_sum_hessian_in_leaf: 0.001]
[bagging_fraction: 0.85]
[pos_bagging_fraction: 1]
[neg_bagging_fraction: 1]
[bagging_freq: 0]
[bagging_seed: 400]
[bagging_by_query: 0]
[feature_fraction: 0.8]
[feature_fraction_bynode: 1]
[feature_fraction_seed: 30056]
[extra_trees: 0]
[extra_seed: 12879]
[early_stopping_round: 0]
[early_stopping_min_delta: 0]
[first_metric_only: 0]
[max_delta_step: 0]
[lambda_l1: 0]
[lambda_l2: 2]
[linear_lambda: 0]
[min_gain_to_split: 0]
[drop_rate: 0.1]
[max_drop: 50]
[skip_drop: 0.5]
[xgboost_dart_mode: 0]
[uniform_drop: 0]
[drop_seed: 17869]
[top_rate: 0.2]
[other_rate: 0.1]
[min_data_per_group: 100]
[max_cat_threshold: 32]
[cat_l2: 10]
[cat_smooth: 10]
[max_cat_to_onehot: 4]
[top_k: 20]
[monotone_constraints: ]
[monotone_constraints_method: basic]
[monotone_penalty: 0]
[feature_contri: ]
[forcedsplits_filename: ]
[refit_decay_rate: 0.9]
[cegb_tradeoff: 1]
[cegb_penalty_split: 0]
[cegb_penalty_feature_lazy: ]
[cegb_penalty_feature_coupled: ]
[path_smooth: 0]
[interaction_constraints: ]
[verbosity: -1]
[saved_feature_importance_type: 0]
[use_quantized_grad: 0]
[num_grad_quant_bins: 4]
[quant_train_renew_leaf: 0]
[stochastic_rounding: 1]
[linear_tree: 0]
[max_bin: 255]
[max_bin_by_feature: ]
[min_data_in_bin: 3]
[bin_construct_sample_cnt: 200000]
[data_random_seed: 175]
[is_enable_sparse: 1]
[enable_bundle: 1]
[use_missing: 1]
[zero_as_missing: 0]
[feature_pre_filter: 1]
[pre_partition: 0]
[two_round: 0]
[header: 0]
[label_column: ]
[weight_column: ]
[group_column: ]
[ignore_column: ]
[categorical_feature: ]
[forcedbins_filename: ]
[precise_float_parser: 0]
[parser_config_file: ]
[objective_seed: 16083]
[num_class: 1]
[is_unbalance: 0]
[scale_pos_weight: 1]
[sigmoid: 1]
[boost_from_average: 1]
[reg_sqrt: 0]
[alpha: 0.1]
[fair_c: 1]
[poisson_max_delta_step: 0.7]
[tweedie_variance_power: 1.5]
[lambdarank_truncation_level: 30]
[lambdarank_norm: 1]
[label_gain: ]
[lambdarank_position_bias_regularization: 0]
[eval_at: ]
[multi_error_top_k: 1]
[auc_mu_weights: ]
[num_machines: 1]
[local_listen_port: 12400]
[time_out: 120]
[machine_list_filename: ]
[machines: ]
[gpu_platform_id: -1]
[gpu_device_id: -1]
[gpu_device_id_list: ]
[gpu_use_dp: 0]
[num_gpu: 1]

end of parameters

pandas_categorical:null
