tree
version=v4
num_class=1
num_tree_per_iteration=1
label_index=0
max_feature_idx=118
objective=quantile
feature_names=Column_0 Column_1 Column_2 Column_3 Column_4 Column_5 Column_6 Column_7 Column_8 Column_9 Column_10 Column_11 Column_12 Column_13 Column_14 Column_15 Column_16 Column_17 Column_18 Column_19 Column_20 Column_21 Column_22 Column_23 Column_24 Column_25 Column_26 Column_27 Column_28 Column_29 Column_30 Column_31 Column_32 Column_33 Column_34 Column_35 Column_36 Column_37 Column_38 Column_39 Column_40 Column_41 Column_42 Column_43 Column_44 Column_45 Column_46 Column_47 Column_48 Column_49 Column_50 Column_51 Column_52 Column_53 Column_54 Column_55 Column_56 Column_57 Column_58 Column_59 Column_60 Column_61 Column_62 Column_63 Column_64 Column_65 Column_66 Column_67 Column_68 Column_69 Column_70 Column_71 Column_72 Column_73 Column_74 Column_75 Column_76 Column_77 Column_78 Column_79 Column_80 Column_81 Column_82 Column_83 Column_84 Column_85 Column_86 Column_87 Column_88 Column_89 Column_90 Column_91 Column_92 Column_93 Column_94 Column_95 Column_96 Column_97 Column_98 Column_99 Column_100 Column_101 Column_102 Column_103 Column_104 Column_105 Column_106 Column_107 Column_108 Column_109 Column_110 Column_111 Column_112 Column_113 Column_114 Column_115 Column_116 Column_117 Column_118
feature_infos=[-4.5969260725983823:5.9717472420034587] [-3.8140656809580125:4.0332807769352064] [-3.6764333905559714:3.6230031309258055] [-3.4523423105559599:3.2446195174179744] [-3.1754389793186371:2.6073851629493112] [-2.2456650070790509:2.5054460700505676] [-3.3953426927768948:3.3148094222667459] [-1.1943047967813787:4.7505619739096083] [-1.6074318493911546:1.623891197413516] [-3.0923264281035112:2.6725873828954216] [-1.2533028676263747:3.8418998230220662] [-2.4632766354487177:2.7377195202795344] [-2.2172559262632161:2.5297928166912644] [-1.3401905173725908:2.8063958678809957] [-2.5216669171210175:3.0539411303371846] [-1.7755812578925376:1.4610197507897764] [-1.882954106048953:1.8040260427112333] [-1.0296049359425399:0.67221525912980584] [-1.0881523275449041:0.70344587824186777] [-1.0296049359425399:0.67221525912980584] [-2.314758470534255:2.8918465293338813] [-3.1966015814979691:3.502647510864461] [-2.8630668222228226:2.8554181672310928] [-2.0191725319841702:2.8302893836445233] [-2.2234626710026633:1.8950054723037961] [-2.0685011139666361:1.9034265659780625] [-3.2572314127447228:2.2100291145753519] [-1.7669761313057319:1.5712811622778342] [-0.95420120148754806:2.8350924184692614] [-3.5227892576103921:3.3345623498452839] [-3.2632237495637439:2.9477782810588908] [-2.501815188825268:2.2300028106553267] [-2.4693303197413274:2.39365188605563] [-2.0158501569862848:2.473902063118564] [-2.147304561145476:2.3153648123633355] [-1.9176778592712509:2.006052098995732] [-2.0140847740495813:2.1999646798579882] [-1.2335571406752162:3.1496575853887419] [-1.2542007238286972:3.708595531346873] [-1.3606422194060679:2.73466134746129] [-1.1970425308262294:1.8886154567052564] [-2.0401892139137918:1.5936638180969969] [-1.7881814640668188:1.690570794106383] [-1.9762822880624371:11.763228316693253] [-592.34900162461486:94.472992063301447] [-504.12872110776766:104.93570413984918] [-670.81036576105691:49.332341072158549] [-1.1158395561057595:3.2297180046950675] [-1.8670706792289515:1.7369668553866799] [-1.1662231554739275:6.2222031532662658] [-3.8182482811338843:4.5305445547875518] [-10.164523188198546:8.4341419400454587] [-1:1] [-0.83333333333333337:1] [0:1] [0:1] [-3.5522341267027921:4.2916118602013782] [-3.9983157595637526:2.3158064580871107] [-2.3551806905370163:1.615271265722414] [-1.0484721638248378:2.4202840633711373] [-2.4158777397193139:1.3601474891640368] [-1.7376570541565435:0.32779925691795064] [-3.1124324236931944:3.5543834086310544] [-2.6304441509653094:2.4504302127391693] [-2.1307844820777873:1.8778157095906256] [-3.0291520467325452:3.9739286154097271] [-3.3275223981785125:2.2429828041326281] [-2.4339024901525597:1.702383703544015] [-1.0163977075638724:2.347956210718618] [-2.1947065667211967:1.3454766005409768] [-1.5574243691307628:0.3232481435839834] [-4.4786308711395364:7.7635914708319165] [-4.0610246122456832:5.5725045111138991] [-2.3871009150553677:4.0518774175364678] [-1.3470440077611796:4.6604564616536184] [-1.2052313639444794:7.7222147775551315] [-1.2246786529492741:2.3689238410852709] [-6.5874079312585785:6.792319954590039] [-4.6027803244588243:3.5776767725178216] [-2.7132146368713737:3.8077618163929139] [-1.235420241411102:3.6181176260882273] [-1.8055348089113594:4.5386756815773293] [-0.81282107753013222:2.288477753719985] [-11.010458718877427:10.788514345771336] [-5.9039300919708504:5.1147549922947011] [-3.525666066394086:3.77073770892836] [-1.0341650181614435:3.1684559574195501] [-2.1028558901327745:3.9255406034994276] [-1.2891842034651837:0.6389135990138477] [-3.9008191559820173:2.9265298616362738] [-3.4101272784101053:3.0110621163638904] [-2.5394254121886077:1.7342731261692754] [-1.3833128392726841:3.1963337809384234] [-2.0768668676214883:1.8740814081479262] [-1.5695431311559285:0.46436617027428928] [-5.4842763679009092:3.2262412415199848] [-4.2576652288242993:3.6513305256949398] [-1.9148889847559423:2.8955291891107509] [-1.272561921261826:4.0508628191722327] [-1.7896866277276253:4.5972320144007934] [-1.6843120636977835:1.358444846359792] [-4.3809904394627832:2.6529774664914609] [-3.879846811745276:3.6110639018679032] [-1.9582494038412193:2.6594692969266909] [-1.3097142563057409:3.8664223828537052] [-1.6370261112682691:3.9635344855001815] [-1.7503686072783486:1.3033264515618348] [-3.2899382321684163:3.5059095281063297] [-2.2371335169627562:2.6176124315583311] [-1.9579410530967885:1.9651136793922956] [-1.5811215862680283:2.0708556733963177] [-1.4835475995911935:1.934589178772014] [-2.4817685288860312:0.639431941761339] [-3.2908821207686505:3.5336358506631296] [-2.8225756550846914:3.6953002710048271] [-1.6913813003607923:2.533362356493897] [-0.73674172606197585:2.7559993217003713] [-1.4674871639431584:2.4386680850331808] [-1.4371484664665022:0.92366389788908021]
tree_sizes=760 776 774 764 758 756 773 781 771 686 778 864 765 686 854 602 605 689 687 689 688 587 600 604 601 775 695 689 778 780 512 595 603 691 602 597 609 605 691 607 786 597 606 771 691 775 606 605 608 783 598 608 694 605 676 694 779 609 779 682 608 876 603 608 689 610 779 678 774 869 784 784 869 775 607 697 781 592 781 867 606 880 600 786 778 872 695 694 774 780 604 602 603 776 685 780 780 607 682 689 609 873 778 600 781 610 691 870 605 779 782 783 772 781 686 794 607 607 871 859

Tree=0
num_leaves=7
num_cat=0
split_feature=69 100 115 110 45 78
split_gain=11.1435 12.4047 10.8965 3.56134 3.03971 2.62589
threshold=-1.2234593240546516 0.81524608869324344 0.82980913656727495 0.525327752973061 0.61230304236414856 0.76256567893981542
decision_type=2 2 2 2 2 2
left_child=3 2 -2 5 -3 -1
right_child=1 4 -4 -5 -6 -7
leaf_value=0.0046146450843662021 0.004612761940807104 0.0036057886481285096 0.0036575055122375489 0.0062250832468271258 0.0040828628279268742 0.0055428224429488184
leaf_weight=84 1827 137 165 60 55 72
leaf_count=84 1827 137 165 60 55 72
internal_value=0.00454784 0.00368783 0.00462808 0.0131717 -0.00596762 0.0098643
internal_weight=2400 2184 1992 216 192 156
internal_count=2400 2184 1992 216 192 156
is_linear=0
shrinkage=1


Tree=1
num_leaves=7
num_cat=0
split_feature=69 100 115 110 94 78
split_gain=10.7165 11.3678 9.27171 3.72845 2.83385 2.75742
threshold=-1.2234593240546516 0.81524608869324344 0.82980913656727495 0.525327752973061 0.31582641086245994 0.81776032697695
decision_type=2 2 2 2 2 2
left_child=3 2 -2 5 -3 -1
right_child=1 4 -4 -5 -6 -7
leaf_value=0.00011149768047034742 6.2321054935455329e-05 -0.00087646768726408475 -0.00085472511649131776 0.0016101495087146758 -7.1503024734556684e-05 0.00096377900689840318
leaf_weight=93 1827 144 165 60 48 63
leaf_count=93 1827 144 165 60 48 63
internal_value=-1.66528e-05 -0.000860018 4.01204e-05 0.00844037 -0.0101031 0.00506329
internal_weight=2400 2184 1992 216 192 156
internal_count=2400 2184 1992 216 192 156
is_linear=0
shrinkage=0.04


Tree=2
num_leaves=7
num_cat=0
split_feature=69 106 115 108 110 78
split_gain=10.2566 10.1477 8.83908 4.84123 3.89904 2.45041
threshold=-1.2234593240546516 0.77934272368800184 0.78321815269591577 -0.47185446978776435 0.525327752973061 0.81776032697695
decision_type=2 2 2 2 2 2
left_child=4 2 -2 -3 5 -1
right_child=1 3 -4 -5 -6 -7
leaf_value=0.00010703777325153354 6.418751019239426e-05 0.00018835365238785746 -0.00068198388570547114 -0.0010336671063676476 0.001545743528366089 0.00092522784662246705
leaf_weight=93 1776 45 207 156 60 63
leaf_count=93 1776 45 207 156 60 63
internal_value=-1.66528e-05 -0.00084172 3.02267e-05 -0.00935961 0.00825688 0.00481013
internal_weight=2400 2184 1983 201 216 156
internal_count=2400 2184 1983 201 216 156
is_linear=0
shrinkage=0.04


Tree=3
num_leaves=7
num_cat=0
split_feature=69 100 13 110 94 78
split_gain=10.2153 9.98137 8.20546 3.89904 2.98265 2.45041
threshold=-1.2234593240546516 0.81524608869324344 -0.91029737889705908 0.525327752973061 0.31582641086245994 0.81776032697695
decision_type=2 2 2 2 2 2
left_child=3 2 -2 5 -3 -1
right_child=1 4 -4 -5 -6 -7
leaf_value=0.00010275626232147218 0.0004530480892407894 -0.00080006229551881551 -4.316020252734422e-05 0.0014839137872314453 -5.8770299078822148e-05 0.00088821873275756835
leaf_weight=93 114 144 1878 60 48 63
leaf_count=93 114 144 1878 60 48 63
internal_value=0 -0.000823422 2.00602e-05 0.00825688 -0.00948454 0.00481013
internal_weight=2400 2184 1992 216 192 156
internal_count=2400 2184 1992 216 192 156
is_linear=0
shrinkage=0.04


Tree=4
num_leaves=7
num_cat=0
split_feature=69 100 115 110 94 68
split_gain=9.36565 10.255 7.96502 3.09404 2.89175 2.88742
threshold=-1.2334354374459067 0.81524608869324344 0.82980913656727495 0.525327752973061 0.31582641086245994 0.82604846348232319
decision_type=2 2 2 2 2 2
left_child=3 2 -2 5 -3 -1
right_child=1 4 -4 -5 -6 -7
leaf_value=0.0013154031505186081 5.8987120431435105e-05 -0.00077459104784190658 -0.00079153034830235238 0.0013536517738348009 -6.7582830499637137e-05 5.8055909474563557e-05
leaf_weight=54 1833 147 165 57 51 93
leaf_count=54 1833 147 165 57 51 93
internal_value=0 -0.000764331 0.0001 0.00815534 -0.0094 0.00496644
internal_weight=2400 2196 1998 204 198 147
internal_count=2400 2196 1998 204 198 147
is_linear=0
shrinkage=0.04


Tree=5
num_leaves=7
num_cat=0
split_feature=69 100 13 110 94 78
split_gain=9.36565 10.255 8.07751 3.09404 2.89175 2.42619
threshold=-1.2334354374459067 0.81524608869324344 -0.91029737889705908 0.525327752973061 0.31582641086245994 0.81776032697695
decision_type=2 2 2 2 2 2
left_child=3 2 -2 5 -3 -1
right_child=1 4 -4 -5 -6 -7
leaf_value=5.1040966013309458e-05 0.00043256668085390039 -0.00074360740592823034 -3.7669906622567644e-05 0.0012995057028814085 -6.4879517279651662e-05 0.00083316800725447839
leaf_weight=84 114 147 1884 57 51 63
leaf_count=84 114 147 1884 57 51 63
internal_value=0 -0.000764331 0.0001 0.00815534 -0.0094 0.00496644
internal_weight=2400 2196 1998 204 198 147
internal_count=2400 2196 1998 204 198 147
is_linear=0
shrinkage=0.04


Tree=6
num_leaves=7
num_cat=0
split_feature=87 10 78 94 111 28
split_gain=8.97159 7.32284 6.77785 3.95319 3.02968 1.22976
threshold=1.8372749763537886 -0.92683232344564903 1.1801731666830124 -0.18944129899577264 -0.73060369396431313 0.5793688850810691
decision_type=2 2 2 2 2 2
left_child=1 3 -3 -1 5 -2
right_child=4 2 -4 -5 -6 -7
leaf_value=-0.00010748490977508463 0.00042288917202786311 -0.00012702351508801218 0.0006882142563565145 0.00062380644043380062 0.00017321716878737731 0.0015091260293279302
leaf_weight=40 41 1962 158 60 75 64
leaf_count=40 41 1962 158 60 75 64
internal_value=3.33056e-05 -0.000666067 -0.00116871 0.00980392 0.00857143 0.0128972
internal_weight=2400 2220 2120 100 180 105
internal_count=2400 2220 2120 100 180 105
is_linear=0
shrinkage=0.04


Tree=7
num_leaves=7
num_cat=0
split_feature=70 115 106 108 45 49
split_gain=8.68662 7.02326 6.22891 5.13655 2.53906 0.778418
threshold=-1.3177619876254412 0.44638933492410371 0.99872341173595158 0.42512846251936243 0.72959038213939864 0.84269397045248395
decision_type=2 2 2 2 2 2
left_child=4 2 -2 -3 5 -1
right_child=1 3 -4 -5 -6 -7
leaf_value=0.0010176154323059997 9.0566863635841119e-05 -0.00015223008640640666 -0.00075997618870323087 -0.00073030001004248293 2.1363496230083177e-05 0.00075641378775285204
leaf_weight=63 1563 477 78 138 40 41
leaf_count=63 1563 477 78 138 40 41
internal_value=0.000133222 -0.000478299 0.000888618 -0.00411669 0.00958904 0.0128302
internal_weight=2400 2256 1641 615 144 104
internal_count=2400 2256 1641 615 144 104
is_linear=0
shrinkage=0.04


Tree=8
num_leaves=7
num_cat=0
split_feature=70 115 13 42 44 0
split_gain=8.27985 6.67469 5.9061 5.79513 2.40553 0.806296
threshold=-1.3177619876254412 0.27229421377504087 -0.89141726004707156 -0.75453726991361159 0.53686888500139573 0.48423212359136508
decision_type=2 2 2 2 2 2
left_child=4 2 -2 -3 5 -1
right_child=1 3 -4 -5 -6 -7
leaf_value=0.00099568465969472283 0.00042616850711740188 0.00033084876107064543 2.6521409407214597e-05 -0.00040227263188632664 9.0039715699444841e-05 0.00067478116539676698
leaf_weight=52 104 124 1354 674 46 46
leaf_count=52 104 124 1354 674 46 46
internal_value=8.32639e-05 -0.000513729 0.00109589 -0.00345 0.00931507 0.0128
internal_weight=2400 2256 1458 798 144 98
internal_count=2400 2256 1458 798 144 98
is_linear=0
shrinkage=0.04


Tree=9
num_leaves=6
num_cat=0
split_feature=28 100 82 78 97
split_gain=8.04871 8.81369 6.46562 6.09134 2.53416
threshold=1.7540496111871748 0.82744456176950598 -0.68018358152390557 0.50028533384834684 0.45021563037059797
decision_type=2 2 2 2 2
left_child=1 2 -1 -3 -2
right_child=4 3 -4 -5 -6
leaf_value=-0.0010855258011076068 0.00032119077763881424 -0.00076623259607402244 4.5063669921757803e-05 2.3031764931741307e-05 0.0011030187790275149
leaf_weight=63 40 134 2033 89 41
leaf_count=63 40 134 2033 89 41
internal_value=4.99584e-05 -0.000387764 0.000419447 -0.00791111 0.0122892
internal_weight=2400 2319 2096 223 81
internal_count=2400 2319 2096 223 81
is_linear=0
shrinkage=0.04


Tree=10
num_leaves=7
num_cat=0
split_feature=69 106 39 110 78 108
split_gain=8.34996 7.80127 5.56518 2.86889 2.65617 2.20049
threshold=-1.2334354374459067 0.94075101698312091 -0.92799760135434362 0.525327752973061 0.81776032697695 -0.27017401170300032
decision_type=2 2 2 2 2 2
left_child=3 2 -2 4 -1 -3
right_child=1 5 -4 -5 -6 -7
leaf_value=3.1776277617096563e-05 0.00036663103177272895 -9.2671991232444481e-05 -3.9547290748818582e-05 0.0011300065965672648 0.00072373583707175694 -0.00098705307484500855
leaf_weight=84 123 45 1929 57 63 99
leaf_count=84 123 45 1929 57 63 99
internal_value=6.66112e-05 -0.000655141 -1.94742e-05 0.00776699 0.00469799 -0.00958904
internal_weight=2400 2196 2052 204 147 144
internal_count=2400 2196 2052 204 147 144
is_linear=0
shrinkage=0.04


Tree=11
num_leaves=8
num_cat=0
split_feature=69 100 13 94 2 58 24
split_gain=7.70858 7.54896 4.94008 2.78081 2.53097 1.89228 1.50383
threshold=-1.2234593240546516 0.87759521637071558 -0.91029737889705908 0.35626382570154064 0.4659530106586029 -1.1549648862680384 -0.95489898764783676
decision_type=2 2 2 2 2 2 2
left_child=3 2 -2 5 -3 -1 -5
right_child=1 4 -4 6 -6 -7 -8
leaf_value=0.0010702748507028285 0.00038529242377637502 -0.00077681126981864201 -4.0697193969882162e-05 0.00068832849096981991 -2.9560665113148034e-05 0.0002789546750256944 -0.00076783795304442186
leaf_weight=87 119 118 1906 41 41 42 46
leaf_count=87 119 118 1906 41 41 42 46
internal_value=-1.66528e-05 -0.00073193 -6.90676e-05 0.00715596 -0.00906832 0.0108397 0.00157303
internal_weight=2400 2184 2025 216 159 129 87
internal_count=2400 2184 2025 216 159 129 87
is_linear=0
shrinkage=0.04


Tree=12
num_leaves=7
num_cat=0
split_feature=69 100 115 14 110 78
split_gain=7.28442 7.18014 6.51862 2.8482 2.31816 2.36198
threshold=-1.2234593240546516 0.81524608869324344 0.82980913656727495 -0.39686106626005851 0.525327752973061 0.81776032697695
decision_type=2 2 2 2 2 2
left_child=4 2 -2 -3 5 -1
right_child=1 3 -4 -5 -6 -7
leaf_value=9.7316854058422672e-05 4.2412645006228156e-05 2.3406930819029763e-05 -0.00072969405617824806 -0.00074573881902589639 0.0011341691505627716 0.00066079535133102714
leaf_weight=93 1827 44 165 148 60 63
leaf_count=93 1827 44 165 148 60 63
internal_value=0 -0.000695334 2.00602e-05 -0.00804124 0.00697248 0.0043038
internal_weight=2400 2184 1992 192 216 156
internal_count=2400 2184 1992 192 216 156
is_linear=0
shrinkage=0.04


Tree=13
num_leaves=6
num_cat=0
split_feature=70 69 117 44 68
split_gain=6.61622 5.69977 6.02196 2.26645 0.856304
threshold=-1.3177619876254412 -1.5341310918433944 0.93071058808381901 0.53686888500139573 0.99945776988184953
decision_type=2 2 2 2 2
left_child=3 -2 -3 4 -1
right_child=1 2 -4 -5 -6
leaf_value=0.0010195768693293096 0.00089281905681418497 -1.4686494230069818e-05 -0.0005624352262998735 4.8314355919862503e-05 0.00049731743947568105
leaf_weight=54 75 1986 195 46 44
leaf_count=54 75 1986 195 46 44
internal_value=-3.33056e-05 -0.000566873 -0.000943656 0.00821918 0.0116
internal_weight=2400 2256 2181 144 98
internal_count=2400 2256 2181 144 98
is_linear=0
shrinkage=0.04


Tree=14
num_leaves=8
num_cat=0
split_feature=69 106 82 91 94 58 32
split_gain=6.24386 6.73643 4.87894 3.19982 2.47856 1.98362 1.56544
threshold=-1.2234593240546516 0.79615767569349205 -0.68018358152390557 0.49668300265101156 0.35160735006231519 -1.1549648862680384 -1.0221299580860184
decision_type=2 2 2 2 2 2 2
left_child=4 2 -2 -3 5 -1 -6
right_child=1 3 -4 -5 6 -7 -8
leaf_value=0.0010223371288424945 -0.001040004035705601 -0.00059196904291477701 2.7147516480988876e-05 0.00012086728641164395 0.00056400519507896656 0.00025425119495741749 -0.00078422729628308311
leaf_weight=84 63 147 1932 42 43 42 47
leaf_count=84 63 147 1932 42 43 42 47
internal_value=-3.33056e-05 -0.000677036 1.0015e-05 -0.0078534 0.00642202 0.01 0.00130435
internal_weight=2400 2184 1995 189 216 126 90
internal_count=2400 2184 1995 189 216 126 90
is_linear=0
shrinkage=0.04


Tree=15
num_leaves=5
num_cat=0
split_feature=87 16 115 24
split_gain=6.16677 5.06356 6.11596 3.16153
threshold=2.3194916472181135 -1.0640512822102874 0.50818444545643404 -0.93883479665342173
decision_type=2 2 2 2
left_child=1 3 -3 -1
right_child=-2 2 -4 -5
leaf_value=0.00070967274632180097 0.00086213921469432172 2.6202473440587736e-05 -0.00039673161257638105 -2.7050017119815972e-05
leaf_weight=65 72 1676 544 43
leaf_count=65 72 1676 544 43
internal_value=-1.66528e-05 -0.000377682 -0.000792079 0.008
internal_weight=2400 2328 2220 108
internal_count=2400 2328 2220 108
is_linear=0
shrinkage=0.04


Tree=16
num_leaves=5
num_cat=0
split_feature=87 78 80 42
split_gain=5.59426 5.69869 5.86782 3.31983
threshold=2.3194916472181135 1.1801731666830124 -0.32580204807726981 -0.21802113019455868
decision_type=2 2 2 2
left_child=1 2 -1 -3
right_child=-2 3 -4 -5
leaf_value=0.00011828997284234026 0.00082765364610654882 0.00077138126028109683 -0.00016438503715318951 0.00020108088982630855
leaf_weight=783 72 85 1383 77
leaf_count=783 72 85 1383 77
internal_value=-1.66528e-05 -0.000360515 -0.000904059 0.00682927
internal_weight=2400 2328 2166 162
internal_count=2400 2328 2166 162
is_linear=0
shrinkage=0.04


Tree=17
num_leaves=6
num_cat=0
split_feature=70 69 118 45 49
split_gain=6.08146 5.0703 5.72029 3.401 1.15114
threshold=-1.3177619876254412 -1.5341310918433944 -0.21348482604023242 0.72959038213939864 0.84269397045248395
decision_type=2 2 2 2 2
left_child=3 -2 -3 4 -1
right_child=1 2 -4 -5 -6
leaf_value=0.00085692257616721917 0.00084277991396325652 0.00010830104484576681 -0.00017500412400458059 -8.9809721641166752e-05 0.00056679126591909022
leaf_weight=63 75 879 1302 40 41
leaf_count=63 75 879 1302 40 41
internal_value=3.33056e-05 -0.000478299 -0.000833715 0.00794521 0.0116981
internal_weight=2400 2256 2181 144 104
internal_count=2400 2256 2181 144 104
is_linear=0
shrinkage=0.04


Tree=18
num_leaves=6
num_cat=0
split_feature=28 105 115 94 91
split_gain=6.87132 6.42932 5.51723 3.21892 2.41255
threshold=1.7540496111871748 1.0727625475322971 1.0556750756305953 0.2549179663862457 0.28984381792165076
decision_type=2 2 2 2 2
left_child=1 2 -1 -3 -2
right_child=4 3 -4 -5 -6
leaf_value=6.4714914182653207e-05 0.0010665499637682718 -0.00059748203037450996 -0.00075044673134628029 -0.00011216173307285069 0.00014703361396875314
leaf_weight=1947 40 118 159 95 41
leaf_count=1947 40 118 159 95 41
internal_value=1.66528e-05 -0.000387764 0.00028463 -0.00697674 0.0113253
internal_weight=2400 2319 2106 213 81
internal_count=2400 2319 2106 213 81
is_linear=0
shrinkage=0.04


Tree=19
num_leaves=6
num_cat=0
split_feature=28 105 82 91 37
split_gain=5.80555 6.03875 5.08626 3.17131 2.98255
threshold=1.7540496111871748 1.0727625475322971 -0.68018358152390557 0.28984381792165076 0.53425825223035905
decision_type=2 2 2 2 2
left_child=1 2 -1 -2 -3
right_child=3 4 -4 -5 -6
leaf_value=-0.00099977200373581689 0.0010238879652175411 -0.00057358274915952966 4.828484584798825e-05 0.00014115226941000303 -0.00011415220551571296
leaf_weight=63 40 112 2043 41 101
leaf_count=63 40 112 2043 41 101
internal_value=-3.33056e-05 -0.000404998 0.000246679 0.0103614 -0.0067907
internal_weight=2400 2319 2106 81 213
internal_count=2400 2319 2106 81 213
is_linear=0
shrinkage=0.04


Tree=20
num_leaves=6
num_cat=0
split_feature=28 105 115 94 91
split_gain=5.80555 6.03875 4.71917 3.50125 3.17131
threshold=1.7540496111871748 1.0727625475322971 1.0556750756305953 0.2549179663862457 0.28984381792165076
decision_type=2 2 2 2 2
left_child=1 2 -1 -3 -2
right_child=4 3 -4 -5 -6
leaf_value=6.2252317855570342e-05 0.00098293244660883927 -0.00055063943919314855 -0.0007223602559263486 -0.00010310917552930815 0.00013550617863360289
leaf_weight=1947 40 118 159 95 41
leaf_count=1947 40 118 159 95 41
internal_value=-3.33056e-05 -0.000404998 0.000246679 -0.0067907 0.0103614
internal_weight=2400 2319 2106 213 81
internal_count=2400 2319 2106 213 81
is_linear=0
shrinkage=0.04


Tree=21
num_leaves=5
num_cat=0
split_feature=87 16 10 24
split_gain=5.57708 5.02221 4.49309 3.16153
threshold=2.3194916472181135 -1.0640512822102874 -0.94225205988944749 -0.93883479665342173
decision_type=2 2 2 2
left_child=1 3 -3 -1
right_child=-2 2 -4 -5
leaf_value=0.0005980978892853124 0.00072572053977714422 0.0004412414012914451 -6.6927201051426041e-05 -2.6233015185341684e-06
leaf_weight=65 72 88 2132 43
leaf_count=65 72 88 2132 43
internal_value=0 -0.000343348 -0.000756076 0.008
internal_weight=2400 2328 2220 108
internal_count=2400 2328 2220 108
is_linear=0
shrinkage=0.04


Tree=22
num_leaves=5
num_cat=0
split_feature=87 73 105 98
split_gain=5.55992 5.35283 4.28802 1.42993
threshold=2.3194916472181135 1.4318922019062696 1.0727625475322971 -0.53109472752377929
decision_type=2 2 2 2
left_child=1 2 -1 -3
right_child=-2 3 -4 -5
leaf_value=-7.1442119748026981e-06 0.00069669171818605841 0.00088957778804179784 -0.00039089071904826995 0.0005029793952526163
leaf_weight=2034 72 45 204 45
leaf_count=2034 72 45 204 45
internal_value=1.66528e-05 -0.00032618 -0.000714286 0.00913043
internal_weight=2400 2328 2238 90
internal_count=2400 2328 2238 90
is_linear=0
shrinkage=0.04


Tree=23
num_leaves=5
num_cat=0
split_feature=87 78 80 25
split_gain=5.5428 4.87588 4.87327 1.98947
threshold=2.3194916472181135 1.1801731666830124 -0.32580204807726981 -0.30655960921908693
decision_type=2 2 2 2
left_child=1 2 -1 -3
right_child=-2 3 -4 -5
leaf_value=9.8393454814189326e-05 0.00066882404945861607 -1.99835017796042e-05 -0.00014190620407129477 0.00068758147492145301
leaf_weight=783 72 49 1383 113
leaf_count=783 72 49 1383 113
internal_value=3.33056e-05 -0.000309013 -0.000811808 0.00634146
internal_weight=2400 2328 2166 162
internal_count=2400 2328 2166 162
is_linear=0
shrinkage=0.04


Tree=24
num_leaves=5
num_cat=0
split_feature=87 16 117 82
split_gain=5.47454 4.89914 4.08526 3.16153
threshold=2.3194916472181135 -1.0640512822102874 0.93071058808381901 -0.040610472356290318
decision_type=2 2 2 2
left_child=1 3 -3 -1
right_child=-2 2 -4 -5
leaf_value=-3.6805401443043564e-06 0.00064207108748027143 -4.8359641891717804e-06 -0.000581324236157592 0.00070215636276169764
leaf_weight=43 72 2009 211 65
leaf_count=43 72 2009 211 65
internal_value=9.99167e-05 -0.000240343 -0.000648065 0.008
internal_weight=2400 2328 2220 108
internal_count=2400 2328 2220 108
is_linear=0
shrinkage=0.04


Tree=25
num_leaves=7
num_cat=0
split_feature=87 112 99 28 111 28
split_gain=5.51905 5.59596 5.33548 5.15771 2.88218 1.80745
threshold=1.8372749763537886 -1.3828395288635562 -0.75590710112292037 0.12264175805703433 -0.73060369396431313 0.5793688850810691
decision_type=2 2 2 2 2 2
left_child=1 3 -3 -1 5 -2
right_child=4 2 -4 -5 -6 -7
leaf_value=-0.0012760906184754129 0.00038260109426207042 0.00041446835798263901 -3.9250321797712797e-05 -0.00017891279444532757 5.8625883468056242e-05 0.0010793615847865593
leaf_weight=48 41 266 1807 99 75 64
leaf_count=48 41 266 1807 99 75 64
internal_value=0.00011657 -0.000432043 0.000106024 -0.00791946 0.00681319 0.011028
internal_weight=2400 2220 2073 147 180 105
internal_count=2400 2220 2073 147 180 105
is_linear=0
shrinkage=0.04


Tree=26
num_leaves=6
num_cat=0
split_feature=70 80 112 45 102
split_gain=4.42571 4.52648 7.12183 2.69177 1.58898
threshold=-1.3177619876254412 -0.97647228623228643 -1.3828395288635562 0.72959038213939864 -0.10382267635185775
decision_type=2 2 2 2 2
left_child=3 -2 -3 4 -1
right_child=1 2 -4 -5 -6
leaf_value=0.00083423654066183488 0.00073411299809181393 -0.00064278831735296903 -1.7079651680556793e-06 -8.6706752048323009e-05 0.00053365944071457781
leaf_weight=45 60 153 2043 40 59
leaf_count=45 60 153 2043 40 59
internal_value=9.99167e-05 -0.000336581 -0.000636943 0.00684932 0.0101887
internal_weight=2400 2256 2196 144 104
internal_count=2400 2256 2196 144 104
is_linear=0
shrinkage=0.04


Tree=27
num_leaves=6
num_cat=0
split_feature=70 78 80 45 102
split_gain=4.42571 4.60273 4.24938 2.69177 1.58898
threshold=-1.3177619876254412 1.8081560902752136 -0.97647228623228643 0.72959038213939864 -0.10382267635185775
decision_type=2 2 2 2 2
left_child=3 2 -2 4 -1
right_child=1 -3 -4 -5 -6
leaf_value=0.0008008670790353614 0.00070474847816814142 0.00077607877614298477 -5.6923893865615596e-05 -8.3238481966390089e-05 0.00051231306308599468
leaf_weight=45 60 63 2133 40 59
leaf_count=45 60 63 2133 40 59
internal_value=9.99167e-05 -0.000336581 -0.000646925 0.00684932 0.0101887
internal_weight=2400 2256 2193 144 104
internal_count=2400 2256 2193 144 104
is_linear=0
shrinkage=0.04


Tree=28
num_leaves=7
num_cat=0
split_feature=87 112 103 28 111 28
split_gain=5.16273 5.22785 4.93249 4.64697 2.67529 1.60708
threshold=1.8372749763537886 -1.3828395288635562 -0.47120567230742788 0.12264175805703433 -0.73060369396431313 0.5793688850810691
decision_type=2 2 2 2 2 2
left_child=1 3 -3 -1 5 -2
right_child=4 2 -4 -5 -6 -7
leaf_value=-0.0011970585052876528 0.00037988253550363504 0.00028102176709590156 -5.2932679242293414e-05 -0.00014376779421877107 5.8626122490680851e-05 0.00099170633447535428
leaf_weight=48 41 495 1578 99 75 64
leaf_count=48 41 495 1578 99 75 64
internal_value=0.00011657 -0.000414041 0.000106024 -0.00765101 0.00659341 0.0106542
internal_weight=2400 2220 2073 147 180 105
internal_count=2400 2220 2073 147 180 105
is_linear=0
shrinkage=0.04


Tree=29
num_leaves=7
num_cat=0
split_feature=87 112 103 5 84 40
split_gain=5.26232 6.09341 5.27245 3.47006 3.28814 3.05773
threshold=1.2002164505361554 -1.3828395288635562 -0.47120567230742788 0.92839753537804737 -0.33542901039092532 0.015983747119961308
decision_type=2 2 2 2 2 2
left_child=1 4 -3 5 -1 -2
right_child=3 2 -4 -5 -6 -7
leaf_value=2.6996122049726767e-05 -0.00037988523845746227 0.00027217754567165285 -6.7588718791300708e-05 0.00044952773724604342 -0.0010030943433132985 0.00041221228260279421
leaf_weight=42 47 492 1461 56 81 221
leaf_count=42 47 492 1461 56 81 221
internal_value=0.000183181 -0.000558229 -1.02302e-05 0.00490798 -0.00912 0.00296296
internal_weight=2400 2076 1953 324 123 268
internal_count=2400 2076 1953 324 123 268
is_linear=0
shrinkage=0.04


Tree=30
num_leaves=4
num_cat=0
split_feature=87 78 10
split_gain=4.88758 4.45531 4.2547
threshold=2.3194916472181135 1.8081560902752136 -0.92683232344564903
decision_type=2 2 2
left_child=1 2 -1
right_child=-2 -3 -4
leaf_value=0.00040731766606420832 0.00055500882371563656 0.0007498564810186093 -5.514675735879569e-05
leaf_weight=98 72 63 2167
leaf_count=98 72 63 2167
internal_value=0.000149875 -0.000171674 -0.000467578
internal_weight=2400 2328 2265
internal_count=2400 2328 2265
is_linear=0
shrinkage=0.04


Tree=31
num_leaves=5
num_cat=0
split_feature=87 73 99 72
split_gain=4.87151 3.81242 4.10911 1.25281
threshold=2.3194916472181135 1.4318922019062696 1.0467019239336917 1.351919935205635
decision_type=2 2 2 2
left_child=1 2 -1 -3
right_child=-2 3 -4 -5
leaf_value=4.369146755659054e-06 0.00053280847076701116 0.00041390515255240154 -0.00035609727839175679 0.0011654247559715379
leaf_weight=2001 72 48 237 42
leaf_count=2001 72 48 237 42
internal_value=0.000166528 -0.000154506 -0.000482143 0.00782609
internal_weight=2400 2328 2238 90
internal_count=2400 2328 2238 90
is_linear=0
shrinkage=0.04


Tree=32
num_leaves=5
num_cat=0
split_feature=78 87 64 12
split_gain=4.16489 4.59432 6.22272 3.29708
threshold=1.8081560902752136 1.2002164505361554 1.0892022694866219 0.98601003341783133
decision_type=2 2 2 2
left_child=1 2 -1 -3
right_child=-2 3 -4 -5
leaf_value=-8.1075732325974512e-05 0.00071968745590763857 0.00023871844148182933 0.00036677056838439428 0.00045453355070216705
leaf_weight=1907 63 272 106 52
leaf_count=1907 63 272 106 52
internal_value=0.000166528 -0.000111159 -0.000823821 0.00429448
internal_weight=2400 2337 2013 324
internal_count=2400 2337 2013 324
is_linear=0
shrinkage=0.04


Tree=33
num_leaves=6
num_cat=0
split_feature=28 106 10 81 91
split_gain=4.57858 5.06595 4.67954 4.24361 2.44498
threshold=1.7540496111871748 0.78702457950813531 0.079197063059201489 -1.1817228940238584 0.28984381792165076
decision_type=2 2 2 2 2
left_child=1 3 -3 -1 -2
right_child=4 2 -4 -5 -6
leaf_value=-0.00038740242280613284 0.00086434467304155735 1.282715859019408e-05 -0.00090957970034778745 3.9506130781692372e-05 2.9820485841770829e-06
leaf_weight=93 40 107 131 1988 41
leaf_count=93 40 107 131 1988 41
internal_value=0.000166528 -0.000163723 -0.00566667 0.000470475 0.00939759
internal_weight=2400 2319 238 2081 81
internal_count=2400 2319 238 2081 81
is_linear=0
shrinkage=0.04


Tree=34
num_leaves=5
num_cat=0
split_feature=78 87 64 5
split_gain=4.12334 4.48804 5.66324 3.29708
threshold=1.8081560902752136 1.2002164505361554 1.0892022694866219 0.97891294107748394
decision_type=2 2 2 2
left_child=1 2 -1 -3
right_child=-2 3 -4 -5
leaf_value=-7.8250442412980644e-05 0.00068931971244006515 0.00022758945859128844 0.00035051950041775084 0.00043550244508676296
leaf_weight=1907 63 272 106 52
leaf_count=1907 63 272 106 52
internal_value=0.000216486 -5.98546e-05 -0.000764268 0.00429448
internal_weight=2400 2337 2013 324
internal_count=2400 2337 2013 324
is_linear=0
shrinkage=0.04


Tree=35
num_leaves=5
num_cat=0
split_feature=82 35 85 5
split_gain=3.90561 3.87639 3.90694 3.86248
threshold=-0.68018358152390557 1.0044928215116091 0.5320308702939095 1.3667427703582919
decision_type=2 2 2 2
left_child=-1 3 -3 -2
right_child=1 2 -4 -5
leaf_value=-0.00096790293671534828 2.0580721751415238e-05 -0.00095178953282956755 0.00011961612224316867 0.00073112510866686631
leaf_weight=63 2201 48 41 47
leaf_count=63 2201 48 41 47
internal_value=0.000133222 0.000401881 -0.00769231 0.000728889
internal_weight=2400 2337 89 2248
internal_count=2400 2337 89 2248
is_linear=0
shrinkage=0.04


Tree=36
num_leaves=5
num_cat=0
split_feature=82 99 45 85
split_gain=3.93253 5.30434 3.92706 2.91121
threshold=-0.68018358152390557 -0.96520740053577669 0.80518061468595581 -0.32406149062223244
decision_type=2 2 2 2
left_child=-1 3 -3 -2
right_child=1 2 -4 -5
leaf_value=-0.00092918681924673428 -0.00026834986853321228 -5.9302285762574732e-05 0.00026115121567416217 0.00055208773523833727
leaf_weight=63 50 1706 437 144
leaf_count=63 50 1706 437 144
internal_value=0.000166528 0.000436084 -0.00013986 0.00673469
internal_weight=2400 2337 2143 194
internal_count=2400 2337 2143 194
is_linear=0
shrinkage=0.04


Tree=37
num_leaves=5
num_cat=0
split_feature=78 13 39 94
split_gain=3.70664 3.70398 4.27866 3.26364
threshold=1.8081560902752136 -0.91029737889705908 0.84961483157182804 -0.17245331589954679
decision_type=2 2 2 2
left_child=1 3 -3 -1
right_child=-2 2 -4 -5
leaf_value=-0.00010257833275692052 0.00066329578650290908 -7.5996009169358343e-05 0.00026134534130684131 0.00042449509409159199
leaf_weight=42 63 1853 354 88
leaf_count=42 63 1853 354 88
internal_value=0.00011657 -0.000145361 -0.000534178 0.00636364
internal_weight=2400 2337 2207 130
internal_count=2400 2337 2207 130
is_linear=0
shrinkage=0.04


Tree=38
num_leaves=6
num_cat=0
split_feature=10 73 86 117 8
split_gain=3.97458 4.22209 4.44189 3.65541 3.31695
threshold=-0.92683232344564903 -1.1785364332691226 1.5069677516186799 -0.11478639214762663 -0.16895226023797458
decision_type=2 2 2 2 2
left_child=4 3 -3 -2 -1
right_child=1 2 -4 -5 -6
leaf_value=0.00062837889147781981 -0.00079595313870302418 -7.6956232467427059e-06 0.00046026910799726886 -0.00016396318156581256 3.0517537780167006e-05
leaf_weight=48 54 2108 75 63 52
leaf_count=48 54 2108 75 63 52
internal_value=0.00011657 -0.000225891 0.000173913 -0.00756303 0.00784314
internal_weight=2400 2300 2183 117 100
internal_count=2400 2300 2183 117 100
is_linear=0
shrinkage=0.04


Tree=39
num_leaves=5
num_cat=0
split_feature=78 99 72 45
split_gain=3.75921 3.69289 4.28188 4.00753
threshold=1.8081560902752136 -0.96520740053577669 0.67835749851123017 0.80518061468595581
decision_type=2 2 2 2
left_child=1 2 -1 -3
right_child=-2 3 -4 -5
leaf_value=0.00050907310641262553 0.00063707177997266242 -8.3482150226152804e-05 -0.00087147600210599348 0.00022100219564431714
leaf_weight=167 63 1695 42 433
leaf_count=167 63 1695 42 433
internal_value=4.99584e-05 -0.000213767 0.00483412 -0.000713615
internal_weight=2400 2337 209 2128
internal_count=2400 2337 209 2128
is_linear=0
shrinkage=0.04


Tree=40
num_leaves=7
num_cat=0
split_feature=40 93 102 117 47 67
split_gain=3.62745 5.21975 4.79683 4.23201 7.05553 5.16143
threshold=0.81361592884103862 -1.3589293866537149 -0.10955671657118884 0.93071058808381901 -0.37000624691353518 -1.3777473118530383
decision_type=2 2 2 2 2 2
left_child=3 -2 -3 5 -5 -1
right_child=1 2 -4 4 -6 -7
leaf_value=0.00082173300981102173 -0.00087174254334977913 0.00067203579388810475 6.5288323602441531e-05 -0.0011831579208183372 -2.922245891697907e-05 -2.1540622078643769e-05
leaf_weight=56 53 156 151 56 122 1806
leaf_count=56 53 156 151 56 122 1806
internal_value=6.66112e-05 0.00375691 0.00576052 -0.000587659 -0.00644444 -2.14592e-05
internal_weight=2400 360 307 2040 178 1862
internal_count=2400 360 307 2040 178 1862
is_linear=0
shrinkage=0.04


Tree=41
num_leaves=5
num_cat=0
split_feature=28 105 115 40
split_gain=3.56933 4.75185 4.40054 3.00475
threshold=1.8437450740094936 1.0727625475322971 1.0556750756305953 -0.2325228882245092
decision_type=2 2 2 2
left_child=1 2 -1 -3
right_child=-2 3 -4 -5
leaf_value=5.5035506322676579e-05 0.00052305113581253956 -0.00064733099837431312 -0.00055628105673251338 -0.00015465701685739622
leaf_weight=1953 72 45 161 169
leaf_count=1953 72 45 161 169
internal_value=0 -0.000274678 0.000302457 -0.00592593
internal_weight=2400 2328 2114 214
internal_count=2400 2328 2114 214
is_linear=0
shrinkage=0.04


Tree=42
num_leaves=5
num_cat=0
split_feature=78 87 13 96
split_gain=3.77241 4.04269 4.03043 2.37048
threshold=1.8081560902752136 1.8372749763537886 -0.91029737889705908 0.68843028029920472
decision_type=2 2 2 2
left_child=1 2 -1 -3
right_child=-2 3 -4 -5
leaf_value=0.00028286359636435065 0.00061024911340399463 0.00056404234113116038 -6.7770908153029987e-05 -0.00025857998515215987
leaf_weight=130 63 138 2027 42
leaf_count=130 63 138 2027 42
internal_value=3.33056e-05 -0.000230868 -0.000713293 0.00549451
internal_weight=2400 2337 2157 180
internal_count=2400 2337 2157 180
is_linear=0
shrinkage=0.04


Tree=43
num_leaves=7
num_cat=0
split_feature=35 85 40 25 98 85
split_gain=3.46177 4.58728 4.05914 5.50877 5.23969 1.95154
threshold=0.8906191082011764 0.5320308702939095 0.81361592884103862 0.027058230760473995 0.46296748477784938 -0.039849168988992115
decision_type=2 2 2 2 2 2
left_child=2 5 4 -4 -1 -2
right_child=1 -3 3 -5 -6 -7
leaf_value=4.1882134317264874e-05 -0.00038810166228331133 0.00027979897227419089 9.1227592366174659e-06 0.00051109262123161063 -0.00033616903092170816 -0.0011232316070964867
leaf_weight=1573 63 58 173 124 368 41
leaf_count=1573 63 58 173 124 368 41
internal_value=0 -0.00560976 0.000410714 0.00474916 -0.000257334 -0.010566
internal_weight=2400 162 2238 297 1941 104
internal_count=2400 162 2238 297 1941 104
is_linear=0
shrinkage=0.04


Tree=44
num_leaves=6
num_cat=0
split_feature=16 81 39 16 82
split_gain=3.65919 3.59279 4.4329 3.49617 2.52471
threshold=-1.0640512822102874 -1.1817228940238584 -0.92799760135434362 0.049283947612788974 -0.040610472356290318
decision_type=2 2 2 2 2
left_child=4 3 -3 -2 -1
right_child=1 2 -4 -5 -6
leaf_value=-1.6382224475201546e-05 1.4183758055450798e-05 0.00029709749012182877 -2.1525022703139117e-05 -0.00090847605994488377 0.00067831507770125534
leaf_weight=43 45 122 2072 51 67
leaf_count=43 45 122 2072 51 67
internal_value=8.32639e-05 -0.00026178 7.28597e-05 -0.0077551 0.00714286
internal_weight=2400 2290 2194 96 110
internal_count=2400 2290 2194 96 110
is_linear=0
shrinkage=0.04


Tree=45
num_leaves=7
num_cat=0
split_feature=78 99 82 45 42 95
split_gain=4.0233 3.69334 3.93512 3.83532 2.8992 0.788868
threshold=1.1801731666830124 -0.96520740053577669 0.0886348395240288 0.80518061468595581 -0.23193578374500151 0.06877995931402979
decision_type=2 2 2 2 2 2
left_child=1 2 -1 -3 5 -2
right_child=4 3 -4 -5 -6 -7
leaf_value=-3.1964559921334701e-05 0.00065020882338813783 -9.1866900833410082e-05 0.00051399876344172053 0.00017843049538415978 6.7347615674471492e-05 0.00051418249617888614
leaf_weight=111 40 1627 98 402 78 44
leaf_count=111 40 1627 98 402 78 44
internal_value=4.99584e-05 -0.000392857 0.00464455 -0.000915805 0.00609756 0.0111628
internal_weight=2400 2238 209 2029 162 84
internal_count=2400 2238 209 2029 162 84
is_linear=0
shrinkage=0.04


Tree=46
num_leaves=5
num_cat=0
split_feature=78 99 72 45
split_gain=3.77241 3.18327 4.46751 4.16039
threshold=1.8081560902752136 -0.92458306481793107 0.24920013210574254 0.80518061468595581
decision_type=2 2 2 2
left_child=1 2 -1 -3
right_child=-2 3 -4 -5
leaf_value=0.00047503088603403757 0.00057407557819365404 -8.1307703428439655e-05 -0.0008347816231331056 0.00020553525255020036
leaf_weight=177 63 1678 54 428
leaf_count=177 63 1678 54 428
internal_value=3.33056e-05 -0.000230868 0.00420601 -0.000721063
internal_weight=2400 2337 231 2106
internal_count=2400 2337 231 2106
is_linear=0
shrinkage=0.04


Tree=47
num_leaves=5
num_cat=0
split_feature=78 80 41 82
split_gain=3.75921 3.55557 5.99902 4.71179
threshold=1.8081560902752136 -0.32580204807726981 -0.88118689737207212 0.10360438692221999
decision_type=2 2 2 2
left_child=1 3 -3 -1
right_child=-2 2 -4 -5
leaf_value=1.0524636479149631e-06 0.00055111255506590782 0.00040537293847772612 -0.00013024142907753375 0.00036078339515975056
leaf_weight=570 63 169 1370 228
leaf_count=570 63 169 1370 228
internal_value=4.99584e-05 -0.000213767 -0.00133679 0.00195
internal_weight=2400 2337 1539 798
internal_count=2400 2337 1539 798
is_linear=0
shrinkage=0.04


Tree=48
num_leaves=5
num_cat=0
split_feature=78 40 93 112
split_gain=3.81213 3.90094 5.02129 4.51653
threshold=1.8081560902752136 0.81361592884103862 -1.3589293866537149 -1.3771632431836232
decision_type=2 2 2 2
left_child=1 3 -3 -1
right_child=-2 2 -4 -5
leaf_value=-0.00052952421187350439 0.00052906805286327154 -0.00081503008376164802 0.00035330296016561596 -1.569106749474367e-05
leaf_weight=127 63 53 307 1850
leaf_count=127 63 53 307 1850
internal_value=-1.66528e-05 -0.000282172 0.00353591 -0.000980293
internal_weight=2400 2337 360 1977
internal_count=2400 2337 360 1977
is_linear=0
shrinkage=0.04


Tree=49
num_leaves=7
num_cat=0
split_feature=78 80 41 81 42 53
split_gain=3.48234 3.68968 6.14843 4.64342 2.47369 1.12055
threshold=1.1801731666830124 -0.32580204807726981 -0.88118689737207212 -0.9603853835318088 -0.30451390115272503 -0.58333333333333315
decision_type=2 2 2 2 2 2
left_child=1 3 -3 -1 -2 -6
right_child=4 2 -4 -5 5 -7
leaf_value=-0.00026042112433384291 0.00055195045892485553 0.00036271828436459355 -0.00013647785190557389 0.00020933895425608845 0.00055916936440953237 -0.0002517597665581955
leaf_weight=138 76 156 1290 654 42 44
leaf_count=138 76 156 1290 654 42 44
internal_value=-1.66528e-05 -0.000428571 -0.00162983 0.00176322 0.00560976 0.000909091
internal_weight=2400 2238 1446 792 162 86
internal_count=2400 2238 1446 792 162 86
is_linear=0
shrinkage=0.04


Tree=50
num_leaves=5
num_cat=0
split_feature=82 64 106 45
split_gain=3.3245 3.46376 4.34975 2.85327
threshold=-0.68018358152390557 -1.0057022438241325 0.77934272368800184 -0.2993977266455658
decision_type=2 2 2 2
left_child=-1 3 -3 -2
right_child=1 2 -4 -5
leaf_value=-0.00082459467278149837 -9.2182279304683541e-05 3.1839805842820788e-05 -0.00032096240098294026 0.00057448474124587761
leaf_weight=63 46 1929 246 116
leaf_count=63 46 1929 246 116
internal_value=0 0.000247969 -0.000174552 0.00585366
internal_weight=2400 2337 2175 162
internal_count=2400 2337 2175 162
is_linear=0
shrinkage=0.04


Tree=51
num_leaves=5
num_cat=0
split_feature=78 40 93 112
split_gain=3.78563 3.39693 4.82661 3.86845
threshold=1.8081560902752136 0.81361592884103862 -1.3589293866537149 -1.3771632431836232
decision_type=2 2 2 2
left_child=1 3 -3 -1
right_child=-2 2 -4 -5
leaf_value=-0.00050415772155605414 0.00046284792274191132 -0.00077328562767154112 0.00033050305860496203 -1.9234375279041657e-05
leaf_weight=127 63 53 307 1850
leaf_count=127 63 53 307 1850
internal_value=1.66528e-05 -0.000247969 0.00331492 -0.000899444
internal_weight=2400 2337 360 1977
internal_count=2400 2337 360 1977
is_linear=0
shrinkage=0.04


Tree=52
num_leaves=6
num_cat=0
split_feature=16 81 80 16 82
split_gain=3.36416 3.54277 3.95699 2.77919 2.29321
threshold=-1.0640512822102874 -1.1817228940238584 -0.32580204807726981 0.049283947612788974 -0.040610472356290318
decision_type=2 2 2 2 2
left_child=4 3 -3 -2 -1
right_child=1 2 -4 -5 -6
leaf_value=-1.7092182564640985e-05 -6.7528696049394201e-07 0.00015324608492146209 -5.6679259281658586e-05 -0.00079276402439947935 0.00062710791540679432
leaf_weight=43 45 712 1482 51 67
leaf_count=43 45 712 1482 51 67
internal_value=1.66528e-05 -0.000314136 1.82149e-05 -0.0077551 0.00678571
internal_weight=2400 2290 2194 96 110
internal_count=2400 2290 2194 96 110
is_linear=0
shrinkage=0.04


Tree=53
num_leaves=5
num_cat=0
split_feature=78 87 64 101
split_gain=3.33691 3.49609 3.65511 2.02627
threshold=1.8081560902752136 1.7606796695102236 0.9616841961281839 0.7910860801280073
decision_type=2 2 2 2
left_child=1 2 -1 -3
right_child=-2 3 -4 -5
leaf_value=-5.1752882612904341e-05 0.00042166665198928701 0.00049949560912064376 0.00025257813615850872 -0.00014306584989420159
leaf_weight=2007 63 147 141 42
leaf_count=2007 63 147 141 42
internal_value=-1.66528e-05 -0.000265071 -0.000725581 0.00492147
internal_weight=2400 2337 2148 189
internal_count=2400 2337 2148 189
is_linear=0
shrinkage=0.04


Tree=54
num_leaves=6
num_cat=0
split_feature=35 11 5 37 114
split_gain=3.16729 4.22982 3.84456 3.53905 2.35146
threshold=0.8906191082011764 -0.58115800414681495 1.3667427703582919 -0.68443624707518225 0.073949853407198271
decision_type=2 2 2 2 2
left_child=2 -2 3 -1 -3
right_child=1 4 -4 -5 -6
leaf_value=0.00033344999553372396 0.00012734108480680326 -0.00014121393762550057 0.00064026980421428594 -1.3096523626851559e-05 -0.0010456414272786757
leaf_weight=150 56 56 40 2048 50
leaf_count=150 56 56 40 2048 50
internal_value=0 -0.00536585 0.000392857 0.000163636 -0.01
internal_weight=2400 162 2238 2198 106
internal_count=2400 162 2238 2198 106
is_linear=0
shrinkage=0.04


Tree=55
num_leaves=6
num_cat=0
split_feature=81 102 42 41 42
split_gain=3.14998 3.77705 5.85915 4.48946 2.97292
threshold=-1.1817228940238584 -0.32441573344134794 -0.81890506204173297 0.55069975022080075 0.16834473078556103
decision_type=2 2 2 2 2
left_child=4 2 -2 -3 -1
right_child=1 3 -4 -5 -6
leaf_value=3.3956576348279613e-05 0.00068597859549764746 -0.0001212676830046362 9.9452288689416037e-05 0.00018694970011922215 -0.00075902077565505256
leaf_weight=47 80 1173 687 361 52
leaf_count=47 80 1173 687 361 52
internal_value=-1.66528e-05 0.000286583 0.00257477 -0.000859375 -0.00693069
internal_weight=2400 2301 767 1534 99
internal_count=2400 2301 767 1534 99
is_linear=0
shrinkage=0.04


Tree=56
num_leaves=7
num_cat=0
split_feature=16 99 84 92 24 34
split_gain=3.14775 3.30285 5.00143 3.25081 4.0654 3.15336
threshold=-0.89517076605438473 -0.78512035824031112 -0.35702722341867493 -0.29172010367820872 -0.90670564041632373 0.22690581862955128
decision_type=2 2 2 2 2 2
left_child=3 2 -2 -1 -5 -3
right_child=1 5 -4 4 -6 -7
leaf_value=0.00066675340983324771 0.00076532785396630392 -0.0001633375170660897 3.9914329190614537e-05 0.00034947006310982856 -0.0006204312340968817 3.761160752008606e-05
leaf_weight=72 72 1068 225 95 53 815
leaf_count=72 72 1068 225 95 53 815
internal_value=-3.33056e-05 -0.000494959 0.00341137 0.0045045 0.00106667 -0.00111406
internal_weight=2400 2180 297 220 148 1883
internal_count=2400 2180 297 220 148 1883
is_linear=0
shrinkage=0.04


Tree=57
num_leaves=5
num_cat=0
split_feature=82 99 14 37
split_gain=3.27509 4.09564 3.22975 2.71606
threshold=-0.68018358152390557 -0.96520740053577669 -0.48036314555184456 0.10143736883027751
decision_type=2 2 2 2
left_child=-1 3 -3 -2
right_child=1 2 -4 -5
leaf_value=-0.00072447842388856517 -2.6451237564210292e-05 0.00011080155602611743 -4.496681320121557e-05 0.00041870642789727255
leaf_weight=63 75 558 1585 119
leaf_count=63 75 558 1585 119
internal_value=-6.66112e-05 0.000179564 -0.00032634 0.00571429
internal_weight=2400 2337 2143 194
internal_count=2400 2337 2143 194
is_linear=0
shrinkage=0.04


Tree=58
num_leaves=7
num_cat=0
split_feature=35 87 64 73 116 11
split_gain=3.38011 4.06773 3.47567 5.04878 3.59977 2.60225
threshold=0.8906191082011764 1.0597554770954869 1.0892022694866219 -1.1785364332691226 -0.019901817179569414 -0.19119853686369223
decision_type=2 2 2 2 2 2
left_child=2 5 3 -1 -4 -2
right_child=1 -3 4 -5 -6 -7
leaf_value=-0.00048863617729680286 -5.6602844214218956e-05 0.0002451893856353168 5.2205386479844912e-05 2.9550369624178619e-05 0.00056535209516775907 -0.00080540004229893969
leaf_weight=103 47 55 60 2027 48 60
leaf_count=103 47 55 60 2027 48 60
internal_value=-6.66112e-05 -0.00560976 0.000339286 -1.87617e-05 0.00727273 -0.0100917
internal_weight=2400 162 2238 2130 108 107
internal_count=2400 162 2238 2130 108 107
is_linear=0
shrinkage=0.04


Tree=59
num_leaves=6
num_cat=0
split_feature=72 35 5 28 7
split_gain=3.49362 3.10006 4.22516 2.29412 2.15639
threshold=-1.389738555407303 1.0044928215116091 1.3667427703582919 -0.039150485211286994 0.1621862184617516
decision_type=2 2 2 2 2
left_child=3 2 -2 -1 -3
right_child=1 4 -4 -5 -6
leaf_value=1.3799203014444282e-05 -1.3761892029540199e-05 -3.1760414528972001e-05 0.00063998699511058871 0.00036293883200269649 -0.001262654711201337
leaf_weight=49 2172 46 46 47 40
leaf_count=49 2172 46 46 47 40
internal_value=-4.99584e-05 -0.000364267 -7.20721e-05 0.00734694 -0.00772727
internal_weight=2400 2304 2218 96 86
internal_count=2400 2304 2218 96 86
is_linear=0
shrinkage=0.04


Tree=60
num_leaves=5
num_cat=0
split_feature=82 99 45 84
split_gain=3.29975 4.0452 3.40721 2.75325
threshold=-0.68018358152390557 -0.96520740053577669 0.78115306745910396 -0.35702722341867493
decision_type=2 2 2 2
left_child=-1 3 -3 -2
right_child=1 2 -4 -5
leaf_value=-0.00066431165626639355 0.0009998537909165035 -3.7833387369380125e-05 0.00019936097231144695 0.00015288132687282159
leaf_weight=63 42 1698 445 152
leaf_count=63 42 1698 445 152
internal_value=-3.33056e-05 0.000213767 -0.000289044 0.00571429
internal_weight=2400 2337 2143 194
internal_count=2400 2337 2143 194
is_linear=0
shrinkage=0.04


Tree=61
num_leaves=8
num_cat=0
split_feature=35 73 41 117 73 67 110
split_gain=3.00774 4.89772 5.24925 4.55206 3.14593 2.31427 2.00532
threshold=0.6061947338071324 -1.1785364332691226 0.44192975604528989 -0.31257369841782967 -0.34357703379145965 0.45190127232123672 0.032236576490863374
decision_type=2 2 2 2 2 2 2
left_child=1 6 -3 5 -5 -2 -1
right_child=3 2 -4 4 -6 -7 -8
leaf_value=-0.00027618536950169083 -0.00088548430843059928 -2.4061072461308704e-06 0.00033655788515088664 0.00017167721134877888 -0.00012952450167638614 -0.00016933364831121469 -0.00073320511873198628
leaf_weight=44 76 1495 386 119 188 40 52
leaf_count=44 76 1495 386 119 188 40 52
internal_value=-9.99167e-05 0.000555836 0.00100903 -0.00315294 -0.000582524 -0.00983051 -0.00816327
internal_weight=2400 1977 1881 423 307 116 96
internal_count=2400 1977 1881 423 307 116 96
is_linear=0
shrinkage=0.04


Tree=62
num_leaves=5
num_cat=0
split_feature=72 102 42 28
split_gain=3.16291 3.02603 6.25532 4.07773
threshold=-1.5468057546740444 -0.32441573344134794 -0.83353505814623807 1.8437450740094936
decision_type=2 2 2 2
left_child=-1 2 -2 -3
right_child=1 3 -4 -5
leaf_value=0.00029188868089232491 0.00074928376580508157 -8.35215507715591e-05 3.8956482595448349e-05 0.0004998447462968642
leaf_weight=72 74 1491 714 49
leaf_count=72 74 1491 714 49
internal_value=-3.33056e-05 -0.000291845 0.00172152 -0.00132296
internal_weight=2400 2328 788 1540
internal_count=2400 2328 788 1540
is_linear=0
shrinkage=0.04


Tree=63
num_leaves=5
num_cat=0
split_feature=82 99 78 84
split_gain=3.31212 4.0201 3.03204 2.75325
threshold=-0.68018358152390557 -0.96520740053577669 1.1801731666830124 -0.35702722341867493
decision_type=2 2 2 2
left_child=-1 3 -3 -2
right_child=1 2 -4 -5
leaf_value=-0.00064786064339091096 0.00095406790508527036 -2.2921618941660097e-05 0.00037087276449083133 0.00014003222963912871
leaf_weight=63 42 1987 156 152
leaf_count=63 42 1987 156 152
internal_value=-1.66528e-05 0.000230868 -0.000270396 0.00571429
internal_weight=2400 2337 2143 194
internal_count=2400 2337 2143 194
is_linear=0
shrinkage=0.04


Tree=64
num_leaves=6
num_cat=0
split_feature=72 23 25 14 42
split_gain=3.18641 3.64989 3.58002 2.22926 2.57208
threshold=-0.99086464906382388 1.4594635605676303 -1.4553595607228365 -0.38954700220420546 -0.2135877473784058
decision_type=2 2 2 2 2
left_child=3 2 -2 -1 -5
right_child=1 -3 -4 4 -6
leaf_value=0.00043786175058579279 0.00067042552349149537 0.00042234183187927197 -3.8639606847669216e-05 -0.00029178304036297484 0.00035554566688963821
leaf_weight=67 49 58 2101 59 66
leaf_count=67 49 58 2101 59 66
internal_value=3.33056e-05 -0.00039819 -0.000669145 0.00494845 0.00173228
internal_weight=2400 2208 2150 192 125
internal_count=2400 2208 2150 192 125
is_linear=0
shrinkage=0.04


Tree=65
num_leaves=5
num_cat=0
split_feature=15 106 104 87
split_gain=2.96019 2.83633 4.07872 3.02529
threshold=-1.3458576047203701 0.77934272368800184 -0.28914627884332716 1.1548983705664269
decision_type=2 2 2 2
left_child=-1 3 -3 -2
right_child=1 2 -4 -5
leaf_value=0.00038975901973672082 -1.3420485855905191e-05 -1.2190342071360348e-05 -0.0012445727888652554 0.00028760796603643601
leaf_weight=40 1793 169 96 302
leaf_count=40 1793 169 96 302
internal_value=-4.99584e-05 -0.000237087 -0.00411985 0.000257511
internal_weight=2400 2360 265 2095
internal_count=2400 2360 265 2095
is_linear=0
shrinkage=0.04


Tree=66
num_leaves=7
num_cat=0
split_feature=78 99 84 80 24 74
split_gain=2.92352 3.18245 3.66889 2.98932 2.17042 3.2415
threshold=1.1801731666830124 -0.96520740053577669 -0.35702722341867493 -0.65342803298775898 -0.50759663158063006 -0.021229967587037848
decision_type=2 2 2 2 2 2
left_child=1 2 -1 -3 -2 -6
right_child=4 3 -4 -5 5 -7
leaf_value=0.00091798759259000256 -0.000265020874693778 0.0001725349318308099 9.4678196951055661e-05 -6.9580733039689273e-05 -3.1196368737886197e-05 0.0006190425031943127
leaf_weight=42 40 339 167 1690 41 81
leaf_count=42 40 339 167 1690 41 81
internal_value=-3.33056e-05 -0.000410714 0.0042654 -0.00089611 0.00512195 0.00774194
internal_weight=2400 2238 209 2029 162 122
internal_count=2400 2238 209 2029 162 122
is_linear=0
shrinkage=0.04


Tree=67
num_leaves=6
num_cat=0
split_feature=35 40 93 98 114
split_gain=2.89334 3.17947 4.66063 4.4384 3.01526
threshold=1.0044928215116091 0.81361592884103862 -1.3589293866537149 0.46296748477784938 -0.19156063279855154
decision_type=2 2 2 2 2
left_child=1 3 -3 -1 -2
right_child=4 2 -4 -5 -6
leaf_value=2.99319299541005e-05 3.468473718934495e-05 -0.00070368234532792312 0.00031456054365831376 -0.00027116832584217948 -0.0010713031788194124
leaf_weight=1630 45 46 265 369 45
leaf_count=1630 45 46 265 369 45
internal_value=0 0.000276817 0.00402556 -0.000309845 -0.00695652
internal_weight=2400 2310 311 1999 90
internal_count=2400 2310 311 1999 90
is_linear=0
shrinkage=0.04


Tree=68
num_leaves=7
num_cat=0
split_feature=73 86 14 14 76 14
split_gain=2.86897 3.81124 3.42671 2.98565 1.24631 1.0902
threshold=-1.1785364332691226 1.4321620670499173 0.67656381303860991 0.60294506830544259 -0.22402154855225817 0.062595028725734816
decision_type=2 2 2 2 2 2
left_child=3 2 -2 4 -1 -3
right_child=1 5 -4 -5 -6 -7
leaf_value=0.00019020363265930375 -2.7232498450388165e-05 0.00058131638153647734 0.00019366226461954399 -0.00046187928627269614 -0.00057965802761541694 0.00027718945066990526
leaf_weight=40 1798 40 392 44 43 43
leaf_count=40 1798 40 392 44 43 43
internal_value=6.66112e-05 0.000395604 7.29927e-05 -0.00573643 -0.00117647 0.00870588
internal_weight=2400 2273 2190 127 83 83
internal_count=2400 2273 2190 127 83 83
is_linear=0
shrinkage=0.04


Tree=69
num_leaves=8
num_cat=0
split_feature=101 40 7 117 62 108 77
split_gain=2.94436 3.34247 4.33139 3.87119 1.81482 2.15446 1.902
threshold=0.7910860801280073 0.81361592884103862 0.066355021227165939 1.4429976051409663 0.18413590589875076 0.098613722226869135 -0.3868712530383614
decision_type=2 2 2 2 2 2 2
left_child=1 3 -3 -1 6 -6 -2
right_child=4 2 -4 -5 5 -7 -8
leaf_value=1.5048155393699563e-05 -9.9477118657494579e-06 0.00043217213011546997 0.00014772264651269316 -0.00098537768157334893 0.00040505770847098181 -0.00028986384190931186 -0.00059042453849674685
leaf_weight=1756 53 55 244 61 70 55 106
leaf_count=1756 53 55 244 61 70 55 106
internal_value=3.33056e-05 0.000547686 0.00445183 -9.89555e-05 -0.00377622 -0.00015748 -0.00658385
internal_weight=2400 2116 299 1817 284 125 159
internal_count=2400 2116 299 1817 284 125 159
is_linear=0
shrinkage=0.04


Tree=70
num_leaves=7
num_cat=0
split_feature=99 84 45 45 102 44
split_gain=2.71214 3.59468 4.10612 3.04095 3.7898 3.57015
threshold=-0.96520740053577669 -0.35702722341867493 -0.31443561490316801 0.78115306745910396 0.93190014959758949 -0.016758499212625719
decision_type=2 2 2 2 2 2
left_child=1 -1 -3 5 -5 -2
right_child=3 2 -4 4 -6 -7
leaf_value=0.0008846803422994712 1.9617761028434483e-05 0.00055538633679621098 -0.00019316318096969135 0.00024714130916641121 -0.00072200845486458101 -0.00018306821161304836
leaf_weight=42 1000 66 107 383 67 735
leaf_count=42 1000 66 107 383 67 735
internal_value=6.66112e-05 0.0043318 0.00171429 -0.000356653 0.00256637 -0.00111687
internal_weight=2400 215 173 2185 450 1735
internal_count=2400 215 173 2185 450 1735
is_linear=0
shrinkage=0.04


Tree=71
num_leaves=7
num_cat=0
split_feature=16 13 100 94 92 24
split_gain=2.72809 3.11304 3.67379 2.78577 2.45045 3.64177
threshold=-0.89517076605438473 -0.91029737889705908 -0.10896309952150875 -0.17245331589954679 -0.29172010367820872 -0.90670564041632373
decision_type=2 2 2 2 2 2
left_child=4 3 -3 -2 -1 -6
right_child=1 2 -4 -5 5 -7
leaf_value=0.00063428970328253292 -0.00012121346629631683 7.3139802253862387e-05 -0.00012879033430801868 0.00036360249562054908 0.00031445815070415254 -0.0005753067352543724
leaf_weight=72 42 908 1143 87 95 53
leaf_count=72 42 908 1143 87 95 53
internal_value=9.99167e-05 -0.000329973 -0.000711154 0.00564885 0.00432432 0.00133333
internal_weight=2400 2180 2051 129 220 148
internal_count=2400 2180 2051 129 220 148
is_linear=0
shrinkage=0.04


Tree=72
num_leaves=8
num_cat=0
split_feature=42 60 110 5 41 102 92
split_gain=2.72919 5.495 4.12876 5.9359 4.18507 3.35249 3.18668
threshold=-0.75453726991361159 0.13493224663821443 0.75106676804264783 -0.22594366092164517 0.57691688982411271 -0.12568745104430074 -0.18790371431545383
decision_type=2 2 2 2 2 2 2
left_child=1 5 4 -4 -2 -1 -3
right_child=2 6 3 -5 -6 -7 -8
leaf_value=0.00077241869244282083 -0.00014938416774591231 0.00051205823614940463 0.00049101375271479674 -6.8475603147447056e-06 8.7598581258796707e-05 0.00013370276573317571 -0.00083167482775033184
leaf_weight=99 1269 46 147 279 395 114 51
leaf_count=99 1269 46 147 279 395 114 51
internal_value=9.99167e-05 0.00358974 -0.00042065 0.00308411 -0.00132053 0.00716279 -0.00424242
internal_weight=2400 310 2090 426 1664 213 97
internal_count=2400 310 2090 426 1664 213 97
is_linear=0
shrinkage=0.04


Tree=73
num_leaves=7
num_cat=0
split_feature=78 16 106 25 25 58
split_gain=2.75612 2.991 3.47806 2.87927 2.2357 2.76289
threshold=1.1801731666830124 -0.89517076605438473 0.77934272368800184 -0.41436025618138533 -0.30655960921908693 -0.17168985850053867
decision_type=2 2 2 2 2 2
left_child=1 3 -3 -1 -2 -6
right_child=4 2 -4 -5 5 -7
leaf_value=0.0003403756379390517 -0.00026815906314506645 -5.1883127478135477e-06 -0.00040294649318882631 -0.00017315329534384809 0.0005911832009331138 2.3719213647502811e-06
leaf_weight=139 49 1845 197 57 71 42
leaf_count=139 49 1845 197 57 71 42
internal_value=0.00011657 -0.00025 -0.000704501 0.00444444 0.00512195 0.00817391
internal_weight=2400 2238 2042 196 162 113
internal_count=2400 2238 2042 196 162 113
is_linear=0
shrinkage=0.04


Tree=74
num_leaves=5
num_cat=0
split_feature=34 66 14 64
split_gain=2.75946 3.12499 5.48733 3.41272
threshold=-1.4522577119988875 0.31047783937390472 -0.39360510029181622 -1.0057022438241325
decision_type=2 2 2 2
left_child=-1 3 -3 -2
right_child=1 2 -4 -5
leaf_value=0.00032609402072073245 0.00043269041054304873 0.00028918683002447778 -7.2927242745071333e-06 -7.0898673410502882e-05
leaf_weight=50 114 236 523 1477
leaf_count=50 114 236 523 1477
internal_value=0.00011657 -8.5034e-05 0.00202365 -0.00109228
internal_weight=2400 2350 759 1591
internal_count=2400 2350 759 1591
is_linear=0
shrinkage=0.04


Tree=75
num_leaves=6
num_cat=0
split_feature=81 109 94 78 6
split_gain=2.88987 3.05216 6.35708 3.11656 2.59397
threshold=-1.1711336930510401 0.74362552500210544 -0.074249277200854322 1.1801731666830124 -0.34358511804205266
decision_type=2 2 2 2 2
left_child=4 3 -3 -2 -1
right_child=1 2 -4 -5 -6
leaf_value=9.6739790264947919e-05 -3.4823175463280321e-05 0.00038963754986765659 -0.00014939770788986533 0.0003311220151317351 -0.00045301349154594869
leaf_weight=40 1770 219 171 129 71
leaf_count=40 1770 219 171 129 71
internal_value=4.99584e-05 0.000357922 0.00357143 -0.000305103 -0.00619469
internal_weight=2400 2289 390 1899 111
internal_count=2400 2289 390 1899 111
is_linear=0
shrinkage=0.04


Tree=76
num_leaves=7
num_cat=0
split_feature=35 87 41 82 101 79
split_gain=2.96138 3.63183 2.82932 6.9272 4.08471 2.55633
threshold=0.8906191082011764 1.0597554770954869 0.44192975604528989 0.91658572737363786 -0.76928185302190921 -0.31514181435203742
decision_type=2 2 2 2 2 2
left_child=2 5 4 -4 -1 -2
right_child=1 -3 3 -5 -6 -7
leaf_value=0.0001827845589083344 -4.1687746569214411e-05 0.00023966304916733089 1.7420938050045283e-05 0.00054053922040228327 -4.7143853398295118e-05 -0.00080325875751738915
leaf_weight=283 55 55 435 116 1404 52
leaf_count=283 55 55 435 116 1404 52
internal_value=6.66112e-05 -0.00512195 0.000446429 0.00292948 -0.000367081 -0.0093578
internal_weight=2400 162 2238 551 1687 107
internal_count=2400 162 2238 551 1687 107
is_linear=0
shrinkage=0.04


Tree=77
num_leaves=5
num_cat=0
split_feature=35 5 80 85
split_gain=2.935 3.5766 2.8288 2.56144
threshold=1.0044928215116091 1.3667427703582919 -0.97647228623228643 0.5320308702939095
decision_type=2 2 2 2
left_child=1 2 -1 -2
right_child=3 -3 -4 -5
leaf_value=0.00061101058094010184 -0.00060915046357292943 0.00053490447685449003 -2.6339219145850647e-06 1.4684323812074255e-05
leaf_weight=58 49 47 2205 41
leaf_count=58 49 47 2205 41
internal_value=4.99584e-05 0.00032872 9.71302e-05 -0.00695652
internal_weight=2400 2310 2263 90
internal_count=2400 2310 2263 90
is_linear=0
shrinkage=0.04


Tree=78
num_leaves=7
num_cat=0
split_feature=16 41 88 14 92 24
split_gain=2.81474 2.64977 4.83702 3.74683 2.45045 3.64177
threshold=-0.89517076605438473 0.57691688982411271 -0.63111479578744845 0.67656381303860991 -0.29172010367820872 -0.90670564041632373
decision_type=2 2 2 2 2 2
left_child=4 3 -3 -2 -1 -6
right_child=1 2 -4 -5 5 -7
leaf_value=0.0005777710296502789 -0.00011368244474424801 0.00034209669464215354 -5.762580948105063e-06 0.00017587516476905434 0.00028458044307047797 -0.00057004509676068977
leaf_weight=72 1332 137 367 344 95 53
leaf_count=72 1332 137 367 344 95 53
internal_value=3.33056e-05 -0.0004033 0.00213439 -0.00116806 0.00432432 0.00133333
internal_weight=2400 2180 504 1676 220 148
internal_count=2400 2180 504 1676 220 148
is_linear=0
shrinkage=0.04


Tree=79
num_leaves=8
num_cat=0
split_feature=64 72 111 46 86 44 108
split_gain=2.97195 3.04107 3.36922 2.87719 2.79048 2.69701 1.7978
threshold=-1.0057022438241325 -0.99086464906382388 -0.73687466697486459 0.16495053529154838 -0.11880875623239608 -0.40310188723566143 0.35916759627171735
decision_type=2 2 2 2 2 2 2
left_child=3 5 -3 6 -5 -2 -1
right_child=1 2 -4 4 -6 -7 -8
leaf_value=-0.00059699268612361817 0.00040566316696302967 0.00020587012402099912 -5.5277540984144789e-05 9.9299938964182569e-05 0.00076431893032236271 6.0008846778693978e-06 0.00044867316549756955
leaf_weight=41 59 274 1776 41 46 121 42
leaf_count=41 59 274 1776 41 46 121 42
internal_value=4.99584e-05 -0.000340502 -0.000779727 0.00511628 0.0101124 0.00461538 -0.000235294
internal_weight=2400 2230 2050 170 87 180 83
internal_count=2400 2230 2050 170 87 180 83
is_linear=0
shrinkage=0.04


Tree=80
num_leaves=5
num_cat=0
split_feature=34 109 91 28
split_gain=2.86115 2.90871 3.29345 2.63574
threshold=-1.4522577119988875 -1.1963059355385883 0.93069058291981821 -0.14758556719675295
decision_type=2 2 2 2
left_child=-1 3 -3 -2
right_child=1 2 -4 -5
leaf_value=0.00030433071918792504 -0.00018834524990195099 -7.3295093792802994e-06 -0.00058658621488548294 0.00060223842254661017
leaf_weight=50 49 2147 68 86
leaf_count=50 49 2147 68 86
internal_value=-4.99584e-05 -0.000255102 -0.00060442 0.00540146
internal_weight=2400 2350 2215 135
internal_count=2400 2350 2215 135
is_linear=0
shrinkage=0.04


Tree=81
num_leaves=8
num_cat=0
split_feature=35 118 37 117 114 34 8
split_gain=2.56721 3.92164 4.48342 3.70388 3.74554 3.48967 2.87471
threshold=0.6061947338071324 -0.34390859110343314 0.10143736883027751 -0.32228478742041161 -0.21227694640818676 0.32280253251085717 -0.16895226023797458
decision_type=2 2 2 2 2 2 2
left_child=1 2 -1 6 -5 -3 -2
right_child=3 5 -4 4 -6 -7 -8
leaf_value=1.2541577028275831e-05 -2.4380153541520393e-05 -6.1860217599104351e-05 0.00031899131446658089 0.00029506280512847243 -0.00012259154681837456 0.00023839177605786808 -0.00089440295565830724
leaf_weight=394 44 1090 257 97 212 236 70
leaf_count=394 44 1090 257 97 212 236 70
internal_value=-4.99584e-05 0.000555836 0.00309342 -0.00287059 -0.000578778 -0.000692771 -0.00896552
internal_weight=2400 1977 651 423 309 1326 114
internal_count=2400 1977 651 423 309 1326 114
is_linear=0
shrinkage=0.04


Tree=82
num_leaves=5
num_cat=0
split_feature=81 16 81 78
split_gain=2.78517 3.10276 2.72376 4.30498
threshold=-1.1817228940238584 0.049283947612788974 2.4742384667882922 1.1801731666830124
decision_type=2 2 2 2
left_child=1 -1 3 -2
right_child=2 -3 -4 -5
leaf_value=0.00010560192475952172 2.2539437017138342e-06 -0.0006009221691722779 -0.00053637581389617914 0.00040031732064881715
leaf_weight=48 2091 51 78 132
leaf_count=48 2091 51 78 132
internal_value=-3.33056e-05 -0.00653465 0.000251845 0.00051236
internal_weight=2400 99 2301 2223
internal_count=2400 99 2301 2223
is_linear=0
shrinkage=0.04


Tree=83
num_leaves=7
num_cat=0
split_feature=35 11 41 82 64 114
split_gain=2.67144 4.44092 2.91125 6.58648 3.55187 1.78422
threshold=0.8906191082011764 -0.58115800414681495 0.44192975604528989 0.092732515803046395 0.52037349594299498 0.23418909625831077
decision_type=2 2 2 2 2 2
left_child=2 -2 4 -4 -1 -3
right_child=1 5 3 -5 -6 -7
leaf_value=-5.0519630713470284e-05 0.00015242205167228343 -8.8856601371863065e-05 -3.7116740445655021e-05 0.00043366099846692003 0.00015979181332115687 -0.00095395562743509318
leaf_weight=1329 56 62 324 227 358 44
leaf_count=1329 56 62 324 227 358 44
internal_value=4.99584e-05 -0.00487805 0.000410714 0.00292948 -0.000414446 -0.00962963
internal_weight=2400 162 2238 551 1687 106
internal_count=2400 162 2238 551 1687 106
is_linear=0
shrinkage=0.04


Tree=84
num_leaves=7
num_cat=0
split_feature=14 35 98 38 108 5
split_gain=2.70673 6.10987 3.48096 3.7947 3.09617 1.24994
threshold=-0.72132768004611802 1.0044928215116091 0.35308158376698667 -0.44004117308974355 -0.84049843767325472 0.32745531734116901
decision_type=2 2 2 2 2 2
left_child=2 4 3 -1 -2 -4
right_child=1 -3 5 -5 -6 -7
leaf_value=0.00037143104334391426 0.00023552895470753814 -0.00086444365089267928 0.00078849439772678319 -0.00017080597248212987 -2.7879645546709104e-05 0.00020603427744925076
leaf_weight=96 272 63 44 180 1705 40
leaf_count=96 272 63 44 180 1705 40
internal_value=1.66528e-05 -0.000548482 0.00320442 0.00100719 -0.000151592 0.0102326
internal_weight=2400 2040 360 276 1977 84
internal_count=2400 2040 360 276 1977 84
is_linear=0
shrinkage=0.04


Tree=85
num_leaves=8
num_cat=0
split_feature=28 90 42 42 66 73 48
split_gain=2.46287 6.1764 4.58981 3.91434 4.20694 3.89855 0.994193
threshold=-0.62647299333952933 -0.12862955597358236 -0.39176667733722642 -0.75453726991361159 0.098194480533749684 0.44362543437577368 -0.1206932660339648
decision_type=2 2 2 2 2 2 2
left_child=1 6 -3 5 -5 -2 -1
right_child=3 2 -4 4 -6 -7 -8
leaf_value=-0.00094285854270675961 8.2604943594216486e-05 -0.00045152945562758963 0.00028932591806051503 -8.8489665226707987e-05 9.2098091719171264e-05 0.00074400133156537292 -0.00017728168181110535
leaf_weight=40 175 56 84 1077 827 101 40
leaf_count=40 175 56 84 1077 827 101 40
internal_value=4.99584e-05 -0.00396396 0.00112676 0.000458295 -0.000188877 0.00489209 -0.0126829
internal_weight=2400 220 140 2180 1904 276 80
internal_count=2400 220 140 2180 1904 276 80
is_linear=0
shrinkage=0.04


Tree=86
num_leaves=6
num_cat=0
split_feature=72 25 105 44 105
split_gain=2.49178 3.39551 3.44992 2.68002 2.16174
threshold=-0.99086464906382388 -1.4553595607228365 1.1884185918784866 -0.40310188723566143 -0.28890778793197985
decision_type=2 2 2 2 2
left_child=3 -2 -3 -1 -5
right_child=1 2 -4 4 -6
leaf_value=0.00034942020688350861 0.00060247359566755517 -4.3980672428450829e-06 -0.00035768264046784392 0.00044780246266359376 -6.6591916390809115e-05
leaf_weight=61 49 2003 156 40 91
leaf_count=61 49 2003 156 40 91
internal_value=-1.66528e-05 -0.00039819 -0.000638593 0.0043299 0.00105263
internal_weight=2400 2208 2159 192 131
internal_count=2400 2208 2159 192 131
is_linear=0
shrinkage=0.04


Tree=87
num_leaves=6
num_cat=0
split_feature=81 1 28 90 117
split_gain=2.49651 2.96018 2.57853 5.24135 3.07523
threshold=-1.1817228940238584 0.051991450240548416 -0.62647299333952933 -0.12862955597358236 -0.88775653443504765
decision_type=2 2 2 2 2
left_child=1 -1 3 -2 -4
right_child=2 -3 4 -5 -6
leaf_value=8.8480928701871289e-06 -0.0007117474606947188 -0.00057965792655204583 0.00023706968679792031 4.2355440899463535e-05 6.9798420801116345e-06
leaf_weight=56 78 43 175 138 1910
leaf_count=56 78 43 175 138 1910
internal_value=1.66528e-05 -0.00613861 0.000286583 -0.00385321 0.000718735
internal_weight=2400 99 2301 216 2085
internal_count=2400 99 2301 216 2085
is_linear=0
shrinkage=0.04


Tree=88
num_leaves=7
num_cat=0
split_feature=78 66 11 80 35 46
split_gain=2.51154 2.62667 4.06613 3.03937 2.11034 2.27086
threshold=1.1801731666830124 0.96939366114227477 -0.24011584670114736 -0.97647228623228643 0.36139368721477289 -0.23450012068241399
decision_type=2 2 2 2 2 2
left_child=1 3 -3 -1 5 -2
right_child=4 2 -4 -5 -6 -7
leaf_value=0.00049060999575479072 0.00048410061645535421 0.00057052706774350463 -2.2680146293303853e-05 -3.3275595472824427e-05 0.00050501438361469147 -0.00020435523454961227
leaf_weight=54 49 62 91 2031 47 66
leaf_count=54 49 62 91 2031 47 66
internal_value=9.99167e-05 -0.00025 0.00477419 -0.000622904 0.00487805 0.00188034
internal_weight=2400 2238 153 2085 162 115
internal_count=2400 2238 153 2085 162 115
is_linear=0
shrinkage=0.04


Tree=89
num_leaves=7
num_cat=0
split_feature=101 87 59 77 50 64
split_gain=2.42551 3.09501 3.66815 2.19171 2.78598 1.79181
threshold=0.7693028713846658 1.2205259224797791 0.98696244403745181 -0.6637074808886777 -0.39919775212964725 0.38317950322299871
decision_type=2 2 2 2 2 2
left_child=1 2 -1 -2 -5 -3
right_child=3 5 -4 4 -6 -7
leaf_value=1.793562281952779e-05 0.00031380134076160415 0.00035883207539529901 -0.00055342211474528557 -0.0007437585271103498 -4.1844533777630197e-05 1.4196617126000857e-05
leaf_weight=1672 51 158 177 78 173 91
leaf_count=1672 51 158 177 78 173 91
internal_value=4.99584e-05 0.000533333 -3.24149e-05 -0.00328947 -0.00482213 0.0047012
internal_weight=2400 2098 1849 302 251 249
internal_count=2400 2098 1849 302 251 249
is_linear=0
shrinkage=0.04


Tree=90
num_leaves=5
num_cat=0
split_feature=34 64 73 97
split_gain=2.40638 2.2378 4.07649 2.89418
threshold=-1.5310495078922439 1.0892022694866219 -1.1785364332691226 0.16713683696336948
decision_type=2 2 2 2
left_child=-1 2 -2 -3
right_child=1 3 -4 -5
leaf_value=0.00054952930260496234 -0.00050687656550841133 0.00039426530101345199 -4.4226426119196862e-07 -0.00013303637255712708
leaf_weight=40 110 76 2133 41
leaf_count=40 110 76 2133 41
internal_value=3.33056e-05 -0.000135478 -0.000418708 0.00521008
internal_weight=2400 2360 2243 117
internal_count=2400 2360 2243 117
is_linear=0
shrinkage=0.04


Tree=91
num_leaves=5
num_cat=0
split_feature=25 35 43 109
split_gain=2.36361 2.71273 3.97595 3.30953
threshold=-1.4553595607228365 -1.0400768274526315 0.076121563457319477 -1.3042541040526028
decision_type=2 2 2 2
left_child=-1 2 -2 -3
right_child=1 3 -4 -5
leaf_value=0.0003953933038533346 -0.00062801306135436253 0.00059975256571768402 2.53198138464715e-05 -1.2250609654344196e-06
leaf_weight=60 89 74 89 2088
leaf_count=60 89 74 89 2088
internal_value=3.33056e-05 -0.000170794 -0.00488889 0.000221811
internal_weight=2400 2340 178 2162
internal_count=2400 2340 178 2162
is_linear=0
shrinkage=0.04


Tree=92
num_leaves=5
num_cat=0
split_feature=25 35 43 109
split_gain=2.36361 2.71273 3.40452 3.30953
threshold=-1.4553595607228365 -1.0400768274526315 0.076121563457319477 -1.3042541040526028
decision_type=2 2 2 2
left_child=-1 2 -2 -3
right_child=1 3 -4 -5
leaf_value=0.0003795775716992013 -0.00060289253890018809 0.00057576246308897673 2.4307021292612614e-05 -1.176058526817039e-06
leaf_weight=60 89 74 89 2088
leaf_count=60 89 74 89 2088
internal_value=3.33056e-05 -0.000170794 -0.00488889 0.000221811
internal_weight=2400 2340 178 2162
internal_count=2400 2340 178 2162
is_linear=0
shrinkage=0.04


Tree=93
num_leaves=7
num_cat=0
split_feature=78 100 87 45 25 39
split_gain=2.39643 2.75912 3.19336 2.87968 2.44115 2.81781
threshold=1.1801731666830124 0.81524608869324344 1.1810210358065631 2.4788932714222143 -0.30655960921908693 0.23957268970682813
decision_type=2 2 2 2 2 2
left_child=1 2 -1 -3 -2 -6
right_child=4 3 -4 -5 5 -7
leaf_value=-1.9208635869526897e-05 -0.00029311956715467131 -0.00047248935690582985 0.00022260436725655066 0.00026103626390242354 5.1318496064820981e-05 0.0006339404052767187
leaf_weight=1734 49 170 294 40 66 47
leaf_count=1734 49 170 294 40 66 47
internal_value=-3.33056e-05 -0.000375 7.88177e-05 -0.00471698 0.00463415 0.00782609
internal_weight=2400 2238 2028 210 162 113
internal_count=2400 2238 2028 210 162 113
is_linear=0
shrinkage=0.04


Tree=94
num_leaves=6
num_cat=0
split_feature=78 28 72 42 61
split_gain=2.582 2.44169 2.51059 2.21214 1.15866
threshold=1.1801731666830124 -0.7492633982791973 -1.389738555407303 -0.23193578374500151 -0.17222936905014746
decision_type=2 2 2 2 2
left_child=1 -1 -3 4 -2
right_child=3 2 -4 -5 -6
leaf_value=-0.00042841592818160311 0.00029629113508653187 0.00018759847757478313 -1.003319087600635e-05 -8.2828965514793883e-06 0.00036417244760442364
leaf_weight=74 41 94 2070 78 43
leaf_count=74 41 94 2070 78 43
internal_value=3.33056e-05 -0.000321429 -7.38689e-05 0.00487805 0.00930233
internal_weight=2400 2238 2164 162 84
internal_count=2400 2238 2164 162 84
is_linear=0
shrinkage=0.04


Tree=95
num_leaves=7
num_cat=0
split_feature=35 117 73 41 4 70
split_gain=2.36956 4.86493 4.40674 4.64583 2.90387 1.35673
threshold=0.6061947338071324 -0.60392023010024931 -1.1785364332691226 0.44192975604528989 -0.16071523604857099 0.17925588285533137
decision_type=2 2 2 2 2 2
left_child=2 -2 5 -4 -3 -1
right_child=1 4 3 -5 -6 -7
leaf_value=-0.00065352556126671297 -0.00084649437443839104 -0.00070638785095328196 -5.0297556304708388e-07 0.00025772028995821468 5.2528142993286956e-06 -0.00023725920804896727
leaf_weight=43 58 44 1495 386 321 53
leaf_count=43 58 44 1495 386 321 53
internal_value=-6.66112e-05 -0.00277647 0.000515412 0.0009453 -0.00103542 -0.0077551
internal_weight=2400 423 1977 1881 365 96
internal_count=2400 423 1977 1881 365 96
is_linear=0
shrinkage=0.04


Tree=96
num_leaves=7
num_cat=0
split_feature=69 105 115 3 41 17
split_gain=2.34195 3.51718 3.81821 3.51556 2.17656 2.39442
threshold=-1.3081978961800098 1.1807997565153376 0.82980913656727495 -0.20590414728813944 -0.89076524487940445 -0.076788310517779207
decision_type=2 2 2 2 2 2
left_child=4 2 -2 -3 -1 -6
right_child=1 3 -4 -5 5 -7
leaf_value=0.00088096790463465763 2.665050040217255e-05 -0.0008111028938388937 -0.00045941589530258664 -4.6998204742180559e-05 -0.00011653707918592855 0.00060876371685528955
leaf_weight=55 1878 66 186 90 74 51
leaf_count=55 1878 66 186 90 74 51
internal_value=3.33056e-05 -0.000324032 0.000116167 -0.00607595 0.0043956 0.00141732
internal_weight=2400 2220 2064 156 180 125
internal_count=2400 2220 2064 156 180 125
is_linear=0
shrinkage=0.04


Tree=97
num_leaves=5
num_cat=0
split_feature=34 72 41 44
split_gain=2.38113 2.70796 2.70608 2.11574
threshold=-1.5310495078922439 -0.99086464906382388 0.44192975604528989 -0.40310188723566143
decision_type=2 2 2 2
left_child=-1 3 -3 -2
right_child=1 2 -4 -5
leaf_value=0.00045689547339018032 0.00030811351122696619 -5.2811110694057984e-05 7.2284618716329514e-05 3.1469603733892306e-05
leaf_weight=40 61 1565 604 130
leaf_count=40 61 1565 604 130
internal_value=8.32639e-05 -8.4674e-05 -0.000488254 0.00445596
internal_weight=2400 2360 2169 191
internal_count=2400 2360 2169 191
is_linear=0
shrinkage=0.04


Tree=98
num_leaves=6
num_cat=0
split_feature=36 73 101 7 13
split_gain=2.33283 2.72013 3.0771 2.04259 1.18719
threshold=1.1968708716922702 1.4318922019062696 0.7910860801280073 0.29372229845160752 0.40629623402202436
decision_type=2 2 2 2 2
left_child=1 2 -1 -2 -3
right_child=3 4 -4 -5 -6
leaf_value=1.9908915088389422e-05 7.2313852071754053e-05 0.00098324688998235074 -0.00024234024488109244 -0.00065913144032984472 8.2783932839843589e-05
leaf_weight=1976 40 48 250 41 45
leaf_count=1976 40 48 250 41 45
internal_value=8.32639e-05 0.000318828 3.59066e-05 -0.00650602 0.00694737
internal_weight=2400 2319 2226 81 93
internal_count=2400 2319 2226 81 93
is_linear=0
shrinkage=0.04


Tree=99
num_leaves=6
num_cat=0
split_feature=66 11 36 41 60
split_gain=2.98209 3.0197 2.84173 3.04164 2.29359
threshold=0.96939366114227477 -0.24011584670114736 1.1968708716922702 0.57691688982411271 0.48571727080176891
decision_type=2 2 2 2 2
left_child=2 -2 3 -1 -3
right_child=1 4 -4 -5 -6
leaf_value=-2.6303428949414039e-05 0.00053235993454432001 -0.00025115822924745004 -0.00045535435510885312 0.0001779252979280492 0.00013711981523840326
leaf_weight=1744 63 51 69 428 45
leaf_count=1744 63 51 69 428 45
internal_value=8.32639e-05 0.00534161 -0.000294249 -3.67985e-05 0.000816327
internal_weight=2400 159 2241 2172 96
internal_count=2400 159 2241 2172 96
is_linear=0
shrinkage=0.04


Tree=100
num_leaves=5
num_cat=0
split_feature=72 102 42 118
split_gain=2.33405 2.44336 5.21188 3.84021
threshold=-1.5468057546740444 -0.32441573344134794 -0.83353505814623807 -0.23136986089491746
decision_type=2 2 2 2
left_child=-1 2 -2 -3
right_child=1 3 -4 -5
leaf_value=0.0002281209652019941 0.00059908473139860742 6.079223102310641e-05 2.4722594745904548e-05 -0.00013240794938640409
leaf_weight=72 74 510 714 1030
leaf_count=72 74 510 714 1030
internal_value=3.33056e-05 -0.000188841 0.00162025 -0.00111543
internal_weight=2400 2328 788 1540
internal_count=2400 2328 788 1540
is_linear=0
shrinkage=0.04


Tree=101
num_leaves=8
num_cat=0
split_feature=28 90 42 42 73 66 48
split_gain=2.44249 4.87238 4.02315 3.21856 3.95461 3.86032 1.02323
threshold=-0.62647299333952933 -0.12862955597358236 -0.39176667733722642 -0.75453726991361159 0.44362543437577368 0.098194480533749684 -0.1206932660339648
decision_type=2 2 2 2 2 2 2
left_child=1 6 -3 4 -2 -5 -1
right_child=3 2 -4 5 -6 -7 -8
leaf_value=-0.00085413380961220917 4.8314928385286838e-05 -0.00039348166420583036 0.00030318751312332146 -8.3083894779466819e-05 0.00069550674247115295 7.2716047996626421e-05 -0.00013617155501361938
leaf_weight=40 175 56 84 1077 101 827 40
leaf_count=40 175 56 84 1077 101 827 40
internal_value=3.33056e-05 -0.00396396 0.00056338 0.000439963 0.00446043 -0.000146905 -0.0117073
internal_weight=2400 220 140 2180 276 1904 80
internal_count=2400 220 140 2180 276 1904 80
is_linear=0
shrinkage=0.04


Tree=102
num_leaves=7
num_cat=0
split_feature=70 114 114 101 7 63
split_gain=2.34675 2.38396 4.17677 3.23073 2.21621 3.25467
threshold=-1.3177619876254412 0.48870175028390556 1.2371960157333368 1.0760597240701202 0.36623200177047183 -0.20714866669430368
decision_type=2 2 2 2 2 2
left_child=4 3 -3 -2 -1 -6
right_child=1 2 -4 -5 5 -7
leaf_value=0.00033054754916717527 2.892217345775555e-05 -0.00026506279958261772 0.00020987469262763849 -0.00041489521655296418 0.00073996460083211037 -0.00026197355729600023
leaf_weight=53 1633 423 120 80 44 47
leaf_count=53 1633 423 120 80 44 47
internal_value=1.66528e-05 -0.000301151 -0.0026055 0.000431487 0.00493151 0.00107527
internal_weight=2400 2256 543 1713 144 91
internal_count=2400 2256 543 1713 144 91
is_linear=0
shrinkage=0.04


Tree=103
num_leaves=5
num_cat=0
split_feature=35 43 23 109
split_gain=2.2395 2.7817 2.59719 2.96284
threshold=1.0044928215116091 0.042992622204923607 1.4594635605676303 0.4728716988324364
decision_type=2 2 2 2
left_child=2 -2 3 -1
right_child=1 -3 -4 -5
leaf_value=-2.7076400465719884e-05 1.4145457522694773e-05 -0.00080662647901158242 0.00041026872158122395 0.00012365598224557613
leaf_weight=1681 46 44 47 582
leaf_count=1681 46 44 47 582
internal_value=3.33056e-05 -0.00608696 0.000276817 7.94702e-05
internal_weight=2400 90 2310 2263
internal_count=2400 90 2310 2263
is_linear=0
shrinkage=0.04


Tree=104
num_leaves=7
num_cat=0
split_feature=14 92 9 81 73 11
split_gain=2.03704 6.20575 5.12976 3.79296 3.12898 2.79106
threshold=0.67656381303860991 -0.21036850782867952 0.29697369923204592 2.4742384667882922 -0.15656299251179573 0.29919536044948752
decision_type=2 2 2 2 2 2
left_child=3 2 -2 4 -1 -3
right_child=1 5 -4 -5 -6 -7
leaf_value=9.7021086927050469e-05 0.00067388917844260628 -0.00059142214026911043 4.3532543930310026e-06 -0.00083828104012151404 -5.069726534025175e-05 4.1360611176246762e-05
leaf_weight=689 97 64 76 57 1213 204
leaf_count=689 97 64 76 57 1213 204
internal_value=3.33056e-05 0.00248307 0.00834286 -0.000520143 -0.000210084 -0.00133333
internal_weight=2400 441 173 1959 1902 268
internal_count=2400 441 173 1959 1902 268
is_linear=0
shrinkage=0.04


Tree=105
num_leaves=5
num_cat=0
split_feature=34 35 34 100
split_gain=2.39795 2.82141 3.70292 3.59275
threshold=-1.5310495078922439 -0.58915087338368943 -0.79821661337366379 0.27685432552745898
decision_type=2 2 2 2
left_child=-1 3 -3 -2
right_child=1 2 -4 -5
leaf_value=0.0004370927683650699 -9.7299349406435129e-06 0.00064338557889728645 4.8642398453357075e-06 -0.00033977895567031583
leaf_weight=40 348 65 1772 175
leaf_count=40 348 65 1772 175
internal_value=4.99584e-05 -0.000118544 0.000619902 -0.00270476
internal_weight=2400 2360 1837 523
internal_count=2400 2360 1837 523
is_linear=0
shrinkage=0.04


Tree=106
num_leaves=6
num_cat=0
split_feature=78 28 37 49 35
split_gain=2.24511 2.51651 2.39694 1.9343 3.59547
threshold=1.1801731666830124 -0.7492633982791973 -0.51426876933263355 -0.17798762005974253 0.17102454225557837
decision_type=2 2 2 2 2
left_child=1 -1 -3 -2 -5
right_child=3 2 -4 4 -6
leaf_value=-0.00038911816574947354 0.00029765044427909349 0.00020048913560752424 -2.0593700581854005e-05 -0.00023130646585064899 0.00072359263755844842
leaf_weight=74 48 322 1842 70 44
leaf_count=74 48 322 1842 70 44
internal_value=0.00011657 -0.000214286 3.69344e-05 0.00463415 0.00172414
internal_weight=2400 2238 2164 162 114
internal_count=2400 2238 2164 162 114
is_linear=0
shrinkage=0.04


Tree=107
num_leaves=8
num_cat=0
split_feature=28 90 47 114 95 82 26
split_gain=2.4222 4.6105 3.83097 2.47587 3.77482 3.41363 1.39854
threshold=-0.62647299333952933 -0.11313246284466612 -0.36516110272131558 0.25890151235800268 1.0269484716455304 0.68091093270652825 -0.078898685242834499
decision_type=2 2 2 2 2 2 2
left_child=1 6 -3 4 -2 -5 -1
right_child=3 2 -4 5 -6 -7 -8
leaf_value=-0.00075806574989180028 9.1669530480371482e-05 0.00037740062505156765 -0.00029572745118327886 -0.00015194385466024642 -0.00045797413371809003 0.00012556823219108767 -0.00015709404954828034
leaf_weight=41 1282 59 74 592 96 210 46
leaf_count=41 1282 59 74 592 96 210 46
internal_value=1.66528e-05 -0.00396396 0.000740741 0.000421632 0.00144928 -0.00134328 -0.0110112
internal_weight=2400 220 133 2180 1378 802 87
internal_count=2400 220 133 2180 1378 802 87
is_linear=0
shrinkage=0.04


Tree=108
num_leaves=5
num_cat=0
split_feature=25 35 11 109
split_gain=2.37383 2.95377 3.58802 3.30953
threshold=-1.4553595607228365 -1.0400768274526315 0.381211028300601 -1.3042541040526028
decision_type=2 2 2 2
left_child=-1 2 -2 -3
right_child=1 3 -4 -5
leaf_value=0.00033990529948289621 -0.00067725773527474334 0.00054031676422235998 7.3840885974232805e-05 -2.7455645931972162e-06
leaf_weight=60 114 74 64 2088
leaf_count=60 114 74 64 2088
internal_value=1.66528e-05 -0.000187874 -0.00511111 0.000221811
internal_weight=2400 2340 178 2162
internal_count=2400 2340 178 2162
is_linear=0
shrinkage=0.04


Tree=109
num_leaves=7
num_cat=0
split_feature=70 80 112 46 7 63
split_gain=2.25417 2.22464 3.60148 2.97442 2.03936 2.79393
threshold=-1.3474536520030818 -0.94406615964634522 -1.3828395288635562 -0.048260087672681709 0.36623200177047183 -0.20018030460020045
decision_type=2 2 2 2 2 2
left_child=4 3 -3 -2 -1 -6
right_child=1 2 -4 -5 5 -7
leaf_value=0.00032783711602376491 0.00087925322054724917 -0.00042803800180359004 -4.6811820047450422e-07 -8.2215620690054351e-05 0.00071007906113355998 -0.0002317456952598128
leaf_weight=49 41 156 2028 43 40 43
leaf_count=49 41 156 2028 43 40 43
internal_value=3.33056e-05 -0.000264317 -0.000512351 0.00604651 0.00507463 0.00117647
internal_weight=2400 2268 2184 84 132 83
internal_count=2400 2268 2184 84 132 83
is_linear=0
shrinkage=0.04


Tree=110
num_leaves=7
num_cat=0
split_feature=69 66 14 45 41 17
split_gain=2.30635 2.88816 4.31575 3.46895 1.72898 2.17095
threshold=-1.3081978961800098 0.31047783937390472 0.042544474434707165 6.2776716338746246 -0.89076524487940445 -0.076788310517779207
decision_type=2 2 2 2 2 2
left_child=4 3 -3 -2 -1 -6
right_child=1 2 -4 -5 5 -7
leaf_value=0.00076691419511960477 -7.1992532205363992e-05 0.00016908236400390485 -4.9676037198243919e-05 0.00043868318208449498 -0.00013283656677307568 0.00061522336124538151
leaf_weight=55 1415 380 369 56 74 51
leaf_count=55 1415 380 369 56 74 51
internal_value=6.66112e-05 -0.000288029 0.00173103 -0.00131704 0.0043956 0.00173228
internal_weight=2400 2220 749 1471 180 125
internal_count=2400 2220 749 1471 180 125
is_linear=0
shrinkage=0.04


Tree=111
num_leaves=7
num_cat=0
split_feature=87 59 25 58 47 47
split_gain=2.38328 4.10669 5.32733 4.88998 1.76904 3.37928
threshold=1.2002164505361554 0.93463928364708304 0.45829357725051328 -0.81440095975244764 0.67487274953925525 0.23242606469519347
decision_type=2 2 2 2 2 2
left_child=1 3 -3 -1 5 -2
right_child=4 2 -4 -5 -6 -7
leaf_value=0.00027477620467269119 0.00024082703117139136 -0.00074174236312302458 0.00013178423438615057 -1.5474410599328366e-05 0.00037678410516094046 -0.00031291992809591012
leaf_weight=255 190 145 74 1602 56 78
leaf_count=255 190 145 74 1602 56 78
internal_value=0.000133222 -0.000365736 -0.00552036 0.000247445 0.00331288 0.00192593
internal_weight=2400 2076 219 1857 324 268
internal_count=2400 2076 219 1857 324 268
is_linear=0
shrinkage=0.04


Tree=112
num_leaves=7
num_cat=0
split_feature=35 14 114 80 43 35
split_gain=2.15252 3.56388 2.8065 2.88965 2.6633 1.38844
threshold=0.8906191082011764 -0.61877834687748978 1.2371960157333368 0.0068945720739237272 -0.21820100615338048 0.078707048025716597
decision_type=2 2 2 2 2 2
left_child=2 -2 3 -1 -3 -4
right_child=1 4 5 -5 -6 -7
leaf_value=5.7819893778840486e-05 0.00020239441777133543 5.5825341339485994e-06 0.00018296123099144731 -5.9394235629701265e-05 -0.00071058710121261223 0.00053696534013852513
leaf_weight=1102 42 44 90 1004 76 42
leaf_count=1102 42 44 90 1004 76 42
internal_value=3.33056e-05 -0.00439024 0.000357143 0 -0.00786885 0.00597015
internal_weight=2400 162 2238 2106 120 132
internal_count=2400 162 2238 2106 120 132
is_linear=0
shrinkage=0.04


Tree=113
num_leaves=7
num_cat=0
split_feature=70 80 46 112 63 74
split_gain=2.26908 2.23706 2.97442 2.70271 1.69475 2.40882
threshold=-1.3474536520030818 -0.94406615964634522 -0.048260087672681709 -1.3828395288635562 -0.38381192279428006 -0.21964516380581106
decision_type=2 2 2 2 2 2
left_child=4 2 -2 -3 -1 -6
right_child=1 3 -4 -5 5 -7
leaf_value=0.00067614414345719572 0.00084526897368639338 -0.00041600955825300823 -8.8885831372531731e-05 -3.3581958169144783e-06 0.00027309600280585187 -0.00022441971660016477
leaf_weight=41 41 156 43 2028 50 41
leaf_count=41 41 156 43 2028 50 41
internal_value=1.66528e-05 -0.000281938 0.00604651 -0.00053065 0.00507463 0.00193548
internal_weight=2400 2268 84 2184 132 91
internal_count=2400 2268 84 2184 132 91
is_linear=0
shrinkage=0.04


Tree=114
num_leaves=6
num_cat=0
split_feature=35 40 7 109 7
split_gain=2.20312 3.052 4.45944 3.58377 2.764
threshold=1.0044928215116091 0.81361592884103862 -0.084477908736359852 1.2417096406969745 0.20350661709478138
decision_type=2 2 2 2 2
left_child=1 3 -3 -1 -2
right_child=4 2 -4 -5 -6
leaf_value=-1.2804328155995842e-05 1.1138193623841629e-05 0.00039114188209998145 6.8285836296716341e-05 0.00036018145380178792 -0.00078830176617960808
leaf_weight=1902 49 43 268 97 41
leaf_count=1902 49 43 268 97 41
internal_value=-1.66528e-05 0.000224913 0.00389776 -0.000349825 -0.00608696
internal_weight=2400 2310 311 1999 90
internal_count=2400 2310 311 1999 90
is_linear=0
shrinkage=0.04


Tree=115
num_leaves=7
num_cat=0
split_feature=102 42 61 98 114 64
split_gain=2.24106 4.70152 4.06761 3.34927 4.74829 2.71869
threshold=-0.32441573344134794 -0.89254876529103011 -0.21973878074348044 0.55578327524400706 0.25890151235800268 -0.89884263338148285
decision_type=2 2 2 2 2 2
left_child=1 -1 -3 5 -5 -2
right_child=3 2 -4 4 -6 -7
leaf_value=0.00056798664523960484 0.0003560042908709843 0.00017712894072656373 -5.0332850574554609e-05 2.6912834417530404e-05 -0.0007433851871067737 -1.0959440668855806e-05
leaf_weight=63 152 336 407 132 144 1166
leaf_count=63 152 336 407 132 144 1166
internal_value=-3.33056e-05 0.00168317 0.000778523 -0.000902256 -0.00489209 -6.06061e-05
internal_weight=2400 806 743 1594 276 1318
internal_count=2400 806 743 1594 276 1318
is_linear=0
shrinkage=0.04


Tree=116
num_leaves=5
num_cat=0
split_feature=87 78 64 24
split_gain=2.25934 2.15134 2.41849 2.17521
threshold=2.4496616475648785 1.1801731666830124 1.0892022694866219 -0.50759663158063006
decision_type=2 2 2 2
left_child=1 2 -1 -3
right_child=-2 3 -4 -5
leaf_value=-2.0726393984527458e-05 0.00021086667366779812 -0.00028771241933343367 0.00019842324758998124 0.00029339468856245363
leaf_weight=2071 54 40 113 122
leaf_count=2071 54 40 113 122
internal_value=-8.32639e-05 -0.000272572 -0.000603843 0.00414634
internal_weight=2400 2346 2184 162
internal_count=2400 2346 2184 162
is_linear=0
shrinkage=0.04


Tree=117
num_leaves=5
num_cat=0
split_feature=80 46 40 28
split_gain=2.11728 2.97442 2.14734 3.11583
threshold=-0.94406615964634522 -0.048260087672681709 -0.9856490550926138 -0.72530528054434729
decision_type=2 2 2 2
left_child=1 -1 -2 -4
right_child=2 -3 3 -5
leaf_value=0.00081307160453462425 0.00022061789831475076 -8.5065682608710699e-05 -0.00053032880299597933 -3.8933485727367121e-06
leaf_weight=41 50 43 87 2179
leaf_count=41 50 43 87 2179
internal_value=-0.00011657 0.00604651 -0.000345125 -0.000529101
internal_weight=2400 84 2316 2266
internal_count=2400 84 2316 2266
is_linear=0
shrinkage=0.04


Tree=118
num_leaves=8
num_cat=0
split_feature=108 85 91 29 93 76 77
split_gain=2.19978 3.88412 3.28348 3.95196 3.28047 2.57887 2.04512
threshold=-0.84049843767325472 -0.074921367223338795 0.82665647730444247 -0.63591557168929536 0.25374633828522403 -0.83161027800799181 -1.0034187102849998
decision_type=2 2 2 2 2 2 2
left_child=1 4 5 -4 -1 -2 -3
right_child=2 6 3 -5 -6 -7 -8
leaf_value=0.00019412898453642787 -0.0001288459871646918 0.00073791668394135518 6.8078388299925519e-05 -0.00062046039188477949 -0.00054356749428230422 8.803668573511715e-06 0.00019047551583285783
leaf_weight=48 156 42 50 85 42 1800 177
leaf_count=48 156 42 50 85 42 1800 177
internal_value=-0.00011657 0.00302251 -0.000582895 -0.00656934 -0.00391304 -0.000163432 0.00588235
internal_weight=2400 309 2091 135 90 1956 219
internal_count=2400 309 2091 135 90 1956 219
is_linear=0
shrinkage=0.04


Tree=119
num_leaves=8
num_cat=0
split_feature=66 11 58 45 53 80 33
split_gain=2.19728 3.21289 2.82671 2.56545 3.39248 3.156 2.12986
threshold=0.89919839466169982 -0.24011584670114736 -0.014663368020882207 0.61230304236414856 -0.74999999999999989 -0.94406615964634522 0.18932748979399244
decision_type=2 2 2 2 2 2 2
left_child=3 6 -3 5 -5 -1 -2
right_child=1 2 -4 4 -6 -7 -8
leaf_value=0.00046584351128401552 0.0007791163067615716 -0.00024144173318286306 9.627262267277535e-05 0.00051245571053594148 2.857944633641151e-05 -4.8637488187597507e-05 2.2114121078133815e-05
leaf_weight=62 44 45 77 62 456 1614 40
leaf_count=62 44 45 77 62 456 1614 40
internal_value=-8.32639e-05 0.00384615 -0.000322581 -0.000455373 0.002 -0.00121573 0.00976744
internal_weight=2400 206 122 2194 518 1676 84
internal_count=2400 206 122 2194 518 1676 84
is_linear=0
shrinkage=0.04


end of trees

feature_importances:
Column_78=35
Column_35=23
Column_87=23
Column_28=21
Column_82=17
Column_42=16
Column_45=16
Column_80=15
Column_69=14
Column_41=13
Column_73=13
Column_14=12
Column_16=12
Column_64=12
Column_94=12
Column_99=12
Column_115=12
Column_25=11
Column_72=11
Column_100=11
Column_40=10
Column_70=10
Column_81=10
Column_110=10
Column_102=9
Column_114=9
Column_117=9
Column_5=8
Column_11=8
Column_13=8
Column_24=8
Column_34=8
Column_105=8
Column_106=8
Column_112=8
Column_7=7
Column_66=7
Column_91=7
Column_108=7
Column_109=7
Column_44=6
Column_84=6
Column_85=6
Column_101=6
Column_10=5
Column_37=5
Column_46=5
Column_58=5
Column_92=5
Column_93=5
Column_98=5
Column_39=4
Column_43=4
Column_47=4
Column_90=4
Column_111=4
Column_49=3
Column_63=3
Column_77=3
Column_86=3
Column_118=3
Column_8=2
Column_17=2
Column_23=2
Column_36=2
Column_48=2
Column_53=2
Column_59=2
Column_60=2
Column_61=2
Column_67=2
Column_68=2
Column_74=2
Column_76=2
Column_95=2
Column_97=2
Column_103=2
Column_0=1
Column_1=1
Column_2=1
Column_3=1
Column_4=1
Column_6=1
Column_9=1
Column_12=1
Column_15=1
Column_26=1
Column_29=1
Column_32=1
Column_33=1
Column_38=1
Column_50=1
Column_62=1
Column_79=1
Column_88=1
Column_96=1
Column_104=1
Column_116=1

parameters:
[boosting: gbdt]
[objective: quantile]
[metric: quantile]
[tree_learner: serial]
[device_type: cpu]
[data_sample_strategy: bagging]
[data: ]
[valid: ]
[num_iterations: 120]
[learning_rate: 0.04]
[num_leaves: 15]
[num_threads: 2]
[seed: 42]
[deterministic: 0]
[force_col_wise: 0]
[force_row_wise: 0]
[histogram_pool_size: -1]
[max_depth: 3]
[min_data_in_leaf: 40]
[min_sum_hessian_in_leaf: 0.001]
[bagging_fraction: 0.85]
[pos_bagging_fraction: 1]
[neg_bagging_fraction: 1]
[bagging_freq: 0]
[bagging_seed: 400]
[bagging_by_query: 0]
[feature_fraction: 0.8]
[feature_fraction_bynode: 1]
[feature_fraction_seed: 30056]
[extra_trees: 0]
[extra_seed: 12879]
[early_stopping_round: 0]
[early_stopping_min_delta: 0]
[first_metric_only: 0]
[max_delta_step: 0]
[lambda_l1: 0]
[lambda_l2: 2]
[linear_lambda: 0]
[min_gain_to_split: 0]
[drop_rate: 0.1]
[max_drop: 50]
[skip_drop: 0.5]
[xgboost_dart_mode: 0]
[uniform_drop: 0]
[drop_seed: 17869]
[top_rate: 0.2]
[other_rate: 0.1]
[min_data_per_group: 100]
[max_cat_threshold: 32]
[cat_l2: 10]
[cat_smooth: 10]
[max_cat_to_onehot: 4]
[top_k: 20]
[monotone_constraints: ]
[monotone_constraints_method: basic]
[monotone_penalty: 0]
[feature_contri: ]
[forcedsplits_filename: ]
[refit_decay_rate: 0.9]
[cegb_tradeoff: 1]
[cegb_penalty_split: 0]
[cegb_penalty_feature_lazy: ]
[cegb_penalty_feature_coupled: ]
[path_smooth: 0]
[interaction_constraints: ]
[verbosity: -1]
[saved_feature_importance_type: 0]
[use_quantized_grad: 0]
[num_grad_quant_bins: 4]
[quant_train_renew_leaf: 0]
[stochastic_rounding: 1]
[linear_tree: 0]
[max_bin: 255]
[max_bin_by_feature: ]
[min_data_in_bin: 3]
[bin_construct_sample_cnt: 200000]
[data_random_seed: 175]
[is_enable_sparse: 1]
[enable_bundle: 1]
[use_missing: 1]
[zero_as_missing: 0]
[feature_pre_filter: 1]
[pre_partition: 0]
[two_round: 0]
[header: 0]
[label_column: ]
[weight_column: ]
[group_column: ]
[ignore_column: ]
[categorical_feature: ]
[forcedbins_filename: ]
[precise_float_parser: 0]
[parser_config_file: ]
[objective_seed: 16083]
[num_class: 1]
[is_unbalance: 0]
[scale_pos_weight: 1]
[sigmoid: 1]
[boost_from_average: 1]
[reg_sqrt: 0]
[alpha: 0.5]
[fair_c: 1]
[poisson_max_delta_step: 0.7]
[tweedie_variance_power: 1.5]
[lambdarank_truncation_level: 30]
[lambdarank_norm: 1]
[label_gain: ]
[lambdarank_position_bias_regularization: 0]
[eval_at: ]
[multi_error_top_k: 1]
[auc_mu_weights: ]
[num_machines: 1]
[local_listen_port: 12400]
[time_out: 120]
[machine_list_filename: ]
[machines: ]
[gpu_platform_id: -1]
[gpu_device_id: -1]
[gpu_device_id_list: ]
[gpu_use_dp: 0]
[num_gpu: 1]

end of parameters

pandas_categorical:null
