tree
version=v4
num_class=1
num_tree_per_iteration=1
label_index=0
max_feature_idx=118
objective=quantile
feature_names=Column_0 Column_1 Column_2 Column_3 Column_4 Column_5 Column_6 Column_7 Column_8 Column_9 Column_10 Column_11 Column_12 Column_13 Column_14 Column_15 Column_16 Column_17 Column_18 Column_19 Column_20 Column_21 Column_22 Column_23 Column_24 Column_25 Column_26 Column_27 Column_28 Column_29 Column_30 Column_31 Column_32 Column_33 Column_34 Column_35 Column_36 Column_37 Column_38 Column_39 Column_40 Column_41 Column_42 Column_43 Column_44 Column_45 Column_46 Column_47 Column_48 Column_49 Column_50 Column_51 Column_52 Column_53 Column_54 Column_55 Column_56 Column_57 Column_58 Column_59 Column_60 Column_61 Column_62 Column_63 Column_64 Column_65 Column_66 Column_67 Column_68 Column_69 Column_70 Column_71 Column_72 Column_73 Column_74 Column_75 Column_76 Column_77 Column_78 Column_79 Column_80 Column_81 Column_82 Column_83 Column_84 Column_85 Column_86 Column_87 Column_88 Column_89 Column_90 Column_91 Column_92 Column_93 Column_94 Column_95 Column_96 Column_97 Column_98 Column_99 Column_100 Column_101 Column_102 Column_103 Column_104 Column_105 Column_106 Column_107 Column_108 Column_109 Column_110 Column_111 Column_112 Column_113 Column_114 Column_115 Column_116 Column_117 Column_118
feature_infos=[-4.587254505021324:5.9534509962848157] [-3.8606233526781897:4.0809545878843059] [-3.7150668951008048:3.6467035710272557] [-3.4625472534965631:3.2404398641990255] [-3.1966293581440901:2.6069895121258075] [-2.2009279705599143:2.505990029070321] [-3.392563776337012:3.2934798262638978] [-1.1870422530926414:4.7312158377476932] [-1.610640357143287:1.5957470085933372] [-3.1198151551423017:2.6717482352147282] [-1.2516569720831578:3.7722530622933306] [-2.4044888192858433:2.6171782910818928] [-2.1143964840384513:2.5250822919607003] [-1.339315040512929:2.7284791597602589] [-2.4958226840994442:2.9417588247660142] [-1.6130114491981262:1.4745953476395546] [-1.6698804108796492:1.7712430470655496] [-1.0480761279239519:0.67621705598304205] [-1.1171487812228773:0.69954594913511803] [-1.0480761279239517:0.67621705598304194] [-2.3574933506772382:2.9148922976570231] [-3.203879775068597:3.4957378038410765] [-2.8807154015321332:2.8534805492164668] [-1.9834871131530534:2.8281224014350821] [-2.2240451641468888:1.8584326418773309] [-2.0925128565534639:1.8812392535333653] [-3.2680760755400118:2.2198084917284828] [-1.8260850422231187:1.5780135006494755] [-0.95350180399992868:2.8258432691031952] [-3.5527100308885164:3.3415606679809295] [-3.2824154934139891:2.947552914449608] [-2.5353548574459257:2.2319004091283854] [-2.4916319748342279:2.3833020094734003] [-2.0202540819043007:2.4346537475242287] [-2.1698506007128593:2.2774462302466896] [-1.9685416248693826:2.0515273008875736] [-2.1039962192610164:2.2892222280684131] [-1.2098951056545151:3.0465107941496115] [-1.2526482985127552:3.6498116163561938] [-1.3627003393125834:2.6703568211798752] [-1.2562236253073324:1.8082318162979931] [-1.8535435686573292:1.627865913589595] [-1.8003313040723843:1.6899524584370604] [-2.0009698359848627:12.020788627985478] [-583.47975673398196:93.074240510460413] [-496.04335236142583:103.24957474903138] [-664.85528030495436:48.90001412484844] [-1.1358395509995931:3.3870974731115382] [-1.8754772794999746:1.7276920265667735] [-1.1484711308268405:6.2234347069121911] [-3.8592350533124229:4.5820526394444601] [-10.008124418969476:8.2891952133121549] [-1:1] [-1:1.2] [0:1] [0:1] [-3.5528901170989826:4.2899637338858829] [-4.0635850526503319:2.3199034506631682] [-2.3055394746941063:1.5358628253233939] [-0.99254077042560451:2.2567637252378447] [-2.3509397398579162:1.2644532342341244] [-1.6152728293170404:0.34650210604321802] [-3.1610620486331817:3.615848441172993] [-2.7016268623128403:2.492552617935849] [-2.1895469557509424:1.764260997905353] [-3.0724666828699778:4.0190504225933052] [-3.4477571143407379:2.2733607982707644] [-2.3781152260624556:1.6219753078053003] [-0.95062419272884535:2.1960143758360458] [-2.141981787627707:1.2711356562915481] [-1.4145630104832934:0.36001393392513936] [-4.5554104631945478:7.1415184850531332] [-4.1499502866624045:5.7822927341474335] [-2.4182456641988077:4.2044248336797443] [-1.3315250380599231:4.8513821512666446] [-1.1870143020749218:7.8954702221458737] [-1.2491009928154833:2.3047424765703677] [-6.6107643511167051:6.7950302620718359] [-4.569151927221502:3.5830719681149641] [-2.7273577330268859:3.7473772036056126] [-1.2213081449787615:3.5791919514670631] [-1.7227791118975313:4.2895444267398952] [-0.79789020944857947:2.0508988617837582] [-11.31594643431035:11.096266020879515] [-6.1203589037153909:5.3375635623582314] [-3.9063031702642417:4.3054671139401393] [-0.97578366208323941:3.0238369846713442] [-2.2336860072765199:4.3105901753900602] [-1.1986754871175709:0.72546935680272062] [-3.9217386254809048:2.9430329784131821] [-3.4097795936217632:2.9718598990646172] [-2.5382703111902312:1.7096256409582509] [-1.265126976440337:3.0786853439367179] [-2.1158494055957844:1.9044047483004838] [-1.4372760610637376:0.46618311108634719] [-5.3159800186787391:3.1278088471934304] [-4.1427777039986458:3.5310659996498361] [-1.8854069329042829:2.8290569553871778] [-1.4184699700410217:4.1785293662454794] [-1.7052262745886235:4.4652180481010708] [-1.5358571053809074:1.2552251059176043] [-4.3212163838017297:2.603481620005204] [-3.8025489641074008:3.5241380821916395] [-1.9311444190155571:2.6191983750417296] [-1.4413025015396801:3.9449840148110979] [-1.5861783522980422:3.9070259325417185] [-1.5347901108510646:1.22089849029724] [-3.3546198455499439:3.5920197052505465] [-2.2246462275891785:2.6457121700013375] [-1.9412721479866413:2.0086597713454442] [-1.4394635169911907:1.9897504176422718] [-1.461142384949915:1.9862747962089509] [-2.2568063416247339:0.60357180410371247] [-3.1235842147467294:3.3551485579594447] [-2.7849543755952819:3.605525571041051] [-1.6918708344134428:2.4242587004269534] [-0.8373225982113679:2.858320643730953] [-1.4254764335219154:2.3150528100985257] [-1.3964404897655887:0.96469534481147823]
tree_sizes=661 773 769 683 683 683 676 770 765 779 778 858 856 608 864 860 774 684 771 689 854 604 872 692 687 790 518 518 697 688 776 781 698 693 782 782 788 780 863 788 606 772 696 784 781 779 780 864 785 699 780 782 774 609 693 782 699 771 699 774 607 784 778 605 604 695 690 695 690 782 780 782 784 611 522 601 695 607 608 781 695 867 785 787 783 774 605 868 786 692 876 872 608 688 777 612 603 782 695 688 607 604 688 691 691 610 693 786 781 690 691 787 872 695 690 782 785 779 787 870

Tree=0
num_leaves=6
num_cat=0
split_feature=69 80 110 78 35
split_gain=17.5315 4.62661 4.57208 4.47183 2.58962
threshold=-1.2096801124775607 -0.96075180815364714 0.53998581345759955 1.8196584304531511 -0.60943311406728295
decision_type=2 2 2 2 2
left_child=2 -2 4 -3 -1
right_child=1 3 -4 -5 -6
leaf_value=0.026769735980778933 0.027343085110187529 0.026495656855404379 0.028185206055641173 0.02704599790275097 0.028663446828722954
leaf_weight=82 63 1899 54 51 62
leaf_count=82 63 1899 54 51 62
internal_value=0.0266593 0.0255381 0.0379547 0.0251896 0.034052
internal_weight=2211 2013 198 1950 144
internal_count=2211 2013 198 1950 144
is_linear=0
shrinkage=1


Tree=1
num_leaves=7
num_cat=0
split_feature=69 35 94 115 110 96
split_gain=16.4201 4.3392 4.81752 4.29541 4.28335 2.54302
threshold=-1.2096801124775607 0.44532133310306338 0.1738268079280326 0.45833965693821027 0.53998581345759955 0.27252081913306053
decision_type=2 2 2 2 2 2
left_child=4 3 -3 -2 5 -1
right_child=1 2 -4 -5 -6 -7
leaf_value=0.0012040053427219391 0.00011025183200836175 -0.00041512269228696828 7.2495809942483839e-05 -0.00050477396398782742 0.0014692538022994994 0.00011470246538519857
leaf_weight=87 1114 365 178 356 54 57
leaf_count=87 1114 365 178 356 54 57
internal_value=-3.16313e-05 -0.00111663 -0.00416514 1.3587e-05 0.0109 0.00712329
internal_weight=2211 2013 543 1470 198 144
internal_count=2211 2013 543 1470 198 144
is_linear=0
shrinkage=0.04


Tree=2
num_leaves=7
num_cat=0
split_feature=69 110 35 94 80 35
split_gain=14.7184 4.8665 4.24382 4.68743 4.14125 3.01752
threshold=-1.2096801124775607 0.53998581345759955 0.44532133310306338 0.1738268079280326 -0.95138398693676451 -0.60943311406728295
decision_type=2 2 2 2 2 2
left_child=1 5 4 -4 -2 -1
right_child=2 -3 3 -5 -6 -7
leaf_value=9.492140304297212e-05 0.00066070064592361468 0.0014104836502075197 -0.00039851778459548958 6.95959775447845e-05 -3.541130286455155e-05 0.0019117410267591479
leaf_weight=82 58 54 365 178 1412 62
leaf_count=82 58 54 365 178 1412 62
internal_value=-4.97063e-05 0.0103 -0.00107692 -0.00409174 4.07609e-05 0.00630137
internal_weight=2211 198 2013 543 1470 144
internal_count=2211 198 2013 543 1470 144
is_linear=0
shrinkage=0.04


Tree=3
num_leaves=6
num_cat=0
split_feature=69 110 78 105 35
split_gain=14.1551 4.3765 4.15693 4.41369 3.01752
threshold=-1.2096801124775607 0.53998581345759955 1.8196584304531511 -0.92044159403064618 -0.60943311406728295
decision_type=2 2 2 2 2
left_child=1 4 3 -2 -1
right_child=2 -3 -4 -5 -6
leaf_value=9.1124546921253244e-05 0.0004435312002944948 0.0013540643041992191 0.00037262035435914998 -0.00015525409304618834 0.0018352713856887818
leaf_weight=82 177 54 51 1785 62
leaf_count=82 177 54 51 1785 62
internal_value=-4.97063e-05 0.0101 -0.00105707 -0.00135438 0.00630137
internal_weight=2211 198 2013 1962 144
internal_count=2211 198 2013 1962 144
is_linear=0
shrinkage=0.04


Tree=4
num_leaves=6
num_cat=0
split_feature=69 78 105 110 68
split_gain=11.229 4.14208 4.06158 3.55723 2.71704
threshold=-1.2096801124775607 1.8196584304531511 -0.92044159403064618 0.53998581345759955 0.78341783656892672
decision_type=2 2 2 2 2
left_child=3 2 -2 4 -1
right_child=1 -3 -4 -5 -6
leaf_value=0.0018301909246782779 0.00042578995228271507 0.00035771554018478399 -0.00014904392932434078 0.0012999017320312501 6.7862849120330914e-05
leaf_weight=45 177 51 1785 54 99
leaf_count=45 177 51 1785 54 99
internal_value=-0.000140081 -0.00103722 -0.00133401 0.0089 0.00547945
internal_weight=2211 2013 1962 198 144
internal_count=2211 2013 1962 198 144
is_linear=0
shrinkage=0.04


Tree=5
num_leaves=6
num_cat=0
split_feature=69 78 80 110 14
split_gain=10.6938 4.11245 4.32131 3.7301 2.42991
threshold=-1.2096801124775607 1.8196584304531511 -0.92591860081391741 0.53998581345759955 0.41606855941384707
decision_type=2 2 2 2 2
left_child=3 2 -2 4 -1
right_child=1 -3 -4 -5 -6
leaf_value=8.9975785883841705e-05 0.00047373422648413962 0.00034340691857739263 -0.00014131896865711636 0.0012479056627500002 0.0016388591730287381
leaf_weight=104 90 51 1872 54 40
leaf_count=104 90 51 1872 54 40
internal_value=-0.000122006 -0.000997519 -0.00129328 0.0087 0.00520548
internal_weight=2211 2013 1962 198 144
internal_count=2211 2013 1962 198 144
is_linear=0
shrinkage=0.04


Tree=6
num_leaves=6
num_cat=0
split_feature=87 73 118 78 40
split_gain=9.24701 8.05534 3.57644 3.37349 2.61373
threshold=1.9716471324835969 1.5166950386315594 0.90784455048049228 1.7634593748378851 1.1791133629854211
decision_type=2 2 2 2 2
left_child=1 3 4 -1 -2
right_child=2 -3 -4 -5 -6
leaf_value=-0.00013723450621666689 7.0986405035242529e-05 0.0011250966380186461 0.0011979894362400001 0.0002476002431757829 0.00099070289976030336
leaf_weight=1920 83 69 42 57 40
leaf_count=1920 83 69 42 57 40
internal_value=-0.000248531 -0.000986328 0.0088024 -0.00146033 0.0052
internal_weight=2211 2046 165 1977 123
internal_count=2211 2046 165 1977 123
is_linear=0
shrinkage=0.04


Tree=7
num_leaves=7
num_cat=0
split_feature=67 80 63 41 82 46
split_gain=8.01005 3.80293 3.51166 3.15744 2.72249 2.187
threshold=-1.0239464789876023 -0.92591860081391741 -0.79593453006566595 -0.94005162914364304 -0.6386364840445008 -0.1224306655756694
decision_type=2 2 2 2 2 2
left_child=2 5 -1 -4 -3 -2
right_child=1 4 3 -5 -6 -7
leaf_value=0.0015227018730753184 0.00072798396238283225 -0.00060598638812079135 0.0012833060437974326 0.00024219266198214227 -9.0071464146859048e-05 3.9614236701950369e-05
leaf_weight=41 42 102 59 188 1731 48
leaf_count=41 42 102 59 188 1731 48
internal_value=-0.000266606 -0.0012 0.00593103 0.00405622 -0.00159673 0.00673913
internal_weight=2211 1923 288 247 1833 90
internal_count=2211 1923 288 247 1833 90
is_linear=0
shrinkage=0.04


Tree=8
num_leaves=7
num_cat=0
split_feature=87 78 24 118 0 67
split_gain=8.18956 5.599 3.36657 2.66 2.07964 1.82115
threshold=1.9716471324835969 1.1923210260761061 -0.5671666507223182 0.90784455048049228 0.52040373322572975 -0.11988371741016882
decision_type=2 2 2 2 2 2
left_child=1 2 -1 4 -2 -3
right_child=3 5 -4 -5 -6 -7
leaf_value=0.00025225821146649313 0.0010075025799201119 0.0005444903402287561 -0.00019353551038713598 0.0011437047935724043 -9.6122186606337342e-05 5.4602331309175359e-07
leaf_weight=381 82 102 1506 42 41 57
leaf_count=381 82 102 1506 42 41 57
internal_value=-0.000194306 -0.000888672 -0.00149815 0.00832335 0.0052 0.00627329
internal_weight=2211 2046 1887 165 123 159
internal_count=2211 2046 1887 165 123 159
is_linear=0
shrinkage=0.04


Tree=9
num_leaves=7
num_cat=0
split_feature=67 59 110 105 42 94
split_gain=7.79497 3.60367 4.34319 3.39353 3.79847 3.71864
threshold=-1.0239464789876023 0.42628397353816477 0.53998581345759955 -1.0093504437827441 0.62885288057908073 0.044828334552116003
decision_type=2 2 2 2 2 2
left_child=1 -1 -3 5 -5 -2
right_child=3 2 -4 4 -6 -7
leaf_value=0.0009245944766698769 -0.00018278816897280439 4.1614217344161581e-05 0.00094620866006758873 -4.4192376375025852e-05 -0.00032798229238230071 0.00086605133538863576
leaf_weight=45 68 171 72 1403 386 66
leaf_count=45 68 171 72 1403 386 66
internal_value=-0.000320831 0.0057931 0.00379592 -0.00124156 -0.00170296 0.00485294
internal_weight=2211 288 243 1923 1789 134
internal_count=2211 288 243 1923 1789 134
is_linear=0
shrinkage=0.04


Tree=10
num_leaves=7
num_cat=0
split_feature=67 59 110 105 42 94
split_gain=7.40227 3.70416 3.94783 3.68101 3.62533 3.39722
threshold=-1.0239464789876023 0.42628397353816477 0.53998581345759955 -1.0093504437827441 0.62885288057908073 0.044828334552116003
decision_type=2 2 2 2 2 2
left_child=1 -1 -3 5 -5 -2
right_child=3 2 -4 4 -6 -7
leaf_value=0.00088761069760308179 -0.00017547664221389221 3.9949648650395162e-05 0.00090836031366488517 -4.2424681320024777e-05 -0.00031486300068700874 0.00083140928197309035
leaf_weight=45 68 171 72 1403 386 66
leaf_count=45 68 171 72 1403 386 66
internal_value=-0.000302756 0.00565517 0.00363265 -0.0012 -0.00168063 0.00514706
internal_weight=2211 288 243 1923 1789 134
internal_count=2211 288 243 1923 1789 134
is_linear=0
shrinkage=0.04


Tree=11
num_leaves=8
num_cat=0
split_feature=67 94 59 112 35 40 42
split_gain=6.66859 3.83032 3.71774 3.62724 3.23529 3.04805 2.28173
threshold=-1.2997959984031968 0.36065637475529339 1.1020787672300656 -1.5285335784787837 0.44532133310306338 0.77050072457566221 -0.33283390150765296
decision_type=2 2 2 2 2 2 2
left_child=1 6 -3 5 -5 -2 -1
right_child=3 2 -4 4 -6 -7 -8
leaf_value=0.0014749106677495267 -0.00018923034882140281 0.0013415542875886619 -0.00097696197704494228 -1.8113173103613408e-05 -0.00024738519480993997 0.0006810412523846071 0.00055457815511188993
leaf_weight=40 52 42 57 1379 517 83 41
leaf_count=40 52 42 57 1379 517 83 41
internal_value=-0.000302756 0.00703297 0.00168317 -0.000959174 -0.00141201 0.00532847 0.0133735
internal_weight=2211 180 99 2031 1896 135 81
internal_count=2211 180 99 2031 1896 135 81
is_linear=0
shrinkage=0.04


Tree=12
num_leaves=8
num_cat=0
split_feature=67 35 109 82 13 60 44
split_gain=6.24317 3.50453 3.47732 3.32289 2.90186 2.53233 1.62299
threshold=-1.2997959984031968 0.61342023580205518 -0.63226693241103471 -0.6386364840445008 0.7174762862134515 -1.5927815016438736 0.18074327143054142
decision_type=2 2 2 2 2 2 2
left_child=2 3 5 -2 -3 -1 -4
right_child=1 4 6 -5 -6 -7 -8
leaf_value=0.00093610517573954456 -0.00051332652441494955 -0.00049714395270403526 0.00087667209070982658 1.0804321014783146e-05 0.00015731677408741085 -0.0013857676147470482 0.0010193037227668258
leaf_weight=45 89 270 40 1584 88 42 53
leaf_count=45 89 270 40 1584 88 42 53
internal_value=-0.000284681 -0.000919823 0.00681319 -0.000149254 -0.0045 0.00101124 0.0121053
internal_weight=2211 2031 180 1673 358 87 93
internal_count=2211 2031 180 1673 358 87 93
is_linear=0
shrinkage=0.04


Tree=13
num_leaves=5
num_cat=0
split_feature=70 41 98 60
split_gain=5.54962 5.17894 3.78392 3.65495
threshold=-1.3126600869921907 -0.85707054372009794 1.3095011299596151 -0.28571433175001998
decision_type=2 2 2 2
left_child=-1 3 -3 -2
right_child=1 2 -4 -5
leaf_value=0.00074725767745522232 0.00089866096870996285 -0.00012357277869934891 0.00073151468264925478 -0.00033476752462622384
leaf_weight=63 173 1758 145 72
leaf_count=63 173 1758 145 72
internal_value=-0.000284681 -0.000632558 -0.00133858 0.00481781
internal_weight=2211 2148 1903 245
internal_count=2211 2148 1903 245
is_linear=0
shrinkage=0.04


Tree=14
num_leaves=8
num_cat=0
split_feature=69 35 100 94 88 11 111
split_gain=5.1371 3.31079 3.76754 3.51167 2.66708 1.38824 1.2786
threshold=-1.2569109801887473 0.48742004591529059 0.75695579471789143 0.16028050990776099 0.46913245478282523 0.12467382185869241 -0.92968362323782794
decision_type=2 2 2 2 2 2 2
left_child=4 2 -2 -3 5 -1 -6
right_child=1 3 -4 -5 6 -7 -8
leaf_value=0.00063406207915825798 5.9659518359683057e-05 -0.00034338401027339478 -0.00090925973777761563 5.5142685085946518e-05 0.00098443289391851618 0.0013825045289810034 -8.5206654516222508e-05
leaf_weight=40 1369 324 166 172 42 41 57
leaf_count=40 1369 324 166 172 42 41 57
internal_value=-0.000284681 -0.000860797 5.85556e-05 -0.00369478 0.00615385 0.0114458 0.00168317
internal_weight=2211 2031 1535 496 180 81 99
internal_count=2211 2031 1535 496 180 81 99
is_linear=0
shrinkage=0.04


Tree=15
num_leaves=8
num_cat=0
split_feature=37 102 10 42 28 40 0
split_gain=5.46177 4.09918 4.7984 3.27289 3.29887 3.22266 1.77741
threshold=1.0318238116523335 -0.33175848844973627 1.4176933744901357 -0.84252039882777507 -0.53881292019552285 0.91231623090942204 0.98208974809194316
decision_type=2 2 2 2 2 2 2
left_child=3 2 -2 4 -1 -5 -3
right_child=1 6 -4 5 -6 -7 -8
leaf_value=-0.00036522780015831426 0.0010125648432427715 0.00065585249886141144 0.00011531232232674667 -0.00014786902366183125 0.00045901760544205 0.00045908374173307155 -0.00044942416842087954
leaf_weight=41 66 147 48 1646 139 72 52
leaf_count=41 66 147 48 1646 139 72 52
internal_value=-0.000338906 0.00453968 0.0105172 -0.00114737 0.00395604 -0.00168605 0.00104478
internal_weight=2211 313 114 1898 180 1718 199
internal_count=2211 313 114 1898 180 1718 199
is_linear=0
shrinkage=0.04


Tree=16
num_leaves=7
num_cat=0
split_feature=87 78 42 40 30 13
split_gain=5.05467 4.41243 2.85238 2.31925 4.15902 1.41635
threshold=1.9716471324835969 1.1923210260761061 -0.77607526978489616 0.75843129953794863 0.66958747216788828 -0.33368565187823535
decision_type=2 2 2 2 2 2
left_child=1 2 -1 -2 -5 -3
right_child=3 5 -4 4 -6 -7
leaf_value=0.00025286495367263907 0.00061231236876825958 -7.0613271833020459e-05 -0.00014900074593596555 0.0010794177380609436 0.00018180924649325499 0.00042136877670140966
leaf_weight=216 70 40 1671 54 41 119
leaf_count=216 70 40 1671 54 41 119
internal_value=-0.000284681 -0.000830078 -0.0013711 0.00640719 0.0104124 0.00552795
internal_weight=2211 2046 1887 165 95 159
internal_count=2211 2046 1887 165 95 159
is_linear=0
shrinkage=0.04


Tree=17
num_leaves=6
num_cat=0
split_feature=87 73 35 40 30
split_gain=4.94617 4.77031 3.31599 2.31925 4.15902
threshold=1.9716471324835969 1.5166950386315594 0.90554204061712995 0.75843129953794863 0.66958747216788828
decision_type=2 2 2 2 2
left_child=1 2 -1 -2 -5
right_child=3 -3 -4 4 -6
leaf_value=-3.9725528267957749e-05 0.0005878198740175292 0.00084240718911821001 -0.00051944945215229754 0.0010362410285385058 0.00017453687663352479
leaf_weight=1851 70 69 126 54 41
leaf_count=1851 70 69 126 54 41
internal_value=-0.000212381 -0.000751953 -0.00111673 0.00640719 0.0104124
internal_weight=2211 2046 1977 165 95
internal_count=2211 2046 1977 165 95
is_linear=0
shrinkage=0.04


Tree=18
num_leaves=7
num_cat=0
split_feature=87 78 35 40 30 83
split_gain=4.94617 4.53222 2.69064 2.31925 4.15902 1.783
threshold=1.9716471324835969 1.0810371677738071 0.90554204061712995 0.75843129953794863 0.66958747216788828 0.11916583328791112
decision_type=2 2 2 2 2 2
left_child=1 2 -1 -2 -5 -3
right_child=3 5 -4 4 -6 -7
leaf_value=-6.0850228239178671e-05 0.00056430707905682804 9.3720597803569237e-05 -0.00049822818761738569 0.0009947913873969655 0.00016755540156818377 0.00063157176374563839
leaf_weight=1742 70 102 124 54 41 78
leaf_count=1742 70 102 124 54 41 78
internal_value=-0.000212381 -0.000751953 -0.00133833 0.00640719 0.0104124 0.00527473
internal_weight=2211 2046 1866 165 95 180
internal_count=2211 2046 1866 165 95 180
is_linear=0
shrinkage=0.04


Tree=19
num_leaves=6
num_cat=0
split_feature=87 73 35 42 40
split_gain=4.62552 3.79021 3.38658 2.32986 3.17163
threshold=2.0564085216419694 1.5166950386315594 0.90554204061712995 -0.35994123848395959 0.91231623090942204
decision_type=2 2 2 2 2
left_child=1 2 -1 -2 -5
right_child=3 -3 -4 4 -6
leaf_value=-3.5702498007672282e-05 0.0011676833221102383 0.00082864002905817693 -0.00047797368394479677 -0.00018983936924964466 0.00061320019405736647
leaf_weight=1859 55 69 127 60 41
leaf_count=1859 55 69 127 60 41
internal_value=-0.000266606 -0.00077297 -0.00109658 0.00632911 0.00262136
internal_weight=2211 2055 1986 156 101
internal_count=2211 2055 1986 156 101
is_linear=0
shrinkage=0.04


Tree=20
num_leaves=8
num_cat=0
split_feature=37 102 10 45 99 47 46
split_gain=4.27561 3.85451 4.13917 2.89117 3.38301 2.8489 2.00483
threshold=1.0318238116523335 -0.33175848844973627 1.4176933744901357 0.60334180309782937 -0.93275458138769307 1.3312610153316142 1.2725331970914022
decision_type=2 2 2 2 2 2 2
left_child=3 2 -2 4 -1 -5 -3
right_child=1 6 -4 5 -6 -7 -8
leaf_value=0.0003344964385369607 0.00085575150057706436 0.00078445062410288397 8.9936973007671383e-05 0.0002395115808224406 -0.00018330807656218373 -0.00026670599387443908 -0.00061765733250786724
leaf_weight=131 66 129 48 329 1364 74 70
leaf_count=131 66 129 48 329 1364 74 70
internal_value=-0.000284681 0.00403175 0.00982759 -0.001 -0.00181029 0.002 0.000646766
internal_weight=2211 313 114 1898 1495 403 199
internal_count=2211 313 114 1898 1495 403 199
is_linear=0
shrinkage=0.04


Tree=21
num_leaves=5
num_cat=0
split_feature=70 35 69 39
split_gain=4.98878 3.19592 2.96189 1.3933
threshold=-1.3126600869921907 0.90554204061712995 -1.31161768381637 0.76753098715096291
decision_type=2 2 2 2
left_child=-1 2 -2 -3
right_child=1 3 -4 -5
leaf_value=0.00061680485782942228 0.00081176180504435175 -0.00060384709450894973 -3.1545967222324914e-05 -5.8458143522467086e-05
leaf_weight=63 124 98 1885 41
leaf_count=63 124 98 1885 41
internal_value=-0.000302756 -0.000632558 -0.000223769 -0.0064539
internal_weight=2211 2148 2009 139
internal_count=2211 2148 2009 139
is_linear=0
shrinkage=0.04


Tree=22
num_leaves=8
num_cat=0
split_feature=41 82 40 60 91 92 46
split_gain=4.07866 3.57187 3.33427 2.72691 2.20171 1.63322 0.162646
threshold=-0.82390366093579248 -0.6386364840445008 0.91231623090942204 -0.28571433175001998 0.018839850704380934 -0.25266107529468695 -0.27226214032935708
decision_type=2 2 2 2 2 2 2
left_child=3 6 -3 4 -1 -5 -2
right_child=1 2 -4 5 -6 -7 -8
leaf_value=0.0010009858915624519 -0.00047737102447121486 -6.7367411613381556e-05 0.00047696994493930805 -0.0006532556496459315 0.00042361271132436087 0.00016651598750419175 -0.00064429102373913117
leaf_weight=60 40 1629 194 40 147 41 60
leaf_count=60 40 1629 194 40 147 41 60
internal_value=-0.000284681 -0.000950649 -0.000542466 0.00413793 0.00655502 -0.00204819 -0.00823529
internal_weight=2211 1923 1823 288 207 81 100
internal_count=2211 1923 1823 288 207 81 100
is_linear=0
shrinkage=0.04


Tree=23
num_leaves=6
num_cat=0
split_feature=70 41 80 63 110
split_gain=4.16056 3.44939 3.04808 2.86465 2.62598
threshold=-1.2678832370769271 -0.82390366093579248 2.8559307450673193 -0.21559295507917736 -0.36341952871234257
decision_type=2 2 2 2 2
left_child=3 4 -3 -1 -2
right_child=1 2 -4 -5 -6
leaf_value=0.00075180400699224881 -0.00015607002377307453 -0.00011822426530899961 0.00032281668518454877 0.00010938339478463289 0.0006462981403351709
leaf_weight=41 70 1743 107 49 201
leaf_count=41 70 1743 107 49 201
internal_value=-0.000284681 -0.000645313 -0.0012635 0.00804348 0.00355311
internal_weight=2211 2121 1850 90 271
internal_count=2211 2121 1850 90 271
is_linear=0
shrinkage=0.04


Tree=24
num_leaves=6
num_cat=0
split_feature=87 73 59 42 40
split_gain=3.62155 3.74182 3.27157 2.52441 2.74249
threshold=2.0564085216419694 1.5166950386315594 0.60081018979162082 -0.36969398485568383 0.91231623090942204
decision_type=2 2 2 2 2
left_child=1 2 -1 -2 -5
right_child=3 -3 -4 4 -6
leaf_value=-1.2310596927696955e-05 0.001129931380481203 0.00074617795192072323 -0.0004208178506482048 -0.0002242821884216887 0.00057632311071632413
leaf_weight=1587 52 69 399 62 42
leaf_count=1587 52 69 399 62 42
internal_value=-0.000266606 -0.000714633 -0.00103622 0.00556962 0.00188679
internal_weight=2211 2055 1986 156 104
internal_count=2211 2055 1986 156 104
is_linear=0
shrinkage=0.04


Tree=25
num_leaves=7
num_cat=0
split_feature=41 82 99 11 94 113
split_gain=3.54456 3.37929 3.28674 3.25409 3.51846 0.274179
threshold=-0.85707054372009794 -0.62455036407039299 0.78425330206503296 -0.48420625320656574 -0.37260147314341979 -0.01140161405406916
decision_type=2 2 2 2 2 2
left_child=3 5 -3 -1 -5 -2
right_child=1 2 -4 4 -6 -7
leaf_value=-0.00033823943309690236 -0.00034893478173616752 1.9185043030144762e-05 -0.00054674347258364272 0.00075063443171436849 0.00064164977374235404 -0.00051068094064507009
leaf_weight=63 52 1554 298 44 145 55
leaf_count=63 52 1554 298 44 145 55
internal_value=-0.000194306 -0.000770015 -0.000366775 0.00425197 0.00685864 -0.00761468
internal_weight=2211 1959 1852 252 189 107
internal_count=2211 1959 1852 252 189 107
is_linear=0
shrinkage=0.04


Tree=26
num_leaves=4
num_cat=0
split_feature=70 73 109
split_gain=3.38965 3.36977 3.15468
threshold=-1.3126600869921907 1.8325015046621183 0.49032656308810002
decision_type=2 2 2
left_child=-1 2 -2
right_child=1 -3 -4
leaf_value=0.00058126820100004237 -0.00012198958936128948 0.00070159084843843071 0.00015538059099774986
leaf_weight=63 1569 42 537
leaf_count=63 1569 42 537
internal_value=-0.000230456 -0.000502326 -0.00073055
internal_weight=2211 2148 2106
internal_count=2211 2148 2106
is_linear=0
shrinkage=0.04


Tree=27
num_leaves=4
num_cat=0
split_feature=70 73 105
split_gain=3.37607 3.35836 2.74771
threshold=-1.3126600869921907 1.8325015046621183 -1.0433745800300913
decision_type=2 2 2
left_child=-1 2 -2
right_child=1 -3 -4
leaf_value=0.00055801747296004066 0.0004536140245523599 0.00067352721450089344 -6.1311667609288554e-05
leaf_weight=63 128 42 1978
leaf_count=63 128 42 1978
internal_value=-0.000212381 -0.000483721 -0.000711575
internal_weight=2211 2148 2106
internal_count=2211 2148 2106
is_linear=0
shrinkage=0.04


Tree=28
num_leaves=6
num_cat=0
split_feature=42 28 28 106 102
split_gain=3.7885 3.6199 3.38742 3.11537 2.89899
threshold=-0.77607526978489616 -0.53881292019552285 1.8586256700331949 0.94602129773233579 -0.091664443892411476
decision_type=2 2 2 2 2
left_child=1 -1 3 -2 -3
right_child=2 4 -4 -5 -6
leaf_value=-0.0003637500466312435 -3.4852242379553451e-05 0.00067176662230555211 0.00039472165285590644 -0.0011193203553435478 0.00010687049702852534
leaf_weight=48 1757 110 43 141 112
leaf_count=48 1757 110 43 141 112
internal_value=-0.000230456 0.00419118 -0.000849202 -0.00110526 0.00633929
internal_weight=2211 270 1941 1898 222
internal_count=2211 270 1941 1898 222
is_linear=0
shrinkage=0.04


Tree=29
num_leaves=6
num_cat=0
split_feature=87 73 109 42 40
split_gain=3.59918 3.49233 2.85663 2.52441 2.74249
threshold=2.0564085216419694 1.8325015046621183 0.49032656308810002 -0.36969398485568383 0.91231623090942204
decision_type=2 2 2 2 2
left_child=1 2 -1 -2 -5
right_child=3 -3 -4 4 -6
leaf_value=-0.00013612407831988736 0.0010780497668113672 0.00061971546102863558 9.40981567879673e-05 -0.0002144512477257321 0.00055026290068304175
leaf_weight=1485 52 42 528 62 42
leaf_count=1485 52 42 528 62 42
internal_value=-0.000248531 -0.000695187 -0.000937965 0.00556962 0.00188679
internal_weight=2211 2055 2013 156 104
internal_count=2211 2055 2013 156 104
is_linear=0
shrinkage=0.04


Tree=30
num_leaves=7
num_cat=0
split_feature=87 35 78 42 40 11
split_gain=3.29276 3.05756 2.94583 2.71166 2.37285 1.08814
threshold=2.0564085216419694 0.90554204061712995 1.1923210260761061 -0.36969398485568383 0.91231623090942204 -0.385140141338075
decision_type=2 2 2 2 2 2
left_child=1 2 -1 -2 -5 -3
right_child=3 5 -4 4 -6 -7
leaf_value=-4.3844762492271717e-05 0.0010349277761389124 -0.00016483116685133369 0.00026432037109248152 -0.00020587319781670277 0.00052825238465571992 -0.0008757676904245944
leaf_weight=1770 52 58 154 62 42 73
leaf_count=1770 52 58 154 62 42 73
internal_value=-0.000248531 -0.000675741 -0.00026999 0.00531646 0.00150943 -0.00654135
internal_weight=2211 2055 1924 156 104 131
internal_count=2211 2055 1924 156 104 131
is_linear=0
shrinkage=0.04


Tree=31
num_leaves=7
num_cat=0
split_feature=87 82 99 8 40 83
split_gain=3.29276 2.83889 3.2963 1.93617 2.78765 0.463599
threshold=2.0564085216419694 -0.6386364840445008 -0.89981273846092391 -0.33208538578574504 0.84093084107530014 -0.12256381497289344
decision_type=2 2 2 2 2 2
left_child=1 5 -3 -2 -5 -1
right_child=3 2 -4 4 -6 -7
leaf_value=-0.00057492250617603496 -0.00017418321179251851 0.00041614468214134159 -4.2692114980301956e-05 0.0006113611973806737 0.00082858065888622974 -0.00030509791457740523
leaf_weight=54 44 164 1789 66 46 48
leaf_count=54 44 164 1789 66 46 48
internal_value=-0.000248531 -0.000675741 -0.000332481 0.00531646 0.00807018 -0.00711538
internal_weight=2211 2055 1953 156 112 102
internal_count=2211 2055 1953 156 112 102
is_linear=0
shrinkage=0.04


Tree=32
num_leaves=6
num_cat=0
split_feature=82 76 63 12 64
split_gain=3.21612 3.07297 5.54099 3.24541 0.375243
threshold=-0.6386364840445008 -0.12620364682402321 0.8033373269179841 -0.49603124176533725 -0.059908025586665768
decision_type=2 2 2 2 2
left_child=4 3 -3 -2 -1
right_child=1 2 -4 -5 -6
leaf_value=-0.00043660959441110543 0.00027857405172323422 3.2047818648398426e-05 0.00067267836465718489 -0.00019741541300433545 -0.00043800689986043709
leaf_weight=62 153 1141 89 726 40
leaf_count=62 153 1141 89 726 40
internal_value=-0.000248531 9.00047e-05 0.00137987 -0.00171396 -0.00711538
internal_weight=2211 2109 1230 879 102
internal_count=2211 2109 1230 879 102
is_linear=0
shrinkage=0.04


Tree=33
num_leaves=6
num_cat=0
split_feature=82 76 63 5 46
split_gain=3.18235 2.94534 5.11258 2.61412 0.375243
threshold=-0.6386364840445008 -0.12620364682402321 0.8033373269179841 -0.5593372706048777 -0.28052786884047753
decision_type=2 2 2 2 2
left_child=4 3 -3 -2 -1
right_child=1 2 -4 -5 -6
leaf_value=-0.0003524079511488751 0.00029785054070999805 3.0765905902462448e-05 0.00064577123007089762 -0.00017205197615864922 -0.00049243123542029989
leaf_weight=40 130 1141 89 749 62
leaf_count=40 130 1141 89 749 62
internal_value=-0.000284681 5.2108e-05 0.00131494 -0.00171396 -0.00711538
internal_weight=2211 2109 1230 879 102
internal_count=2211 2109 1230 879 102
is_linear=0
shrinkage=0.04


Tree=34
num_leaves=7
num_cat=0
split_feature=42 104 109 63 117 1
split_gain=2.76837 3.0671 2.79608 2.63544 2.11738 0.132238
threshold=-0.84252039882777507 -1.196815961851752 0.5497151774629806 1.0547145469470118 -0.27717975538791512 -0.024541531247544369
decision_type=2 2 2 2 2 2
left_child=2 5 4 -3 -1 -2
right_child=1 3 -4 -5 -6 -7
leaf_value=0.00059191972346427947 -0.00050039102010487977 -3.9532874282769621e-05 0.00070038385348962842 0.00029152677780489592 -2.3053860556620441e-05 -0.001182490971455927
leaf_weight=42 40 1755 40 145 143 46
leaf_count=42 40 1755 40 145 143 46
internal_value=-0.000176231 -0.000653924 0.00400881 -0.000315457 0.00187166 -0.00795455
internal_weight=2211 1986 225 1900 185 86
internal_count=2211 1986 225 1900 185 86
is_linear=0
shrinkage=0.04


Tree=35
num_leaves=7
num_cat=0
split_feature=37 96 59 115 14 27
split_gain=2.96891 4.1537 2.86792 2.41735 3.47116 3.18033
threshold=1.2288736969680805 0.65952512065483526 1.4026484155542251 0.47216689086155306 0.38056435669952454 0.66607616432221783
decision_type=2 2 2 2 2 2
left_child=3 2 -2 5 -5 -1
right_child=1 -3 -4 4 -6 -7
leaf_value=2.3307146025152089e-05 0.00097791615892628479 -0.00086298442646695302 0.00013594449483821401 -0.00049352514695014365 0.0001759396594823245 -0.00031329243692066686
leaf_weight=1371 100 46 70 358 132 134
leaf_count=1371 100 46 70 358 132 134
internal_value=-0.000212381 0.00422018 0.00709302 -0.000696044 -0.00313008 9.95355e-05
internal_weight=2211 216 170 1995 490 1505
internal_count=2211 216 170 1995 490 1505
is_linear=0
shrinkage=0.04


Tree=36
num_leaves=7
num_cat=0
split_feature=41 11 94 100 63 64
split_gain=3.0951 3.20438 3.01792 2.59613 4.74705 2.74286
threshold=-0.90733433485106707 -0.48420625320656574 0.36760313775899617 0.76100416549911831 -0.78425143078279402 0.96666705068388215
decision_type=2 2 2 2 2 2
left_child=1 -1 -3 5 -5 -2
right_child=3 2 -4 4 -6 -7
leaf_value=-0.00036230772621278926 -2.7158419478056362e-05 0.00072946790909959012 -7.3075756482975993e-05 0.00030081363691628505 -0.00087375075792127887 0.00029546695130631587
leaf_weight=54 1661 110 52 45 170 119
leaf_count=54 1661 110 52 45 170 119
internal_value=-0.000122006 0.00440367 0.00719512 -0.000615924 -0.00474654 -0.000112233
internal_weight=2211 216 162 1995 215 1780
internal_count=2211 216 162 1995 215 1780
is_linear=0
shrinkage=0.04


Tree=37
num_leaves=7
num_cat=0
split_feature=69 115 27 44 116 71
split_gain=3.08572 2.99731 3.22084 2.64727 2.17087 1.50832
threshold=-1.3880564511010984 0.47216689086155306 0.66607616432221783 0.87184359660435706 -0.59919621526073841 0.11910167289161909
decision_type=2 2 2 2 2 2
left_child=3 2 -2 5 -3 -1
right_child=1 4 -4 -5 -6 -7
leaf_value=0.00056544621875003398 3.2317534853779744e-05 0.00033189256050425789 -0.0002950922510338937 -0.00011304213582760625 -0.00046984917170707032 0.0014503179108237613
leaf_weight=40 1458 45 132 49 441 46
leaf_count=40 1458 45 132 49 441 46
internal_value=-0.000194306 -0.000577478 0.000263819 0.00562044 -0.00331967 0.00977273
internal_weight=2211 2076 1590 135 486 86
internal_count=2211 2076 1590 135 486 86
is_linear=0
shrinkage=0.04


Tree=38
num_leaves=8
num_cat=0
split_feature=76 63 5 45 12 78 80
split_gain=2.70128 5.84793 6.02038 3.6467 2.17968 2.82805 1.97152
threshold=-0.12620364682402321 0.8033373269179841 0.25932671182720785 5.8437721691787887 -0.49603124176533725 -0.27102756172501213 -0.3364587549253783
decision_type=2 2 2 2 2 2 2
left_child=4 3 -3 -2 5 -1 -6
right_child=1 2 -4 -5 6 -7 -8
leaf_value=0.00057650280271820799 -1.439754901326782e-05 0.00071235344370318432 3.2811082337579417e-05 0.00066047936674936975 -9.4828870008079048e-06 -3.1491720586135331e-05 -0.00031963190762040414
leaf_weight=51 1142 40 52 68 297 106 455
leaf_count=51 1142 40 52 68 297 106 455
internal_value=-0.000140081 0.00102761 0.0106383 0.000280528 -0.0018112 0.00245283 -0.00270557
internal_weight=2211 1302 92 1210 909 157 752
internal_count=2211 1302 92 1210 909 157 752
is_linear=0
shrinkage=0.04


Tree=39
num_leaves=7
num_cat=0
split_feature=41 60 94 106 63 82
split_gain=2.75463 3.67467 3.78003 2.49168 5.15601 2.99934
threshold=-0.85707054372009794 -0.28571433175001998 0.37311984071841625 0.67184681134315005 -1.020448875354018 -0.62455036407039299
decision_type=2 2 2 2 2 2
left_child=1 2 -1 5 -5 -2
right_child=3 -3 -4 4 -6 -7
leaf_value=0.00079867064278653366 -0.00040687680296902702 -0.00033123535900130284 -0.00010039006957946129 0.00042128778543616636 -0.00081571902358336282 1.2644400446478743e-05
leaf_weight=117 107 72 63 40 215 1597
leaf_count=117 107 72 63 40 215 1597
internal_value=-0.000140081 0.00377953 0.00681319 -0.000647629 -0.00431907 -9.37866e-05
internal_weight=2211 252 180 1959 255 1704
internal_count=2211 252 180 1959 255 1704
is_linear=0
shrinkage=0.04


Tree=40
num_leaves=5
num_cat=0
split_feature=104 82 76 63
split_gain=2.44465 2.47516 2.62038 0.738559
threshold=-1.196815961851752 -0.67789441955680141 -0.12620364682402321 -0.13831595113435394
decision_type=2 2 2 2
left_child=3 -2 -3 -1
right_child=1 2 -4 -5
leaf_value=-0.00018125620270148177 -0.00089242131268993678 -6.182326039254518e-05 8.5732883439163104e-05 -0.00086912403988243208
leaf_weight=40 60 861 1191 59
leaf_count=40 60 861 1191 59
internal_value=-0.000158156 0.00013245 0.00037001 -0.00623762
internal_weight=2211 2112 2052 99
internal_count=2211 2112 2052 99
is_linear=0
shrinkage=0.04


Tree=41
num_leaves=7
num_cat=0
split_feature=69 115 98 14 116 7
split_gain=2.46271 2.81023 3.8653 2.43626 2.08607 1.58334
threshold=-1.3880564511010984 0.47216689086155306 1.3471050535224125 0.30798869848689026 -0.59919621526073841 1.0113288248879064
decision_type=2 2 2 2 2 2
left_child=3 2 -2 5 -3 -1
right_child=1 4 -4 -5 -6 -7
leaf_value=-0.00021257143239682955 -4.9255591952901412e-06 0.00034533420352775442 0.00070844503493559254 0.0012015265295747032 -0.00045060596917963463 0.00064113077513654442
leaf_weight=43 1521 45 69 43 441 49
leaf_count=43 1521 45 69 43 441 49
internal_value=-0.000158156 -0.000500481 0.00031407 0.0050365 -0.00315574 0.0012766
internal_weight=2211 2076 1590 135 486 92
internal_count=2211 2076 1590 135 486 92
is_linear=0
shrinkage=0.04


Tree=42
num_leaves=6
num_cat=0
split_feature=35 45 64 47 11
split_gain=2.50663 3.05659 3.59111 2.74804 1.19644
threshold=0.90554204061712995 0.60334180309782937 0.53886889439092045 -0.46651850708742892 -0.23145290640112473
decision_type=2 2 2 2 2
left_child=1 2 -1 -3 -2
right_child=4 3 -4 -5 -6
leaf_value=-0.00010254188572344711 -0.0001206541559245139 -0.00037853109258978917 0.00024128469220609109 0.00028223787426549091 -0.00091378023625176023
leaf_weight=1269 70 61 358 379 74
leaf_count=1269 70 61 358 379 74
internal_value=-0.000140081 0.000217496 -0.00058318 0.00316742 -0.00520548
internal_weight=2211 2067 1627 440 144
internal_count=2211 2067 1627 440 144
is_linear=0
shrinkage=0.04


Tree=43
num_leaves=7
num_cat=0
split_feature=41 80 100 63 62 101
split_gain=2.68202 3.12672 2.80676 4.1966 2.72456 1.69015
threshold=-0.90733433485106707 0.24318313102562528 0.76100416549911831 -0.78425143078279402 -1.4198960492636534 1.0000000180025095e-35
decision_type=2 2 2 2 2 2
left_child=1 5 4 -4 -2 -1
right_child=2 -3 3 -5 -6 -7
leaf_value=0.00037168977190793289 0.00048460766528362031 0.00079226855317441778 0.00021963390828869778 -0.00080168035976723839 -1.4301013899497978e-05 -0.0003184504979341167
leaf_weight=77 67 75 45 170 1713 64
leaf_count=77 67 75 45 170 1713 64
internal_value=-0.000176231 0.0040367 -0.000635954 -0.00493088 -0.000112233 0.00048951
internal_weight=2211 216 1995 215 1780 141
internal_count=2211 216 1995 215 1780 141
is_linear=0
shrinkage=0.04


Tree=44
num_leaves=7
num_cat=0
split_feature=76 14 115 2 40 63
split_gain=2.68661 3.90757 3.4675 3.8062 3.32045 2.55379
threshold=1.2597014544747187 0.39174282051183529 0.45833965693821027 0.96170308940401106 0.75843129953794863 0.83362932694038494
decision_type=2 2 2 2 2 2
left_child=2 4 3 -1 -2 -4
right_child=1 -3 5 -5 -6 -7
leaf_value=3.4772318289363472e-05 -0.00044496299431491965 0.00099875576283120103 -0.00047232474497657775 -0.00033335678805067131 0.00069120889730531069 0.00020765434886533727
leaf_weight=1413 102 69 396 114 69 48
leaf_count=1413 102 69 396 114 69 48
internal_value=-0.000176231 0.00380165 -0.000663964 0.000241988 0.000520231 -0.00376682
internal_weight=2211 240 1971 1527 171 444
internal_count=2211 240 1971 1527 171 444
is_linear=0
shrinkage=0.04


Tree=45
num_leaves=7
num_cat=0
split_feature=41 80 99 63 62 106
split_gain=2.59085 3.12672 2.84459 3.49113 2.92892 2.31069
threshold=-0.90733433485106707 0.24318313102562528 0.79783866832753769 -1.020448875354018 -1.4198960492636534 -0.14077323000700415
decision_type=2 2 2 2 2 2
left_child=1 5 4 -4 -2 -1
right_child=2 -3 3 -5 -6 -7
leaf_value=0.00056915799970412594 0.00051915661484130092 0.00073990724942503004 0.00027466875355237381 -0.0006805237462455038 -1.0693841434892063e-05 -0.00030347347673840538
leaf_weight=47 59 75 44 257 1635 94
leaf_count=47 59 75 44 257 1635 94
internal_value=-0.000103931 0.0040367 -0.000555834 -0.00412541 8.25472e-05 0.00048951
internal_weight=2211 216 1995 301 1694 141
internal_count=2211 216 1995 301 1694 141
is_linear=0
shrinkage=0.04


Tree=46
num_leaves=7
num_cat=0
split_feature=76 14 115 98 35 116
split_gain=2.4914 3.5231 3.26995 3.13928 2.65847 2.38468
threshold=1.2597014544747187 0.39174282051183529 0.45833965693821027 1.3471050535224125 -0.30727558944402455 -0.59919621526073841
decision_type=2 2 2 2 2 2
left_child=2 4 3 -1 -2 -4
right_child=1 -3 5 -5 -6 -7
leaf_value=-4.1872479373031989e-06 -0.00031184061313427157 0.00095923328597534885 0.00032903865122656305 0.00063818235369275645 0.00050552025571736045 -0.00049474927781525252
leaf_weight=1467 94 69 45 60 77 399
leaf_count=1467 94 69 45 60 77 399
internal_value=-0.000194306 0.00363636 -0.000663964 0.000215827 0.000520231 -0.00367713
internal_weight=2211 240 1971 1527 171 444
internal_count=2211 240 1971 1527 171 444
is_linear=0
shrinkage=0.04


Tree=47
num_leaves=8
num_cat=0
split_feature=76 63 23 7 111 36 30
split_gain=2.44876 5.44914 5.47022 3.38396 2.55714 2.94563 1.84718
threshold=-0.12620364682402321 0.8033373269179841 0.26231681999096573 -0.45847526199655686 0.82825581864540887 0.13694503856415638 0.69397073573622503
decision_type=2 2 2 2 2 2 2
left_child=4 3 -3 -2 6 -6 -1
right_child=1 2 -4 -5 5 -7 -8
leaf_value=-0.00011282805541925456 0.00028869293578430129 0.00069046548087382093 3.5677018116881988e-05 -5.7433002284687648e-05 0.00079641113691135456 -0.00027084746839030831 -0.00050201713766718679
leaf_weight=733 187 40 52 1023 40 50 86
leaf_count=733 187 40 52 1023 40 50 86
internal_value=-0.000176231 0.000935583 0.0102128 0.000214521 -0.00176729 0.00456522 -0.00247259
internal_weight=2211 1302 92 1210 909 90 819
internal_count=2211 1302 92 1210 909 90 819
is_linear=0
shrinkage=0.04


Tree=48
num_leaves=7
num_cat=0
split_feature=42 76 41 10 8 40
split_gain=2.32922 3.42437 3.32553 2.34672 4.51606 2.91954
threshold=-0.77607526978489616 -0.3399642656998132 -0.80487426176554588 -0.63681074091405254 -0.48551083182121318 0.91231623090942204
decision_type=2 2 2 2 2 2
left_child=1 -1 -3 4 -2 -5
right_child=3 2 -4 5 -6 -7
leaf_value=-0.00027615238806361693 0.00053504015465243623 0.00075891257115133167 0.00023032175243838056 -0.00016509724403917486 -7.7494980682486095e-06 0.00029235992675071606
leaf_weight=74 73 66 130 1407 251 210
leaf_count=74 73 66 130 1407 251 210
internal_value=-0.000158156 0.00330882 0.00606061 -0.000643335 0.00245399 -0.00126621
internal_weight=2211 270 196 1941 324 1617
internal_count=2211 270 196 1941 324 1617
is_linear=0
shrinkage=0.04


Tree=49
num_leaves=6
num_cat=0
split_feature=35 82 76 13 107
split_gain=2.40049 2.39378 2.3854 0.933058 0.687413
threshold=0.90554204061712995 -0.67789441955680141 -0.12620364682402321 0.77770221418937402 -0.057067447699857519
decision_type=2 2 2 2 2
left_child=1 -1 -3 4 -2
right_child=3 2 -4 -5 -6
leaf_value=-0.00075085537843070347 -0.0002769914717102675 -5.713393000171138e-05 8.8375191631432721e-05 -2.7490508419741879e-07 -0.00074018588830636822
leaf_weight=59 40 860 1148 40 64
leaf_count=59 40 860 1148 40 64
internal_value=-0.000248531 0.000101498 0.000338308 -0.00520548 -0.00716981
internal_weight=2211 2067 2008 144 104
internal_count=2211 2067 2008 144 104
is_linear=0
shrinkage=0.04


Tree=50
num_leaves=7
num_cat=0
split_feature=64 87 42 108 14 111
split_gain=2.34858 3.08297 3.38851 3.05193 4.30444 2.88489
threshold=0.5203383196064576 2.0564085216419694 -0.36969398485568383 -0.78558749019368723 0.69112197916128737 0.82825581864540887
decision_type=2 2 2 2 2 2
left_child=1 5 -3 -2 -5 -1
right_child=3 2 -4 4 -6 -7
leaf_value=-0.00013809671416548458 0.00067127739161383594 0.00086748815934760838 4.5286548273833357e-05 -1.820703562999182e-05 0.0006714419289847826 0.00013486332342159722
leaf_weight=1357 75 40 91 372 46 230
leaf_count=1357 75 40 91 372 46 230
internal_value=-0.000266606 -0.000965116 0.00488722 0.00216162 0.000809524 -0.00145374
internal_weight=2211 1718 131 493 418 1587
internal_count=2211 1718 131 493 418 1587
is_linear=0
shrinkage=0.04


Tree=51
num_leaves=7
num_cat=0
split_feature=2 40 14 42 116 47
split_gain=2.66708 3.60384 6.44934 3.08018 1.99448 0.51151
threshold=1.0139718508638158 0.91231623090942204 0.10958555109282871 -0.84252039882777507 0.87866284895454572 0.15061753851993062
decision_type=2 2 2 2 2 2
left_child=1 3 -3 -1 5 -2
right_child=4 2 -4 -5 -6 -7
leaf_value=0.00033179976581573887 -0.00053581242034187392 0.00064290799301241282 -0.00025374584408356242 -5.0690379954140834e-05 0.0002569186557633725 -0.00010713727078049074
leaf_weight=191 78 122 67 1655 57 41
leaf_count=191 78 122 67 1655 57 41
internal_value=-0.000248531 0.000162003 0.00539267 -0.000378788 -0.00494382 -0.00785124
internal_weight=2211 2035 189 1846 176 119
internal_count=2211 2035 189 1846 176 119
is_linear=0
shrinkage=0.04


Tree=52
num_leaves=7
num_cat=0
split_feature=69 115 98 14 116 7
split_gain=2.30815 3.09311 3.4628 2.62759 2.2139 1.35222
threshold=-1.3880564511010984 0.47216689086155306 1.3471050535224125 0.30798869848689026 -0.59919621526073841 1.0113288248879064
decision_type=2 2 2 2 2 2
left_child=3 2 -2 5 -3 -1
right_child=1 4 -4 -5 -6 -7
leaf_value=-0.00018075306187444914 -3.138728029821597e-06 0.00028863923403041613 0.00063531060325572927 0.0010108875853516964 -0.00038439440902141036 0.00056770088726504635
leaf_weight=43 1521 45 69 43 441 49
leaf_count=43 1521 45 69 43 441 49
internal_value=-0.000284681 -0.000615977 0.000238693 0.00474453 -0.00340164 0.000851064
internal_weight=2211 2076 1590 135 486 92
internal_count=2211 2076 1590 135 486 92
is_linear=0
shrinkage=0.04


Tree=53
num_leaves=5
num_cat=0
split_feature=82 27 73 37
split_gain=2.19557 2.22913 2.95496 1.0121
threshold=-0.67789441955680141 0.69626381734104348 -0.91078597177583498 0.23836072614953632
decision_type=2 2 2 2
left_child=-1 2 -2 -3
right_child=1 3 -4 -5
leaf_value=-0.00074353744498124375 -0.00029025223359343443 -7.4577735131099929e-05 3.1969213164120204e-05 -0.00070088813015660055
leaf_weight=60 224 96 1784 47
leaf_count=60 224 96 1784 47
internal_value=-0.000320831 -0.000106828 0.000238806 -0.00489655
internal_weight=2211 2151 2008 143
internal_count=2211 2151 2008 143
is_linear=0
shrinkage=0.04


Tree=54
num_leaves=6
num_cat=0
split_feature=35 64 81 75 11
split_gain=2.12597 2.44792 3.75291 3.13916 1.02881
threshold=0.90554204061712995 1.1839043090864414 0.16299458791850818 -0.70079662705112211 -0.23145290640112473
decision_type=2 2 2 2 2
left_child=1 3 -3 -1 -2
right_child=4 2 -4 -5 -6
leaf_value=-0.00028703026301693995 -0.00012943822607242744 0.00060281619484362111 -5.0556382691114084e-05 1.0379979308916648e-05 -0.00083211422675052039
leaf_weight=179 70 40 46 1802 74
leaf_count=179 70 40 46 1802 74
internal_value=-0.000266606 6.28323e-05 0.00659091 -0.000226929 -0.00493151
internal_weight=2211 2067 86 1981 144
internal_count=2211 2067 86 1981 144
is_linear=0
shrinkage=0.04


Tree=55
num_leaves=7
num_cat=0
split_feature=2 40 14 109 118 81
split_gain=2.16241 3.12488 5.91928 2.99619 1.82808 0.75668
threshold=1.0139718508638158 0.91231623090942204 0.10958555109282871 0.69062192906683173 0.61896079273692683 0.10909059530996039
decision_type=2 2 2 2 2 2
left_child=1 3 -3 -1 5 -2
right_child=4 2 -4 -5 -6 -7
leaf_value=-5.7780336076593034e-05 -0.00054444797929748315 0.00061968594290032284 -0.00023220384729949673 0.00015260547271792155 7.9293062409391065e-05 -5.238286583211703e-05
leaf_weight=1482 71 122 67 364 50 55
leaf_count=1482 71 122 67 364 50 55
internal_value=-0.000266606 0.000103093 0.00497382 -0.000400433 -0.00449438 -0.00703125
internal_weight=2211 2035 189 1846 176 126
internal_count=2211 2035 189 1846 176 126
is_linear=0
shrinkage=0.04


Tree=56
num_leaves=6
num_cat=0
split_feature=35 41 35 109 11
split_gain=2.15904 2.27112 6.2339 3.64855 1.02881
threshold=0.90554204061712995 0.43333018045101762 -0.078132182126183711 0.5497151774629806 -0.23145290640112473
decision_type=2 2 2 2 2
left_child=1 3 -3 -1 -2
right_child=4 2 -4 -5 -6
leaf_value=-0.0001155742478524232 -0.00014227347195577407 0.00048420101047265412 -3.3730102542273156e-06 0.00022274913150874872 -0.00079657241893988056
leaf_weight=1224 70 135 392 316 74
leaf_count=1224 70 135 392 316 74
internal_value=-0.000230456 0.000101498 0.00236295 -0.000674449 -0.00493151
internal_weight=2211 2067 527 1540 144
internal_count=2211 2067 527 1540 144
is_linear=0
shrinkage=0.04


Tree=57
num_leaves=7
num_cat=0
split_feature=53 37 10 64 9 5
split_gain=2.4654 4.39141 3.12698 3.06891 3.04981 1.74745
threshold=-0.89999999999999991 0.12784526911146868 -0.9336044930412899 0.5203383196064576 0.1131045525825031 0.020917643984817217
decision_type=2 2 2 2 2 2
left_child=1 5 -2 -4 -3 -1
right_child=2 4 3 -5 -6 -7
leaf_value=0.00013493644474414716 0.00024135224897811725 0.00022702054215704363 -0.00011282337558994143 9.5720156449102288e-05 0.00092852222748913385 -0.00027897046406958253
leaf_weight=44 73 40 1516 442 41 55
leaf_count=44 73 40 1516 442 41 55
internal_value=-0.000284681 0.00417582 -0.000683719 -0.000989796 0.0109639 -0.00148515
internal_weight=2211 180 2031 1958 81 99
internal_count=2211 180 2031 1958 81 99
is_linear=0
shrinkage=0.04


Tree=58
num_leaves=6
num_cat=0
split_feature=82 99 84 110 83
split_gain=2.43178 2.87218 3.01369 2.63603 0.49239
threshold=-0.6386364840445008 -0.89981273846092391 -0.060623424121126139 1.0248203065641499 -0.12256381497289344
decision_type=2 2 2 2 2
left_child=4 2 -2 -3 -1
right_child=1 3 -4 -5 -6
leaf_value=-0.00048635043579694338 0.00055708252635907674 -3.957937993613884e-05 1.6049189995515216e-05 0.00023785916049930134 -0.00016816831708510723
leaf_weight=54 74 1660 111 264 48
leaf_count=54 74 1660 111 264 48
internal_value=-0.000375056 -8.05306e-05 0.00465241 -0.000539979 -0.00634615
internal_weight=2211 2109 185 1924 102
internal_count=2211 2109 185 1924 102
is_linear=0
shrinkage=0.04


Tree=59
num_leaves=7
num_cat=0
split_feature=99 62 5 91 64 5
split_gain=2.19972 2.99674 2.75188 2.54618 2.40135 2.0947
threshold=0.79783866832753769 -1.4198960492636534 -0.96343860145993721 -1.1533743321623795 -0.77428940949378156 -0.7135156947600495
decision_type=2 2 2 2 2 2
left_child=1 5 -2 -3 -4 -1
right_child=2 3 4 -5 -6 -7
leaf_value=1.6023529180622701e-05 0.00037555144525678349 -0.00057629102040024198 0.00020971026211228852 6.0408140453232022e-06 -0.0006171328051724857 0.00072815005607166229
leaf_weight=40 41 83 55 1690 261 41
leaf_count=40 41 83 55 1690 261 41
internal_value=-0.000393131 0.000161638 -0.00325905 -0.000185915 -0.0045283 0.00759036
internal_weight=2211 1854 357 1773 316 81
internal_count=2211 1854 357 1773 316 81
is_linear=0
shrinkage=0.04


Tree=60
num_leaves=5
num_cat=0
split_feature=82 105 26 110
split_gain=2.17422 2.43762 2.94663 2.73355
threshold=-0.67789441955680141 -1.0433745800300913 0.16471545097160142 1.0248203065641499
decision_type=2 2 2 2
left_child=-1 2 -2 -3
right_child=1 3 -4 -5
leaf_value=-0.0006983643631723915 -2.2067289856109452e-05 -3.2386341784771713e-05 0.00052348177867613346 0.00026256341191108109
leaf_weight=60 61 1750 58 282
leaf_count=60 61 1750 58 282
internal_value=-0.000356981 -0.000143985 0.0053719 -0.000471976
internal_weight=2211 2151 119 2032
internal_count=2211 2151 119 2032
is_linear=0
shrinkage=0.04


Tree=61
num_leaves=7
num_cat=0
split_feature=41 105 62 80 106 63
split_gain=2.44982 2.83524 2.98486 2.51204 2.31069 1.91534
threshold=-0.90733433485106707 0.95137508247171465 -1.4198960492636534 0.24318313102562528 -0.14077323000700415 -0.78425143078279402
decision_type=2 2 2 2 2 2
left_child=3 2 -2 4 -1 -3
right_child=1 5 -4 -5 -6 -7
leaf_value=0.00055969421764275832 0.0004080611492732829 0.00015629826715222894 -1.5477357880501612e-05 0.00069658145086540322 -0.00024349308272767403 -0.00071530700624736058
leaf_weight=47 60 49 1693 75 94 193
leaf_count=47 60 49 1693 75 94 193
internal_value=-0.000356981 -0.000796194 -0.000233618 0.00366972 0.00048951 -0.00483607
internal_weight=2211 1995 1753 216 141 242
internal_count=2211 1995 1753 216 141 242
is_linear=0
shrinkage=0.04


Tree=62
num_leaves=7
num_cat=0
split_feature=2 40 14 40 114 14
split_gain=2.00506 3.19879 4.9861 2.81338 0.793973 0.693166
threshold=1.1945307354646382 0.91231623090942204 0.10958555109282871 0.48793617459711708 -0.36300967991975214 0.30094439832605052
decision_type=2 2 2 2 2 2
left_child=1 3 -3 -1 -2 -6
right_child=4 2 -4 -5 5 -7
leaf_value=1.439082635004349e-06 -0.00038400741607745348 0.00055173001318449457 -0.00023577338876146659 -0.00034218416159422177 -0.00050227247528534494 0.00011053448303346088
leaf_weight=1563 43 130 68 322 45 40
leaf_count=1563 43 130 68 322 45 40
internal_value=-0.000411207 -0.000110312 0.0047 -0.000620032 -0.00523077 -0.00287356
internal_weight=2211 2083 198 1885 128 85
internal_count=2211 2083 198 1885 128 85
is_linear=0
shrinkage=0.04


Tree=63
num_leaves=5
num_cat=0
split_feature=82 99 62 5
split_gain=2.20628 1.99945 2.91916 2.50378
threshold=-0.67789441955680141 0.79783866832753769 -1.4198960492636534 -0.96343860145993721
decision_type=2 2 2 2
left_child=-1 2 -2 -3
right_child=1 3 -4 -5
leaf_value=-0.00066986825763567604 0.00053727253132698034 0.00033585095939922148 2.8896755217074077e-06 -0.00037837527240857575
leaf_weight=60 77 41 1717 316
leaf_count=60 77 41 1717 316
internal_value=-0.000302756 -8.8249e-05 0.00045657 -0.00281337
internal_weight=2211 2151 1794 357
internal_count=2211 2151 1794 357
is_linear=0
shrinkage=0.04


Tree=64
num_leaves=5
num_cat=0
split_feature=78 106 87 38
split_gain=2.20807 2.12171 2.3558 1.6101
threshold=1.7634593748378851 0.93675756995096049 1.3740940160118018 0.14962752003855939
decision_type=2 2 2 2
left_child=1 2 -1 -3
right_child=-2 3 -4 -5
leaf_value=-1.9257849813839947e-05 0.0002347810993149678 -3.5382603499546711e-05 0.00031147954080579411 -0.00070451197798824887
leaf_weight=1746 69 82 225 89
leaf_count=1746 69 82 225 89
internal_value=-0.000320831 -0.000550373 -0.000177395 -0.00479769
internal_weight=2211 2142 1971 171
internal_count=2211 2142 1971 171
is_linear=0
shrinkage=0.04


Tree=65
num_leaves=6
num_cat=0
split_feature=104 115 30 76 104
split_gain=1.98965 2.058 3.27859 2.48454 0.757485
threshold=-1.196815961851752 0.41409832106910388 0.85675507875732115 1.282982874058384 -1.2614952586855224
decision_type=2 2 2 2 2
left_child=4 2 -2 -3 -1
right_child=1 3 -4 -5 -6
leaf_value=-0.00039931291370063379 6.062942569964702e-05 -0.00032664090999090723 -0.00020251997753086893 0.00035230996439830745 -0.00059468845305419226
leaf_weight=54 1349 471 145 147 45
leaf_count=54 1349 471 145 147 45
internal_value=-0.000356981 -9.46074e-05 0.000708556 -0.00203226 -0.00584158
internal_weight=2211 2112 1494 618 99
internal_count=2211 2112 1494 618 99
is_linear=0
shrinkage=0.04


Tree=66
num_leaves=6
num_cat=0
split_feature=45 64 108 64 99
split_gain=2.02877 2.17444 3.87752 2.42868 1.42446
threshold=5.8437721691787887 0.5203383196064576 -0.78558749019368723 -0.77428940949378156 0.16179898772131199
decision_type=2 2 2 2 2
left_child=1 3 -3 -1 -2
right_child=4 2 -4 -5 -6
leaf_value=8.2160315892765152e-05 2.6315925996131878e-06 0.00058572139524797149 5.1095229239119658e-06 -0.00010835305746920258 0.00074347588146074842
leaf_weight=325 52 75 411 1304 44
leaf_count=325 52 75 411 1304 44
internal_value=-0.000320831 -0.000581011 0.0017623 -0.00128142 0.00530612
internal_weight=2211 2115 486 1629 96
internal_count=2211 2115 486 1629 96
is_linear=0
shrinkage=0.04


Tree=67
num_leaves=6
num_cat=0
split_feature=106 80 86 70 38
split_gain=1.91139 2.415 3.32512 2.41543 2.31613
threshold=0.97912794234491696 0.90389643394748886 -0.55250013897356831 -1.1884208545332162 0.14962752003855939
decision_type=2 2 2 2 2
left_child=1 3 -3 -1 -2
right_child=4 2 -4 -5 -6
leaf_value=0.00031653619710315473 8.7139085099142773e-05 -3.7664403070103055e-05 0.00046605599286346109 -4.3427284036611122e-05 -0.00071498992958903668
leaf_weight=138 75 90 225 1596 87
leaf_count=138 75 90 225 1596 87
internal_value=-0.000356981 -2.43784e-05 0.00318612 -0.000610599 -0.0045122
internal_weight=2211 2049 315 1734 162
internal_count=2211 2049 315 1734 162
is_linear=0
shrinkage=0.04


Tree=68
num_leaves=6
num_cat=0
split_feature=45 117 118 10 63
split_gain=2.27449 2.92949 3.20866 2.68976 2.8411
threshold=0.60334180309782937 1.1454089718924536 0.70868516258599035 -0.9336044930412899 0.9767480143725934
decision_type=2 2 2 2 2
left_child=3 2 -2 -1 -5
right_child=1 -3 -4 4 -6
leaf_value=0.00021560728742571963 4.2071142133180142e-05 -0.00061729553290273595 0.00075235861455896476 -9.7254052770239798e-05 0.00038870260051019538
leaf_weight=76 382 68 70 1486 129
leaf_count=76 382 68 70 1486 129
internal_value=-0.000393131 0.00191571 0.0030837 -0.00110455 -0.00145331
internal_weight=2211 520 452 1691 1615
internal_count=2211 520 452 1691 1615
is_linear=0
shrinkage=0.04


Tree=69
num_leaves=7
num_cat=0
split_feature=45 47 47 100 46 37
split_gain=1.91663 2.80091 3.32635 2.27525 2.4835 1.53693
threshold=0.60334180309782937 1.3312610153316142 -0.29199464913046641 0.75695579471789143 2.1187486915019598 0.71361064924757911
decision_type=2 2 2 2 2 2
left_child=3 2 -2 4 -1 -5
right_child=1 -3 -4 5 -6 -7
leaf_value=-2.1435662484419506e-05 -0.00013015162986090145 -0.00018951207045111941 0.00026698285888210826 -0.00079570073433948482 0.00047457390137827253 0.00020657696199130328
leaf_weight=1476 106 77 337 118 53 44
leaf_count=1476 106 77 337 118 53 44
internal_value=-0.000356981 0.00176245 0.00298876 -0.00101004 -0.000529066 -0.0054878
internal_weight=2211 520 443 1691 1529 162
internal_count=2211 520 443 1691 1529 162
is_linear=0
shrinkage=0.04


Tree=70
num_leaves=7
num_cat=0
split_feature=2 116 53 115 62 47
split_gain=2.49296 2.91436 2.23726 2.83 1.63832 0.478931
threshold=0.96170308940401106 0.91222266778937267 1.1000000000000003 0.45833965693821027 0.045430658049759799 0.16201441244187365
decision_type=2 2 2 2 2 2
left_child=2 5 3 -1 -4 -2
right_child=1 -3 4 -5 -6 -7
leaf_value=7.0149051186335114e-05 -0.00052664047241981213 0.00034522011682509927 -0.00056393379142446857 -0.00016777886030318697 1.6149700922403477e-07 -4.0112108236712817e-05
leaf_weight=1350 92 50 83 523 63 50
leaf_count=1350 92 50 83 523 63 50
internal_value=-0.000411207 -0.00474227 4.94805e-06 0.000378667 -0.00472973 -0.00763889
internal_weight=2211 192 2019 1873 146 142
internal_count=2211 192 2019 1873 146 142
is_linear=0
shrinkage=0.04


Tree=71
num_leaves=7
num_cat=0
split_feature=2 105 98 75 116 7
split_gain=2.04084 2.17644 3.75213 3.32817 2.13078 0.794624
threshold=0.96170308940401106 -1.0433745800300913 1.0104020365800264 -0.18689680985616794 0.91222266778937267 1.3300790901928166
decision_type=2 2 2 2 2 2
left_child=1 2 -1 -3 5 -2
right_child=4 3 -4 -5 -6 -7
leaf_value=-3.757705902206199e-07 -0.00040164373982686365 -0.00011608058798887309 0.00057283716445775794 5.5178735894476567e-05 0.00033141131215209534 -1.9509955234051844e-05
leaf_weight=80 102 695 41 1203 50 40
leaf_count=80 102 695 41 1203 50 40
internal_value=-0.000411207 -3.46363e-05 0.00512195 -0.000368421 -0.0043299 -0.00680556
internal_weight=2211 2019 121 1898 192 142
internal_count=2211 2019 121 1898 192 142
is_linear=0
shrinkage=0.04


Tree=72
num_leaves=7
num_cat=0
split_feature=27 105 18 75 28 14
split_gain=2.06059 2.31288 4.3389 2.58011 1.15742 0.127113
threshold=0.69626381734104348 -1.0433745800300913 -0.21329965497987488 -0.3378923751620852 -0.14783929391590636 0.16064611556442474
decision_type=2 2 2 2 2 2
left_child=1 2 -1 -3 -2 -6
right_child=4 3 -4 -5 5 -7
leaf_value=-0.00022114569415613384 -5.4942215314719364e-06 -0.00014486841279810498 0.00051768455945827682 1.3573156124044167e-05 -0.00045537864364528723 -0.00056695490145529956
leaf_weight=63 60 506 53 1445 44 40
leaf_count=63 60 506 53 1445 44 40
internal_value=-0.000338906 -1.44998e-05 0.00542373 -0.000343062 -0.00493151 -0.00790698
internal_weight=2211 2067 116 1951 144 84
internal_count=2211 2067 116 1951 144 84
is_linear=0
shrinkage=0.04


Tree=73
num_leaves=5
num_cat=0
split_feature=82 105 42 47
split_gain=1.89725 2.16121 2.16115 0.765224
threshold=-0.6386364840445008 -1.2098586951523933 0.65442352474782506 -0.39364300032593574
decision_type=2 2 2 2
left_child=3 -2 -3 -1
right_child=1 2 -4 -5
leaf_value=-0.00068686115248923129 0.00046049746764524765 7.4847068197731945e-06 -0.00014698923557366302 -9.6512696786296942e-05
leaf_weight=52 59 1668 382 50
leaf_count=52 59 1668 382 50
internal_value=-0.000302756 -4.26338e-05 -0.000263158 -0.00557692
internal_weight=2211 2109 2050 102
internal_count=2211 2109 2050 102
is_linear=0
shrinkage=0.04


Tree=74
num_leaves=4
num_cat=0
split_feature=82 105 75
split_gain=1.86969 2.16488 1.91244
threshold=-0.67789441955680141 -1.2098586951523933 -0.41852941476760491
decision_type=2 2 2
left_child=-1 -2 -3
right_child=1 2 -4
leaf_value=-0.00058413033341347975 0.0004420775689394378 -0.00014789905525417133 6.9731786944844669e-06
leaf_weight=60 59 457 1635
leaf_count=60 59 457 1635
internal_value=-0.000248531 -5.10915e-05 -0.000267431
internal_weight=2211 2151 2092
internal_count=2211 2151 2092
is_linear=0
shrinkage=0.04


Tree=75
num_leaves=5
num_cat=0
split_feature=45 82 99 45
split_gain=1.94652 1.96619 1.79898 1.14866
threshold=6.556567549646581 -0.67789441955680141 0.79783866832753769 10.779541675984918
decision_type=2 2 2 2
left_child=1 -1 -3 -2
right_child=3 2 -4 -5
leaf_value=-0.00059159031371023457 0.00065737743558359871 4.5823480741760336e-06 -0.00024955340351739855 1.0090897555354757e-05
leaf_weight=57 40 1736 338 40
leaf_count=57 40 1736 338 40
internal_value=-0.000194306 -0.000426629 -0.00022158 0.00585366
internal_weight=2211 2131 2074 80
internal_count=2211 2131 2074 80
is_linear=0
shrinkage=0.04


Tree=76
num_leaves=6
num_cat=0
split_feature=109 91 110 12 70
split_gain=1.93954 2.66111 2.10343 3.62908 3.11684
threshold=-1.2206515898481667 0.74318984991775106 1.0248203065641499 -0.21827917177551023 -1.2678832370769271
decision_type=2 2 2 2 2
left_child=1 -1 4 -4 -2
right_child=2 -3 3 -5 -6
leaf_value=0.00028484038360240984 0.0005107446959550174 -1.3410789111768761e-05 0.00045536916072974582 -7.4660602039487538e-05 -5.3910571535924494e-05
leaf_weight=54 66 72 126 162 1731
leaf_count=54 66 72 126 162 1731
internal_value=-0.000248531 0.00453125 -0.000541447 0.00262069 -0.00105058
internal_weight=2211 126 2085 288 1797
internal_count=2211 126 2085 288 1797
is_linear=0
shrinkage=0.04


Tree=77
num_leaves=5
num_cat=0
split_feature=82 64 14 109
split_gain=1.82065 1.70565 3.72126 2.48551
threshold=-0.67789441955680141 0.5203383196064576 0.76049916865415834 0.765269796759391
decision_type=2 2 2 2
left_child=-1 3 -3 -2
right_child=1 2 -4 -5
leaf_value=-0.00053494508466709419 -5.5835115014991749e-05 5.5259546677797412e-05 0.00088573990726568811 0.00011153285722739398
leaf_weight=60 1347 438 40 326
leaf_count=60 1347 438 40 326
internal_value=-0.000338906 -0.000143985 0.00195833 -0.000746269
internal_weight=2211 2151 478 1673
internal_count=2211 2151 478 1673
is_linear=0
shrinkage=0.04


Tree=78
num_leaves=5
num_cat=0
split_feature=78 41 60 99
split_gain=1.85359 2.07343 2.99979 2.0213
threshold=1.7634593748378851 -0.85707054372009794 -0.28571433175001998 0.79783866832753769
decision_type=2 2 2 2
left_child=1 2 -1 -3
right_child=-2 3 -4 -5
leaf_value=0.00042660008045608186 0.00020581224924659969 -1.1047958442955316e-05 -0.00028512741333185462 -0.00035541920743367207
leaf_weight=168 69 1618 72 284
leaf_count=168 69 1618 72 284
internal_value=-0.000302756 -0.00051306 0.00297521 -0.000955882
internal_weight=2211 2142 240 1902
internal_count=2211 2142 240 1902
is_linear=0
shrinkage=0.04


Tree=79
num_leaves=7
num_cat=0
split_feature=41 101 106 63 115 19
split_gain=1.66219 3.58253 2.15913 3.29519 2.0605 1.9478
threshold=-1.0027621502127817 0.27504232123603528 0.743382590184401 -0.78425143078279402 0.47216689086155306 -0.78900425029268895
decision_type=2 2 2 2 2 2
left_child=1 5 4 -4 -2 -1
right_child=2 -3 3 -5 -6 -7
leaf_value=7.1786475653258107e-05 1.7157522960419281e-05 -8.594174035662389e-05 0.00038209447277053965 -0.00057903635158141741 -0.0002129143259307716 0.00053024329517608996
leaf_weight=54 1429 58 51 191 378 50
leaf_count=54 1429 58 51 191 378 50
internal_value=-0.000338906 0.00353659 -0.000648464 -0.00418033 -0.000171365 0.00792453
internal_weight=2211 162 2049 242 1807 104
internal_count=2211 162 2049 242 1807 104
is_linear=0
shrinkage=0.04


Tree=80
num_leaves=6
num_cat=0
split_feature=27 75 109 118 28
split_gain=1.65587 1.85994 1.88505 1.22332 0.248929
threshold=0.69626381734104348 -0.89075306949272015 0.49032656308810002 -0.082224812736508904 -0.11747410566141812
decision_type=2 2 2 2 2
left_child=1 -1 -3 4 -2
right_child=3 2 -4 -5 -6
leaf_value=-0.00050366872237817798 -0.00020487408077836188 -1.3628770400968201e-05 0.00017739055197999967 1.1464092638323668e-06 -0.00054386127753892216
leaf_weight=69 40 1519 479 60 44
leaf_count=69 40 1519 479 60 44
internal_value=-0.000266606 2.41663e-05 0.00025 -0.00438356 -0.00744186
internal_weight=2211 2067 1998 144 84
internal_count=2211 2067 1998 144 84
is_linear=0
shrinkage=0.04


Tree=81
num_leaves=8
num_cat=0
split_feature=41 94 60 26 78 74 81
split_gain=1.93115 3.04742 4.18015 1.74006 1.82332 1.8216 1.01858
threshold=-0.82390366093579248 0.36760313775899617 -0.32823898005296515 -0.71498828077415821 1.7360738897750858 0.69154201765639012 0.33556654180356849
decision_type=2 2 2 2 2 2 2
left_child=1 2 -1 5 -5 -2 -3
right_child=3 6 -4 4 -6 -7 -8
leaf_value=0.00056568321703288351 -0.00033927409809624345 -0.0008422332924126366 -0.00010559290811615659 -1.3610052103706984e-05 0.0002261406858334673 0.00018024613458717648 0.00037625169686663539
leaf_weight=129 167 43 76 1663 42 51 40
leaf_count=129 167 43 76 1663 42 51 40
internal_value=-0.000284681 0.00275862 0.00536232 -0.000742857 -0.000310486 -0.00409091 -0.00364706
internal_weight=2211 288 205 1923 1705 218 83
internal_count=2211 288 205 1923 1705 218 83
is_linear=0
shrinkage=0.04


Tree=82
num_leaves=7
num_cat=0
split_feature=41 80 105 64 42 106
split_gain=1.71375 2.5392 2.20717 2.36745 2.1996 1.6582
threshold=-0.90733433485106707 0.24318313102562528 0.95137508247171465 -0.77428940949378156 0.93346506626195869 -0.14077323000700415
decision_type=2 2 2 2 2 2
left_child=1 5 4 -4 -2 -1
right_child=2 -3 3 -5 -6 -7
leaf_value=0.00053036315319414851 7.6684593453015333e-06 0.00060826396619590307 0.0004746242831794116 -0.00060996412309955426 -0.00014296682228646829 -0.00020786319612621924
leaf_weight=47 1546 75 41 201 207 94
leaf_count=47 1546 75 41 201 207 94
internal_value=-0.000248531 0.00311927 -0.000615924 -0.00418033 -0.000119658 -6.99301e-05
internal_weight=2211 216 1995 242 1753 141
internal_count=2211 216 1995 242 1753 141
is_linear=0
shrinkage=0.04


Tree=83
num_leaves=7
num_cat=0
split_feature=107 7 40 2 109 40
split_gain=1.68492 3.57988 2.41893 4.64327 2.30581 2.17665
threshold=-0.86736061609603021 -0.29556358676945144 0.91231623090942204 0.94409290832990556 0.16357381304933902 0.48793617459711708
decision_type=2 2 2 2 2 2
left_child=1 -1 5 -4 -3 -2
right_child=2 4 3 -5 -6 -7
leaf_value=0.00051675638756269553 -1.4774987626608589e-05 -0.00015104278862027189 0.00038589643470150704 -0.00024274162688501732 0.00038925859458704347 -0.00038217323764194066
leaf_weight=78 1413 152 151 48 67 302
leaf_count=78 1413 152 151 48 67 302
internal_value=-0.000284681 0.00250836 -0.000720251 0.00343284 -0.000135747 -0.00120559
internal_weight=2211 297 1914 199 219 1715
internal_count=2211 297 1914 199 219 1715
is_linear=0
shrinkage=0.04


Tree=84
num_leaves=7
num_cat=0
split_feature=2 40 14 115 116 7
split_gain=1.71923 2.53308 4.59994 2.54834 2.36367 0.70488
threshold=0.96170308940401106 0.91231623090942204 0.10958555109282871 0.45833965693821027 0.91222266778937267 1.3300790901928166
decision_type=2 2 2 2 2 2
left_child=1 3 -3 -1 5 -2
right_child=4 2 -4 -5 -6 -7
leaf_value=1.316006561580995e-05 -0.00037306636385780974 0.00053411343912892041 -0.00023736240997960069 -0.00021057769710690501 0.00032478432432572052 -4.0420789706185938e-05
leaf_weight=1368 102 121 67 463 50 40
leaf_count=1368 102 121 67 463 50 40
internal_value=-0.000320831 2.47402e-05 0.00442105 -0.000430987 -0.00391753 -0.00652778
internal_weight=2211 2019 188 1831 192 142
internal_count=2211 2019 188 1831 192 142
is_linear=0
shrinkage=0.04


Tree=85
num_leaves=7
num_cat=0
split_feature=2 40 25 40 116 4
split_gain=1.64136 2.16321 3.1686 2.14243 1.6327 0.430822
threshold=1.1445482370394446 0.91231623090942204 0.0098026177306117217 -0.12655150505686999 0.90367540826897474 0.76522160846890708
decision_type=2 2 2 2 2 2
left_child=1 3 -3 -1 5 -2
right_child=4 2 -4 -5 -6 -7
leaf_value=3.0906345537407598e-05 -0.0004942971621903641 -1.052347306054191e-06 0.0005086626275164868 -0.0001018661030207076 0.00031425388948600461 -9.592617768314618e-05
leaf_weight=974 55 121 76 896 48 41
leaf_count=974 55 121 76 896 48 41
internal_value=-0.000284681 4.83325e-06 0.00396985 -0.000416667 -0.00438356 -0.00734694
internal_weight=2211 2067 197 1870 144 96
internal_count=2211 2067 197 1870 144 96
is_linear=0
shrinkage=0.04


Tree=86
num_leaves=5
num_cat=0
split_feature=75 110 40 70
split_gain=1.69861 2.14794 3.02256 2.67568
threshold=-0.89075306949272015 1.0248203065641499 0.5806601823835752 -1.2678832370769271
decision_type=2 2 2 2
left_child=-1 3 -3 -2
right_child=1 2 -4 -5
leaf_value=-0.0003266564131867855 0.00053006796063443772 0.00038472450912584416 -0.00030441425017842401 -2.5000920561333018e-05
leaf_weight=74 69 189 66 1813
leaf_count=74 69 189 66 1813
internal_value=-0.000176231 3.27256e-05 0.00346304 -0.000435244
internal_weight=2211 2137 255 1882
internal_count=2211 2137 255 1882
is_linear=0
shrinkage=0.04


Tree=87
num_leaves=8
num_cat=0
split_feature=41 73 106 63 102 84 61
split_gain=1.60529 2.56138 1.95747 2.9359 1.8628 1.84745 1.55394
threshold=-0.90733433485106707 0.67325768968134125 0.73450499967906469 -0.78425143078279402 -0.29461818762777098 -1.6566444681612074 -0.30691620230348748
decision_type=2 2 2 2 2 2 2
left_child=1 6 5 -4 -3 -2 -1
right_child=2 4 3 -5 -6 -7 -8
leaf_value=0.00039219668822798619 0.00049913060107387196 0.00022696903355650918 0.00029300111517376444 -0.00056553227729765434 0.00072373931890609288 -8.3724469256196007e-06 -0.00040336983442439036
leaf_weight=47 77 45 52 190 44 1676 80
leaf_count=47 77 45 52 190 44 1676 80
internal_value=-0.000140081 0.00311927 -0.000495744 -0.00385246 0.00824176 -2.849e-05 -0.000542636
internal_weight=2211 216 1995 242 89 1753 127
internal_count=2211 216 1995 242 89 1753 127
is_linear=0
shrinkage=0.04


Tree=88
num_leaves=7
num_cat=0
split_feature=107 7 40 0 75 81
split_gain=1.5359 3.10261 1.82672 3.98531 2.40151 1.70636
threshold=-0.86736061609603021 -0.29556358676945144 0.91231623090942204 0.56969726640324925 -0.48418696025921032 -0.1245504123732014
decision_type=2 2 2 2 2 2
left_child=1 -1 4 -4 -2 -3
right_child=2 5 3 -5 -6 -7
leaf_value=0.00050144414007107538 -0.00023185692528350301 -0.00028073466542455686 0.00032092592025101396 -0.00018942044741642489 -1.0505461068293019e-05 0.00023547456375298107
leaf_weight=78 305 90 130 69 1410 129
leaf_count=78 305 90 130 69 1410 129
internal_value=-0.000158156 0.00250836 -0.000574113 0.00303483 -0.000995923 4.52489e-05
internal_weight=2211 297 1914 199 1715 219
internal_count=2211 297 1914 199 1715 219
is_linear=0
shrinkage=0.04


Tree=89
num_leaves=6
num_cat=0
split_feature=10 8 64 108 45
split_gain=1.90077 1.98075 1.88871 3.29206 2.55225
threshold=-0.9336044930412899 -0.19913200782192433 0.50542368722543884 -0.78558749019368723 0.58436022654256192
decision_type=2 2 2 2 2
left_child=1 -1 4 -4 -2
right_child=2 -3 3 -5 -6
leaf_value=0.00029899172107748762 -0.00010940676241744149 -3.393112832124203e-05 0.00051671506922723934 1.0340441013862029e-05 0.00010782562700456831
leaf_weight=44 1246 46 73 406 396
leaf_count=44 1246 46 73 406 396
internal_value=-0.000194306 0.00543478 -0.000438059 0.00176715 -0.00108273
internal_weight=2211 90 2121 479 1642
internal_count=2211 90 2121 479 1642
is_linear=0
shrinkage=0.04


Tree=90
num_leaves=8
num_cat=0
split_feature=42 41 36 80 2 13 48
split_gain=1.61936 2.65786 3.55119 2.22521 1.84556 3.23018 0.966093
threshold=0.75504868713808559 0.43333018045101762 0.38697986632662562 0.94117150310436848 0.029796669865564375 -0.35944620259304821 0.55036622086301412
decision_type=2 2 2 2 2 2 2
left_child=1 3 -3 -1 5 -2 -6
right_child=4 2 -4 -5 6 -7 -8
leaf_value=-6.7910483934650428e-05 0.00027055414666800852 0.00044094215105365466 -2.3297575913955144e-05 0.00021688220627738848 -0.00054731313807188087 -0.00015979452184337154 -0.00013074062351358523
leaf_weight=1218 65 210 184 259 67 64 144
leaf_count=1218 65 210 184 259 67 64 144
internal_value=-0.000393131 6.94074e-05 0.0029798 -0.000709939 -0.00292398 0.000839695 -0.00521127
internal_weight=2211 1871 394 1477 340 129 211
internal_count=2211 1871 394 1477 340 129 211
is_linear=0
shrinkage=0.04


Tree=91
num_leaves=8
num_cat=0
split_feature=49 38 79 110 40 11 103
split_gain=1.65853 2.79582 3.26195 2.41152 1.94871 3.21796 2.6739
threshold=0.79237373520642373 0.12369637378747329 0.28435814444133772 0.45656015415444035 -0.12655150505686999 0.12467382185869241 0.24562951810962033
decision_type=2 2 2 2 2 2 2
left_child=4 2 -2 -3 5 -1 -6
right_child=1 3 -4 -5 6 -7 -8
leaf_value=8.2670392461579178e-05 6.0311368938630771e-05 -0.00014688426817373985 0.00075635293465360631 0.00029499897602955106 -0.00018138616114731401 -0.00010328887965849979 3.0415218916364436e-05
leaf_weight=549 70 234 42 102 549 381 284
leaf_count=549 70 234 42 102 549 381 284
internal_value=-0.000212381 0.00195556 0.00736842 0.000118343 -0.000764873 0.000493562 -0.00216766
internal_weight=2211 448 112 336 1763 930 833
internal_count=2211 448 112 336 1763 930 833
is_linear=0
shrinkage=0.04


Tree=92
num_leaves=5
num_cat=0
split_feature=75 110 20 66
split_gain=1.63648 1.90573 2.99633 1.96324
threshold=-0.89075306949272015 1.0248203065641499 0.24827914940096513 0.23563734682869447
decision_type=2 2 2 2
left_child=-1 3 -3 -2
right_child=1 2 -4 -5
leaf_value=-0.00030863062811065122 -6.4740508871007039e-05 0.00036871044926887336 -0.00021266776468573391 2.915122047911875e-05
leaf_weight=74 1244 173 82 638
leaf_count=74 1244 173 82 638
internal_value=-0.000284681 -7.94764e-05 0.00315175 -0.00052017
internal_weight=2211 2137 255 1882
internal_count=2211 2137 255 1882
is_linear=0
shrinkage=0.04


Tree=93
num_leaves=6
num_cat=0
split_feature=108 10 8 53 7
split_gain=1.72235 2.17702 2.22861 2.04598 0.892799
threshold=1.410499135725906 -0.9336044930412899 -0.13084847554637027 1.1000000000000003 0.11244593533441123
decision_type=2 2 2 2 2
left_child=1 2 -1 -3 -2
right_child=4 3 -4 -5 -6
leaf_value=0.00030354665175499825 -7.4047001155651412e-05 1.0323315634967745e-06 -4.0116908683523466e-05 -0.00027125182112390934 -0.00062437709407792521
leaf_weight=41 54 1909 41 124 42
leaf_count=41 54 1909 41 124 42
internal_value=-0.000122006 0.000118092 0.00642857 -0.000142506 -0.00530612
internal_weight=2211 2115 82 2033 96
internal_count=2211 2115 82 2033 96
is_linear=0
shrinkage=0.04


Tree=94
num_leaves=7
num_cat=0
split_feature=99 62 60 12 63 46
split_gain=1.60805 2.49211 2.16113 1.9078 2.48211 1.79938
threshold=0.79783866832753769 -1.4198960492636534 0.6327663215474999 -0.95172610103305844 -1.020448875354018 -0.043918874088633077
decision_type=2 2 2 2 2 2
left_child=1 5 -3 -2 -5 -1
right_child=3 2 -4 4 -6 -7
leaf_value=3.9942601093868883e-06 0.00020622239015154531 4.3912663079023057e-06 -0.00026294221513528589 0.00021408769161949934 -0.00043769021728448551 0.00067389501065961391
leaf_weight=40 41 1655 118 45 271 41
leaf_count=40 41 1655 118 45 271 41
internal_value=-0.000140081 0.000334052 1.69014e-05 -0.00259053 -0.0036478 0.00710843
internal_weight=2211 1854 1773 357 316 81
internal_count=2211 1854 1773 357 316 81
is_linear=0
shrinkage=0.04


Tree=95
num_leaves=5
num_cat=0
split_feature=75 107 7 70
split_gain=1.74065 1.63087 3.52039 1.91344
threshold=-0.89075306949272015 -0.86736061609603021 -0.088319156557878448 -1.2678832370769271
decision_type=2 2 2 2
left_child=-1 2 -2 -3
right_child=1 3 -4 -5
leaf_value=-0.00030860291970874124 0.00045000561570803427 0.00030795600622184158 -5.8475339343112487e-05 -2.1073214071283957e-05
leaf_weight=74 101 75 187 1774
leaf_count=74 101 75 187 1774
internal_value=-0.000103931 0.000107527 0.00289655 -0.000329552
internal_weight=2211 2137 288 1849
internal_count=2211 2137 288 1849
is_linear=0
shrinkage=0.04


Tree=96
num_leaves=5
num_cat=0
split_feature=69 7 60 10
split_gain=1.73631 2.66322 2.12348 1.79326
threshold=0.76635663897045403 -0.18982825559207628 0.6327663215474999 -0.95597383213651443
decision_type=2 2 2 2
left_child=2 -2 3 -1
right_child=1 -3 -4 -5
leaf_value=0.0001743441387734815 -3.8633566537168843e-05 0.00051498229558559147 -0.0004703466679147765 -1.3240547112605451e-05
leaf_weight=72 59 52 66 1962
leaf_count=72 59 52 66 1962
internal_value=-0.000140081 0.00469027 -0.000399619 -0.000166994
internal_weight=2211 111 2100 2034
internal_count=2211 111 2100 2034
is_linear=0
shrinkage=0.04


Tree=97
num_leaves=7
num_cat=0
split_feature=35 41 35 109 72 75
split_gain=1.5534 2.01078 4.51772 2.25343 0.958279 2.06357
threshold=0.90554204061712995 0.43333018045101762 -0.078132182126183711 0.77153533672658059 0.26556562046391469 -0.18862150273766112
decision_type=2 2 2 2 2 2
left_child=1 3 -3 -1 5 -2
right_child=4 2 -4 -5 -6 -7
leaf_value=-6.2168625468191703e-05 -0.00062984549298096494 0.00043009521982618359 4.8517978628419276e-07 0.00024523603379342397 -0.00079512943627213213 7.9431265349034458e-05
leaf_weight=1311 40 135 392 229 46 58
leaf_count=1311 40 135 392 229 46 58
internal_value=-0.000122006 0.000159497 0.00228733 -0.000570687 -0.00410959 -0.0018
internal_weight=2211 2067 527 1540 144 98
internal_count=2211 2067 527 1540 144 98
is_linear=0
shrinkage=0.04


Tree=98
num_leaves=6
num_cat=0
split_feature=109 91 64 116 64
split_gain=1.71644 2.20842 1.79713 3.08494 2.73315
threshold=-1.1918711521371166 0.74318984991775106 -0.78445310520977529 0.77043221766953163 0.5203383196064576
decision_type=2 2 2 2 2
left_child=1 -1 3 -2 -4
right_child=2 -3 4 -5 -6
leaf_value=0.00022854025413849872 1.6422784894131597e-06 -1.1764464034092585e-05 -0.0001037980675355829 0.00092073344641670316 7.6338671572822906e-05
leaf_weight=57 251 78 1299 60 466
leaf_count=57 251 78 1299 60 466
internal_value=-0.000176231 0.00416058 -0.000461983 0.00233227 -0.000956423
internal_weight=2211 135 2076 311 1765
internal_count=2211 135 2076 311 1765
is_linear=0
shrinkage=0.04


Tree=99
num_leaves=6
num_cat=0
split_feature=81 108 10 42 7
split_gain=1.65106 1.7482 2.21026 0.733997 0.594733
threshold=-1.132837461907211 1.410499135725906 -0.95597383213651443 0.11323451479357687 -0.019246580657278581
decision_type=2 2 2 2 2
left_child=3 2 -2 -1 -3
right_child=1 4 -4 -5 -6
leaf_value=-7.174885434042128e-06 0.00018652949309776564 -4.8119453626952819e-05 -6.9398293514801041e-07 -0.00083109638941843448 -0.00054248608579846199
leaf_weight=41 72 40 1959 55 44
leaf_count=41 72 40 1959 55 44
internal_value=-0.000230456 4.72367e-06 0.000241023 -0.00530612 -0.0055814
internal_weight=2211 2115 2031 96 84
internal_count=2211 2115 2031 96 84
is_linear=0
shrinkage=0.04


Tree=100
num_leaves=5
num_cat=0
split_feature=75 2 40 116
split_gain=1.6674 1.7067 2.22639 1.97384
threshold=-0.89075306949272015 1.0139718508638158 0.91231623090942204 0.91222266778937267
decision_type=2 2 2 2
left_child=-1 2 -2 -3
right_child=1 3 -4 -5
leaf_value=-0.00030836260007635358 -4.3282677269275084e-06 -0.00024602804388632797 0.00027659515704044584 0.0002720133549784784
leaf_weight=74 1784 126 178 49
leaf_count=74 1784 126 178 49
internal_value=-0.000230456 -2.33754e-05 0.000315682 -0.00378531
internal_weight=2211 2137 1962 175
internal_count=2211 2137 1962 175
is_linear=0
shrinkage=0.04


Tree=101
num_leaves=5
num_cat=0
split_feature=78 41 77 7
split_gain=1.4827 1.903 4.70681 2.19784
threshold=1.7634593748378851 -0.68694176635736615 -1.1102022005975336 -0.083411328755641653
decision_type=2 2 2 2
left_child=1 2 -1 -3
right_child=-2 3 -4 -5
leaf_value=0.00047345041907746385 0.00018462806204602806 1.8781631069436645e-05 1.9482846498189155e-05 -0.00015768537582700796
leaf_weight=41 69 829 336 936
leaf_count=41 69 829 336 936
internal_value=-0.000194306 -0.000382463 0.00218997 -0.000933786
internal_weight=2211 2142 377 1765
internal_count=2211 2142 377 1765
is_linear=0
shrinkage=0.04


Tree=102
num_leaves=6
num_cat=0
split_feature=10 53 40 64 64
split_gain=1.68663 1.99899 3.75859 2.67936 1.99364
threshold=-0.9336044930412899 -0.89999999999999991 0.24569529611484373 0.5203383196064576 0.36373790518565596
decision_type=2 2 2 2 2
left_child=4 2 -2 -3 -1
right_child=1 3 -4 -5 -6
leaf_value=0.00025398520494412219 1.7215757213328436e-06 -7.9948354401564587e-05 0.00072169412738921229 8.5777789719181693e-05 -0.00013515662417514085
leaf_weight=48 120 1516 43 442 42
leaf_count=48 120 1516 43 442 42
internal_value=-0.000302756 -0.000532266 0.00369697 -0.000887755 0.005
internal_weight=2211 2121 163 1958 90
internal_count=2211 2121 163 1958 90
is_linear=0
shrinkage=0.04


Tree=103
num_leaves=6
num_cat=0
split_feature=10 42 36 41 8
split_gain=1.73284 1.77434 2.60829 2.21395 1.69814
threshold=-0.9336044930412899 0.62885288057908073 0.1204975405713635 0.45101870940957284 -0.19913200782192433
decision_type=2 2 2 2 2
left_child=4 3 -3 -2 -1
right_child=1 2 -4 -5 -6
leaf_value=0.00024495390817739067 -2.6093889253316002e-05 0.00010326315849339552 -0.00022980004140599707 0.00013170625231672577 -4.5463298714981741e-05
leaf_weight=44 1411 126 270 314 46
leaf_count=44 1411 126 270 314 46
internal_value=-0.000375056 -0.000607631 -0.00301508 -5.21135e-05 0.005
internal_weight=2211 2121 396 1725 90
internal_count=2211 2121 396 1725 90
is_linear=0
shrinkage=0.04


Tree=104
num_leaves=6
num_cat=0
split_feature=108 10 53 94 7
split_gain=1.62763 1.65923 1.94943 1.85985 0.892799
threshold=1.410499135725906 -0.9336044930412899 1.1000000000000003 -0.13402277892553868 0.11244593533441123
decision_type=2 2 2 2 2
left_child=1 3 -3 -1 -2
right_child=4 2 -4 -5 -6
leaf_value=-7.6125921869665166e-05 -7.7343378245206228e-05 6.8734428335506804e-07 -0.00024917471888173779 0.00038611882056099049 -0.00055383360400377527
leaf_weight=42 54 1909 124 40 42
leaf_count=42 54 1909 124 40 42
internal_value=-0.000266606 -3.30657e-05 -0.000260442 0.00547619 -0.00530612
internal_weight=2211 2115 2033 82 96
internal_count=2211 2115 2033 82 96
is_linear=0
shrinkage=0.04


Tree=105
num_leaves=5
num_cat=0
split_feature=105 42 39 109
split_gain=1.59051 1.7163 2.59391 2.09737
threshold=-1.2098586951523933 0.62885288057908073 -0.34234480988011823 0.765269796759391
decision_type=2 2 2 2
left_child=-1 3 -3 -2
right_child=1 2 -4 -5
leaf_value=0.00029308970409763074 -1.3990155124355765e-05 2.7079839203682927e-06 -0.00040740316667944296 0.0002155181151223453
leaf_weight=65 1442 232 196 276
leaf_count=65 1442 232 196 276
internal_value=-0.000248531 -0.000437616 -0.00269767 0.000127907
internal_weight=2211 2146 428 1718
internal_count=2211 2146 428 1718
is_linear=0
shrinkage=0.04


Tree=106
num_leaves=6
num_cat=0
split_feature=108 69 115 14 107
split_gain=1.61597 1.55288 2.31239 1.62837 0.892799
threshold=1.410499135725906 -1.3880564511010984 0.47216689086155306 0.27652095533995696 1.3293010405155707
decision_type=2 2 2 2 2
left_child=1 3 -3 -1 -2
right_child=4 2 -4 -5 -6
leaf_value=0.00011381032646793119 -5.6745091803672018e-05 1.1160811166881223e-05 -0.00019317166805736402 0.00086895552090251744 -0.0006103207122210466
leaf_weight=84 54 1509 480 42 42
leaf_count=84 54 1509 480 42 42
internal_value=-0.000284681 -5.19603e-05 -0.000326469 0.00421875 -0.00530612
internal_weight=2211 2115 1989 126 96
internal_count=2211 2115 1989 126 96
is_linear=0
shrinkage=0.04


Tree=107
num_leaves=7
num_cat=0
split_feature=35 64 108 53 13 107
split_gain=1.47008 1.7242 3.30548 2.16336 0.897808 0.649841
threshold=0.90554204061712995 0.5203383196064576 -0.78558749019368723 1.1000000000000003 0.77770221418937402 -0.057067447699857519
decision_type=2 2 2 2 2 2
left_child=1 3 -3 -1 5 -2
right_child=4 2 -4 -5 -6 -7
leaf_value=-5.0869222028764735e-06 -0.00014195592672609916 0.00055097910039851583 2.28198108687154e-05 -0.00026090705861102614 5.4314903188012324e-06 -0.00051735001826681381
leaf_weight=1496 40 71 395 105 40 64
leaf_count=1496 40 71 395 105 40 64
internal_value=-0.000230456 4.34993e-05 0.00217949 -0.000580162 -0.00410959 -0.00603774
internal_weight=2211 2067 466 1601 144 104
internal_count=2211 2067 466 1601 144 104
is_linear=0
shrinkage=0.04


Tree=108
num_leaves=7
num_cat=0
split_feature=27 32 115 98 109 118
split_gain=1.46714 2.08367 1.67492 3.28583 2.44188 0.672117
threshold=0.66607616432221783 0.66551187646131738 0.49428769838340536 1.43885778420368 -1.1744190024485421 0.061999818192157947
decision_type=2 2 2 2 2 2
left_child=2 -2 3 -1 -4 -3
right_child=1 5 4 -5 -6 -7
leaf_value=8.8673903755339547e-06 4.331269153702466e-05 -0.00043154734921729956 0.00019967156184247912 0.00088321590626934626 -0.0001803984567142975 -6.2141678842675134e-05
leaf_weight=1474 53 70 54 44 471 45
leaf_count=1474 53 70 54 44 471 45
internal_value=-0.000194306 -0.00376471 0.000102689 0.000776316 -0.00184061 -0.00675214
internal_weight=2211 168 2043 1518 525 115
internal_count=2211 168 2043 1518 525 115
is_linear=0
shrinkage=0.04


Tree=109
num_leaves=6
num_cat=0
split_feature=70 49 10 110 49
split_gain=1.59606 2.05452 2.02133 2.96506 2.73525
threshold=-1.2678832370769271 0.52541070208421414 0.2220983684669838 1.0689845728030425 0.79237373520642373
decision_type=2 2 2 2 2
left_child=1 -1 4 -4 -2
right_child=2 -3 3 -5 -6
leaf_value=-8.3200035044492105e-05 -1.0587343391332134e-06 0.00061908883644757912 -0.00014065536217329003 0.00029169986627119901 0.00031715050758402059
leaf_weight=45 1226 45 648 115 132
leaf_count=45 1226 45 648 115 132
internal_value=-0.000158156 0.005 -0.000381536 -0.00202614 0.000544118
internal_weight=2211 90 2121 763 1358
internal_count=2211 90 2121 763 1358
is_linear=0
shrinkage=0.04


Tree=110
num_leaves=6
num_cat=0
split_feature=70 46 68 74 47
split_gain=1.79421 2.1939 2.12177 2.02818 1.36521
threshold=-1.1884208545332162 8.6339377758053129 0.18152936593772781 0.033000058931259978 0.030833811372093737
decision_type=2 2 2 2 2
left_child=3 2 -2 4 -1
right_child=1 -3 -4 -5 -6
leaf_value=0.00062121771812431433 6.6090418716174825e-06 0.00043993365520356257 -9.77333328973768e-05 -8.8434867883172108e-05 0.00014209012956002985
leaf_weight=46 1265 40 762 42 56
leaf_count=46 1265 40 762 42 56
internal_value=-0.000176231 -0.000478492 -0.000665352 0.00410959 0.00711538
internal_weight=2211 2067 2027 144 102
internal_count=2211 2067 2027 144 102
is_linear=0
shrinkage=0.04


Tree=111
num_leaves=7
num_cat=0
split_feature=76 59 47 14 40 47
split_gain=1.68619 2.79103 2.65603 2.18426 2.22816 1.4693
threshold=1.2597014544747187 0.60833993067883418 -0.70406404465332817 0.39174282051183529 0.77050072457566221 -0.29199464913046641
decision_type=2 2 2 2 2 2
left_child=1 2 -1 4 -2 -3
right_child=3 5 -4 -5 -6 -7
leaf_value=0.00030338962844894777 -0.0002775977387705908 -0.00038268248662585882 -7.6735403441841044e-06 0.00068774120351995378 0.00047178288644091309 -6.2491070286440915e-05
leaf_weight=133 105 188 1445 69 66 205
leaf_count=133 105 188 1445 69 66 205
internal_value=-0.000176231 -0.000562595 0.000189873 0.00297521 0.000520231 -0.00356962
internal_weight=2211 1971 1578 240 171 393
internal_count=2211 1971 1578 240 171 393
is_linear=0
shrinkage=0.04


Tree=112
num_leaves=8
num_cat=0
split_feature=99 97 46 28 38 49 96
split_gain=1.67995 2.56664 3.21548 2.4987 1.8815 4.03241 1.57586
threshold=0.79783866832753769 0.27424545159151908 0.5335800004847101 1.1436707040852998 -0.054290890422974206 0.22947377816770256 0.013845251555446641
decision_type=2 2 2 2 2 2 2
left_child=1 3 -3 -1 5 -2 -6
right_child=4 2 -4 -5 6 -7 -8
leaf_value=7.9858360876192139e-07 -0.00032425026955520693 1.8434129810150496e-05 0.00041240832352368978 -0.00038942318178961197 0.00023122673034688262 0.0005188186323623052 -0.00055362923929991965
leaf_weight=1377 106 273 108 96 45 46 160
leaf_count=1377 106 273 108 96 45 46 160
internal_value=-8.58563e-05 0.000398707 0.00331593 -0.000359322 -0.00259053 0.000779221 -0.00507246
internal_weight=2211 1854 381 1473 357 152 205
internal_count=2211 1854 381 1473 357 152 205
is_linear=0
shrinkage=0.04


Tree=113
num_leaves=6
num_cat=0
split_feature=104 116 24 84 30
split_gain=1.83652 1.9848 3.74766 2.32275 0.951517
threshold=-1.196815961851752 -0.1831347515251002 -0.5671666507223182 -0.35234007854097943 -0.015471351197323987
decision_type=2 2 2 2 2
left_child=4 2 -2 -3 -1
right_child=1 3 -4 -5 -6
leaf_value=-5.1134700131070383e-05 0.00041173747365391396 7.6106990228407145e-05 7.6252107247463256e-06 -7.6147735200879222e-05 -0.00088617086054598357
leaf_weight=45 90 436 603 983 54
leaf_count=45 90 436 603 983 54
internal_value=-0.000176231 7.56859e-05 0.00182734 -0.00078114 -0.00544554
internal_weight=2211 2112 693 1419 99
internal_count=2211 2112 693 1419 99
is_linear=0
shrinkage=0.04


Tree=114
num_leaves=6
num_cat=0
split_feature=70 38 37 110 63
split_gain=1.84031 1.94944 4.23269 2.99222 1.52342
threshold=-1.2678832370769271 0.16772835278169121 0.64964474335987321 1.0248203065641499 -0.21559295507917736
decision_type=2 2 2 2 2
left_child=4 2 -2 -3 -1
right_child=1 3 -4 -5 -6
leaf_value=0.0004167379278049277 2.1441342095110394e-06 -0.00013408988382140354 0.0004551081533010746 0.00028604544715307636 4.0769009859387143e-07
leaf_weight=41 1237 706 58 120 49
leaf_count=41 1237 706 58 120 49
internal_value=-0.000103931 -0.000343853 0.000624518 -0.0018599 0.00543478
internal_weight=2211 2121 1295 826 90
internal_count=2211 2121 1295 826 90
is_linear=0
shrinkage=0.04


Tree=115
num_leaves=7
num_cat=0
split_feature=105 103 42 6 63 86
split_gain=1.74435 2.44898 2.24772 1.78763 1.40256 1.37906
threshold=0.8642039190138987 0.67093976223505947 0.65442352474782506 0.63334424918958276 -0.93546197377351292 0.93430246339629008
decision_type=2 2 2 2 2 2
left_child=1 3 -3 -1 -2 -6
right_child=4 2 -4 -5 5 -7
leaf_value=1.124459793515109e-05 0.00027055998114909125 0.00027176096547515866 -0.00019304375046296342 -0.00012053045870590491 -0.0003759421789167082 0.00014266990819701014
leaf_weight=1440 43 112 47 282 203 84
leaf_count=1440 43 112 47 282 203 84
internal_value=-0.000158156 0.00031333 0.00503106 -0.00012761 -0.00283133 -0.00384083
internal_weight=2211 1881 159 1722 330 287
internal_count=2211 1881 159 1722 330 287
is_linear=0
shrinkage=0.04


Tree=116
num_leaves=7
num_cat=0
split_feature=78 46 106 98 44 7
split_gain=1.53344 2.47649 2.31449 2.12162 1.97201 0.895153
threshold=1.0810371677738071 -0.23726438259028954 0.93675756995096049 -0.57229945491384127 -5.5680971044038854 -0.058171395041612499
decision_type=2 2 2 2 2 2
left_child=2 -2 4 -3 -1 -4
right_child=1 3 5 -5 -6 -7
leaf_value=-0.00042559235531499013 0.00047057202707698171 0.00015829074713631181 -0.00010146690629044862 -0.00013356650369094949 2.6842930805012421e-06 -0.00052848449930866599
leaf_weight=54 73 47 42 66 1830 99
leaf_count=54 73 47 42 66 1830 99
internal_value=-0.000158156 0.00329787 -0.00047854 -0.000434783 -0.000106045 -0.00538462
internal_weight=2211 186 2025 113 1884 141
internal_count=2211 186 2025 113 1884 141
is_linear=0
shrinkage=0.04


Tree=117
num_leaves=7
num_cat=0
split_feature=27 73 5 94 28 27
split_gain=1.51202 1.81205 2.99617 2.59174 1.58787 0.624877
threshold=0.66607616432221783 -0.91078597177583498 0.68467525850348998 -0.78221531979795611 -0.14783929391590636 0.79401895094139685
decision_type=2 2 2 2 2 2
left_child=1 3 -3 -1 -2 -6
right_child=4 2 -4 -5 5 -7
leaf_value=0.00032451689896764198 9.0310231571123433e-06 -1.7220231230210408e-07 0.00013996209273262341 -0.00038027829084663124 -0.00035970827836383587 -0.0001688569636475762
leaf_weight=43 70 1600 209 191 57 41
leaf_count=43 70 1600 209 191 57 41
internal_value=-0.000140081 0.000161369 0.000590834 -0.00313559 -0.00376471 -0.007
internal_weight=2211 2043 1809 234 168 98
internal_count=2211 2043 1809 234 168 98
is_linear=0
shrinkage=0.04


Tree=118
num_leaves=7
num_cat=0
split_feature=76 115 2 116 42 90
split_gain=1.60979 2.37475 2.71483 2.51854 2.16202 2.28619
threshold=1.2597014544747187 0.45833965693821027 0.73523645022847772 -0.59919621526073841 -0.78736940521730781 1.0000000180025095e-35
decision_type=2 2 2 2 2 2
left_child=1 2 -1 -3 -2 -6
right_child=4 3 -4 -5 5 -7
leaf_value=2.6425770173806389e-05 0.00081358149990800265 0.00027689920747258652 -0.00013824587345550075 -0.00030936023755183525 0.00024430452652338786 -7.4865661742428048e-05
leaf_weight=1306 43 45 221 399 61 136
leaf_count=1306 43 45 221 399 61 136
internal_value=-0.000103931 -0.0004815 0.000268149 -0.00304933 0.00297521 0.00115578
internal_weight=2211 1971 1527 444 240 197
internal_count=2211 1971 1527 444 240 197
is_linear=0
shrinkage=0.04


Tree=119
num_leaves=8
num_cat=0
split_feature=7 107 14 93 105 87 47
split_gain=1.58187 3.14029 2.68429 4.44957 2.48746 2.43158 2.16019
threshold=-0.083411328755641653 -0.84871020493364246 -0.89567262481001209 -0.096746759494161103 -1.2098586951523933 0.055800712275191511 -0.70406404465332817
decision_type=2 2 2 2 2 2 2
left_child=1 5 3 -2 -4 -1 -3
right_child=2 6 4 -5 -6 -7 -8
leaf_value=0.00048032072448042071 -7.9445811976898989e-05 0.00030860193747149831 0.00040275817665033804 0.00088045072380266956 -0.00012256483650165004 -2.2902338546956088e-06 -8.7866506265520126e-06
leaf_weight=68 61 67 42 45 1078 44 806
leaf_count=68 61 67 42 45 1078 44 806
internal_value=-6.77813e-05 0.00112462 -0.00102606 0.005 -0.00160428 0.00736842 0.000308571
internal_weight=2211 985 1226 106 1120 112 873
internal_count=2211 985 1226 106 1120 112 873
is_linear=0
shrinkage=0.04


end of trees

feature_importances:
Column_40=29
Column_35=22
Column_42=22
Column_41=21
Column_63=20
Column_82=18
Column_14=17
Column_64=17
Column_110=17
Column_7=15
Column_78=15
Column_105=15
Column_109=14
Column_115=14
Column_10=13
Column_69=13
Column_87=13
Column_116=13
Column_2=12
Column_70=12
Column_76=12
Column_80=12
Column_94=12
Column_99=12
Column_47=11
Column_75=11
Column_73=10
Column_106=10
Column_45=9
Column_46=9
Column_11=8
Column_27=8
Column_60=8
Column_108=8
Column_5=7
Column_28=7
Column_37=7
Column_62=7
Column_98=7
Column_107=7
Column_30=6
Column_53=6
Column_59=6
Column_67=6
Column_118=6
Column_8=5
Column_13=5
Column_38=5
Column_81=5
Column_104=5
Column_12=4
Column_49=4
Column_91=4
Column_100=4
Column_102=4
Column_0=3
Column_36=3
Column_44=3
Column_83=3
Column_84=3
Column_96=3
Column_111=3
Column_24=2
Column_26=2
Column_39=2
Column_68=2
Column_74=2
Column_86=2
Column_101=2
Column_103=2
Column_117=2
Column_1=1
Column_4=1
Column_6=1
Column_9=1
Column_18=1
Column_19=1
Column_20=1
Column_23=1
Column_25=1
Column_32=1
Column_48=1
Column_61=1
Column_66=1
Column_71=1
Column_72=1
Column_77=1
Column_79=1
Column_88=1
Column_90=1
Column_92=1
Column_93=1
Column_97=1
Column_112=1
Column_113=1
Column_114=1

parameters:
[boosting: gbdt]
[objective: quantile]
[metric: quantile]
[tree_learner: serial]
[device_type: cpu]
[data_sample_strategy: bagging]
[data: ]
[valid: ]
[num_iterations: 120]
[learning_rate: 0.04]
[num_leaves: 15]
[num_threads: 2]
[seed: 42]
[deterministic: 0]
[force_col_wise: 0]
[force_row_wise: 0]
[histogram_pool_size: -1]
[max_depth: 3]
[min_data_in_leaf: 40]
[min_sum_hessian_in_leaf: 0.001]
[bagging_fraction: 0.85]
[pos_bagging_fraction: 1]
[neg_bagging_fraction: 1]
[bagging_freq: 0]
[bagging_seed: 400]
[bagging_by_query: 0]
[feature_fraction: 0.8]
[feature_fraction_bynode: 1]
[feature_fraction_seed: 30056]
[extra_trees: 0]
[extra_seed: 12879]
[early_stopping_round: 0]
[early_stopping_min_delta: 0]
[first_metric_only: 0]
[max_delta_step: 0]
[lambda_l1: 0]
[lambda_l2: 2]
[linear_lambda: 0]
[min_gain_to_split: 0]
[drop_rate: 0.1]
[max_drop: 50]
[skip_drop: 0.5]
[xgboost_dart_mode: 0]
[uniform_drop: 0]
[drop_seed: 17869]
[top_rate: 0.2]
[other_rate: 0.1]
[min_data_per_group: 100]
[max_cat_threshold: 32]
[cat_l2: 10]
[cat_smooth: 10]
[max_cat_to_onehot: 4]
[top_k: 20]
[monotone_constraints: ]
[monotone_constraints_method: basic]
[monotone_penalty: 0]
[feature_contri: ]
[forcedsplits_filename: ]
[refit_decay_rate: 0.9]
[cegb_tradeoff: 1]
[cegb_penalty_split: 0]
[cegb_penalty_feature_lazy: ]
[cegb_penalty_feature_coupled: ]
[path_smooth: 0]
[interaction_constraints: ]
[verbosity: -1]
[saved_feature_importance_type: 0]
[use_quantized_grad: 0]
[num_grad_quant_bins: 4]
[quant_train_renew_leaf: 0]
[stochastic_rounding: 1]
[linear_tree: 0]
[max_bin: 255]
[max_bin_by_feature: ]
[min_data_in_bin: 3]
[bin_construct_sample_cnt: 200000]
[data_random_seed: 175]
[is_enable_sparse: 1]
[enable_bundle: 1]
[use_missing: 1]
[zero_as_missing: 0]
[feature_pre_filter: 1]
[pre_partition: 0]
[two_round: 0]
[header: 0]
[label_column: ]
[weight_column: ]
[group_column: ]
[ignore_column: ]
[categorical_feature: ]
[forcedbins_filename: ]
[precise_float_parser: 0]
[parser_config_file: ]
[objective_seed: 16083]
[num_class: 1]
[is_unbalance: 0]
[scale_pos_weight: 1]
[sigmoid: 1]
[boost_from_average: 1]
[reg_sqrt: 0]
[alpha: 0.75]
[fair_c: 1]
[poisson_max_delta_step: 0.7]
[tweedie_variance_power: 1.5]
[lambdarank_truncation_level: 30]
[lambdarank_norm: 1]
[label_gain: ]
[lambdarank_position_bias_regularization: 0]
[eval_at: ]
[multi_error_top_k: 1]
[auc_mu_weights: ]
[num_machines: 1]
[local_listen_port: 12400]
[time_out: 120]
[machine_list_filename: ]
[machines: ]
[gpu_platform_id: -1]
[gpu_device_id: -1]
[gpu_device_id_list: ]
[gpu_use_dp: 0]
[num_gpu: 1]

end of parameters

pandas_categorical:null
