tree
version=v4
num_class=1
num_tree_per_iteration=1
label_index=0
max_feature_idx=118
objective=quantile
feature_names=Column_0 Column_1 Column_2 Column_3 Column_4 Column_5 Column_6 Column_7 Column_8 Column_9 Column_10 Column_11 Column_12 Column_13 Column_14 Column_15 Column_16 Column_17 Column_18 Column_19 Column_20 Column_21 Column_22 Column_23 Column_24 Column_25 Column_26 Column_27 Column_28 Column_29 Column_30 Column_31 Column_32 Column_33 Column_34 Column_35 Column_36 Column_37 Column_38 Column_39 Column_40 Column_41 Column_42 Column_43 Column_44 Column_45 Column_46 Column_47 Column_48 Column_49 Column_50 Column_51 Column_52 Column_53 Column_54 Column_55 Column_56 Column_57 Column_58 Column_59 Column_60 Column_61 Column_62 Column_63 Column_64 Column_65 Column_66 Column_67 Column_68 Column_69 Column_70 Column_71 Column_72 Column_73 Column_74 Column_75 Column_76 Column_77 Column_78 Column_79 Column_80 Column_81 Column_82 Column_83 Column_84 Column_85 Column_86 Column_87 Column_88 Column_89 Column_90 Column_91 Column_92 Column_93 Column_94 Column_95 Column_96 Column_97 Column_98 Column_99 Column_100 Column_101 Column_102 Column_103 Column_104 Column_105 Column_106 Column_107 Column_108 Column_109 Column_110 Column_111 Column_112 Column_113 Column_114 Column_115 Column_116 Column_117 Column_118
feature_infos=[-4.587254505021324:5.9534509962848157] [-3.8606233526781897:4.0809545878843059] [-3.7150668951008048:3.6467035710272557] [-3.4625472534965631:3.2404398641990255] [-3.1966293581440901:2.6069895121258075] [-2.2009279705599143:2.505990029070321] [-3.392563776337012:3.2934798262638978] [-1.1870422530926414:4.7312158377476932] [-1.610640357143287:1.5957470085933372] [-3.1198151551423017:2.6717482352147282] [-1.2516569720831578:3.7722530622933306] [-2.4044888192858433:2.6171782910818928] [-2.1143964840384513:2.5250822919607003] [-1.339315040512929:2.7284791597602589] [-2.4958226840994442:2.9417588247660142] [-1.6130114491981262:1.4745953476395546] [-1.6698804108796492:1.7712430470655496] [-1.0480761279239519:0.67621705598304205] [-1.1171487812228773:0.69954594913511803] [-1.0480761279239517:0.67621705598304194] [-2.3574933506772382:2.9148922976570231] [-3.203879775068597:3.4957378038410765] [-2.8807154015321332:2.8534805492164668] [-1.9834871131530534:2.8281224014350821] [-2.2240451641468888:1.8584326418773309] [-2.0925128565534639:1.8812392535333653] [-3.2680760755400118:2.2198084917284828] [-1.8260850422231187:1.5780135006494755] [-0.95350180399992868:2.8258432691031952] [-3.5527100308885164:3.3415606679809295] [-3.2824154934139891:2.947552914449608] [-2.5353548574459257:2.2319004091283854] [-2.4916319748342279:2.3833020094734003] [-2.0202540819043007:2.4346537475242287] [-2.1698506007128593:2.2774462302466896] [-1.9685416248693826:2.0515273008875736] [-2.1039962192610164:2.2892222280684131] [-1.2098951056545151:3.0465107941496115] [-1.2526482985127552:3.6498116163561938] [-1.3627003393125834:2.6703568211798752] [-1.2562236253073324:1.8082318162979931] [-1.8535435686573292:1.627865913589595] [-1.8003313040723843:1.6899524584370604] [-2.0009698359848627:12.020788627985478] [-583.47975673398196:93.074240510460413] [-496.04335236142583:103.24957474903138] [-664.85528030495436:48.90001412484844] [-1.1358395509995931:3.3870974731115382] [-1.8754772794999746:1.7276920265667735] [-1.1484711308268405:6.2234347069121911] [-3.8592350533124229:4.5820526394444601] [-10.008124418969476:8.2891952133121549] [-1:1] [-1:1.2] [0:1] [0:1] [-3.5528901170989826:4.2899637338858829] [-4.0635850526503319:2.3199034506631682] [-2.3055394746941063:1.5358628253233939] [-0.99254077042560451:2.2567637252378447] [-2.3509397398579162:1.2644532342341244] [-1.6152728293170404:0.34650210604321802] [-3.1610620486331817:3.615848441172993] [-2.7016268623128403:2.492552617935849] [-2.1895469557509424:1.764260997905353] [-3.0724666828699778:4.0190504225933052] [-3.4477571143407379:2.2733607982707644] [-2.3781152260624556:1.6219753078053003] [-0.95062419272884535:2.1960143758360458] [-2.141981787627707:1.2711356562915481] [-1.4145630104832934:0.36001393392513936] [-4.5554104631945478:7.1415184850531332] [-4.1499502866624045:5.7822927341474335] [-2.4182456641988077:4.2044248336797443] [-1.3315250380599231:4.8513821512666446] [-1.1870143020749218:7.8954702221458737] [-1.2491009928154833:2.3047424765703677] [-6.6107643511167051:6.7950302620718359] [-4.569151927221502:3.5830719681149641] [-2.7273577330268859:3.7473772036056126] [-1.2213081449787615:3.5791919514670631] [-1.7227791118975313:4.2895444267398952] [-0.79789020944857947:2.0508988617837582] [-11.31594643431035:11.096266020879515] [-6.1203589037153909:5.3375635623582314] [-3.9063031702642417:4.3054671139401393] [-0.97578366208323941:3.0238369846713442] [-2.2336860072765199:4.3105901753900602] [-1.1986754871175709:0.72546935680272062] [-3.9217386254809048:2.9430329784131821] [-3.4097795936217632:2.9718598990646172] [-2.5382703111902312:1.7096256409582509] [-1.265126976440337:3.0786853439367179] [-2.1158494055957844:1.9044047483004838] [-1.4372760610637376:0.46618311108634719] [-5.3159800186787391:3.1278088471934304] [-4.1427777039986458:3.5310659996498361] [-1.8854069329042829:2.8290569553871778] [-1.4184699700410217:4.1785293662454794] [-1.7052262745886235:4.4652180481010708] [-1.5358571053809074:1.2552251059176043] [-4.3212163838017297:2.603481620005204] [-3.8025489641074008:3.5241380821916395] [-1.9311444190155571:2.6191983750417296] [-1.4413025015396801:3.9449840148110979] [-1.5861783522980422:3.9070259325417185] [-1.5347901108510646:1.22089849029724] [-3.3546198455499439:3.5920197052505465] [-2.2246462275891785:2.6457121700013375] [-1.9412721479866413:2.0086597713454442] [-1.4394635169911907:1.9897504176422718] [-1.461142384949915:1.9862747962089509] [-2.2568063416247339:0.60357180410371247] [-3.1235842147467294:3.3551485579594447] [-2.7849543755952819:3.605525571041051] [-1.6918708344134428:2.4242587004269534] [-0.8373225982113679:2.858320643730953] [-1.4254764335219154:2.3150528100985257] [-1.3964404897655887:0.96469534481147823]
tree_sizes=760 685 778 773 856 771 775 775 686 772 778 861 773 689 599 601 602 776 514 515 602 685 603 604 777 600 690 691 772 606 607 603 772 696 685 606 603 608 518 518 694 701 605 774 693 600 608 605 696 781 782 604 606 603 608 609 780 605 873 692 772 695 870 601 777 603 785 692 696 697 785 692 610 606 608 871 604 779 783 609 864 865 606 607 609 788 785 612 610 605 777 608 603 607 605 603 690 778 787 689 691 848 784 693 687 695 603 785 786 616 779 610 777 600 613 780 783 607 783 610

Tree=0
num_leaves=7
num_cat=0
split_feature=87 114 73 104 114 14
split_gain=10.6425 9.49066 5.92565 4.55982 2.25368 1.12479
threshold=1.9716471324835969 0.45011288733565313 1.5755902239562218 0.23633028634508327 -0.25960941602174525 0.13928926537512321
decision_type=2 2 2 2 2 2
left_child=1 2 -1 -3 -2 -6
right_child=4 3 -4 -5 5 -7
leaf_value=0.0046023072674870489 0.005024709850549698 0.0043810280284378679 0.0059242524206638333 0.0036794670671224591 0.0054964191466569902 0.0064726887643337255
leaf_weight=1467 54 336 54 189 63 48
leaf_count=1467 54 336 54 189 63 48
internal_value=0.0045753 0.00378355 0.00538539 -0.00084261 0.0142849 0.0175047
internal_weight=2211 2046 1521 525 165 111
internal_count=2211 2046 1521 525 165 111
is_linear=0
shrinkage=1


Tree=1
num_leaves=6
num_cat=0
split_feature=70 115 106 81 50
split_gain=9.4965 8.12459 8.35588 8.13875 1.88892
threshold=-1.2678832370769271 0.38887740153693101 0.94602129773233579 0.98127993266648983 0.28783041569799289
decision_type=2 2 2 2 2
left_child=4 2 -2 -3 -1
right_child=1 3 -4 -5 -6
leaf_value=0.0011484108838019892 0.00013612982630729675 -0.00046093255728483205 -0.00091481643915176394 0.0010664207562804222 0.00085944487825036057
leaf_weight=50 1419 567 78 57 40
leaf_count=50 1419 567 78 57 40
internal_value=2.71125e-05 -0.000518135 0.00108072 -0.00434505 0.0126087
internal_weight=2211 2121 1497 624 90
internal_count=2211 2121 1497 624 90
is_linear=0
shrinkage=0.04


Tree=2
num_leaves=7
num_cat=0
split_feature=69 106 115 92 110 78
split_gain=9.30039 11.2706 10.5316 4.38555 3.26061 3.04922
threshold=-1.2096801124775607 0.74967161821730011 0.71723463761908768 -0.6122821294793197 0.53998581345759955 0.83494336921576273
decision_type=2 2 2 2 2 2
left_child=4 2 -2 -3 5 -1
right_child=1 3 -4 -5 -6 -7
leaf_value=-3.0871724158525459e-05 8.3982336397282788e-05 0.00012328467935323717 -0.00076929337066411973 -0.00089964714378118515 0.0017643024312653578 0.00094711460831295696
leaf_weight=81 1605 45 204 159 54 63
leaf_count=81 1605 45 204 159 54 63
internal_value=-2.71125e-05 -0.000843672 0.000165654 -0.00970874 0.0082 0.00493151
internal_weight=2211 2013 1809 204 198 144
internal_count=2211 2013 1809 204 198 144
is_linear=0
shrinkage=0.04


Tree=3
num_leaves=7
num_cat=0
split_feature=69 100 115 110 94 78
split_gain=8.8537 10.6181 9.17427 3.42588 3.0787 2.7351
threshold=-1.2096801124775607 0.75695579471789143 0.71723463761908768 0.53998581345759955 0.3282567867508504 0.83494336921576273
decision_type=2 2 2 2 2 2
left_child=3 2 -2 5 -3 -1
right_child=1 4 -4 -5 -6 -7
leaf_value=-2.9636855192184431e-05 8.1286246513314557e-05 -0.0008341946588039398 -0.00080177262404717512 0.0016937303340147437 -8.5669138418920337e-05 0.00090923002398043875
leaf_weight=81 1623 147 195 54 48 63
leaf_count=81 1623 147 195 54 48 63
internal_value=-2.71125e-05 -0.000823821 0.000131868 0.008 -0.00964467 0.00465753
internal_weight=2211 2013 1818 198 195 144
internal_count=2211 2013 1818 198 195 144
is_linear=0
shrinkage=0.04


Tree=4
num_leaves=8
num_cat=0
split_feature=69 100 115 94 94 26 58
split_gain=7.91778 10.3225 7.57132 2.95174 2.93841 1.58382 1.52053
threshold=-1.2096801124775607 0.75695579471789143 0.71723463761908768 0.36065637475529339 0.3282567867508504 -0.77379041759841571 -1.3211064358981786
decision_type=2 2 2 2 2 2 2
left_child=3 2 -2 6 -3 -5 -1
right_child=1 4 -4 5 -6 -7 -8
leaf_value=0.0015900746250286579 7.8034796652781956e-05 -0.00080082687245178229 -0.00076970171908528808 0.00067575097571721972 -8.2242372882163531e-05 -0.00020760275672538652 0.00073763590457099238
leaf_weight=51 1623 147 195 43 48 47 57
leaf_count=51 1623 147 195 43 48 47 57
internal_value=9.03751e-06 -0.000744417 0.000197802 0.0076 -0.00944162 0.00217391 0.012
internal_weight=2211 2013 1818 198 195 90 108
internal_count=2211 2013 1818 198 195 90 108
is_linear=0
shrinkage=0.04


Tree=5
num_leaves=7
num_cat=0
split_feature=70 64 117 44 53 96
split_gain=8.46011 7.09542 9.54953 2.40553 2.07831 0.562924
threshold=-1.1884208545332162 1.0965129177279198 1.1454089718924536 0.53096866012062083 1.0000000180025095e-35 -0.092026409143417601
decision_type=2 2 2 2 2 2
left_child=3 2 -2 5 -3 -1
right_child=1 4 -4 -5 -6 -7
leaf_value=0.0010693482130593706 -3.0732968032648713e-05 7.745368272896942e-05 -0.0009462722353785172 0.00013621799955445502 0.00074840824669011874 0.00078898140744742943
leaf_weight=43 1841 59 122 46 45 55
leaf_count=43 1841 59 122 46 45 55
internal_value=9.03751e-06 -0.000647656 -0.00119084 0.00931507 0.00943396 0.0128
internal_weight=2211 2067 1963 144 104 98
internal_count=2211 2067 1963 144 104 98
is_linear=0
shrinkage=0.04


Tree=6
num_leaves=7
num_cat=0
split_feature=70 115 99 42 45 50
split_gain=8.46011 6.09999 7.14986 5.99557 2.37959 0.946586
threshold=-1.1884208545332162 0.21939614156567175 1.0764650657822683 -0.86215819312818331 0.72308175714906231 0.48919232550676217
decision_type=2 2 2 2 2 2
left_child=4 2 -2 -3 5 -1
right_child=1 3 -4 -5 -6 -7
leaf_value=0.00093848477229672197 0.00015015353889062265 0.00043291088307628636 -0.00069422557722559819 -0.00034803854745121007 8.3724735993051253e-05 0.00081950368116122385
leaf_weight=62 1212 88 96 671 40 42
leaf_count=62 1212 88 96 671 40 42
internal_value=9.03751e-06 -0.000647656 0.00100763 -0.0034954 0.00931507 0.0124528
internal_weight=2211 2067 1308 759 144 104
internal_count=2211 2067 1308 759 144 104
is_linear=0
shrinkage=0.04


Tree=7
num_leaves=7
num_cat=0
split_feature=70 115 106 66 45 50
split_gain=8.39456 6.32265 6.72388 6.6817 2.37959 0.946586
threshold=-1.1884208545332162 0.38887740153693101 0.94602129773233579 -1.5886699644569025 0.72308175714906231 0.48919232550676217
decision_type=2 2 2 2 2 2
left_child=4 2 -2 -3 5 -1
right_child=1 3 -4 -5 -6 -7
leaf_value=0.00090094538140485323 0.00010723784570245409 0.0010458517831883694 -0.00076472627509621173 -0.00041377512484203522 8.0375746553329182e-05 0.00078672353391477494
leaf_weight=62 1404 42 78 543 40 42
leaf_count=62 1404 42 78 543 40 42
internal_value=4.51875e-05 -0.00060899 0.000781671 -0.00412266 0.00931507 0.0124528
internal_weight=2211 2067 1482 585 144 104
internal_count=2211 2067 1482 585 144 104
is_linear=0
shrinkage=0.04


Tree=8
num_leaves=6
num_cat=0
split_feature=28 100 82 78 103
split_gain=7.92669 10.0688 6.50211 6.13255 2.4971
threshold=1.7342832875794421 0.75695579471789143 -0.67789441955680141 0.51630152677897978 0.67093976223505947
decision_type=2 2 2 2 2
left_child=1 2 -1 -3 -2
right_child=4 3 -4 -5 -6
leaf_value=-0.0010960588501460959 0.00010842321143006172 -0.00082121017668248142 6.5121027671534825e-05 -2.6642914629350021e-07 0.0011630718975042522
leaf_weight=60 40 140 1840 91 40
leaf_count=60 40 140 1840 91 40
internal_value=-9.03751e-06 -0.0004782 0.000483701 -0.00832618 0.0121951
internal_weight=2211 2131 1900 231 80
internal_count=2211 2131 1900 231 80
is_linear=0
shrinkage=0.04


Tree=9
num_leaves=7
num_cat=0
split_feature=87 78 64 42 101 34
split_gain=7.72528 6.58148 7.05246 3.26802 1.94319 0.841897
threshold=1.9716471324835969 1.1923210260761061 0.96666705068388215 -0.22239798660938723 0.20825902937609622 -0.51773606959885743
decision_type=2 2 2 2 2 2
left_child=1 2 -1 -3 5 -2
right_child=4 3 -4 -5 -6 -7
leaf_value=-0.00013928173310917175 0.00091187011720443632 0.00082550820353578466 0.00030630657861679082 0.00028888553645582834 0.00040474422747603222 0.001330912167977683
leaf_weight=1764 48 83 123 76 75 42
leaf_count=1764 48 83 123 76 75 42
internal_value=-9.03751e-06 -0.000683594 -0.00134463 0.00708075 0.00826347 0.0121739
internal_weight=2211 2046 1887 159 165 90
internal_count=2211 2046 1887 159 165 90
is_linear=0
shrinkage=0.04


Tree=10
num_leaves=7
num_cat=0
split_feature=69 106 64 108 110 78
split_gain=7.43287 8.8572 6.49647 4.59442 2.78342 2.43805
threshold=-1.2096801124775607 0.74967161821730011 0.96666705068388215 -0.40626684325345258 0.53998581345759955 0.83494336921576273
decision_type=2 2 2 2 2 2
left_child=4 2 -2 -3 5 -1
right_child=1 3 -4 -5 -6 -7
leaf_value=-3.8480459733421651e-05 -2.6855410011447482e-05 9.4439245027121214e-05 0.00039270759233789505 -0.00088580399861255073 0.0014187470360810645 0.00075673981478959537
leaf_weight=81 1692 54 117 150 54 63
leaf_count=81 1692 54 117 150 54 63
internal_value=4.51875e-05 -0.000684864 0.000209829 -0.00854369 0.0074 0.00438356
internal_weight=2211 2013 1809 204 198 144
internal_count=2211 2013 1809 204 198 144
is_linear=0
shrinkage=0.04


Tree=11
num_leaves=8
num_cat=0
split_feature=69 100 39 78 94 36 16
split_gain=7.06968 9.05914 5.43945 2.70543 2.5285 1.29024 1.21812
threshold=-1.2096801124775607 0.75695579471789143 -0.94153023909129663 0.26325913790155525 0.36501419506672245 -0.86155596378765298 -0.73929800564518244
decision_type=2 2 2 2 2 2 2
left_child=4 2 -2 -3 5 -1 -6
right_child=1 3 -4 -5 6 -7 -8
leaf_value=0.00071119624654973406 0.00042228519338422221 -0.00066088346606730131 -2.3667573890264817e-05 -0.00051504243038538592 0.00058614427298286822 0.001081841877986652 -0.00077309590259577764
leaf_weight=58 101 114 1717 81 43 53 44
leaf_count=58 101 114 1717 81 43 53 44
internal_value=2.71125e-05 -0.000684864 0.000197802 -0.00883249 0.0072 0.0111504 0.00202247
internal_weight=2211 2013 1818 195 198 111 87
internal_count=2211 2013 1818 195 198 111 87
is_linear=0
shrinkage=0.04


Tree=12
num_leaves=7
num_cat=0
split_feature=87 78 115 42 111 34
split_gain=6.30474 6.02663 6.5369 3.00408 2.77573 1.38536
threshold=2.1095240018308412 1.1923210260761061 0.45833965693821027 -0.22239798660938723 -0.67689946725670025 -0.51773606959885743
decision_type=2 2 2 2 2 2
left_child=1 2 -1 -3 5 -2
right_child=4 3 -4 -5 -6 -7
leaf_value=2.6240094616845467e-06 0.00071900094711874619 0.00076733704885408244 -0.00040113747850900535 0.00026660888521823432 0.00011073343182999464 0.0011388912885657997
leaf_weight=1422 48 83 483 76 48 51
leaf_count=1422 48 83 483 76 48 51
internal_value=-2.71125e-05 -0.000600194 -0.00122706 0.0068323 0.00791946 0.0116832
internal_weight=2211 2064 1905 159 147 99
internal_count=2211 2064 1905 159 147 99
is_linear=0
shrinkage=0.04


Tree=13
num_leaves=6
num_cat=0
split_feature=70 117 98 25 44
split_gain=6.61388 5.39151 6.33636 4.32616 2.08603
threshold=-1.1884208545332162 1.1454089718924536 1.3471050535224125 0.3464872624950322 0.10399960388607161
decision_type=2 2 2 2 2
left_child=4 2 -2 -3 -1
right_child=1 3 -4 -5 -6
leaf_value=0.0008336266580004295 -2.8180364733498847e-05 -0.00087559783260895171 0.0014210273645493541 5.6739064965088186e-05 0.00027225846826269494
leaf_weight=65 1842 100 78 47 79
leaf_count=65 1842 100 78 47 79
internal_value=-9.03751e-06 -0.000589657 -2.08117e-05 -0.00791946 0.00821918
internal_weight=2211 2067 1920 147 144
internal_count=2211 2067 1920 147 144
is_linear=0
shrinkage=0.04


Tree=14
num_leaves=5
num_cat=0
split_feature=87 16 117 62
split_gain=5.98143 5.43411 5.20825 1.07433
threshold=2.663998809100351 -1.0731336964094089 0.85997026063017501 -1.1531704244699252
decision_type=2 2 2 2
left_child=1 3 -3 -1
right_child=-2 2 -4 -5
leaf_value=0.0002541587611793853 0.00085872380356909455 -7.2500317006851932e-06 -0.00059580291353915154 0.0010520545279222354
leaf_weight=40 60 1848 223 40
leaf_count=40 60 1848 223 40
internal_value=9.03751e-06 -0.000343706 -0.000742885 0.0097561
internal_weight=2211 2151 2071 80
internal_count=2211 2151 2071 80
is_linear=0
shrinkage=0.04


Tree=15
num_leaves=5
num_cat=0
split_feature=87 16 115 100
split_gain=5.96381 4.90286 5.60984 1.33566
threshold=2.663998809100351 -1.0731336964094089 0.45833965693821027 0.22655416193494002
decision_type=2 2 2 2
left_child=1 3 -3 -1
right_child=-2 2 -4 -5
leaf_value=0.00052470505636563621 0.00082437485142633081 2.5746075720365739e-05 -0.00037937196914288707 0.0010069732387073282
leaf_weight=40 60 1551 520 40
leaf_count=40 60 1551 520 40
internal_value=2.71125e-05 -0.000325128 -0.000704293 0.00926829
internal_weight=2211 2151 2071 80
internal_count=2211 2151 2071 80
is_linear=0
shrinkage=0.04


Tree=16
num_leaves=5
num_cat=0
split_feature=87 78 100 42
split_gain=5.92863 4.77026 5.90779 2.50952
threshold=2.663998809100351 1.1923210260761061 0.81992975657889366 -0.22239798660938723
decision_type=2 2 2 2
left_child=1 2 -1 -3
right_child=-2 3 -4 -5
leaf_value=-1.2662007685159787e-05 0.00079139985736927771 0.00073703093972847186 -0.00056447317502440969 0.00025633190263805766
leaf_weight=1827 60 83 165 76
leaf_count=1827 60 83 165 76
internal_value=6.32625e-05 -0.00028797 -0.000822467 0.0063354
internal_weight=2211 2151 1992 159
internal_count=2211 2151 1992 159
is_linear=0
shrinkage=0.04


Tree=17
num_leaves=7
num_cat=0
split_feature=69 106 81 108 47 59
split_gain=5.51757 7.43691 4.85135 3.9097 2.26089 2.39406
threshold=-1.2096801124775607 0.74967161821730011 -1.132837461907211 -0.40626684325345258 -0.28362966092321945 1.6360780884140409
decision_type=2 2 2 2 2 2
left_child=4 2 -2 -3 -1 -6
right_child=1 3 -4 -5 5 -7
leaf_value=-4.0984825818916328e-05 -0.00045603344659909034 0.00016939671391950954 5.2333116858902311e-05 -0.00075814782468270833 0.0010552812718572211 1.7136335916005315e-06
leaf_weight=47 90 54 1719 150 110 41
leaf_count=47 90 54 1719 150 110 41
internal_value=6.32625e-05 -0.000565757 0.000254003 -0.00776699 0.0064 0.00875817
internal_weight=2211 2013 1809 204 198 151
internal_count=2211 2013 1809 204 198 151
is_linear=0
shrinkage=0.04


Tree=18
num_leaves=4
num_cat=0
split_feature=87 78 64
split_gain=5.36794 4.59933 4.82488
threshold=2.663998809100351 1.8196584304531511 0.96666705068388215
decision_type=2 2 2
left_child=1 2 -1
right_child=-2 -3 -4
leaf_value=-7.125262547361538e-05 0.00075765053840015032 0.00081806360770896079 0.00030734774535067741
leaf_weight=1962 60 63 126
leaf_count=1962 60 63 126
internal_value=9.03751e-06 -0.000325128 -0.000650718
internal_weight=2211 2151 2088
internal_count=2211 2151 2088
is_linear=0
shrinkage=0.04


Tree=19
num_leaves=4
num_cat=0
split_feature=87 78 64
split_gain=5.35124 4.58306 4.80042
threshold=2.663998809100351 1.8196584304531511 0.96666705068388215
decision_type=2 2 2
left_child=1 2 -1
right_child=-2 -3 -4
leaf_value=-6.8402520454670761e-05 0.00072734451686414436 0.00078534106340060242 0.00029505383553665027
leaf_weight=1962 60 63 126
leaf_count=1962 60 63 126
internal_value=2.71125e-05 -0.000306549 -0.000631579
internal_weight=2211 2151 2088
internal_count=2211 2151 2088
is_linear=0
shrinkage=0.04


Tree=20
num_leaves=5
num_cat=0
split_feature=87 16 114 100
split_gain=5.35124 4.39894 5.25794 1.62021
threshold=2.663998809100351 -1.0731336964094089 0.45011288733565313 0.22655416193494002
decision_type=2 2 2 2
left_child=1 3 -3 -1
right_child=-2 2 -4 -5
leaf_value=0.00048839938248394787 0.00069825073618957857 2.8228559021337696e-05 -0.00027365018984640326 0.00096268332054138151
leaf_weight=40 60 1540 531 40
leaf_count=40 60 1540 531 40
internal_value=2.71125e-05 -0.000306549 -0.000665702 0.00878049
internal_weight=2211 2151 2071 80
internal_count=2211 2151 2071 80
is_linear=0
shrinkage=0.04


Tree=21
num_leaves=6
num_cat=0
split_feature=28 106 81 103 18
split_gain=5.0188 8.76865 4.74393 3.741 3.39644
threshold=1.7342832875794421 0.93675756995096049 -1.132837461907211 0.67093976223505947 -0.71791422395750804
decision_type=2 2 2 2 2
left_child=1 2 -1 -2 -3
right_child=3 4 -4 -5 -6
leaf_value=-0.00042401773286923665 3.3789842550763002e-05 6.9215386552870165e-05 6.1154614271935337e-05 0.0010393198123590367 -0.00087462897327418901
leaf_weight=96 40 40 1871 40 124
leaf_count=96 40 40 1871 40 124
internal_value=4.51875e-05 -0.000328176 0.000416455 0.0097561 -0.00915663
internal_weight=2211 2131 1967 80 164
internal_count=2211 2131 1967 80 164
is_linear=0
shrinkage=0.04


Tree=22
num_leaves=5
num_cat=0
split_feature=87 64 73 103
split_gain=4.72471 4.08134 6.03505 3.52515
threshold=2.663998809100351 0.96666705068388215 -1.1858756051884274 -0.40505819103708168
decision_type=2 2 2 2
left_child=1 2 -1 -3
right_child=-2 3 -4 -5
leaf_value=-0.00058246620335486747 0.00066787452217111803 0.00098489966589996539 -1.4156609409125796e-05 0.00017092789511899181
leaf_weight=97 60 40 1927 87
leaf_count=97 60 40 1927 87
internal_value=8.13376e-05 -0.000232234 -0.000671273 0.00666667
internal_weight=2211 2151 2024 127
internal_count=2211 2151 2024 127
is_linear=0
shrinkage=0.04


Tree=23
num_leaves=5
num_cat=0
split_feature=87 78 106 25
split_gain=4.72471 4.69042 5.0046 2.19578
threshold=2.663998809100351 1.1923210260761061 0.93675756995096049 -0.33401811159254746
decision_type=2 2 2 2
left_child=1 2 -1 -3
right_child=-2 3 -4 -5
leaf_value=-1.7686113896472657e-05 0.00064115954128427324 -0.00013552010976344798 -0.00047858510297784735 0.0006417064167366939
leaf_weight=1851 60 48 141 111
leaf_count=1851 60 48 141 111
internal_value=8.13376e-05 -0.000232234 -0.000762287 0.0063354
internal_weight=2211 2151 1992 159
internal_count=2211 2151 1992 159
is_linear=0
shrinkage=0.04


Tree=24
num_leaves=7
num_cat=0
split_feature=69 99 47 93 91 79
split_gain=4.87885 6.19531 4.57523 3.35005 2.11554 2.07161
threshold=-1.2569109801887473 1.0469148707269123 0.37512763574432056 0.35401717614268119 0.98394752507809957 0.47626907924560297
decision_type=2 2 2 2 2 2
left_child=4 2 -2 -3 5 -1
right_child=1 3 -4 -5 -6 -7
leaf_value=0.00015425289930038027 -6.2916007876842359e-05 -0.00058754864059702466 0.00022041166707265628 2.487189550844344e-05 -3.1599232563848665e-05 0.0011166791166420614
leaf_weight=57 1253 135 571 72 48 75
leaf_count=57 1253 135 571 72 48 75
internal_value=9.94126e-05 -0.000462371 0.000284775 -0.00698565 0.00637363 0.00895522
internal_weight=2211 2031 1824 207 180 132
internal_count=2211 2031 1824 207 180 132
is_linear=0
shrinkage=0.04


Tree=25
num_leaves=5
num_cat=0
split_feature=87 64 73 103
split_gain=4.7404 4.10332 6.01033 3.52515
threshold=2.663998809100351 0.96666705068388215 -1.1858756051884274 -0.40505819103708168
decision_type=2 2 2 2
left_child=1 2 -1 -3
right_child=-2 3 -4 -5
leaf_value=-0.00055904764299673953 0.0005944467319841314 0.00094306121063590935 -1.0366260161828179e-05 0.0001559817571871848
leaf_weight=97 60 40 1927 87
leaf_count=97 60 40 1927 87
internal_value=6.32625e-05 -0.000250813 -0.000691017 0.00666667
internal_weight=2211 2151 2024 127
internal_count=2211 2151 2024 127
is_linear=0
shrinkage=0.04


Tree=26
num_leaves=6
num_cat=0
split_feature=81 102 39 37 15
split_gain=4.29897 5.45324 6.2364 5.25725 3.85293
threshold=-1.132837461907211 -0.32227598034762223 -0.94153023909129663 1.0318238116523335 -0.11873897659864503
decision_type=2 2 2 2 2
left_child=4 3 -3 -2 -1
right_child=1 2 -4 -5 -6
leaf_value=2.0434237515074616e-05 0.00013662501534115795 0.00032202180056033718 -0.00010590161192035666 0.00090089562500729773 -0.0010100783895023002
leaf_weight=45 590 87 1318 120 51
leaf_count=45 590 87 1318 120 51
internal_value=2.71125e-05 0.000406235 -0.00103767 0.00325843 -0.00816327
internal_weight=2211 2115 1405 710 96
internal_count=2211 2115 1405 710 96
is_linear=0
shrinkage=0.04


Tree=27
num_leaves=6
num_cat=0
split_feature=81 102 39 37 15
split_gain=4.33696 4.69296 6.06517 4.60143 3.85293
threshold=-1.132837461907211 -0.32227598034762223 -0.94153023909129663 1.0318238116523335 -0.11873897659864503
decision_type=2 2 2 2 2
left_child=4 3 -3 -2 -1
right_child=1 2 -4 -5 -6
leaf_value=1.9616868014471633e-05 0.00013116001472751165 0.0003091409285379237 -0.0001016655474435424 0.00086485980000700568 -0.00096967525392220827
leaf_weight=45 590 87 1318 120 51
leaf_count=45 590 87 1318 120 51
internal_value=6.32625e-05 0.000444025 -0.000895522 0.00308989 -0.00816327
internal_weight=2211 2115 1405 710 96
internal_count=2211 2115 1405 710 96
is_linear=0
shrinkage=0.04


Tree=28
num_leaves=7
num_cat=0
split_feature=16 106 28 81 90 18
split_gain=4.29792 4.69455 5.10556 4.97543 3.13529 1.52579
threshold=-0.90690058338801771 0.75498190198200466 1.2389684684369338 -1.132837461907211 0.14406399614874107 -0.93616884379192111
decision_type=2 2 2 2 2 2
left_child=4 3 -3 -2 -1 -6
right_child=1 2 -4 -5 5 -7
leaf_value=-3.6552517493619074e-05 -0.00045433549489439098 -0.00066495096109216308 0.0005576654559886978 3.8071406003568102e-05 0.00072584101309872194 0.00058642038139041289
leaf_weight=72 86 178 40 1727 61 47
leaf_count=72 86 178 40 1727 61 47
internal_value=4.51875e-05 -0.000482046 -0.006 0.000187328 0.00593407 0.0101818
internal_weight=2211 2031 218 1813 180 108
internal_count=2211 2031 218 1813 180 108
is_linear=0
shrinkage=0.04


Tree=29
num_leaves=5
num_cat=0
split_feature=82 99 28 66
split_gain=4.24051 5.09712 4.41917 3.48878
threshold=-0.67789441955680141 -0.89981273846092391 1.8586256700331949 0.045980082958393252
decision_type=2 2 2 2
left_child=-1 3 -3 -2
right_child=1 2 -4 -5
leaf_value=-0.00091807944268984391 4.3886243838758205e-05 -3.7268536475322278e-05 0.00075245064195245018 0.00076737415833746296
leaf_weight=60 93 1889 62 107
leaf_count=60 93 1889 62 107
internal_value=-9.03751e-06 0.00028797 -0.000337942 0.00633663
internal_weight=2211 2151 1951 200
internal_count=2211 2151 1951 200
is_linear=0
shrinkage=0.04


Tree=30
num_leaves=5
num_cat=0
split_feature=28 105 115 94
split_gain=4.10757 5.19889 6.03068 3.95583
threshold=2.1386323937339946 1.0581453356359753 0.9636024070290109 0.26774931640631455
decision_type=2 2 2 2
left_child=1 2 -1 -3
right_child=-2 3 -4 -5
leaf_value=7.5066255851949059e-05 0.00072716868066563729 -0.00051516498402118553 -0.00070411994709649066 1.2380535362585752e-05
leaf_weight=1782 40 126 170 93
leaf_count=1782 40 126 170 93
internal_value=-9.03751e-06 -0.000248504 0.000409417 -0.00606335
internal_weight=2211 2171 1952 219
internal_count=2211 2171 1952 219
is_linear=0
shrinkage=0.04


Tree=31
num_leaves=5
num_cat=0
split_feature=28 99 82 12
split_gain=4.0956 4.99796 4.11086 4.00058
threshold=2.1386323937339946 1.0469148707269123 -0.67789441955680141 -0.87122806257674623
decision_type=2 2 2 2
left_child=1 2 -1 -3
right_child=-2 3 -4 -5
leaf_value=-0.00088435891521632809 0.00069808193343901177 0.00024260657659515192 4.912374220158779e-05 -0.00044016224619533958
leaf_weight=60 40 42 1866 203
leaf_count=60 40 42 1866 203
internal_value=9.03751e-06 -0.000230097 0.000456432 -0.00558704
internal_weight=2211 2171 1926 245
internal_count=2211 2171 1926 245
is_linear=0
shrinkage=0.04


Tree=32
num_leaves=7
num_cat=0
split_feature=78 64 60 42 103 8
split_gain=3.93743 4.19929 4.7937 3.13205 2.88594 0.484848
threshold=1.1923210260761061 0.96666705068388215 0.74601659468498749 -0.23770789445188154 -0.40505819103708168 -0.1266650321831285
decision_type=2 2 2 2 2 2
left_child=1 2 -1 5 -3 -2
right_child=3 4 -4 -5 -6 -7
leaf_value=-3.2256352885399569e-05 0.00081250066083698416 0.00088304183619685036 -0.0008958076668679738 0.00014485608398900142 0.00013955251828886401 0.00047277455521153449
leaf_weight=1870 42 40 58 77 84 40
leaf_count=1870 42 40 58 77 84 40
internal_value=6.32625e-05 -0.000408958 -0.000870466 0.00608696 0.00666667 0.0114286
internal_weight=2211 2052 1928 159 124 82
internal_count=2211 2052 1928 159 124 82
is_linear=0
shrinkage=0.04


Tree=33
num_leaves=6
num_cat=0
split_feature=42 28 106 13 75
split_gain=4.12217 5.91713 6.28747 4.22667 3.00795
threshold=-0.76909651167084625 1.8586256700331949 0.93675756995096049 -0.55528363832564775 0.69569228271874295
decision_type=2 2 2 2 2
left_child=3 2 -2 -1 -5
right_child=1 -3 -4 4 -6
leaf_value=-0.00070273365498404203 -1.3862447903174182e-05 0.00081105179725460264 -0.00061430574735448352 0.00034038502531764643 0.00095926180774686635
leaf_weight=47 1744 43 145 153 79
leaf_count=47 1744 43 145 153 79
internal_value=9.94126e-05 -0.000558428 -0.000898995 0.00462633 0.00683761
internal_weight=2211 1932 1889 279 232
internal_count=2211 1932 1889 279 232
is_linear=0
shrinkage=0.04


Tree=34
num_leaves=6
num_cat=0
split_feature=70 78 64 44 98
split_gain=3.90646 4.1451 4.31745 2.14063 1.06634
threshold=-1.2109399471173485 1.8196584304531511 0.96666705068388215 0.53096866012062083 0.31702061770175954
decision_type=2 2 2 2 2
left_child=3 2 -2 4 -1
right_child=1 -3 -4 -5 -6
leaf_value=0.000389518888161626 -7.4750487291973415e-05 0.00068698582511267348 0.00024321881376874042 -9.5238711272458451e-05 0.00096069063176284391
leaf_weight=51 1886 63 127 42 42
leaf_count=51 1886 63 127 42 42
internal_value=2.71125e-05 -0.000404235 -0.000724566 0.00656934 0.00989474
internal_weight=2211 2076 2013 135 93
internal_count=2211 2076 2013 135 93
is_linear=0
shrinkage=0.04


Tree=35
num_leaves=5
num_cat=0
split_feature=78 70 80 45
split_gain=3.81511 3.95291 3.78774 2.77793
threshold=1.8196584304531511 -1.2109399471173485 -0.32162994239007203 0.64857049088320762
decision_type=2 2 2 2
left_child=1 3 -3 -1
right_child=-2 2 -4 -5
leaf_value=0.00066259213564534027 0.00065950639210816649 0.00012552768267882317 -0.00012197124814708136 -9.1429162821560117e-05
leaf_weight=89 63 717 1296 46
leaf_count=89 63 717 1296 46
internal_value=-9.03751e-06 -0.000297674 -0.000744417 0.00627737
internal_weight=2211 2148 2013 135
internal_count=2211 2148 2013 135
is_linear=0
shrinkage=0.04


Tree=36
num_leaves=5
num_cat=0
split_feature=78 70 64 64
split_gain=3.77193 3.84713 3.91777 1.95537
threshold=1.8196584304531511 -1.1884208545332162 0.96666705068388215 -0.48149357230206385
decision_type=2 2 2 2
left_child=1 3 -3 -1
right_child=-2 2 -4 -5
leaf_value=0.00076315364875962233 0.0006331261364238397 -7.4145501356231964e-05 0.00023836891114387409 0.00026689797492343277
leaf_weight=40 63 1877 127 104
leaf_count=40 63 1877 127 104
internal_value=4.51875e-05 -0.00024186 -0.000697906 0.0060274
internal_weight=2211 2148 2004 144
internal_count=2211 2148 2004 144
is_linear=0
shrinkage=0.04


Tree=37
num_leaves=5
num_cat=0
split_feature=78 87 68 101
split_gain=3.81511 3.53321 6.38245 2.31949
threshold=1.8196584304531511 1.3740940160118018 0.96874505877979866 0.73325495706788157
decision_type=2 2 2 2
left_child=1 2 -1 -3
right_child=-2 3 -4 -5
leaf_value=-2.7199864147102459e-06 0.00060780109096688619 0.00050191376187272939 -0.00063765615527789385 -0.00014297320111479958
leaf_weight=1701 63 186 201 60
leaf_count=1701 63 186 201 60
internal_value=-9.03751e-06 -0.000297674 -0.000882353 0.00419355
internal_weight=2211 2148 1902 246
internal_count=2211 2148 1902 246
is_linear=0
shrinkage=0.04


Tree=38
num_leaves=4
num_cat=0
split_feature=78 82 99
split_gain=3.7863 3.53835 4.38402
threshold=1.8196584304531511 -0.67789441955680141 -0.89981273846092391
decision_type=2 2 2
left_child=1 -1 -3
right_child=-2 2 -4
leaf_value=-0.00080138000825563985 0.00058348904732821066 0.00040821946771452323 -3.9501535791845149e-05
leaf_weight=60 63 194 1894
leaf_count=60 63 194 1894
internal_value=2.71125e-05 -0.000260465 1.91388e-05
internal_weight=2211 2148 2088
internal_count=2211 2148 2088
is_linear=0
shrinkage=0.04


Tree=39
num_leaves=4
num_cat=0
split_feature=78 82 99
split_gain=3.77193 3.55234 4.35463
threshold=1.8196584304531511 -0.67789441955680141 -0.89981273846092391
decision_type=2 2 2
left_child=1 -1 -3
right_child=-2 2 -4
leaf_value=-0.00076932480792541423 0.00056014948543508223 0.00039189068900594224 -3.7921474360171333e-05
leaf_weight=60 63 194 1894
leaf_count=60 63 194 1894
internal_value=4.51875e-05 -0.00024186 3.82775e-05
internal_weight=2211 2148 2088
internal_count=2211 2148 2088
is_linear=0
shrinkage=0.04


Tree=40
num_leaves=6
num_cat=0
split_feature=73 44 95 72 57
split_gain=3.76601 4.17277 4.27119 3.64262 2.92424
threshold=-1.175203068792545 -0.058931567067259057 -0.68349414447525658 -1.1547843649842837 -0.031863018234023287
decision_type=2 2 2 2 2
left_child=4 3 -3 -2 -1
right_child=1 2 -4 -5 -6
leaf_value=9.5607252777010432e-05 0.00048128979580408016 0.00030934521845134467 -0.00012035648888211487 0.00013245562822549194 -0.00052572653859054241
leaf_weight=42 55 200 927 908 79
leaf_count=42 55 200 927 908 79
internal_value=0.000135563 0.000535373 -0.00111603 0.00246632 -0.00666667
internal_weight=2211 2090 1127 963 121
internal_count=2211 2090 1127 963 121
is_linear=0
shrinkage=0.04


Tree=41
num_leaves=6
num_cat=0
split_feature=73 110 42 28 57
split_gain=3.76601 3.90375 5.38531 5.21889 2.92424
threshold=-1.175203068792545 0.75664397483738888 -0.76909651167084625 -0.037214152781017744 -0.031863018234023287
decision_type=2 2 2 2 2
left_child=4 2 -2 -3 -1
right_child=1 3 -4 -5 -6
leaf_value=9.1782962665930027e-05 0.00042509187581317806 -5.2247985087071068e-05 -7.3742756254221585e-05 0.00042839155972498183 -0.00050469747704692065
leaf_weight=42 212 185 1467 226 79
leaf_count=42 212 185 1467 226 79
internal_value=0.000135563 0.000535373 -0.000321237 0.00401937 -0.00666667
internal_weight=2211 2090 1679 411 121
internal_count=2211 2090 1679 411 121
is_linear=0
shrinkage=0.04


Tree=42
num_leaves=5
num_cat=0
split_feature=78 73 57 35
split_gain=3.77193 3.46886 3.89806 3.68051
threshold=1.8196584304531511 -1.1208901003536231 -0.038751037625414805 0.61342023580205518
decision_type=2 2 2 2
left_child=1 2 -1 -3
right_child=-2 3 -4 -5
leaf_value=0.00020022191562026433 0.00052887024400747619 5.6100877609541884e-05 -0.00047722172527195393 -0.00017858808785894416
leaf_weight=42 63 1666 94 346
leaf_count=42 63 1666 94 346
internal_value=4.51875e-05 -0.00024186 -0.00637681 0.000178749
internal_weight=2211 2148 136 2012
internal_count=2211 2148 136 2012
is_linear=0
shrinkage=0.04


Tree=43
num_leaves=7
num_cat=0
split_feature=73 44 101 57 72 4
split_gain=3.91083 4.03266 5.09281 3.86665 3.51271 2.03707
threshold=-1.1208901003536231 -0.06458148359472686 -0.73411223168374395 -0.038751037625414805 -1.1547843649842837 0.29618365557195908
decision_type=2 2 2 2 2 2
left_child=3 4 -3 -1 -2 -5
right_child=1 2 -4 5 -6 -7
leaf_value=0.00019221303899545378 0.00046480782660701333 0.00032226934290188958 -0.0001232087079747579 -0.0006903243839881751 0.00012330058418362228 -0.00016071517094436895
leaf_weight=42 54 203 920 46 895 51
leaf_count=42 54 203 920 46 895 51
internal_value=6.32625e-05 0.000501446 -0.00112 -0.00638298 0.00241851 -0.0107071
internal_weight=2211 2072 1123 139 949 97
internal_count=2211 2072 1123 139 949 97
is_linear=0
shrinkage=0.04


Tree=44
num_leaves=6
num_cat=0
split_feature=14 35 67 47 11
split_gain=3.5323 7.9125 4.9833 4.60452 3.44524
threshold=-0.74058655188087019 1.0024421393555933 -0.94255575040699624 0.37512763574432056 -0.97105971868431162
decision_type=2 2 2 2 2
left_child=2 3 -1 -2 -4
right_child=1 -3 4 -5 -6
leaf_value=0.00081200784968040623 -8.0034382490173662e-05 -0.0010415500160588186 -0.00019509802643149905 0.00017883667013622636 0.00030649671841723425
leaf_weight=46 1258 59 114 570 164
leaf_count=46 1258 59 114 570 164
internal_value=8.13376e-05 -0.000582319 0.00392638 -0.00010929 0.00185714
internal_weight=2211 1887 324 1828 278
internal_count=2211 1887 324 1828 278
is_linear=0
shrinkage=0.04


Tree=45
num_leaves=5
num_cat=0
split_feature=78 70 109 45
split_gain=3.74328 3.50367 4.80503 2.24679
threshold=1.8196584304531511 -1.2109399471173485 0.5497151774629806 0.68371334137654494
decision_type=2 2 2 2
left_child=1 3 -3 -1
right_child=-2 2 -4 -5
leaf_value=0.00059073355874552204 0.00050598478617943916 -8.538151882256442e-05 0.00015376295613622466 -0.0001528272119354139
leaf_weight=95 63 1530 483 40
leaf_count=95 63 1530 483 40
internal_value=8.13376e-05 -0.000204651 -0.00062531 0.0059854
internal_weight=2211 2148 2013 135
internal_count=2211 2148 2013 135
is_linear=0
shrinkage=0.04


Tree=46
num_leaves=5
num_cat=0
split_feature=78 99 72 45
split_gain=3.85853 3.47776 4.00926 3.51994
threshold=1.8196584304531511 -0.89981273846092391 0.71298125277764723 0.60334180309782937
decision_type=2 2 2 2
left_child=1 2 -1 -3
right_child=-2 3 -4 -5
leaf_value=0.00043207163944554493 0.00048574539473226168 -8.3900613151456115e-05 -0.00086152199707408895 0.00022366905346961585
leaf_weight=170 63 1466 42 470
leaf_count=170 63 1466 42 470
internal_value=-6.32625e-05 -0.000353488 0.00448598 -0.000887513
internal_weight=2211 2148 212 1936
internal_count=2211 2148 212 1936
is_linear=0
shrinkage=0.04


Tree=47
num_leaves=5
num_cat=0
split_feature=28 99 115 14
split_gain=3.5336 4.31754 4.49321 3.63434
threshold=2.1386323937339946 0.90150913321561543 0.9636024070290109 -0.39657443022899436
decision_type=2 2 2 2
left_child=1 2 -1 -3
right_child=-2 3 -4 -5
leaf_value=6.9214238525314062e-05 0.00058545194296398962 3.6157045744200053e-05 -0.00047038210212930809 -0.0004767798626005751
leaf_weight=1723 40 96 151 201
leaf_count=1723 40 96 151 201
internal_value=-6.32625e-05 -0.00028532 0.000426439 -0.00474916
internal_weight=2211 2171 1874 297
internal_count=2211 2171 1874 297
is_linear=0
shrinkage=0.04


Tree=48
num_leaves=6
num_cat=0
split_feature=73 110 80 28 45
split_gain=3.54928 4.16193 4.974 4.58519 2.31285
threshold=-1.175203068792545 0.75664397483738888 0.0060162645741870481 -0.037214152781017744 0.16915461333567294
decision_type=2 2 2 2 2
left_child=4 2 -2 -3 -1
right_child=1 3 -4 -5 -6
leaf_value=-0.00055338457651656547 0.00011985291824043188 -4.521134852331417e-05 -0.00019399430079352042 0.00040518345221220945 8.6806922303393945e-05
leaf_weight=79 902 185 777 226 42
leaf_count=79 902 185 777 226 42
internal_value=-6.32625e-05 0.000325048 -0.000559191 0.00392252 -0.00666667
internal_weight=2211 2090 1679 411 121
internal_count=2211 2090 1679 411 121
is_linear=0
shrinkage=0.04


Tree=49
num_leaves=7
num_cat=0
split_feature=16 41 82 63 44 92
split_gain=3.72921 3.99434 5.92561 4.26204 3.03859 2.39754
threshold=-0.90690058338801771 0.57934276482278368 0.71067113574675844 0.73326141515938781 0.73214001620297009 -0.22974709521037451
decision_type=2 2 2 2 2 2
left_child=4 3 -3 -2 5 -1
right_child=1 2 -4 -5 -6 -7
leaf_value=0.0010545392157637324 -0.00013284314117461042 1.2947158523787285e-06 0.00049852790337420402 0.00020668218226343985 -2.9711847589602366e-05 0.00023427672348802438
leaf_weight=49 1370 329 119 213 73 58
leaf_count=49 1370 329 119 213 73 58
internal_value=9.03751e-06 -0.000482046 0.00284444 -0.00142587 0.00549451 0.00972477
internal_weight=2211 2031 448 1583 180 107
internal_count=2211 2031 448 1583 180 107
is_linear=0
shrinkage=0.04


Tree=50
num_leaves=7
num_cat=0
split_feature=16 114 35 95 116 60
split_gain=3.43637 3.57099 5.0988 4.83274 2.86415 3.8926
threshold=-0.90690058338801771 0.46684858568257742 -0.118367457602348 0.98982018868791177 -0.12793580597939139 -1.1763562092051527
decision_type=2 2 2 2 2 2
left_child=4 3 -3 -2 -1 -6
right_child=1 2 -4 -5 5 -7
leaf_value=0.0007618679627654643 7.6197668797779489e-05 -0.00061025689184067628 1.4056653472308374e-05 -0.00038367792855998597 0.00054422350093433561 -0.00014562703458867747
leaf_weight=44 1399 237 290 105 65 71
leaf_count=44 1399 237 290 105 65 71
internal_value=9.03751e-06 -0.000462371 -0.00328922 0.000531208 0.00527473 0.00231884
internal_weight=2211 2031 527 1504 180 136
internal_count=2211 2031 527 1504 180 136
is_linear=0
shrinkage=0.04


Tree=51
num_leaves=5
num_cat=0
split_feature=28 99 115 23
split_gain=3.55584 3.74887 3.7 3.32072
threshold=2.1386323937339946 0.90150913321561543 0.9636024070290109 -0.73341725116799317
decision_type=2 2 2 2
left_child=1 2 -1 -3
right_child=-2 3 -4 -5
leaf_value=6.2266730345602941e-05 0.00054126196032959733 0.00015016446667489263 -0.00043028170513226358 -0.00037556183633901709
leaf_weight=1723 40 58 151 239
leaf_count=1723 40 58 151 239
internal_value=-9.94126e-05 -0.000322135 0.000341151 -0.00448161
internal_weight=2211 2171 1874 297
internal_count=2211 2171 1874 297
is_linear=0
shrinkage=0.04


Tree=52
num_leaves=5
num_cat=0
split_feature=82 99 69 66
split_gain=3.68492 3.6705 3.49654 3.33179
threshold=-0.67789441955680141 -0.89981273846092391 -1.5246456623801912 0.045980082958393252
decision_type=2 2 2 2
left_child=-1 3 -3 -2
right_child=1 2 -4 -5
leaf_value=-0.00077389904488327395 -1.0313253578532432e-05 0.00067863957822112493 -2.6511435469465315e-05 0.0005961712338275818
leaf_weight=60 93 99 1852 107
leaf_count=60 93 99 1852 107
internal_value=-6.32625e-05 0.000213655 -0.00031746 0.00534653
internal_weight=2211 2151 1951 200
internal_count=2211 2151 1951 200
is_linear=0
shrinkage=0.04


Tree=53
num_leaves=5
num_cat=0
split_feature=28 44 100 103
split_gain=3.54471 3.49421 4.4877 4.22542
threshold=2.1386323937339946 -0.28322435821562447 -0.97870397414839549 1.21505252129457
decision_type=2 2 2 2
left_child=1 2 -1 -3
right_child=-2 3 -4 -5
leaf_value=0.00048552622750429959 0.00052067193933519221 -3.9250620258430655e-05 3.724428591949952e-05 -0.00049777273355392513
leaf_weight=97 40 1382 612 80
leaf_count=97 40 1382 612 80
internal_value=-8.13376e-05 -0.000303728 0.00199719 -0.00142077
internal_weight=2211 2171 709 1462
internal_count=2211 2171 709 1462
is_linear=0
shrinkage=0.04


Tree=54
num_leaves=5
num_cat=0
split_feature=28 99 115 37
split_gain=3.56698 3.97872 4.25083 2.88073
threshold=2.1386323937339946 1.0764650657822683 0.9636024070290109 0.51276261558280345
decision_type=2 2 2 2
left_child=1 2 -1 -3
right_child=-2 3 -4 -5
leaf_value=5.6311852252639503e-05 0.00049984506176178444 -0.00047765936621317959 -0.00058138091411959626 -1.5711632682795483e-05
leaf_weight=1786 40 101 158 126
leaf_count=1786 40 101 158 126
internal_value=-0.000117488 -0.000340543 0.00024666 -0.00532751
internal_weight=2211 2171 1944 227
internal_count=2211 2171 1944 227
is_linear=0
shrinkage=0.04


Tree=55
num_leaves=5
num_cat=0
split_feature=41 108 91 91
split_gain=3.39337 3.63889 5.05515 2.84131
threshold=-1.2493367275416161 -0.78558749019368723 0.7939592751718928 0.63805300555541578
decision_type=2 2 2 2
left_child=-1 3 -3 -2
right_child=1 2 -4 -5
leaf_value=0.00045626893406404574 3.7452720399789491e-05 -1.7610524435609647e-05 -0.00059233860140608897 0.00048031876511164725
leaf_weight=63 194 1712 123 119
leaf_count=63 194 1712 123 119
internal_value=-8.13376e-05 -0.000353488 -0.0010343 0.00361905
internal_weight=2211 2148 1835 313
internal_count=2211 2148 1835 313
is_linear=0
shrinkage=0.04


Tree=56
num_leaves=7
num_cat=0
split_feature=73 35 41 39 57 4
split_gain=3.38813 3.99696 5.19917 4.20596 3.65345 1.74982
threshold=-1.1208901003536231 0.61342023580205518 0.45101870940957284 -0.81011927579772414 -0.038751037625414805 0.29618365557195908
decision_type=2 2 2 2 2 2
left_child=4 2 -2 -3 -1 -6
right_child=1 3 -4 -5 5 -7
leaf_value=0.00020820198134235198 -7.3747046807265409e-07 0.00014609066061668254 0.00035446280052709529 -0.00030175758337514939 -0.00062890795854329286 -0.00017464728357663634
leaf_weight=42 1369 82 352 269 46 51
leaf_count=42 1369 82 352 269 46 51
internal_value=-9.94126e-05 0.000308582 0.00110273 -0.00356941 -0.00609929 -0.010303
internal_weight=2211 2072 1721 351 139 97
internal_count=2211 2072 1721 351 139 97
is_linear=0
shrinkage=0.04


Tree=57
num_leaves=5
num_cat=0
split_feature=82 99 78 72
split_gain=3.67109 3.6971 3.42427 2.78282
threshold=-0.67789441955680141 -0.89981273846092391 1.8196584304531511 0.19002308908773374
decision_type=2 2 2 2
left_child=-1 3 -3 -2
right_child=1 2 -4 -5
leaf_value=-0.0007499956179914674 0.00043604932878681688 -2.3375564886894702e-05 0.00045492605196318232 -0.00013870357556898584
leaf_weight=60 149 1894 57 51
leaf_count=60 149 1894 57 51
internal_value=-8.13376e-05 0.000195077 -0.000337942 0.00534653
internal_weight=2211 2151 1951 200
internal_count=2211 2151 1951 200
is_linear=0
shrinkage=0.04


Tree=58
num_leaves=8
num_cat=0
split_feature=108 85 73 91 10 45 11
split_gain=3.25057 6.04726 4.09273 4.54062 3.62225 2.71982 2.61117
threshold=-0.78558749019368723 -0.022647104674058744 -1.1208901003536231 0.7939592751718928 0.068467259549050544 0.18298700775844248 -0.060769386392702636
decision_type=2 2 2 2 2 2 2
left_child=1 4 5 -4 -1 -2 -3
right_child=2 6 3 -5 -6 -7 -8
leaf_value=0.00043129386333775623 -0.00058957790404145095 0.00069070206595297026 3.0412288422726406e-05 -0.00049013031233213777 -0.00073993017852692466 9.698569638271791e-05 0.00028305527325557555
leaf_weight=54 84 80 1637 135 48 40 133
leaf_count=54 84 80 1637 135 48 40 133
internal_value=-2.71125e-05 0.0037224 -0.000653319 -0.000157835 -0.00423077 -0.00761905 0.00753488
internal_weight=2211 315 1896 1772 102 124 213
internal_count=2211 315 1896 1772 102 124 213
is_linear=0
shrinkage=0.04


Tree=59
num_leaves=6
num_cat=0
split_feature=35 11 40 40 93
split_gain=3.3169 5.32105 3.84522 7.65729 4.86696
threshold=0.92314986634580321 -0.20268279135874559 0.74291932781451697 0.44839300182989211 -1.3895113387800915
decision_type=2 2 2 2 2
left_child=2 -2 3 -1 -4
right_child=1 -3 4 -5 -6
leaf_value=3.6115213800603858e-05 0.0001192607822625545 -0.0010044442950860771 -0.00095026802720283416 -0.00031933552793254937 0.00037994247949233513
leaf_weight=1523 66 62 45 265 250
leaf_count=1523 66 62 45 265 250
internal_value=4.51875e-05 -0.00615385 0.000431655 -0.000268156 0.00464646
internal_weight=2211 128 2083 1788 295
internal_count=2211 128 2083 1788 295
is_linear=0
shrinkage=0.04


Tree=60
num_leaves=7
num_cat=0
split_feature=16 78 64 90 35 44
split_gain=3.34272 3.81092 3.88511 3.03467 1.7696 1.33703
threshold=-0.90690058338801771 1.4539127817980424 0.96666705068388215 0.14406399614874107 0.17823340256769957 0.73214001620297009
decision_type=2 2 2 2 2 2
left_child=3 2 -2 -1 -3 -5
right_child=1 4 -4 5 -6 -7
leaf_value=-6.9830606338203008e-05 -6.4453198591112469e-05 9.3290735341744482e-05 0.00020965116719679023 0.00067242474903111884 0.0006383987470018847 0.0002928092745322338
leaf_weight=72 1816 50 124 59 41 49
leaf_count=72 1816 50 124 59 41 49
internal_value=8.13376e-05 -0.000383669 -0.000762101 0.00527473 0.00752688 0.00945455
internal_weight=2211 2031 1940 180 91 108
internal_count=2211 2031 1940 180 91 108
is_linear=0
shrinkage=0.04


Tree=61
num_leaves=6
num_cat=0
split_feature=35 14 40 40 68
split_gain=3.23589 4.65768 3.6319 7.49071 5.48884
threshold=0.96708999133041373 -0.64196296828839083 0.74291932781451697 0.44839300182989211 1.1244123159893455
decision_type=2 2 2 2 2
left_child=2 -2 3 -1 -4
right_child=1 -3 4 -5 -6
leaf_value=3.6122995395154523e-05 0.00020465209296728154 -0.00077586557265485825 0.00054536723040494691 -0.00030811097559646803 -4.6771123659082089e-05
leaf_weight=1539 40 64 173 267 128
leaf_count=1539 40 64 173 267 128
internal_value=2.71125e-05 -0.00679245 0.000369844 -0.000309735 0.00442244
internal_weight=2211 104 2107 1806 301
internal_count=2211 104 2107 1806 301
is_linear=0
shrinkage=0.04


Tree=62
num_leaves=8
num_cat=0
split_feature=108 85 14 64 98 10 14
split_gain=3.06541 5.47325 3.43837 4.73612 4.08531 3.24418 2.47949
threshold=-0.78558749019368723 -0.022647104674058744 -0.74058655188087019 -0.93469423441909638 0.29253076770342495 0.068467259549050544 -0.30351668974585877
decision_type=2 2 2 2 2 2 2
left_child=1 5 4 -4 -2 -1 -3
right_child=2 6 3 -5 -6 -7 -8
leaf_value=0.00041373070838006008 2.1213523259132965e-05 0.0007261814000410308 0.0003547321055406562 -0.00010972703751183567 0.00053916605190695052 -0.0006826569833010425 0.00030092489591066444
leaf_weight=54 221 48 156 1443 76 48 165
leaf_count=54 221 48 156 1443 76 48 165
internal_value=8.13376e-05 0.0037224 -0.00052687 -0.00126171 0.00341137 -0.00384615 0.00734884
internal_weight=2211 315 1896 1599 297 102 213
internal_count=2211 315 1896 1599 297 102 213
is_linear=0
shrinkage=0.04


Tree=63
num_leaves=5
num_cat=0
split_feature=78 64 10 98
split_gain=3.33915 3.43138 4.17676 2.67314
threshold=1.8196584304531511 0.96666705068388215 -0.9336044930412899 0.20711366884722937
decision_type=2 2 2 2
left_child=1 2 -1 -3
right_child=-2 3 -4 -5
leaf_value=0.00053567064612520491 0.00039458276754146527 7.3675492417085773e-05 -3.6589112872799891e-05 0.00085268057448032591
leaf_weight=62 63 74 1959 53
leaf_count=62 63 74 1959 53
internal_value=-9.03751e-06 -0.00027907 -0.000682155 0.00604651
internal_weight=2211 2148 2021 127
internal_count=2211 2148 2021 127
is_linear=0
shrinkage=0.04


Tree=64
num_leaves=7
num_cat=0
split_feature=78 16 115 25 68 90
split_gain=3.6699 3.39088 3.75548 2.72946 4.14339 2.28831
threshold=1.0810371677738071 -0.96235093314868203 0.41409832106910388 -0.33401811159254746 -0.059747042691463442 0.14406399614874107
decision_type=2 2 2 2 2 2
left_child=1 5 -3 -2 -5 -1
right_child=3 2 -4 4 -6 -7
leaf_value=-0.00010220847735836373 -8.9011193797823294e-05 1.3973969228302797e-05 -0.00025424939281189907 -8.3409409166371494e-05 0.00059018525550594779 0.00052940518720413451
leaf_weight=43 61 1385 522 40 85 75
leaf_count=43 61 1385 522 40 85 75
internal_value=-2.71125e-05 -0.00052294 -0.000932425 0.00531915 0.00866142 0.006
internal_weight=2211 2025 1907 186 125 118
internal_count=2211 2025 1907 186 125 118
is_linear=0
shrinkage=0.04


Tree=65
num_leaves=5
num_cat=0
split_feature=28 99 16 5
split_gain=2.95184 3.43909 3.83421 3.1165
threshold=2.1386323937339946 0.90150913321561543 -1.0731336964094089 -0.76105428947801423
decision_type=2 2 2 2
left_child=1 2 -1 -3
right_child=-2 3 -4 -5
leaf_value=0.00051305738534052916 0.00045485554270260854 0.00012342780313258643 3.8445500595839189e-06 -0.00032308358143381228
leaf_weight=54 40 58 1820 239
leaf_count=54 40 58 1820 239
internal_value=-2.71125e-05 -0.000230097 0.000405117 -0.00421405
internal_weight=2211 2171 1874 297
internal_count=2211 2171 1874 297
is_linear=0
shrinkage=0.04


Tree=66
num_leaves=7
num_cat=0
split_feature=78 108 85 109 24 68
split_gain=3.35984 3.36325 5.19833 4.66423 2.46313 3.6134
threshold=1.0810371677738071 -0.78558749019368723 -0.022647104674058744 0.5497151774629806 -0.5258693398108879 -0.027991277969345894
decision_type=2 2 2 2 2 2
left_child=1 2 -1 -3 -2 -6
right_child=4 3 -4 -5 5 -7
leaf_value=-0.00026382735353740221 -0.00022214214762530541 -0.00012350624150076262 0.00042367496069689641 0.00013933958899527789 -1.8224307543994039e-05 0.00057321220842664164
leaf_weight=96 52 1293 195 441 45 89
leaf_count=96 52 1293 195 441 45 89
internal_value=-9.03751e-06 -0.000483473 0.00348123 -0.00115207 0.00510638 0.00794118
internal_weight=2211 2025 291 1734 186 134
internal_count=2211 2025 291 1734 186 134
is_linear=0
shrinkage=0.04


Tree=67
num_leaves=6
num_cat=0
split_feature=78 80 40 25 68
split_gain=3.45539 2.85904 2.97475 2.09196 4.35214
threshold=1.0810371677738071 -0.96075180815364714 -1.0787833885126705 -0.33401811159254746 -0.027991277969345894
decision_type=2 2 2 2 2
left_child=1 -1 -3 -2 -5
right_child=3 2 -4 4 -6
leaf_value=0.00041191128573594526 -8.1502172266201541e-05 0.0003507486816232347 -4.1996464106653122e-05 -5.7869925778280335e-05 0.00055180884381735354
leaf_weight=63 61 43 1919 43 82
leaf_count=63 61 43 1919 43 82
internal_value=-8.13376e-05 -0.000562407 -0.000835031 0.00510638 0.0080315
internal_weight=2211 2025 1962 186 125
internal_count=2211 2025 1962 186 125
is_linear=0
shrinkage=0.04


Tree=68
num_leaves=6
num_cat=0
split_feature=102 42 12 37 14
split_gain=3.06827 5.03501 3.97514 3.79987 3.75897
threshold=-0.32227598034762223 -0.82899725229685295 1.3319497548295287 1.0318238116523335 0.62510608820706992
decision_type=2 2 2 2 2
left_child=1 -1 4 -3 -2
right_child=2 3 -4 -5 -6
leaf_value=0.00060596746746877366 -0.00012574249403655597 -7.7991181276749995e-06 0.00046518127200488086 0.00058321584215688426 0.00015119100449507167
leaf_weight=75 1135 573 59 101 268
leaf_count=75 1135 573 59 101 268
internal_value=-8.13376e-05 0.00199734 -0.00114754 0.000887574 -0.00158007
internal_weight=2211 749 1462 674 1403
internal_count=2211 749 1462 674 1403
is_linear=0
shrinkage=0.04


Tree=69
num_leaves=6
num_cat=0
split_feature=35 14 47 82 100
split_gain=2.83931 4.33636 3.82904 4.88966 3.53937
threshold=0.96708999133041373 -0.64196296828839083 0.37512763574432056 0.62097139592923234 -0.042754539929436564
decision_type=2 2 2 2 2
left_child=2 -2 4 -4 -1
right_child=1 -3 3 -5 -6
leaf_value=7.9725611308082049e-05 0.00019750426682753873 -0.00072053178704125807 5.8272053643508396e-06 0.0003390192354803122 -0.00015157687071153109
leaf_weight=719 40 64 411 246 731
leaf_count=719 40 64 411 246 731
internal_value=-2.71125e-05 -0.00641509 0.000293978 0.00282246 -0.000853994
internal_weight=2211 104 2107 657 1450
internal_count=2211 104 2107 657 1450
is_linear=0
shrinkage=0.04


Tree=70
num_leaves=7
num_cat=0
split_feature=14 67 38 64 108 45
split_gain=3.15826 5.19224 3.80524 3.53135 3.77822 3.30321
threshold=-0.74058655188087019 -0.94255575040699624 0.071248095238721845 -0.93469423441909638 -0.78558749019368723 0.10325374995114824
decision_type=2 2 2 2 2 2
left_child=1 -1 -3 5 -5 -2
right_child=3 2 -4 4 -6 -7
leaf_value=0.00072801722492618214 -1.8925986399991841e-05 0.00024848209241882591 -0.00010788289754966065 0.0002213152516201003 -9.595633742441465e-05 0.00064463853412845165
leaf_weight=46 96 159 119 263 1443 85
leaf_count=46 96 159 119 263 1443 85
internal_value=4.51875e-05 0.00368098 0.00157143 -0.000582319 -0.00114754 0.00469945
internal_weight=2211 324 278 1887 1706 181
internal_count=2211 324 278 1887 1706 181
is_linear=0
shrinkage=0.04


Tree=71
num_leaves=6
num_cat=0
split_feature=64 73 12 112 96
split_gain=2.82328 3.83184 4.07727 3.07024 2.20199
threshold=1.0965129177279198 -1.1208901003536231 1.3319497548295287 1.0000000180025095e-35 -0.035187668861531164
decision_type=2 2 2 2 2
left_child=1 4 -3 -2 -1
right_child=3 2 -4 -5 -6
leaf_value=-0.00046896066218143526 0.00092166845179012305 -4.4282338490557463e-06 0.00042134359687023072 2.744312848021735e-06 4.6006036212764037e-06
leaf_weight=81 45 1920 65 59 41
leaf_count=81 45 1920 65 59 41
internal_value=4.51875e-05 -0.000275012 0.000150981 0.00641509 -0.00709677
internal_weight=2211 2107 1985 104 122
internal_count=2211 2107 1985 104 122
is_linear=0
shrinkage=0.04


Tree=72
num_leaves=5
num_cat=0
split_feature=82 99 64 66
split_gain=2.84672 3.26629 3.38929 3.09876
threshold=-0.67789441955680141 -0.89981273846092391 -1.0254902490096096 0.045980082958393252
decision_type=2 2 2 2
left_child=-1 3 -3 -2
right_child=1 2 -4 -5
leaf_value=-0.00070019484793086757 -2.9834139879664211e-06 0.00036134382925330602 -2.3341664593174976e-05 0.00047652936793196094
leaf_weight=60 93 141 1810 107
leaf_count=60 93 141 1810 107
internal_value=6.32625e-05 0.000306549 -0.000194572 0.00514851
internal_weight=2211 2151 1951 200
internal_count=2211 2151 1951 200
is_linear=0
shrinkage=0.04


Tree=73
num_leaves=5
num_cat=0
split_feature=78 47 82 75
split_gain=3.29877 3.11261 4.58819 2.9046
threshold=1.8196584304531511 0.75823105261200185 0.6972337694284404 -0.89075306949272015
decision_type=2 2 2 2
left_child=1 3 -3 -1
right_child=-2 2 -4 -5
leaf_value=-0.00078267520781264452 0.00031999166262554254 -8.5606435323585048e-06 0.00037435946556668015 -2.4596800612297354e-05
leaf_weight=51 63 259 155 1683
leaf_count=51 63 259 155 1683
internal_value=4.51875e-05 -0.000223256 0.00288462 -0.000967742
internal_weight=2211 2148 414 1734
internal_count=2211 2148 414 1734
is_linear=0
shrinkage=0.04


Tree=74
num_leaves=5
num_cat=0
split_feature=82 40 98 7
split_gain=2.76219 2.88283 5.90903 4.71591
threshold=-0.67789441955680141 0.74291932781451697 0.42336917840067373 0.075825008776361211
decision_type=2 2 2 2
left_child=-1 2 -2 -3
right_child=1 3 -4 -5
leaf_value=-0.00067152390513073982 2.1717957397569317e-05 0.00054871862381850359 -0.00027285516236178782 9.6018570879973232e-05
leaf_weight=60 1438 63 368 282
leaf_count=60 1438 63 368 282
internal_value=-6.32625e-05 0.000176498 -0.000464602 0.00351585
internal_weight=2211 2151 1806 345
internal_count=2211 2151 1806 345
is_linear=0
shrinkage=0.04


Tree=75
num_leaves=8
num_cat=0
split_feature=28 90 44 45 68 72 49
split_gain=2.79437 5.36374 3.37862 4.20563 4.02722 2.86455 1.18809
threshold=-0.62499358441685671 -0.13267034149764942 0.015946493139146124 0.11936269374620596 0.92637100055051669 0.18101223159466262 -0.093494794174669368
decision_type=2 2 2 2 2 2 2
left_child=1 6 4 -4 -2 -3 -1
right_child=2 5 3 -5 -6 -7 -8
leaf_value=-0.00050736896898555554 0.00015198567135528296 -0.00027410529070320675 -0.00022561002967339628 1.5908146804912042e-05 -0.00018612657001461252 0.00041650899669530393 -0.00080281158151282082
leaf_weight=41 832 59 333 662 176 68 40
leaf_count=41 832 59 333 662 176 68 40
internal_value=9.03751e-06 -0.00438095 0.000468828 -0.00118355 0.00209901 0.000775194 -0.0122892
internal_weight=2211 208 2003 995 1008 127 81
internal_count=2211 208 2003 995 1008 127 81
is_linear=0
shrinkage=0.04


Tree=76
num_leaves=5
num_cat=0
split_feature=80 73 110 10
split_gain=3.1107 3.20121 4.02368 2.2316
threshold=-0.95138398693676451 -1.175203068792545 1.1099885646107175 0.016012542807623823
decision_type=2 2 2 2
left_child=-1 3 -3 -2
right_child=1 2 -4 -5
leaf_value=0.00038634591150831047 -0.00043035244344704466 -1.4166181862166598e-05 0.00033677674186420803 4.8242428600111555e-05
leaf_weight=72 75 1820 204 40
leaf_count=72 75 1820 204 40
internal_value=4.51875e-05 -0.000233536 0.000138203 -0.00666667
internal_weight=2211 2139 2024 115
internal_count=2211 2139 2024 115
is_linear=0
shrinkage=0.04


Tree=77
num_leaves=7
num_cat=0
split_feature=102 42 98 80 40 14
split_gain=3.11366 4.86988 4.17874 5.69155 3.797 3.03002
threshold=-0.32227598034762223 -0.82899725229685295 0.50872441500465493 0.82095388325397567 0.91231623090942204 0.62510608820706992
decision_type=2 2 2 2 2 2
left_child=1 -1 5 -4 -3 -2
right_child=2 4 3 -5 -6 -7
leaf_value=0.00058088272026079134 -2.2350966831290833e-05 -7.8936746396160093e-06 -0.0006498466894687535 0.00013452118404476608 0.00052416900665607988 0.00022745415802363173
leaf_weight=75 929 587 174 99 87 260
leaf_count=75 929 587 174 99 87 260
internal_value=6.32625e-05 0.00215712 -0.00101093 -0.00545455 0.00106509 1.67926e-05
internal_weight=2211 749 1462 273 674 1189
internal_count=2211 749 1462 273 674 1189
is_linear=0
shrinkage=0.04


Tree=78
num_leaves=7
num_cat=0
split_feature=78 108 85 109 25 68
split_gain=3.08571 3.41811 5.0249 4.46003 2.62083 2.69387
threshold=1.1923210260761061 -0.78558749019368723 -0.022647104674058744 0.5497151774629806 -0.33401811159254746 0.0061771486332428934
decision_type=2 2 2 2 2 2
left_child=1 2 -1 -3 -2 -6
right_child=4 3 -4 -5 5 -7
leaf_value=-0.00024970471550424473 -0.00026097043763860533 -0.00010118452696222032 0.00039379719984050605 0.0001390007292446402 1.1554572393839696e-06 0.00052660096154486359
leaf_weight=99 48 1308 198 447 41 70
leaf_count=99 48 1308 198 447 41 70
internal_value=9.03751e-06 -0.000408958 0.00354515 -0.00108139 0.00534161 0.00867257
internal_weight=2211 2052 297 1755 159 111
internal_count=2211 2052 297 1755 159 111
is_linear=0
shrinkage=0.04


Tree=79
num_leaves=5
num_cat=0
split_feature=82 99 66 45
split_gain=2.75021 2.94094 3.65696 3.11519
threshold=-0.67789441955680141 -0.89981273846092391 0.045980082958393252 0.79065005092133911
decision_type=2 2 2 2
left_child=-1 2 -2 -3
right_child=1 3 -4 -5
leaf_value=-0.0006435649148940673 -1.4413724880654143e-05 -3.2228285315369601e-05 0.00044139792542519931 0.00022272266164131762
leaf_weight=60 93 1544 107 407
leaf_count=60 93 1544 107 407
internal_value=-8.13376e-05 0.000157919 0.00475248 -0.00031746
internal_weight=2211 2151 200 1951
internal_count=2211 2151 200 1951
is_linear=0
shrinkage=0.04


Tree=80
num_leaves=8
num_cat=0
split_feature=35 13 13 7 109 35 68
split_gain=2.73198 5.26093 8.61184 4.77167 3.98087 5.24732 3.92782
threshold=0.61342023580205518 0.85381792888748798 -0.78708121855543112 0.54767173287622783 0.5497151774629806 0.28098754634852774 0.44012116118462546
decision_type=2 2 2 2 2 2 2
left_child=4 2 -2 -3 5 -1 -6
right_child=1 3 -4 -5 6 -7 -8
leaf_value=-8.7591637373428025e-05 0.0001393876876962506 0.00055043216231325149 -0.00038161480328070141 -0.00031984026725265821 0.00035892519641146588 0.0002244691178043404 -0.00014015844945584172
leaf_weight=1120 92 53 199 41 307 291 108
leaf_count=1120 92 53 199 41 307 291 108
internal_value=-9.94126e-05 -0.00315245 -0.00580205 0.005 0.000547046 -0.000467091 0.00398082
internal_weight=2211 385 291 94 1826 1411 415
internal_count=2211 385 291 94 1826 1411 415
is_linear=0
shrinkage=0.04


Tree=81
num_leaves=8
num_cat=0
split_feature=111 35 67 35 92 118 11
split_gain=2.9167 4.2124 4.34789 3.93781 4.12259 2.4057 2.37029
threshold=-0.70807331149978037 0.92314986634580321 -1.215451957111193 -0.60943311406728295 0.73058014460157594 0.69972202990793109 -0.20268279135874559
decision_type=2 2 2 2 2 2 2
left_child=3 2 -2 4 -1 -5 -3
right_child=1 6 -4 5 -6 -7 -8
leaf_value=-0.00077880455820772464 0.0007015428529553655 -7.4588157084756225e-05 -1.3446534748132056e-05 0.00052841487582072145 0.00027936428483487155 0.00016277568915996758 -0.00087917758429405723
leaf_weight=51 97 50 1726 89 81 67 50
leaf_count=51 97 50 1726 89 81 67 50
internal_value=-0.000153638 -0.000716883 -0.000273973 0.00358621 -0.00149254 0.0078481 -0.00862745
internal_weight=2211 1923 1823 288 132 156 100
internal_count=2211 1923 1823 288 132 156 100
is_linear=0
shrinkage=0.04


Tree=82
num_leaves=5
num_cat=0
split_feature=12 44 13 80
split_gain=2.71846 3.18929 3.69044 3.46112
threshold=1.3733261452086389 0.015946493139146124 1.0035107948123509 -0.6261612170716383
decision_type=2 2 2 2
left_child=1 3 -3 -1
right_child=-2 2 -4 -5
leaf_value=0.00032027162276865773 0.00036526834734203456 -9.7573205221156145e-05 0.00021029278475260066 8.5860110963987417e-06
leaf_weight=178 64 915 141 913
leaf_count=178 64 915 141 913
internal_value=-0.000117488 -0.00036296 -0.00192817 0.00115279
internal_weight=2211 2147 1056 1091
internal_count=2211 2147 1056 1091
is_linear=0
shrinkage=0.04


Tree=83
num_leaves=5
num_cat=0
split_feature=12 44 28 95
split_gain=2.74306 2.89099 3.52249 3.38651
threshold=1.3733261452086389 0.015946493139146124 -0.60903779290488624 -0.77088912056661851
decision_type=2 2 2 2
left_child=1 2 -1 -3
right_child=-2 3 -4 -5
leaf_value=-0.00027650754436843905 0.00035065761344835314 0.00020580580078963365 8.732092155263776e-05 -0.0001114261060149644
leaf_weight=123 64 172 968 884
leaf_count=123 64 172 968 884
internal_value=-0.000153638 -0.000400186 0.001043 -0.00189036
internal_weight=2211 2147 1091 1056
internal_count=2211 2147 1091 1056
is_linear=0
shrinkage=0.04


Tree=84
num_leaves=5
num_cat=0
split_feature=28 105 115 115
split_gain=2.77298 4.26795 4.85669 2.72621
threshold=1.7765743319203058 1.1838350417396297 0.9636024070290109 0.10930299342622328
decision_type=2 2 2 2
left_child=1 2 -1 -3
right_child=-2 3 -4 -5
leaf_value=3.8368916293782476e-05 0.00028281738899415035 -0.00091194206528505157 -0.00055625354980999076 -9.3575601498664541e-05
leaf_weight=1806 72 61 167 105
leaf_count=1806 72 61 167 105
internal_value=-4.51875e-05 -0.000308267 0.000212658 -0.00642857
internal_weight=2211 2139 1973 166
internal_count=2211 2139 1973 166
is_linear=0
shrinkage=0.04


Tree=85
num_leaves=7
num_cat=0
split_feature=111 112 67 10 86 13
split_gain=2.57158 4.16902 4.37695 3.19186 5.41467 2.28259
threshold=-0.70807331149978037 -1.2497090644929201 -1.0411654266791073 -0.038131275057409091 0.22245933514026855 0.48899086579443374
decision_type=2 2 2 2 2 2
left_child=3 5 -3 -1 -5 -2
right_child=1 2 -4 4 -6 -7
leaf_value=0.00048198921571214096 -0.00061774904509174805 0.00051653154359632939 -1.2825718339818625e-05 -0.00096446453686266256 0.00035465649185955131 -0.00027941936125682571
leaf_weight=71 64 132 1662 60 157 65
leaf_count=71 64 132 1662 60 157 65
internal_value=-6.32625e-05 -0.000592208 -8.90869e-05 0.00344828 0.00100457 -0.00748092
internal_weight=2211 1923 1794 288 217 129
internal_count=2211 1923 1794 288 217 129
is_linear=0
shrinkage=0.04


Tree=86
num_leaves=7
num_cat=0
split_feature=106 28 38 87 112 25
split_gain=2.48163 3.8361 3.63009 2.7026 5.75556 1.93213
threshold=0.73450499967906469 1.4060325967061988 0.051251430546553352 1.3140789414094154 -1.2497090644929201 0.25583076008877959
decision_type=2 2 2 2 2 2
left_child=3 2 -2 4 -1 -5
right_child=1 -3 -4 5 -6 -7
leaf_value=-0.00061134489331130795 -4.6591711914767411e-06 0.00026738168646301894 -0.00080643961958076803 0.00020303118822454169 2.0074707751195213e-05 0.00051761654295268958
leaf_weight=120 112 42 125 173 1587 52
leaf_count=120 112 42 125 173 1587 52
internal_value=-0.000117488 -0.00362989 -0.00560669 0.000392968 -0.000152136 0.00449339
internal_weight=2211 279 237 1932 1707 225
internal_count=2211 279 237 1932 1707 225
is_linear=0
shrinkage=0.04


Tree=87
num_leaves=5
num_cat=0
split_feature=80 110 75 14
split_gain=2.54087 2.54218 5.31083 3.50468
threshold=-0.96075180815364714 1.0248203065641499 -0.18689680985616794 0.62510608820706992
decision_type=2 2 2 2
left_child=-1 3 -3 -2
right_child=1 2 -4 -5
leaf_value=0.00033548699557716608 -5.7498101228418318e-05 -8.4316534827285375e-05 0.00063962090565140449 0.00016423573447507406
leaf_weight=63 1492 174 120 362
leaf_count=63 1492 174 120 362
internal_value=-9.94126e-05 -0.000334884 0.00310811 -0.000883621
internal_weight=2211 2148 294 1854
internal_count=2211 2148 294 1854
is_linear=0
shrinkage=0.04


Tree=88
num_leaves=5
num_cat=0
split_feature=80 78 106 25
split_gain=2.50567 2.58479 2.86219 2.14493
threshold=-0.96075180815364714 1.1923210260761061 0.73450499967906469 -0.33401811159254746
decision_type=2 2 2 2
left_child=-1 2 -2 -3
right_child=1 3 -4 -5
leaf_value=0.00032206751575407952 -3.6944277653795309e-06 -0.00027670278551573268 -0.00024144896248163344 0.00035251986323380294
leaf_weight=63 1761 48 228 111
leaf_count=63 1761 48 228 111
internal_value=-4.51875e-05 -0.00027907 -0.000673029 0.00459627
internal_weight=2211 2148 1989 159
internal_count=2211 2148 1989 159
is_linear=0
shrinkage=0.04


Tree=89
num_leaves=5
num_cat=0
split_feature=12 102 42 100
split_gain=2.6453 2.84134 4.24857 4.08426
threshold=1.3733261452086389 -0.32227598034762223 -0.82899725229685295 -1.2839791623541377
decision_type=2 2 2 2
left_child=1 2 -1 -3
right_child=-2 3 -4 -5
leaf_value=0.00053768585419512033 0.00032942787238114749 0.00036306968931660438 2.8517434416474732e-05 -6.4431763024339032e-05
leaf_weight=75 64 54 664 1354
leaf_count=75 64 54 664 1354
internal_value=-9.03751e-06 -0.00025128 0.00175439 -0.00130496
internal_weight=2211 2147 739 1408
internal_count=2211 2147 739 1408
is_linear=0
shrinkage=0.04


Tree=90
num_leaves=7
num_cat=0
split_feature=111 36 67 7 86 40
split_gain=2.54521 3.98795 4.60275 3.59269 4.8025 2.96729
threshold=-0.70807331149978037 1.3153253919313481 -1.215451957111193 0.53827335122290221 0.42931978751998828 0.63794407589516477
decision_type=2 2 2 2 2 2
left_child=3 2 -2 5 -5 -1
right_child=1 -3 -4 4 -6 -7
leaf_value=0.00016015197707744606 0.00064602681594636533 -0.00075813405693801793 -1.8697437806064016e-05 -0.00090314749011904342 0.00048714526657754625 0.00045469704653238976
leaf_weight=103 96 47 1780 53 75 57
leaf_count=103 96 47 1780 53 75 57
internal_value=-4.51875e-05 -0.000571429 -0.00027689 0.00344828 -0.00153846 0.00740741
internal_weight=2211 1923 1876 288 128 160
internal_count=2211 1923 1876 288 128 160
is_linear=0
shrinkage=0.04


Tree=91
num_leaves=5
num_cat=0
split_feature=12 41 60 36
split_gain=2.68176 2.62374 4.22851 3.31613
threshold=1.3733261452086389 -0.90733433485106707 -0.16943873814406418 -1.147161545020418
decision_type=2 2 2 2
left_child=1 2 -1 -3
right_child=-2 3 -4 -5
leaf_value=0.00050361108100964555 0.00033178738738078327 -0.00029674408389198466 -0.00037154227184375192 -6.8608495344518395e-06
leaf_weight=164 64 156 52 1775
leaf_count=164 64 156 52 1775
internal_value=-6.32625e-05 -0.00030712 0.00385321 -0.000775996
internal_weight=2211 2147 216 1931
internal_count=2211 2147 216 1931
is_linear=0
shrinkage=0.04


Tree=92
num_leaves=5
num_cat=0
split_feature=66 66 27 64
split_gain=2.61041 2.78405 4.40762 3.74932
threshold=-1.8754776479437443 0.27664136464922601 0.69626381734104348 -1.0415754636182364
decision_type=2 2 2 2
left_child=-1 3 -3 -2
right_child=1 2 -4 -5
leaf_value=0.00049653453887692168 0.00032448439708605918 0.00013419401949568935 -0.00034441575988558153 -7.6682536033861323e-05
leaf_weight=54 95 671 60 1331
leaf_count=54 95 671 60 1331
internal_value=4.51875e-05 -0.000176007 0.0018281 -0.00120448
internal_weight=2211 2157 731 1426
internal_count=2211 2157 731 1426
is_linear=0
shrinkage=0.04


Tree=93
num_leaves=5
num_cat=0
split_feature=12 44 45 28
split_gain=2.6332 2.80766 3.99826 3.46615
threshold=1.3733261452086389 0.015946493139146124 0.11936269374620596 -0.60440539991082731
decision_type=2 2 2 2
left_child=1 3 -3 -1
right_child=-2 2 -4 -5
leaf_value=-0.00025662784123951213 0.00032272032669334981 -0.00021852240880801941 4.660308198735906e-06 8.1345266414928829e-05
leaf_weight=126 64 372 684 965
leaf_count=126 64 372 684 965
internal_value=9.03751e-06 -0.000232666 -0.00170132 0.00118939
internal_weight=2211 2147 1056 1091
internal_count=2211 2147 1056 1091
is_linear=0
shrinkage=0.04


Tree=94
num_leaves=5
num_cat=0
split_feature=40 35 13 36
split_gain=2.79579 2.87965 5.11387 4.01654
threshold=-1.0787833885126705 0.61342023580205518 0.85381792888748798 0.52463844161823303
decision_type=2 2 2 2
left_child=-1 3 -3 -2
right_child=1 2 -4 -5
leaf_value=0.00031050034918897365 6.4027361343831078e-07 -0.00025243657418661262 0.00015581561212914721 0.0002835246704862053
leaf_weight=45 1658 262 94 152
leaf_count=45 1658 262 94 152
internal_value=0.000135563 -7.38007e-05 -0.00335196 0.000573951
internal_weight=2211 2166 356 1810
internal_count=2211 2166 356 1810
is_linear=0
shrinkage=0.04


Tree=95
num_leaves=5
num_cat=0
split_feature=82 64 102 40
split_gain=2.84672 2.59284 3.10817 2.27476
threshold=-0.67789441955680141 -1.0254902490096096 -0.32227598034762223 -0.33232351769946816
decision_type=2 2 2 2
left_child=-1 3 -3 -2
right_child=1 2 -4 -5
leaf_value=-0.00056593418196214319 -2.5453471640759628e-05 8.9644703603022631e-05 -4.1111146112700667e-05 0.00053375157990790518
leaf_weight=60 62 678 1320 91
leaf_count=60 62 678 1320 91
internal_value=6.32625e-05 0.000306549 -8e-05 0.00529032
internal_weight=2211 2151 1998 153
internal_count=2211 2151 1998 153
is_linear=0
shrinkage=0.04


Tree=96
num_leaves=6
num_cat=0
split_feature=14 35 12 85 58
split_gain=2.80514 6.32417 3.7396 3.26008 4.0519
threshold=-0.74058655188087019 1.0179943545066323 1.3733261452086389 -0.62039460458381213 -0.88748738907640845
decision_type=2 2 2 2 2
left_child=3 2 -2 -1 -5
right_child=1 -3 -4 4 -6
leaf_value=-0.00018563401555781397 -8.7276678379936971e-06 -0.00089661983840954175 0.0004827339209794824 0.00065173507468059555 0.00012624247042051511
leaf_weight=47 1789 52 46 49 228
leaf_count=47 1789 52 46 49 228
internal_value=9.03751e-06 -0.000582319 -0.000185084 0.00343558 0.00508961
internal_weight=2211 1887 1835 324 277
internal_count=2211 1887 1835 324 277
is_linear=0
shrinkage=0.04


Tree=97
num_leaves=7
num_cat=0
split_feature=14 35 80 98 42 23
split_gain=2.44526 5.66757 3.67548 3.6204 3.84151 1.24994
threshold=-0.74058655188087019 1.0179943545066323 -0.32162994239007203 0.29253076770342495 0.24167386823085765 0.32138560493805274
decision_type=2 2 2 2 2 2
left_child=3 2 -2 4 -1 -5
right_child=1 -3 -4 5 -6 -7
leaf_value=0.00012353133976812829 0.00012483386763307419 -0.00086075504487316025 -5.1763658626303682e-05 0.0006491222949014247 -0.00035181045581285727 0.00014904675961735611
leaf_weight=164 618 52 1217 44 76 40
leaf_count=164 618 52 1217 44 76 40
internal_value=-9.03751e-06 -0.000561143 -0.000185084 0.00319018 0.000661157 0.0102326
internal_weight=2211 1887 1835 324 240 84
internal_count=2211 1887 1835 324 240 84
is_linear=0
shrinkage=0.04


Tree=98
num_leaves=7
num_cat=0
split_feature=14 67 103 108 80 101
split_gain=2.57941 3.52928 3.15688 2.94915 3.37332 2.87883
threshold=-0.74058655188087019 -0.94255575040699624 -0.53321194668732874 -0.78558749019368723 -0.6261612170716383 -0.68117739914914044
decision_type=2 2 2 2 2 2
left_child=1 -1 -3 5 -5 -2
right_child=3 2 -4 4 -6 -7
leaf_value=0.00054381793393973809 0.00044033143090345714 0.00043607351627419704 -3.1846457320761961e-05 0.00015067789415670874 -9.898668950468252e-05 1.0353289159389933e-05
leaf_weight=46 76 62 216 283 1316 212
leaf_count=46 76 62 216 283 1316 212
internal_value=2.71125e-05 0.00331288 0.00157143 -0.000539968 -0.00121174 0.00317241
internal_weight=2211 324 278 1887 1599 288
internal_count=2211 324 278 1887 1599 288
is_linear=0
shrinkage=0.04


Tree=99
num_leaves=6
num_cat=0
split_feature=0 28 106 7 63
split_gain=2.46784 3.10378 3.81464 2.21257 2.20606
threshold=0.94605734658062179 1.7765743319203058 0.74967161821730011 1.0000000180025095e-35 -0.23469645909337614
decision_type=2 2 2 2 2
left_child=1 2 -1 -2 -5
right_child=3 -3 -4 4 -6
leaf_value=2.4809103271728265e-05 0.00013254215245191479 0.0003918432577862818 -0.00026770913257921045 8.3065957574254833e-06 -0.0004386250117432876
leaf_weight=1685 40 56 222 78 130
leaf_count=1685 40 56 222 78 130
internal_value=6.32625e-05 0.00053944 0.000261917 -0.00368 -0.00533333
internal_weight=2211 1963 1907 248 208
internal_count=2211 1963 1907 248 208
is_linear=0
shrinkage=0.04


Tree=100
num_leaves=6
num_cat=0
split_feature=16 81 109 67 11
split_gain=2.59785 2.52518 3.15822 2.83816 1.19583
threshold=-1.0731336964094089 -1.1191800073762213 0.51720921381659402 0.036420212449185967 -0.2815917067689267
decision_type=2 2 2 2 2
left_child=4 3 -3 -2 -1
right_child=1 2 -4 -5 -6
leaf_value=3.5572694170760842e-05 -0.00064920477716939482 -1.7634617334015176e-05 0.00014898851089865925 6.1189000459207689e-06 0.00098034456668027212
leaf_weight=40 58 1567 453 52 41
leaf_count=40 58 1567 453 52 41
internal_value=4.51875e-05 -0.000225141 9.8912e-05 -0.00607143 0.00698795
internal_weight=2211 2130 2020 110 81
internal_count=2211 2130 2020 110 81
is_linear=0
shrinkage=0.04


Tree=101
num_leaves=8
num_cat=0
split_feature=41 82 35 18 14 41 46
split_gain=2.39493 5.38111 5.7483 3.20274 3.64533 3.46086 2.78103
threshold=0.57934276482278368 0.79070717300319882 0.068022557045669493 0.49520843951260846 0.62510608820706992 0.20990706820283242 -0.65174409642273268
decision_type=2 2 2 2 2 2 2
left_child=3 2 -2 4 -1 -5 -3
right_child=1 6 -4 5 -6 -7 -8
leaf_value=-4.7367223150251697e-05 0.00041798930982294092 5.5668091822827644e-05 -0.0001222878305413313 0.0001756935935993403 0.00021085847757644033 -0.00034447801510133387 0.00074258100765185406
leaf_weight=1321 96 56 238 41 324 77 58
leaf_count=1321 96 56 238 41 324 77 58
internal_value=-2.71125e-05 0.00257778 0 -0.000691218 -0.000230723 -0.007 0.01
internal_weight=2211 448 334 1763 1645 118 114
internal_count=2211 448 334 1763 1645 118 114
is_linear=0
shrinkage=0.04


Tree=102
num_leaves=7
num_cat=0
split_feature=106 104 35 23 114 115
split_gain=2.41157 4.05688 3.75601 3.51766 2.70622 3.99825
threshold=0.73450499967906469 -0.3763068760593487 -0.20123152556272178 -0.67104944080705475 1.4433968984812156 0.82539544954311916
decision_type=2 2 2 2 2 2
left_child=4 3 -3 -2 5 -1
right_child=1 2 -4 -5 -6 -7
leaf_value=2.2295400161306613e-05 0.00059668621573580837 -0.0012601033547087006 1.2582745442511063e-05 -0.00010805111928265443 0.0008117131026841183 -0.00037088202419588906
leaf_weight=1707 40 62 40 137 54 171
leaf_count=1707 40 62 40 137 54 171
internal_value=0.000117488 -0.0033452 -0.00961538 0.000335196 0.000620476 0.000361702
internal_weight=2211 279 102 177 1932 1878
internal_count=2211 279 102 177 1932 1878
is_linear=0
shrinkage=0.04


Tree=103
num_leaves=6
num_cat=0
split_feature=14 35 85 60 80
split_gain=2.22938 5.81896 3.58599 3.36618 2.91898
threshold=-0.74058655188087019 1.0179943545066323 -0.47080863193923667 -0.4908806157040973 -0.95138398693676451
decision_type=2 2 2 2 2
left_child=2 4 -1 -4 -2
right_child=1 -3 3 -5 -6
leaf_value=-0.00019229836284760619 0.00031228219557507343 -0.00082516177418519526 0.00054311748279379309 3.443470605664848e-05 -1.101719198514808e-05
leaf_weight=55 58 52 81 188 1777
leaf_count=55 58 52 81 188 1777
internal_value=0.000135563 -0.000391742 0.00319018 0.00509225 -1.08873e-05
internal_weight=2211 1887 324 269 1835
internal_count=2211 1887 324 269 1835
is_linear=0
shrinkage=0.04


Tree=104
num_leaves=6
num_cat=0
split_feature=0 73 87 7 63
split_gain=2.21914 3.21006 3.27205 2.32292 1.961
threshold=0.94605734658062179 1.5755902239562218 1.9716471324835969 0.09364996747209299 -0.23469645909337614
decision_type=2 2 2 2 2
left_child=1 2 -1 -2 -5
right_child=3 -3 -4 4 -6
leaf_value=-2.5687408886988782e-06 0.00011148866928919366 0.00063942388998654829 0.00033071849318532393 -1.8403618538514397e-05 -0.00044864906527979033
leaf_weight=1785 49 57 121 77 122
leaf_count=1785 49 57 121 77 122
internal_value=0.000189788 0.000641221 0.000356394 -0.00336 -0.00527363
internal_weight=2211 1963 1906 248 199
internal_count=2211 1963 1906 248 199
is_linear=0
shrinkage=0.04


Tree=105
num_leaves=6
num_cat=0
split_feature=16 80 39 40 63
split_gain=2.49082 2.43415 6.0774 3.78675 1.19583
threshold=-1.0731336964094089 0.0060162645741870481 0.12627725627785327 -0.12655150505686999 0.33106677224584519
decision_type=2 2 2 2 2
left_child=4 3 -3 -2 -1
right_child=1 2 -4 -5 -6
leaf_value=0.00091780387058137513 0.00014575246329895372 -0.00026200838736258454 8.3472423034392879e-05 -5.7952771520284607e-05 1.8842378947701388e-05
leaf_weight=41 555 498 550 527 40
leaf_count=41 555 498 550 527 40
internal_value=0.000189788 -7.50469e-05 -0.00144762 0.00125461 0.00698795
internal_weight=2211 2130 1048 1082 81
internal_count=2211 2130 1048 1082 81
is_linear=0
shrinkage=0.04


Tree=106
num_leaves=5
num_cat=0
split_feature=41 106 33 114
split_gain=2.37864 2.77185 4.1282 3.0962
threshold=-1.2493367275416161 0.73450499967906469 0.29798811055278845 1.4433968984812156
decision_type=2 2 2 2
left_child=-1 3 -3 -2
right_child=1 2 -4 -5
leaf_value=0.00032236504027007218 3.0783521229836227e-06 -0.00044369436201843651 0.00016665356355215745 0.00084704212401803347
leaf_weight=63 1829 176 90 53
leaf_count=63 1829 176 90 53
internal_value=0.000153638 -7.44186e-05 -0.0038806 0.000467091
internal_weight=2211 2148 266 1882
internal_count=2211 2148 266 1882
is_linear=0
shrinkage=0.04


Tree=107
num_leaves=7
num_cat=0
split_feature=71 44 101 99 73 101
split_gain=2.43639 3.29858 3.26546 3.11304 3.40484 1.98949
threshold=-0.38022145084251707 -0.058931567067259057 -0.69338538095896984 -0.73117933389089507 0.45788925662931029 0.77717875393956481
decision_type=2 2 2 2 2 2
left_child=3 5 -3 -1 -5 -2
right_child=1 2 -4 4 -6 -7
leaf_value=0.00026574597731726375 0.0001508795938496205 0.00019732634572958992 -9.6152130131245742e-05 -0.00017835553963761692 7.1127535206214998e-05 -0.00023336444539138269
leaf_weight=74 662 164 658 422 165 66
leaf_count=74 662 164 658 422 165 66
internal_value=0.000189788 0.0010567 -0.000679612 -0.00184012 -0.00281834 0.0030137
internal_weight=2211 1550 822 661 587 728
internal_count=2211 1550 822 661 587 728
is_linear=0
shrinkage=0.04


Tree=108
num_leaves=7
num_cat=0
split_feature=48 11 117 35 109 29
split_gain=2.43361 4.31461 4.08052 3.6295 3.89043 3.84626
threshold=-0.75008641813381771 0.39516381252203947 -0.71348259107870871 -0.60428265508828871 -1.2498249103309533 0.13898482250322816
decision_type=2 2 2 2 2 2
left_child=1 2 -1 5 -5 -2
right_child=3 -3 -4 4 -6 -7
leaf_value=0.00054810312829826641 -0.00052726021677163741 0.00060398308384522297 -7.7882223319886791e-05 0.00071069800351324455 2.6661852762348284e-06 5.2346219947569093e-05
leaf_weight=47 217 57 238 52 1461 139
leaf_count=47 217 57 238 52 1461 139
internal_value=0.000280163 0.00337209 0.00132404 -0.000288616 0.000567657 -0.00391061
internal_weight=2211 342 285 1869 1513 356
internal_count=2211 342 285 1869 1513 356
is_linear=0
shrinkage=0.04


Tree=109
num_leaves=5
num_cat=0
split_feature=82 100 91 117
split_gain=2.53077 2.41349 5.76768 3.73221
threshold=-0.67789441955680141 -0.072784964994386803 -0.48198134089231198 -0.80884191799040039
decision_type=2 2 2 2
left_child=-1 3 -3 -2
right_child=1 2 -4 -5
leaf_value=-0.00052716569307830515 0.00030191671559903939 -0.00044449007897714245 6.9244475637208733e-06 1.6252744168115293e-05
leaf_weight=60 138 178 1032 803
leaf_count=60 138 178 1032 803
internal_value=0.000225938 0.000455179 -0.000726073 0.00197243
internal_weight=2211 2151 1210 941
internal_count=2211 2151 1210 941
is_linear=0
shrinkage=0.04


Tree=110
num_leaves=7
num_cat=0
split_feature=14 8 110 80 13 63
split_gain=2.60196 2.72839 2.92066 2.51594 3.4713 3.211
threshold=-0.74058655188087019 0.40454603478337964 0.74525956320585063 -0.6261612170716383 0.26912359853953566 0.72409986810200266
decision_type=2 2 2 2 2 2
left_child=1 2 -1 4 -2 -5
right_child=3 -3 -4 5 -6 -7
leaf_value=9.5419325119398067e-05 0.00024661479164970595 -0.0002180614462320998 0.00059286765974784865 -7.3723915050417192e-05 -0.00032306577872653842 0.00016566274682388769
leaf_weight=227 259 55 42 1374 64 190
leaf_count=227 259 55 42 1374 64 190
internal_value=0.000135563 0.00343558 0.00509225 -0.000434092 0.00276923 -0.00109834
internal_weight=2211 324 269 1887 323 1564
internal_count=2211 324 269 1887 323 1564
is_linear=0
shrinkage=0.04


Tree=111
num_leaves=5
num_cat=0
split_feature=70 28 90 114
split_gain=2.42446 2.65382 4.2718 3.02904
threshold=-1.3126600869921907 -0.62499358441685671 -0.27668032985114815 0.23629338485032006
decision_type=2 2 2 2
left_child=-1 2 -2 -3
right_child=1 3 -4 -5
leaf_value=0.00040315188113301023 -0.00077792315334840334 4.2386119568142006e-05 -1.097517368863786e-05 -9.5738590958591413e-05
leaf_weight=63 49 1237 155 707
leaf_count=63 49 1237 155 707
internal_value=8.13376e-05 -0.000148837 -0.00446602 0.000308325
internal_weight=2211 2148 204 1944
internal_count=2211 2148 204 1944
is_linear=0
shrinkage=0.04


Tree=112
num_leaves=7
num_cat=0
split_feature=28 72 37 69 20 35
split_gain=2.45809 4.06516 4.46898 2.57248 4.21325 3.22109
threshold=-0.62499358441685671 -0.1569640165149003 -0.21972481202074653 0.74036274045202521 0.47762297228650946 0.62090457022088918
decision_type=2 2 2 2 2 2
left_child=1 -1 -3 5 -5 -2
right_child=3 2 -4 4 -6 -7
leaf_value=-0.00060302326665326322 2.5309107244494214e-05 0.00031727611082276494 -0.00053740997750768838 0.00057784266283695998 -0.00013840347337588013 -0.00012730288968463337
leaf_weight=73 1557 92 43 81 41 324
leaf_count=73 1557 92 43 81 41 324
internal_value=0.000117488 -0.004 0.000145985 0.000548628 0.00612903 0.000180563
internal_weight=2211 208 135 2003 122 1881
internal_count=2211 208 135 2003 122 1881
is_linear=0
shrinkage=0.04


Tree=113
num_leaves=5
num_cat=0
split_feature=60 69 109 108
split_gain=2.61443 3.34474 3.08835 2.31869
threshold=0.74601659468498749 0.74036274045202521 0.77153533672658059 0.28553541951644845
decision_type=2 2 2 2
left_child=1 2 -1 -3
right_child=-2 3 -4 -5
leaf_value=-1.6602670186668007e-05 -0.00034432813420263607 6.0555586754854622e-05 0.0001618325697838548 0.000837148686084464
leaf_weight=1686 78 45 357 45
leaf_count=1686 78 45 357 45
internal_value=9.94126e-05 0.00036534 2.93399e-05 0.00782609
internal_weight=2211 2133 2043 90
internal_count=2211 2133 2043 90
is_linear=0
shrinkage=0.04


Tree=114
num_leaves=5
num_cat=0
split_feature=41 108 85 103
split_gain=2.47071 2.37223 4.21182 3.34807
threshold=-1.2493367275416161 -0.78558749019368723 -0.022647104674058744 -0.4884031861210763
decision_type=2 2 2 2
left_child=-1 2 -2 -3
right_child=1 3 -4 -5
leaf_value=0.0003251539400105791 -0.00017895922943168236 0.0001129389547418741 0.00032468301646877636 -5.2267246527318395e-05
leaf_weight=63 101 440 212 1395
leaf_count=63 101 440 212 1395
internal_value=9.03751e-06 -0.000223256 0.00298413 -0.000772999
internal_weight=2211 2148 313 1835
internal_count=2211 2148 313 1835
is_linear=0
shrinkage=0.04


Tree=115
num_leaves=7
num_cat=0
split_feature=14 35 98 80 42 73
split_gain=2.26129 5.90905 3.74792 2.74535 2.4274 1.79652
threshold=-0.74058655188087019 1.0024421393555933 0.29253076770342495 -0.93866585971051142 0.29219959708819487 -0.055281071699852448
decision_type=2 2 2 2 2 2
left_child=2 3 4 -2 -1 -4
right_child=1 -3 5 -5 -6 -7
leaf_value=8.3578379616339494e-05 0.00040290959080197713 -0.00069800582169868622 0.00015359646718174586 -9.5613420681846421e-06 -0.00038356590737475513 0.00060261232158765211
leaf_weight=176 64 59 40 1764 64 44
leaf_count=176 64 59 40 1764 64 44
internal_value=-9.03751e-06 -0.000539968 0.00306748 -0.000131148 0.000495868 0.0102326
internal_weight=2211 1887 324 1828 240 84
internal_count=2211 1887 324 1828 240 84
is_linear=0
shrinkage=0.04


Tree=116
num_leaves=7
num_cat=0
split_feature=28 72 37 0 73 84
split_gain=2.74858 3.61524 3.59665 2.52556 2.95967 2.72749
threshold=-0.62499358441685671 -0.19050286666648461 -0.21972481202074653 0.94605734658062179 1.5755902239562218 -0.18044715511617967
decision_type=2 2 2 2 2 2
left_child=1 -1 -3 4 -2 -5
right_child=3 2 -4 5 -6 -7
leaf_value=-0.00059028864036173056 1.5987378464279635e-05 0.00028292383100748735 -0.00051277632805609406 0.00015740187144845086 0.00066364052409951418 -0.0004209427099152628
leaf_weight=67 1712 96 45 84 54 153
leaf_count=67 1712 96 45 84 54 153
internal_value=-2.71125e-05 -0.00438095 -0.000699301 0.000428928 0.000950226 -0.00343096
internal_weight=2211 208 141 2003 1766 237
internal_count=2211 208 141 2003 1766 237
is_linear=0
shrinkage=0.04


Tree=117
num_leaves=5
num_cat=0
split_feature=70 66 110 58
split_gain=2.43599 2.60703 2.55446 2.3894
threshold=-1.3126600869921907 0.90278956463719917 1.0248203065641499 -0.3642385953508766
decision_type=2 2 2 2
left_child=-1 2 -2 -3
right_child=1 3 -4 -5
leaf_value=0.00035749297534258171 -3.0097131743416876e-05 -0.00022640599327796259 0.00017992241193965828 0.00017240687031553042
leaf_weight=63 1690 45 258 155
leaf_count=63 1690 45 258 155
internal_value=6.32625e-05 -0.000167442 -0.000615385 0.00415842
internal_weight=2211 2148 1948 200
internal_count=2211 2148 1948 200
is_linear=0
shrinkage=0.04


Tree=118
num_leaves=7
num_cat=0
split_feature=28 75 118 42 73 25
split_gain=2.62354 3.63021 4.13225 2.59297 3.09922 3.03751
threshold=-0.62499358441685671 -0.22035765679550004 0.2937736879393173 -0.76909651167084625 0.45788925662931029 -0.15812186792680891
decision_type=2 2 2 2 2 2
left_child=1 -1 -3 4 -2 -5
right_child=3 2 -4 5 -6 -7
leaf_value=-0.00055762085501614284 2.4117191166501614e-05 0.00032047820170073458 -0.0005380592024220235 -0.00012856700185751501 0.00088351744968430401 3.5357414660460022e-05
leaf_weight=69 157 84 55 662 91 1093
leaf_count=69 157 84 55 662 91 1093
internal_value=6.32625e-05 -0.00419048 -0.000425532 0.000508728 0.00432 -3.41491e-05
internal_weight=2211 208 139 2003 248 1755
internal_count=2211 208 139 2003 248 1755
is_linear=0
shrinkage=0.04


Tree=119
num_leaves=5
num_cat=0
split_feature=78 80 110 7
split_gain=2.37864 2.69916 4.6408 3.75597
threshold=1.8196584304531511 0.0060162645741870481 0.76243794507473972 -0.048678875352714639
decision_type=2 2 2 2
left_child=1 3 -3 -1
right_child=-2 2 -4 -5
leaf_value=0.00017902129704091706 0.00019283005544317027 -0.00017022864819183893 0.0001308735840934809 -5.5779627000104061e-05
leaf_weight=593 63 756 276 523
leaf_count=593 63 756 276 523
internal_value=0.000153638 -7.44186e-05 -0.00154739 0.00128801
internal_weight=2211 2148 1032 1116
internal_count=2211 2148 1032 1116
is_linear=0
shrinkage=0.04


end of trees

feature_importances:
Column_78=31
Column_28=24
Column_35=21
Column_64=19
Column_14=18
Column_73=17
Column_82=16
Column_99=16
Column_115=16
Column_80=15
Column_87=15
Column_106=14
Column_42=13
Column_44=13
Column_16=12
Column_40=11
Column_45=11
Column_70=11
Column_100=11
Column_108=11
Column_69=10
Column_110=10
Column_12=9
Column_25=8
Column_41=8
Column_66=8
Column_68=8
Column_98=8
Column_103=8
Column_13=7
Column_67=7
Column_72=7
Column_81=7
Column_85=7
Column_109=7
Column_114=7
Column_7=6
Column_11=6
Column_37=6
Column_101=6
Column_102=6
Column_10=5
Column_39=5
Column_47=5
Column_57=5
Column_60=5
Column_63=5
Column_90=5
Column_91=5
Column_94=5
Column_117=5
Column_36=4
Column_75=4
Column_111=4
Column_0=3
Column_18=3
Column_23=3
Column_50=3
Column_58=3
Column_92=3
Column_95=3
Column_112=3
Column_4=2
Column_8=2
Column_15=2
Column_34=2
Column_38=2
Column_86=2
Column_93=2
Column_96=2
Column_104=2
Column_105=2
Column_118=2
Column_5=1
Column_20=1
Column_24=1
Column_26=1
Column_27=1
Column_29=1
Column_33=1
Column_46=1
Column_48=1
Column_49=1
Column_53=1
Column_59=1
Column_62=1
Column_71=1
Column_79=1
Column_84=1
Column_116=1

parameters:
[boosting: gbdt]
[objective: quantile]
[metric: quantile]
[tree_learner: serial]
[device_type: cpu]
[data_sample_strategy: bagging]
[data: ]
[valid: ]
[num_iterations: 120]
[learning_rate: 0.04]
[num_leaves: 15]
[num_threads: 2]
[seed: 42]
[deterministic: 0]
[force_col_wise: 0]
[force_row_wise: 0]
[histogram_pool_size: -1]
[max_depth: 3]
[min_data_in_leaf: 40]
[min_sum_hessian_in_leaf: 0.001]
[bagging_fraction: 0.85]
[pos_bagging_fraction: 1]
[neg_bagging_fraction: 1]
[bagging_freq: 0]
[bagging_seed: 400]
[bagging_by_query: 0]
[feature_fraction: 0.8]
[feature_fraction_bynode: 1]
[feature_fraction_seed: 30056]
[extra_trees: 0]
[extra_seed: 12879]
[early_stopping_round: 0]
[early_stopping_min_delta: 0]
[first_metric_only: 0]
[max_delta_step: 0]
[lambda_l1: 0]
[lambda_l2: 2]
[linear_lambda: 0]
[min_gain_to_split: 0]
[drop_rate: 0.1]
[max_drop: 50]
[skip_drop: 0.5]
[xgboost_dart_mode: 0]
[uniform_drop: 0]
[drop_seed: 17869]
[top_rate: 0.2]
[other_rate: 0.1]
[min_data_per_group: 100]
[max_cat_threshold: 32]
[cat_l2: 10]
[cat_smooth: 10]
[max_cat_to_onehot: 4]
[top_k: 20]
[monotone_constraints: ]
[monotone_constraints_method: basic]
[monotone_penalty: 0]
[feature_contri: ]
[forcedsplits_filename: ]
[refit_decay_rate: 0.9]
[cegb_tradeoff: 1]
[cegb_penalty_split: 0]
[cegb_penalty_feature_lazy: ]
[cegb_penalty_feature_coupled: ]
[path_smooth: 0]
[interaction_constraints: ]
[verbosity: -1]
[saved_feature_importance_type: 0]
[use_quantized_grad: 0]
[num_grad_quant_bins: 4]
[quant_train_renew_leaf: 0]
[stochastic_rounding: 1]
[linear_tree: 0]
[max_bin: 255]
[max_bin_by_feature: ]
[min_data_in_bin: 3]
[bin_construct_sample_cnt: 200000]
[data_random_seed: 175]
[is_enable_sparse: 1]
[enable_bundle: 1]
[use_missing: 1]
[zero_as_missing: 0]
[feature_pre_filter: 1]
[pre_partition: 0]
[two_round: 0]
[header: 0]
[label_column: ]
[weight_column: ]
[group_column: ]
[ignore_column: ]
[categorical_feature: ]
[forcedbins_filename: ]
[precise_float_parser: 0]
[parser_config_file: ]
[objective_seed: 16083]
[num_class: 1]
[is_unbalance: 0]
[scale_pos_weight: 1]
[sigmoid: 1]
[boost_from_average: 1]
[reg_sqrt: 0]
[alpha: 0.5]
[fair_c: 1]
[poisson_max_delta_step: 0.7]
[tweedie_variance_power: 1.5]
[lambdarank_truncation_level: 30]
[lambdarank_norm: 1]
[label_gain: ]
[lambdarank_position_bias_regularization: 0]
[eval_at: ]
[multi_error_top_k: 1]
[auc_mu_weights: ]
[num_machines: 1]
[local_listen_port: 12400]
[time_out: 120]
[machine_list_filename: ]
[machines: ]
[gpu_platform_id: -1]
[gpu_device_id: -1]
[gpu_device_id_list: ]
[gpu_use_dp: 0]
[num_gpu: 1]

end of parameters

pandas_categorical:null
