tree
version=v4
num_class=1
num_tree_per_iteration=1
label_index=0
max_feature_idx=63
objective=quantile
feature_names=Column_0 Column_1 Column_2 Column_3 Column_4 Column_5 Column_6 Column_7 Column_8 Column_9 Column_10 Column_11 Column_12 Column_13 Column_14 Column_15 Column_16 Column_17 Column_18 Column_19 Column_20 Column_21 Column_22 Column_23 Column_24 Column_25 Column_26 Column_27 Column_28 Column_29 Column_30 Column_31 Column_32 Column_33 Column_34 Column_35 Column_36 Column_37 Column_38 Column_39 Column_40 Column_41 Column_42 Column_43 Column_44 Column_45 Column_46 Column_47 Column_48 Column_49 Column_50 Column_51 Column_52 Column_53 Column_54 Column_55 Column_56 Column_57 Column_58 Column_59 Column_60 Column_61 Column_62 Column_63
feature_infos=[-4.5977336097185342:5.9691639565145795] [-3.847757839830829:4.0692334013603153] [-3.6994336635406588:3.6395570460220688] [-3.4474148468428467:3.2309025254338297] [-3.1742440332367416:2.5946382425642365] [-2.174194134766902:2.4845365697297099] [-3.4000991745879876:3.306995334018481] [-1.1741078391027333:4.7160652570164938] [-1.6089754017597644:1.6004159179172426] [-3.0951962423578796:2.6568691534041644] [-1.2320750995944294:3.7704603173533089] [-2.4222902083224152:2.6400044266452203] [-2.0988760340538501:2.514623634580532] [-1.3231264381364227:2.7385990521588832] [-2.4909467984891052:2.9403736033349497] [-1.8068376222195268:1.4635912767480892] [-1.8716719783794287:1.7668621833919806] [-1.0389906975638044:0.67356165171135152] [-1.0975061553005641:0.69100328948102507] [-1.0389906975638046:0.67356165171135141] [-2.3365715980832995:2.8949330097236192] [-3.1905915892670444:3.4862387705606444] [-2.8608755502754661:2.8403125565654364] [-1.9597937758182487:2.8045250719617258] [-2.2186353740561868:1.8539121714065248] [-2.0870471133938517:1.8658601409512963] [-3.2422854773492591:2.2107829240525541] [-1.8055028856696416:1.5722764335937278] [-0.95588383547382993:2.8296248578792671] [-3.5378776463662285:3.3332065547460843] [-3.2662240112583047:2.9362755517684724] [-2.5079268507736812:2.2137887557230007] [-2.479048364035719:2.3770328029973808] [-2.0137571500110227:2.4271159018188433] [-2.1657396286717496:2.273825176064463] [-1.9536759473707821:2.0312466183186464] [-2.0749566421492287:2.2462551304594842] [-1.2138920198160152:3.0852792153200848] [-1.2400464196983458:3.6631038608565607] [-1.3494511932074662:2.6740445814385865] [-1.2463117648087858:1.8001929678818189] [-2.0553735518738052:1.6158047428329381] [-1.7773069088474054:1.674575926880181] [-1.9915861825101424:11.934394279776862] [-581.91686304585312:92.827527235857048] [-492.42445785571897:102.49793690877324] [-645.23105351243623:47.459105201632198] [-1.116971843544077:3.3183431162067039] [-1.8569135404887336:1.718150636700885] [-1.1504277477102187:6.2515725859352509] [-3.8518190665676526:4.5713147903782776] [-10.080162012618191:8.3608824078448283] [-1:1] [-1.2:1] [0:1] [0:1] [-5.1905421760548451:4.6154353520888742] [-4.6930939283497279:3.1207726295047156] [-3.3992736213836316:2.7761656948443214] [-1.1926975549799004:2.7268451225812949] [-2.2474558854290998:2.2737962953802331] [-2.4629338825452001:0.63687340896807421] [-3.8703383246727632:4.4226345247455114] [-5.8477775074757545:4.8043945920840656]
tree_sizes=864 866 866 874 877 783 778 869 868 864 870 868 874 875 782 876 879 872 784 772 876 773 783 864 872 786 872 874 865 870 860 778 783 862 874 780 607 871 873 606 871 881 514 603 608 870 790 599 687 782 877 695 603 602 785 601 874 864 861 866 605 788 604 515 873 517 693 865 694 868 871 874 605 605 603 516 691 871 601 518 518 509 865 517 780 520 781 606 780 869 788 598 516 783 694 516 872 609 868 784 520 607 869 870 607 777 607 603 609 779 778 865 785 865 701 608 516 690 514 610

Tree=0
num_leaves=8
num_cat=0
split_feature=51 40 49 44 18 41 8
split_gain=6.74789 4.39323 1.8844 1.7759 1.66585 1.64597 1.41789
threshold=-0.68426774092547393 0.12553630061015478 0.93995068404101267 -0.26243140699859097 -0.66533651384562253 0.46295113345061051 -0.28993962042700711
decision_type=2 2 2 2 2 2 2
left_child=3 5 -3 4 -1 -2 -5
right_child=1 2 -4 6 -6 -7 -8
leaf_value=-0.0086044044885784394 -0.0082381846010684961 -0.0083097751624882227 -0.0085323322191834458 -0.0084485131036490194 -0.0082556419912725686 -0.0081391164055094126 -0.0086710855364799493
leaf_weight=40 743 534 209 86 103 326 194
leaf_count=40 743 534 209 86 103 326 194
internal_value=-0.00830999 -0.00724708 -0.00960753 -0.0128467 -0.00920207 -0.00560711 -0.0146885
internal_weight=2235 1812 743 423 143 1069 280
internal_count=2235 1812 743 423 143 1069 280
is_linear=0
shrinkage=1


Tree=1
num_leaves=8
num_cat=0
split_feature=51 40 44 1 41 41 20
split_gain=6.57531 4.21846 1.685 1.56355 1.43323 1.43206 1.13161
threshold=-0.68426774092547393 0.066211557958557335 -0.26243140699859097 -1.1125325602014915 0.19171067844076931 0.46295113345061051 -0.74519489700577346
decision_type=2 2 2 2 2 2 2
left_child=2 5 6 -3 -4 -2 -1
right_child=1 3 4 -5 -6 -7 -8
leaf_value=-0.00018756463304162024 6.6062923893332463e-05 -0.00018085682578384874 -0.0002630405426025391 -3.0553931742906547e-05 -0.00036301749944686894 0.00015597012620419264 3.02689928561449e-05
leaf_weight=44 699 83 200 709 80 321 99
leaf_count=44 699 83 200 709 80 321 99
internal_value=3.12919e-05 0.00108049 -0.00444706 -0.00110831 -0.00624113 0.00277886 -0.000896552
internal_weight=2235 1812 423 792 280 1020 143
internal_count=2235 1812 423 792 280 1020 143
is_linear=0
shrinkage=0.04


Tree=2
num_leaves=8
num_cat=0
split_feature=40 0 29 37 1 0 47
split_gain=6.06922 2.28857 2.12188 1.78634 1.6626 1.59928 0.810522
threshold=0.052824646165721564 -0.87258902020811902 0.069446140790250771 0.0053619913708082799 1.7033148824080449 1.0454717561583764 0.026416582541963388
decision_type=2 2 2 2 2 2 2
left_child=1 6 3 -2 -4 -3 -1
right_child=2 5 4 -5 -6 -7 -8
leaf_value=-0.00020670393162965775 8.8382284879684399e-05 0.000101944897826761 1.2876838356256481e-05 -0.00020948174725100396 -0.00030751598502695563 -9.0298062726855281e-05 2.8574677966535096e-05
leaf_weight=60 69 1006 424 536 43 54 43
leaf_count=60 69 1006 424 536 43 54 43
internal_value=0.000120697 0.00212017 -0.00204842 -0.00360791 -2.1322e-05 0.0026742 -0.00352381
internal_weight=2235 1163 1072 605 467 1060 103
internal_count=2235 1163 1072 605 467 1060 103
is_linear=0
shrinkage=0.04


Tree=3
num_leaves=8
num_cat=0
split_feature=51 40 44 43 13 41 13
split_gain=5.75913 3.41816 1.64168 1.74733 1.59145 1.52556 1.36857
threshold=-0.68426774092547393 0.12553630061015478 -0.33999485665209039 -0.065696391720685185 0.85276973223211028 0.43462416000191112 -0.37068564669651727
decision_type=2 2 2 2 2 2 2
left_child=2 5 3 -1 -3 -2 -4
right_child=1 4 6 -5 -6 -7 -8
leaf_value=0.00011256884447555991 5.8635474049448937e-05 -9.8321575318835699e-05 9.9957619355581665e-05 -0.00014814403317034243 0.00011689638673469421 0.00015114036562517287 -0.00032367802685894073
leaf_weight=44 731 506 44 75 237 338 260
leaf_count=44 731 506 44 75 237 338 260
internal_value=0.000120697 0.00110254 -0.00407059 -8.26446e-05 -0.000979866 0.00254902 -0.00562092
internal_weight=2235 1812 423 119 743 1069 304
internal_count=2235 1812 423 119 743 1069 304
is_linear=0
shrinkage=0.04


Tree=4
num_leaves=8
num_cat=0
split_feature=40 16 28 0 42 0 47
split_gain=4.78627 1.91995 3.46096 1.83722 1.56875 1.47522 0.670737
threshold=0.052824646165721564 -0.55480830775058565 0.43143934759350772 -0.87258902020811902 -0.28324605855713342 1.0454717561583764 0.026416582541963388
decision_type=2 2 2 2 2 2 2
left_child=3 2 -2 6 -3 -5 -1
right_child=1 4 -4 5 -6 -7 -8
leaf_value=-0.00020078119332644939 -0.00037124982551959082 7.4961837260170675e-05 -8.1139409965791943e-05 9.5606074286786486e-05 -0.00012793082964318245 -8.9031559179758997e-05 2.4007604477373527e-05
leaf_weight=60 103 218 172 1006 579 54 43
leaf_count=60 103 218 172 1006 579 54 43
internal_value=0.000138578 -0.00178771 -0.00465704 0.00191416 -0.000788486 0.00241055 -0.00314286
internal_weight=2235 1072 275 1163 797 1060 103
internal_count=2235 1072 275 1163 797 1060 103
is_linear=0
shrinkage=0.04


Tree=5
num_leaves=7
num_cat=0
split_feature=51 49 0 56 43 62
split_gain=4.81575 2.87763 1.79314 1.78072 1.46169 1.44872
threshold=-0.68426774092547393 0.9205404449972695 -1.0129520456524945 1.0474396745822541 0.19175176583355932 0.29305321263627465
decision_type=2 2 2 2 2 2
left_child=3 2 -2 4 -1 -3
right_child=1 5 -4 -5 -6 -7
leaf_value=-4.8959730423933295e-06 -0.00019273681054287456 -2.1470338831717022e-06 6.9851135980641358e-05 -0.00032759278312235541 -0.00025449412801889943 -0.00049568120472966496
leaf_weight=182 44 156 1499 54 187 113
leaf_count=182 44 156 1499 54 187 113
internal_value=0.000138578 0.00103638 0.00170227 -0.00369412 -0.00266846 -0.00276753
internal_weight=2235 1812 1543 423 369 269
internal_count=2235 1812 1543 423 369 269
is_linear=0
shrinkage=0.04


Tree=6
num_leaves=7
num_cat=0
split_feature=51 49 56 50 16 44
split_gain=4.2272 2.71356 1.88466 1.83935 1.3242 1.24502
threshold=-0.68426774092547393 0.9205404449972695 1.0474396745822541 0.11003690803041709 -0.84446923808163676 -0.33999485665209039
decision_type=2 2 2 2 2 2
left_child=2 3 5 -2 -3 -1
right_child=1 4 -4 -5 -6 -7
leaf_value=3.3348764910807389e-05 8.3415078914367289e-06 0.00034273244322116647 -0.0003144890717974612 0.00011853703340775873 -0.00015450131002964302 -0.00021956505786812128
leaf_weight=105 881 40 54 662 229 264
leaf_count=105 881 40 54 662 229 264
internal_value=8.49352e-05 0.00092613 -0.00350588 0.00157282 -0.00276753 -0.00245283
internal_weight=2235 1812 423 1543 269 369
internal_count=2235 1812 423 1543 269 369
is_linear=0
shrinkage=0.04


Tree=7
num_leaves=8
num_cat=0
split_feature=40 30 48 1 51 41 51
split_gain=4.17793 1.78756 2.75097 1.76175 1.52426 1.64387 1.14668
threshold=0.052824646165721564 0.1205993211154457 -0.10618464266545474 1.7033148824080449 -0.71746661605865325 -0.62766806581997636 0.99379425302323221
decision_type=2 2 2 2 2 2 2
left_child=4 2 -2 -3 5 -1 -6
right_child=1 3 -4 -5 6 -7 -8
leaf_value=0.00012846125979900646 -8.9535099708030436e-05 3.6369120221840943e-05 -0.00038076513033781728 -0.00026139407580621973 9.0665549694907106e-05 -0.00017769500342769884 -6.9337346626903237e-05
leaf_weight=43 504 405 120 43 953 98 69
leaf_count=43 504 405 120 43 953 98 69
internal_value=4.9173e-05 -0.00175047 -0.00313099 0.000177778 0.00170815 -0.00216783 0.00224609
internal_weight=2235 1072 624 448 1163 141 1022
internal_count=2235 1072 624 448 1163 141 1022
is_linear=0
shrinkage=0.04


Tree=8
num_leaves=8
num_cat=0
split_feature=40 30 35 0 30 0 49
split_gain=3.43279 1.94185 2.17046 1.59736 1.48465 1.30657 0.876557
threshold=0.052824646165721564 0.1205993211154457 -0.01157315567274462 -0.87258902020811902 0.2433270225310778 1.0454717561583764 0.53106060571288427
decision_type=2 2 2 2 2 2 2
left_child=3 2 -2 6 -3 -5 -1
right_child=1 4 -4 5 -6 -7 -8
leaf_value=-0.00021412174649161045 -0.00020213506497828451 0.00015894162809778795 2.2497654230312082e-06 8.2395313137453331e-05 -6.7372700614806366e-06 -9.5032416612682823e-05 1.7155854304551391e-05
leaf_weight=40 407 52 217 1006 396 54 63
leaf_count=40 407 52 217 1006 396 54 63
internal_value=6.70541e-05 -0.00156425 -0.00300319 0.00157082 0.000444444 0.0020339 -0.00314286
internal_weight=2235 1072 624 1163 448 1060 103
internal_count=2235 1072 624 1163 448 1060 103
is_linear=0
shrinkage=0.04


Tree=9
num_leaves=8
num_cat=0
split_feature=40 14 30 51 41 34 53
split_gain=3.42642 1.9506 2.20877 1.44543 1.93337 1.372 1.02396
threshold=0.052824646165721564 -0.67479802509584808 0.1205993211154457 -0.73011827025187415 -0.62766806581997636 -0.20881258319319917 -0.49999999999999994
decision_type=2 2 2 2 2 2 2
left_child=3 6 -3 4 -1 -5 -2
right_child=1 2 -4 5 -6 -7 -8
leaf_value=0.00013194519588755464 -3.8695912330650413e-05 -0.00017351790104312855 6.1053034476928231e-06 8.4261559551383064e-08 -0.00016951715239145281 9.4783706816422669e-05 0.00025050844193685596
leaf_weight=41 47 569 392 318 96 708 64
leaf_count=41 47 569 392 318 96 708 64
internal_value=0.000102816 -0.001527 -0.002108 0.00160515 -0.00223022 0.00212062 0.00345133
internal_weight=2235 1072 961 1163 137 1026 111
internal_count=2235 1072 961 1163 137 1026 111
is_linear=0
shrinkage=0.04


Tree=10
num_leaves=8
num_cat=0
split_feature=40 30 48 30 51 20 34
split_gain=3.51484 1.67859 2.6143 1.57045 1.41977 1.51225 1.32353
threshold=0.052824646165721564 0.1205993211154457 -0.10618464266545474 0.2433270225310778 -0.73011827025187415 0.09244818185355079 -0.20881258319319917
decision_type=2 2 2 2 2 2 2
left_child=4 2 -2 -3 5 -1 -6
right_child=1 3 -4 -5 6 -7 -8
leaf_value=2.9892521134577965e-06 -7.2290584646838728e-05 0.00015233975083596868 -0.00035050840648344811 -6.4784193449769944e-06 8.0891097169345088e-08 -0.00021887059234910588 9.0992358543765775e-05
leaf_weight=97 504 52 120 396 318 40 708
leaf_count=97 504 52 120 396 318 40 708
internal_value=4.9173e-05 -0.00160149 -0.0029393 0.000266667 0.00157082 -0.00223022 0.00208171
internal_weight=2235 1072 624 448 1163 137 1026
internal_count=2235 1072 624 448 1163 137 1026
is_linear=0
shrinkage=0.04


Tree=11
num_leaves=8
num_cat=0
split_feature=51 40 44 13 0 8 18
split_gain=3.46298 2.1385 1.50185 1.4093 1.36272 1.31531 1.28719
threshold=-0.68426774092547393 0.12553630061015478 -0.26243140699859097 0.81671928366204538 1.0454717561583764 -0.28993962042700711 -0.66533651384562253
decision_type=2 2 2 2 2 2 2
left_child=2 4 6 -3 -2 -4 -1
right_child=1 3 5 -5 -6 -7 -8
leaf_value=-0.00025381176542717 7.6555754161207443e-05 -6.5426157967817124e-05 -8.2467774919721607e-05 0.00012548235307508916 -7.1585771010701098e-05 -0.00027800121664791494 5.380658695087984e-05
leaf_weight=40 1012 485 86 258 57 194 103
leaf_count=40 1012 485 86 258 57 194 103
internal_value=0.000120697 0.000882029 -0.00312941 -0.000765101 0.00202614 -0.0048227 0.000206897
internal_weight=2235 1812 423 743 1069 280 143
internal_count=2235 1812 423 743 1069 280 143
is_linear=0
shrinkage=0.04


Tree=12
num_leaves=8
num_cat=0
split_feature=40 32 28 48 43 51 61
split_gain=3.03106 1.59377 3.0801 1.64504 1.54361 1.49648 1.05053
threshold=0.052824646165721564 -0.64371958638513949 0.22874630845979529 -0.13968106168764285 0.13915339816341507 -0.33240091074326522 -0.19224001275094113
decision_type=2 2 2 2 2 2 2
left_child=4 2 -2 -3 6 -6 -1
right_child=1 3 -4 -5 5 -7 -8
leaf_value=0.0002877117957521068 -0.00036061410996062279 5.7551220598950977e-05 -6.016469334512574e-05 -9.667471954551348e-05 -0.00014577974867580938 4.7849553730725188e-05 7.0969050327371994e-05
leaf_weight=85 74 245 217 536 149 370 559
leaf_count=85 74 245 217 536 149 370 559
internal_value=0.000192222 -0.00134078 -0.00385666 -0.000395913 0.00160515 -1.91939e-05 0.00291022
internal_weight=2235 1072 291 781 1163 519 644
internal_count=2235 1072 291 781 1163 519 644
is_linear=0
shrinkage=0.04


Tree=13
num_leaves=8
num_cat=0
split_feature=51 32 35 48 50 1 14
split_gain=2.83416 1.84475 1.8365 1.80251 1.46853 1.73358 1.40758
threshold=-0.68426774092547393 -0.16226621685360651 0.95629024673947904 -0.29105101259616289 -0.47587589445240114 0.62875458564027087 0.074997679816901058
decision_type=2 2 2 2 2 2 2
left_child=4 3 -3 -2 6 -6 -1
right_child=1 2 -4 -5 5 -7 -8
leaf_value=-0.00024711446046342308 5.9229177281009803e-06 7.6691560622180435e-05 -0.00011665574869438676 -0.00015179820707062497 4.9337334282209543e-07 -0.00030295058235854948 -0.00038275429624467453
leaf_weight=73 524 1059 88 141 265 45 40
leaf_count=73 524 1059 88 141 265 45 40
internal_value=0.000281627 0.000970232 0.00194082 -0.000704648 -0.00265882 -0.00121795 -0.00652174
internal_weight=2235 1812 1147 665 423 310 113
internal_count=2235 1812 1147 665 423 310 113
is_linear=0
shrinkage=0.04


Tree=14
num_leaves=7
num_cat=0
split_feature=51 49 62 45 14 7
split_gain=2.66461 1.83428 1.37032 1.31641 1.1607 1.51395
threshold=-0.68426774092547393 0.9205404449972695 -0.53411662429849482 -1.1273732757151576 0.79721990644943408 0.39120495736279698
decision_type=2 2 2 2 2 2
left_child=4 3 -3 -2 5 -1
right_child=1 2 -4 -5 -6 -7
leaf_value=4.3575452044137581e-06 -2.8497354591232768e-05 7.71913446470137e-05 -0.00020086269099223907 6.6181957463233164e-05 -0.00029730947659895252 -0.00025267687027921926
leaf_weight=202 240 78 191 1303 52 169
leaf_count=202 240 78 191 1303 52 169
internal_value=0.000192222 0.000859978 -0.00217712 0.00139159 -0.00265882 -0.00184987
internal_weight=2235 1812 269 1543 423 371
internal_count=2235 1812 269 1543 423 371
is_linear=0
shrinkage=0.04


Tree=15
num_leaves=8
num_cat=0
split_feature=40 43 14 32 47 48 41
split_gain=2.67683 1.4947 1.44303 1.35211 2.88629 1.64504 0.991519
threshold=0.052824646165721564 0.13915339816341507 0.61569302695636208 -0.64371958638513949 -0.44962253400703273 -0.13968106168764285 0.01524584814219695
decision_type=2 2 2 2 2 2 2
left_child=1 6 -3 4 -2 -5 -1
right_child=3 2 -4 5 -6 -7 -8
leaf_value=2.3862150634047414e-05 -0.00056638557187636731 -2.8392194998612711e-05 0.00023512373974905265 7.2191898362716222e-05 -7.0616182597736725e-05 -8.207646575492751e-05 0.00014637587557366573
leaf_weight=296 47 445 74 245 244 536 348
leaf_count=296 47 445 74 245 244 536 348
internal_value=0.000174341 0.00150215 -9.59693e-05 -0.00126629 -0.00358362 -0.000395913 0.00278638
internal_weight=2235 1163 519 1072 291 781 644
internal_count=2235 1163 519 1072 291 781 644
is_linear=0
shrinkage=0.04


Tree=16
num_leaves=8
num_cat=0
split_feature=51 40 50 1 63 60 44
split_gain=2.63133 1.57986 1.46853 1.34183 1.25054 1.21043 1.18618
threshold=-0.68426774092547393 0.094922044264616146 -0.47587589445240114 0.62875458564027087 -0.25269614844943855 -0.010892118463364795 -0.057388627003172675
decision_type=2 2 2 2 2 2 2
left_child=2 6 5 -4 -3 -1 -2
right_child=1 4 3 -5 -6 -7 -8
leaf_value=-0.00036963041935392677 0.00011019615868966127 -0.00012301955953721426 -6.5514942442931877e-07 -0.00028772380224218694 1.2037655122334284e-05 -8.7114039998560921e-05 1.1087309304746951e-05
leaf_weight=65 519 292 265 45 483 48 518
leaf_count=65 519 292 265 45 483 48 518
internal_value=0.000174341 0.000837927 -0.00265882 -0.00121795 -0.000527671 -0.00652174 0.00185756
internal_weight=2235 1812 423 310 775 113 1037
internal_count=2235 1812 423 310 775 113 1037
is_linear=0
shrinkage=0.04


Tree=17
num_leaves=8
num_cat=0
split_feature=51 49 62 50 14 50 14
split_gain=2.63133 1.63499 1.48473 1.46853 1.40758 1.26689 0.967005
threshold=-0.68426774092547393 0.9205404449972695 0.29305321263627465 -0.47587589445240114 0.074997679816901058 0.14125390197150053 -0.69850794009055572
decision_type=2 2 2 2 2 2 2
left_child=3 5 -3 4 -1 -2 -5
right_child=1 2 -4 6 -6 -7 -8
leaf_value=-0.00020951294315565091 6.793987930014019e-06 1.671906075713457e-05 -0.00041391751591461699 4.1591346064400561e-05 -0.00034043297623885668 9.7648850755510688e-05 -9.7869882205816328e-05
leaf_weight=73 911 156 113 43 40 632 267
leaf_count=73 911 156 113 43 40 632 267
internal_value=0.000174341 0.000837927 -0.00202952 -0.00265882 -0.00652174 0.00133981 -0.00121795
internal_weight=2235 1812 269 423 113 1543 310
internal_count=2235 1812 269 423 113 1543 310
is_linear=0
shrinkage=0.04


Tree=18
num_leaves=7
num_cat=0
split_feature=51 36 32 50 14 1
split_gain=2.50028 1.4696 1.74591 1.46853 1.40758 1.34183
threshold=-0.68426774092547393 1.2251584072873991 -0.16226621685360651 -0.47587589445240114 0.074997679816901058 0.62875458564027087
decision_type=2 2 2 2 2 2
left_child=3 2 -2 4 -1 -5
right_child=1 -3 -4 5 -6 -7
leaf_value=-0.00020113242542942487 -1.9976036396377567e-05 -0.0002881699196437584 6.2269387120691971e-05 -8.7010018552914622e-07 -0.00032681565718930237 -0.00027230005486426678
leaf_weight=73 664 56 1092 265 40 45
leaf_count=73 664 56 1092 265 40 45
internal_value=0.000102816 0.000749724 0.000955631 -0.00265882 -0.00652174 -0.00121795
internal_weight=2235 1812 1756 423 113 310
internal_count=2235 1812 1756 423 113 310
is_linear=0
shrinkage=0.04


Tree=19
num_leaves=7
num_cat=0
split_feature=0 58 7 43 28 35
split_gain=2.37893 1.93072 1.70327 1.41197 1.88339 1.39647
threshold=-1.0811011620230133 -1.0248581757691737 1.4942388185896127 1.0928545567646244 0.22874630845979529 0.98037594960858077
decision_type=2 2 2 2 2 2
left_child=3 2 -2 4 -1 -3
right_child=1 5 -4 -5 -6 -7
leaf_value=-0.00035596389841622937 -4.3035408309504992e-05 3.5125141491741988e-05 -0.00082994244340543397 6.0289648746346037e-05 -6.4058842498923506e-05 -9.8061827307020398e-05
leaf_weight=61 174 1701 43 67 97 92
leaf_count=61 174 1701 43 67 97 92
internal_value=4.9173e-05 0.000487078 -0.00305936 -0.0038326 -0.005875 0.00091922
internal_weight=2235 2010 217 225 158 1793
internal_count=2235 2010 217 225 158 1793
is_linear=0
shrinkage=0.04


Tree=20
num_leaves=8
num_cat=0
split_feature=51 50 40 1 44 60 63
split_gain=2.30162 1.54143 1.39874 1.39765 1.25596 1.21043 1.0331
threshold=-0.68426774092547393 -0.47587589445240114 0.094922044264616146 0.62875458564027087 -0.057388627003172675 -0.010892118463364795 -0.25269614844943855
decision_type=2 2 2 2 2 2 2
left_child=1 5 4 -3 -2 -1 -4
right_child=2 3 6 -5 -6 -7 -8
leaf_value=-0.00032559290354268634 9.9537618354095052e-05 1.915650188531945e-06 -0.00012056785440340171 -0.00026281305832936578 5.5677276426041854e-06 -5.4475702645030764e-05 1.5597773173454158e-05
leaf_weight=65 519 265 292 45 518 48 483
leaf_count=65 519 265 292 45 518 48 483
internal_value=8.49352e-05 -0.00256471 0.000705623 -0.00108974 0.00166506 -0.00652174 -0.000579151
internal_weight=2235 423 1812 310 1037 113 775
internal_count=2235 423 1812 310 1037 113 775
is_linear=0
shrinkage=0.04


Tree=21
num_leaves=7
num_cat=0
split_feature=0 58 7 5 60 42
split_gain=2.46731 2.01811 1.70327 1.28613 2.05857 1.06479
threshold=-1.0811011620230133 -1.0248581757691737 1.4942388185896127 -0.85061773940042107 -0.16559059595029091 1.2608290057360747
decision_type=2 2 2 2 2 2
left_child=3 2 -2 -1 -5 -3
right_child=1 5 -4 4 -6 -7
leaf_value=2.2656281503768346e-05 -4.1390617984666067e-05 3.0090894304245897e-05 -0.00079464534404461774 -0.00033222366322748761 -0.00013001054155585527 -9.161479006274745e-05
leaf_weight=69 174 1731 43 58 98 62
leaf_count=69 174 1731 43 58 98 62
internal_value=0.000120697 0.0005666 -0.00305936 -0.0038326 -0.00582278 0.00100836
internal_weight=2235 2010 217 225 156 1793
internal_count=2235 2010 217 225 156 1793
is_linear=0
shrinkage=0.04


Tree=22
num_leaves=7
num_cat=0
split_feature=40 30 3 1 31 17
split_gain=1.90595 1.42078 2.06764 1.34879 1.28824 1.85312
threshold=0.052824646165721564 0.040504891498845605 0.15132742441936595 -0.17136492187999608 0.79035806999274449 0.41586914912928657
decision_type=2 2 2 2 2 2
left_child=4 2 -2 -3 5 -1
right_child=1 3 -4 -5 -6 -7
leaf_value=1.5006606485808384e-05 -7.1020635973124621e-05 0.00019520661615109096 -0.00022728043489093225 -6.6391086302779003e-06 -5.1593438479831978e-05 0.00011947196246356013
leaf_weight=830 533 79 54 406 72 261
leaf_count=830 533 79 54 406 72 261
internal_value=0.000210103 -0.00100559 -0.00232598 0.000595483 0.00133047 0.00167429
internal_weight=2235 1072 587 485 1163 1091
internal_count=2235 1072 587 485 1163 1091
is_linear=0
shrinkage=0.04


Tree=23
num_leaves=8
num_cat=0
split_feature=0 14 49 43 15 45 8
split_gain=2.0934 2.35661 1.93551 2.21998 1.74138 1.42563 0.985022
threshold=-0.87258902020811902 0.11679516442303718 0.70404087094612611 0.19175176583355932 -0.61806894753981967 -1.1273732757151576 -0.37087144081660689
decision_type=2 2 2 2 2 2 2
left_child=1 6 5 -4 -3 -2 -1
right_child=2 4 3 -5 -6 -7 -8
leaf_value=0.00011764155301156259 -4.4979989680660914e-05 -3.9869133854700328e-05 6.7781880245543631e-05 -0.00023479957119604736 -0.00029643941543295438 4.9873394119296919e-05 -8.2305818105504164e-05
leaf_weight=84 260 55 111 199 69 1341 116
leaf_count=84 260 55 111 199 69 1341 116
internal_value=0.000263746 -0.00269939 0.000768427 -0.00211538 -0.00698413 0.00132876 0
internal_weight=2235 324 1911 310 124 1601 200
internal_count=2235 324 1911 310 124 1601 200
is_linear=0
shrinkage=0.04


Tree=24
num_leaves=8
num_cat=0
split_feature=51 35 12 50 14 1 43
split_gain=2.95734 1.51306 1.71821 1.32786 1.40758 1.23344 0.923343
threshold=-0.68426774092547393 0.98037594960858077 -0.60629917617864637 -0.47587589445240114 0.074997679816901058 0.62875458564027087 0.18449394601167535
decision_type=2 2 2 2 2 2 2
left_child=3 2 -2 4 -1 -5 -3
right_child=1 6 -4 5 -6 -7 -8
leaf_value=-0.00016396213703490279 -2.8601394487398242e-05 -2.4492406877127966e-05 4.8139282187189923e-05 -2.5646189288588974e-06 -0.00027493883633443331 -0.00025523354318792173 -0.00047649230224656877
leaf_weight=73 327 43 1402 265 40 45 40
leaf_count=73 327 43 1402 265 40 45 40
internal_value=0.00015646 0.000859978 0.00111496 -0.00284706 -0.00652174 -0.00147436 -0.00435294
internal_weight=2235 1812 1729 423 113 310 83
internal_count=2235 1812 1729 423 113 310 83
is_linear=0
shrinkage=0.04


Tree=25
num_leaves=7
num_cat=0
split_feature=51 50 14 36 35 42
split_gain=2.84346 1.39734 1.40758 1.15624 1.34914 0.975178
threshold=-0.68426774092547393 -0.47587589445240114 0.074997679816901058 1.2883208678962159 0.29832700505467286 -0.20336778270238162
decision_type=2 2 2 2 2 2
left_child=1 2 -1 4 -2 -3
right_child=3 5 -4 -5 -6 -7
leaf_value=-0.0001574036515535067 5.5889083625955231e-06 6.8167050120517342e-05 -0.00026394128288105599 -0.00041596767058861637 8.3803661942505201e-05 -0.00015623888392486606
leaf_weight=73 1162 118 40 50 600 192
leaf_count=73 1162 118 40 50 600 192
internal_value=0.000192222 -0.00275294 -0.00652174 0.000882029 0.00105442 -0.00134615
internal_weight=2235 423 113 1812 1762 310
internal_count=2235 423 113 1812 1762 310
is_linear=0
shrinkage=0.04


Tree=26
num_leaves=8
num_cat=0
split_feature=51 50 0 50 13 8 45
split_gain=2.1896 2.05415 1.87867 1.58927 1.51036 1.39095 1.14354
threshold=-0.33240091074326522 -0.67632288292754905 -1.246900295410363 -0.25238162553121973 -0.6854479880404184 -0.48674208757284371 -1.1273732757151576
decision_type=2 2 2 2 2 2 2
left_child=1 2 -1 -3 6 -6 -2
right_child=4 3 -4 -5 5 -7 -8
leaf_value=-0.00016840474958604198 -4.6042016986772609e-05 0.0001676530079016099 -0.00032919470102444427 -6.5964187788887448e-05 0.00010791989921741442 -4.0137100709095039e-06 0.00010130540534317858
leaf_weight=100 47 110 43 449 321 941 224
leaf_count=100 47 110 43 449 321 941 224
internal_value=0.000227984 -0.00161932 -0.00586207 -0.000516934 0.00107492 0.000490506 0.00377289
internal_weight=2235 702 143 559 1533 1262 271
internal_count=2235 702 143 559 1533 1262 271
is_linear=0
shrinkage=0.04


Tree=27
num_leaves=8
num_cat=0
split_feature=51 49 35 50 48 41 26
split_gain=2.04428 1.24095 1.4689 1.1711 0.943576 0.853977 0.566036
threshold=-0.68426774092547393 -0.78832223129696632 0.95629024673947904 -0.47587589445240114 -0.75896160120883616 0.48234398286903035 -0.045632790427705086
decision_type=2 2 2 2 2 2 2
left_child=3 6 -3 4 -1 -5 -2
right_child=1 2 -4 5 -6 -7 -8
leaf_value=-0.00035627241322583629 7.6067881791013621e-06 1.9392413926150459e-05 -0.00017033088762530424 -1.7488557724628859e-06 -3.8646174328606511e-05 -0.00022004379493643935 0.00023088298263002904
leaf_weight=42 41 1624 84 260 71 50 63
leaf_count=42 41 1624 84 260 71 50 63
internal_value=0.000120697 0.000705623 0.000444444 -0.00237647 -0.00582609 -0.00108974 0.00490566
internal_weight=2235 1812 1708 423 113 310 104
internal_count=2235 1812 1708 423 113 310 104
is_linear=0
shrinkage=0.04


Tree=28
num_leaves=8
num_cat=0
split_feature=29 20 48 28 7 26 16
split_gain=2.02274 1.77761 2.45055 1.57658 1.46331 1.59454 1.486
threshold=0.12847854270790612 0.61606462016464014 0.57937702817915271 0.3753875331693311 -0.12869084323677901 0.095124719535963118 -1.0838229240663637
decision_type=2 2 2 2 2 2 2
left_child=4 3 -3 -2 5 -1 -6
right_child=1 2 -4 -5 6 -7 -8
leaf_value=4.0538731832556921e-05 0.00011098465316664266 -0.00023568505649275944 1.5152917196606481e-05 9.0104297677821767e-06 0.00018315601913182635 -0.00012750372977691048 -7.6348119233392645e-05
leaf_weight=380 420 49 204 282 52 99 749
leaf_count=380 420 49 204 282 52 99 749
internal_value=0.000102816 0.00149425 -0.00137255 0.00252841 -0.000936037 0.000810811 -0.00198007
internal_weight=2235 955 253 702 1280 479 801
internal_count=2235 955 253 702 1280 479 801
is_linear=0
shrinkage=0.04


Tree=29
num_leaves=8
num_cat=0
split_feature=49 51 44 35 38 50 14
split_gain=1.94803 1.68191 1.618 1.46271 0.90266 1.45213 0.771365
threshold=-0.48697261276209663 -0.68426774092547393 -0.33999485665209039 0.95629024673947904 -0.54243223747333758 -0.1570772543009098 0.2022625062107109
decision_type=2 2 2 2 2 2 2
left_child=4 2 -2 -3 6 -6 -1
right_child=1 3 -4 -5 5 -7 -8
leaf_value=0.00021342466709072986 5.3589724019923528e-05 1.1968139661552615e-05 -0.00016322791837773747 -0.00017344115474711243 -0.00012199490615667378 9.4712221108265957e-05 3.5885889719674325e-05
leaf_weight=93 111 1353 275 73 69 182 79
leaf_count=93 111 1353 275 73 69 182 79
internal_value=0.000174341 -0.000396913 -0.00273196 0.000238095 0.00261176 0.00106719 0.00482759
internal_weight=2235 1812 386 1426 423 251 172
internal_count=2235 1812 386 1426 423 251 172
is_linear=0
shrinkage=0.04


Tree=30
num_leaves=8
num_cat=0
split_feature=29 20 48 28 6 51 0
split_gain=1.88598 1.6757 1.9851 1.42564 1.34426 1.58018 1.3211
threshold=0.12847854270790612 0.61606462016464014 0.57937702817915271 0.3753875331693311 0.19148898800211908 -0.33240091074326522 -0.11859766414183708
decision_type=2 2 2 2 2 2 2
left_child=4 3 -3 -2 5 -1 -6
right_child=1 2 -4 -5 6 -7 -8
leaf_value=-9.654649402365378e-05 0.00010582736395293367 -0.00021972853749793958 1.8802912940072952e-05 8.17128699060878e-06 -0.00018777917220478467 7.952466737727783e-06 1.6415085651253666e-05
leaf_weight=465 420 49 204 282 52 720 43
leaf_count=465 420 49 204 282 52 720 43
internal_value=6.70541e-05 0.00141066 -0.00137255 0.00241477 -0.000936037 -0.000564448 -0.00546392
internal_weight=2235 955 253 702 1280 1185 95
internal_count=2235 955 253 702 1280 1185 95
is_linear=0
shrinkage=0.04


Tree=31
num_leaves=7
num_cat=0
split_feature=0 49 58 58 7 30
split_gain=1.85155 1.65537 1.57279 1.55883 1.45634 1.15404
threshold=-1.0811011620230133 0.65025443812165917 -1.0248581757691737 -0.2144703694780826 1.4942388185896127 0.92180910656382964
decision_type=2 2 2 2 2 2
left_child=1 -1 4 -3 -2 -4
right_child=2 3 5 -5 -6 -7
leaf_value=-0.00020879099121607765 -2.2670212073422511e-05 0.00013168154904820106 2.4516212542970566e-05 -0.0002080357556072185 -0.00075078691045116393 -6.3654833562262303e-05
leaf_weight=66 174 83 1627 76 43 166
leaf_count=66 174 83 1627 76 43 166
internal_value=0.000120697 -0.00330396 0.000506958 -0.0010559 -0.00269406 0.000896936
internal_weight=2235 225 2010 159 217 1793
internal_count=2235 225 2010 159 217 1793
is_linear=0
shrinkage=0.04


Tree=32
num_leaves=7
num_cat=0
split_feature=51 35 12 58 12 45
split_gain=1.71352 1.43752 1.3921 0.986332 1.40031 0.779587
threshold=-0.68426774092547393 0.98037594960858077 -0.60629917617864637 0.70974001163860012 0.31996727290991639 0.67005494349500283
decision_type=2 2 2 2 2 2
left_child=3 2 -2 4 -1 -3
right_child=1 5 -4 -5 -6 -7
leaf_value=-9.0006870373691365e-05 -2.8368845448650816e-05 -0.00013271147351530372 3.871719045851997e-05 4.1796301352881279e-05 -0.00016626126326439977 -3.4368862282289828e-05
leaf_weight=299 327 41 1402 64 60 42
leaf_count=299 327 41 1402 64 60 42
internal_value=0.000192222 0.000727674 0.000976314 -0.00209412 -0.00290859 -0.00435294
internal_weight=2235 1812 1729 423 359 83
internal_count=2235 1812 1729 423 359 83
is_linear=0
shrinkage=0.04


Tree=33
num_leaves=8
num_cat=0
split_feature=29 20 4 28 14 56 56
split_gain=1.58142 1.81774 1.96311 1.42564 1.35018 1.87971 1.22721
threshold=0.12847854270790612 0.61606462016464014 0.35138892493150098 0.3753875331693311 -0.39608790358250173 0.33677595800558763 0.7854298700485095
decision_type=2 2 2 2 2 2 2
left_child=4 3 -3 -2 6 -6 -1
right_child=1 2 -4 -5 5 -7 -8
leaf_value=4.2902017725215962e-06 9.9064933274756669e-05 -0.00017640218775270394 8.4035040303094725e-06 7.6121956498160886e-06 -1.757003178964772e-05 -0.00015101328207017955 0.00027109507130001624
leaf_weight=358 420 43 210 282 702 180 40
leaf_count=358 420 43 210 282 702 180 40
internal_value=0.000138578 0.00136886 -0.00152941 0.00241477 -0.000780031 -0.00165158 0.00115
internal_weight=2235 955 253 702 1280 882 398
internal_count=2235 955 253 702 1280 882 398
is_linear=0
shrinkage=0.04


Tree=34
num_leaves=8
num_cat=0
split_feature=49 51 10 41 36 17 25
split_gain=1.40954 1.52818 2.10832 1.50232 1.69227 1.33026 1.26688
threshold=-0.31329004842884695 -0.15987576663430003 -0.5528003584951956 -0.056647850843082916 -0.26424873284154632 0.11896385981751588 -0.23792036553957893
decision_type=2 2 2 2 2 2 2
left_child=3 2 -2 4 -1 -5 -3
right_child=1 6 -4 5 -6 -7 -8
leaf_value=7.6789768833794195e-05 -0.00016086041699967934 -3.0381034537822292e-05 -2.8985343010835065e-05 0.0002813235399834882 -9.9285632786514589e-05 4.5869285354538587e-05 6.246721468431481e-05
leaf_weight=119 71 359 592 95 148 313 538
leaf_count=119 71 359 592 95 148 313 538
internal_value=0.000174341 -0.000486556 -0.00193985 0.00169867 -0.00063197 0.00321951 0.000589544
internal_weight=2235 1560 663 675 267 408 897
internal_count=2235 1560 663 675 267 408 897
is_linear=0
shrinkage=0.04


Tree=35
num_leaves=7
num_cat=0
split_feature=49 44 16 51 43 8
split_gain=1.62023 1.59061 1.92309 1.85413 1.01505 0.887373
threshold=-0.57805859982758201 0.12616040453886321 -1.0618109349369342 0.4974457610618695 0.38515828970012495 0.55421466816169229
decision_type=2 2 2 2 2 2
left_child=4 3 -3 -2 5 -1
right_child=1 2 -4 -5 -6 -7
leaf_value=0.00012350510550429992 -1.7324460700361005e-06 0.00033373476864073935 -7.4065643711645568e-05 0.0001279231566587771 -4.6730538515221729e-05 -1.2281277010686092e-05
leaf_weight=200 811 41 800 277 44 62
leaf_count=200 811 41 800 277 44 62
internal_value=0.000227984 -0.000201968 -0.00150652 0.000807339 0.00292208 0.00386364
internal_weight=2235 1929 841 1088 306 262
internal_count=2235 1929 841 1088 306 262
is_linear=0
shrinkage=0.04


Tree=36
num_leaves=5
num_cat=0
split_feature=1 8 44 49
split_gain=1.43244 1.3496 2.13661 1.80548
threshold=-1.8419944358994558 0.51059913602689277 -0.47815751560037129 -0.74740947200224805
decision_type=2 2 2 2
left_child=-1 3 -3 -2
right_child=1 2 -4 -5
leaf_value=-0.00018512303340460974 0.00016466611162485373 9.0033245690963014e-05 -8.8939618506655421e-05 9.8217326150089326e-06
leaf_weight=54 104 154 402 1521
leaf_count=54 104 154 402 1521
internal_value=0.000245865 0.000407696 -0.00129032 0.000989551
internal_weight=2235 2181 556 1625
internal_count=2235 2181 556 1625
is_linear=0
shrinkage=0.04


Tree=37
num_leaves=8
num_cat=0
split_feature=40 45 44 28 12 52 50
split_gain=1.31172 1.26005 1.92687 1.50411 1.23711 1.73468 1.5154
threshold=0.052824646165721564 -1.1273732757151576 -0.33999485665209039 -0.32314303127098848 0.67498933941380634 0.75000000000000011 0.59718618071208196
decision_type=2 2 2 2 2 2 2
left_child=1 3 -3 -1 6 -6 -2
right_child=4 2 -4 -5 5 -7 -8
leaf_value=-0.00013335992166379487 -9.9366796778652995e-05 0.00012134409762133012 1.0163212436580873e-05 7.6621607887577071e-06 8.1573266980515888e-05 -0.00022318947619216493 6.3602071324219241e-05
leaf_weight=43 626 214 771 135 188 55 203
leaf_count=43 626 214 771 135 188 55 203
internal_value=0.000263746 0.00119313 0.00175279 -0.00188889 -0.000744879 0.0017551 -0.00148014
internal_weight=2235 1163 985 178 1072 243 829
internal_count=2235 1163 985 178 1072 243 829
is_linear=0
shrinkage=0.04


Tree=38
num_leaves=8
num_cat=0
split_feature=51 35 35 42 35 3 45
split_gain=1.36374 1.42511 1.28915 0.884741 2.14048 1.7774 0.779587
threshold=-0.68426774092547393 0.98037594960858077 0.29832700505467286 -0.24557104259999732 -0.52634548921467794 -1.1043102035823691 0.67005494349500283
decision_type=2 2 2 2 2 2 2
left_child=3 2 -2 5 -5 -1 -3
right_child=1 6 -4 4 -6 -7 -8
leaf_value=-0.00019817078221266132 3.7882890802115859e-06 -0.00011974296096339834 6.9694810583150596e-05 -0.00036539213087457092 -4.7740388980990064e-05 6.2803364519541316e-05 -1.9355003129598123e-05
leaf_weight=44 1162 41 567 65 201 113 42
leaf_count=44 1162 41 567 65 201 113 42
internal_value=0.000227984 0.000705623 0.000953206 -0.00181176 -0.00320896 0.000566038 -0.00435294
internal_weight=2235 1812 1729 423 266 157 83
internal_count=2235 1812 1729 423 266 157 83
is_linear=0
shrinkage=0.04


Tree=39
num_leaves=5
num_cat=0
split_feature=35 29 43 47
split_gain=1.25841 1.31717 1.53716 1.28257
threshold=1.1320776518524613 0.12847854270790612 0.10605011962475901 0.83930554776994304
decision_type=2 2 2 2
left_child=1 3 -3 -1
right_child=-2 2 -4 -5
leaf_value=-2.2590183548900338e-05 -0.00023386654347792746 8.428698742385614e-05 -5.8455250896140286e-06 8.970951516220641e-05
leaf_weight=1122 40 515 405 153
leaf_count=1122 40 515 405 153
internal_value=0.000192222 0.000323168 0.00147505 -0.000509005
internal_weight=2235 2195 920 1275
internal_count=2235 2195 920 1275
is_linear=0
shrinkage=0.04


Tree=40
num_leaves=8
num_cat=0
split_feature=40 40 56 62 17 1 18
split_gain=1.11608 1.67377 1.46652 1.41094 0.913724 1.57341 1.29673
threshold=0.27703691010966663 0.50157513854650071 -0.44537499105010653 0.94357273695821509 0.41586914912928657 0.24291963261687774 0.49837499711037286
decision_type=2 2 2 2 2 2 2
left_child=4 2 -2 -3 5 -1 -6
right_child=1 3 -4 -5 6 -7 -8
leaf_value=1.3626642319212509e-05 1.1179853777439908e-05 -2.905010043013908e-05 -0.00016693247815943737 0.00022301996572674464 8.2504899555811725e-05 -0.00010975561012452878 2.3730092266168499e-05
leaf_weight=812 72 495 135 91 173 253 204
leaf_count=812 72 495 135 91 173 253 204
internal_value=0.000210103 -0.000993711 -0.00406699 0.000102041 0.000872576 0.00027179 0.00255937
internal_weight=2235 793 207 586 1442 1065 377
internal_count=2235 793 207 586 1442 1065 377
is_linear=0
shrinkage=0.04


Tree=41
num_leaves=8
num_cat=0
split_feature=51 13 43 57 43 35 13
split_gain=1.20138 1.49266 1.42027 2.6529 1.72841 1.36779 0.985488
threshold=-0.33240091074326522 -0.67350488852430668 0.19175176583355932 -0.0074753813639018936 0.86286579086972559 0.80619344371469615 -0.81709901572793042
decision_type=2 2 2 2 2 2 2
left_child=2 6 3 -1 -4 -3 -2
right_child=1 5 4 -5 -6 -7 -8
leaf_value=-0.00010305022303621973 4.1957415934433541e-05 1.1921142924780272e-05 -0.00023235584613110483 8.2306600606804966e-05 2.2402184417420238e-06 -0.00026355287460118809 4.8184106021696174e-05
leaf_weight=193 168 1172 163 204 142 85 108
leaf_count=193 168 1172 163 204 142 85 108
internal_value=0.000317389 0.000944625 -0.00105114 0.000526316 -0.00309446 0.000357427 0.00359712
internal_weight=2235 1533 702 397 305 1257 276
internal_count=2235 1533 702 397 305 1257 276
is_linear=0
shrinkage=0.04


Tree=42
num_leaves=4
num_cat=0
split_feature=35 1 8
split_gain=1.29135 1.29035 1.35742
threshold=1.1320776518524613 -1.8419944358994558 0.51059913602689277
decision_type=2 2 2
left_child=1 -1 -3
right_child=-2 2 -4
leaf_value=-0.00017143145470242054 -0.00022318354699379711 2.1189259042133714e-05 -2.0673487948418697e-05
leaf_weight=53 40 1593 549
leaf_count=53 40 1593 549
internal_value=0.000281627 0.000414201 0.00056903
internal_weight=2235 2195 2142
internal_count=2235 2195 2142
is_linear=0
shrinkage=0.04


Tree=43
num_leaves=5
num_cat=0
split_feature=1 28 40 0
split_gain=1.13399 1.15284 1.24244 1.00759
threshold=-1.8419944358994558 -0.74289077108887269 -0.69396933698211216 -0.13251012130297848
decision_type=2 2 2 2
left_child=-1 3 -3 -2
right_child=1 2 -4 -5
leaf_value=-0.00016356326078539735 -0.00033240208521365886 7.9926406908744689e-05 3.1997188710043008e-06 3.7462479388940263e-08
leaf_weight=54 40 215 1885 41
leaf_count=54 40 215 1885 41
internal_value=0.000263746 0.000407696 0.000589914 -0.00421687
internal_weight=2235 2181 2100 81
internal_count=2235 2181 2100 81
is_linear=0
shrinkage=0.04


Tree=44
num_leaves=5
num_cat=0
split_feature=1 8 60 46
split_gain=1.13399 1.13124 1.45126 1.37011
threshold=-1.8419944358994558 0.51059913602689277 -0.028860846276818373 3.1108478585336776
decision_type=2 2 2 2
left_child=-1 3 -3 -2
right_child=1 2 -4 -5
leaf_value=-0.00015702073035398146 2.4248053719182232e-05 -0.00010369579908844081 1.0175281905776997e-05 -7.7996234549977791e-05
leaf_weight=54 1518 261 295 107
leaf_count=54 1518 261 295 107
internal_value=0.000263746 0.000407696 -0.00114695 0.000940381
internal_weight=2235 2181 556 1625
internal_count=2235 2181 556 1625
is_linear=0
shrinkage=0.04


Tree=45
num_leaves=8
num_cat=0
split_feature=14 47 36 15 44 0 59
split_gain=1.06336 1.42771 2.04502 1.41705 1.22267 1.06714 0.67817
threshold=-0.69147781903066663 0.51159499398947783 0.68020528127087887 1.1161906550842862 0.1373712256359759 -0.40147502752803871 -0.5478737599353326
decision_type=2 2 2 2 2 2 2
left_child=4 2 -2 -3 6 -6 -1
right_child=1 3 -4 -5 5 -7 -8
leaf_value=1.5736702829155358e-05 -5.0788403500692454e-06 5.8066478923166217e-05 -0.00024320254187156019 -7.2349850834440874e-05 7.6919808962424825e-05 -3.7022717219789593e-05 0.00015535946386124479
leaf_weight=60 1229 464 119 45 47 120 151
leaf_count=60 1229 464 119 45 47 120 151
internal_value=0.00033527 -5.91716e-05 -0.000740741 0.00174168 0.00226316 -0.000295858 0.0042723
internal_weight=2235 1857 1348 509 378 167 211
internal_count=2235 1857 1348 509 378 167 211
is_linear=0
shrinkage=0.04


Tree=46
num_leaves=7
num_cat=0
split_feature=51 35 27 29 62 18
split_gain=1.14502 1.04295 1.30259 1.03023 1.87178 1.65698
threshold=-0.33240091074326522 0.95629024673947904 0.39845030123290187 -0.20236444054457145 0.078577579212748425 -0.54923594621610738
decision_type=2 2 2 2 2 2
left_child=3 2 -2 5 -5 -1
right_child=1 -3 -4 4 -6 -7
leaf_value=6.1014627072922963e-07 4.8568078486959861e-06 -7.7648970441274444e-05 8.8819103512681531e-05 5.8421925864595158e-05 -0.00013012984206602703 -0.00016693387085425047
leaf_weight=200 1057 79 397 175 147 180
leaf_count=200 1057 79 397 175 147 180
internal_value=0.000227984 0.000840391 0.00108516 -0.00110795 0.000555556 -0.00251309
internal_weight=2235 1533 1454 702 322 380
internal_count=2235 1533 1454 702 322 380
is_linear=0
shrinkage=0.04


Tree=47
num_leaves=5
num_cat=0
split_feature=1 40 28 49
split_gain=1.1268 1.05714 1.31345 0.97069
threshold=-1.8419944358994558 1.3324015735711254 0.77476475232398323 2.4273926120971354
decision_type=2 2 2 2
left_child=-1 3 -3 -2
right_child=1 2 -4 -5
leaf_value=-0.00015307545889221784 9.6125145993523903e-06 0.00011214082656609608 -0.00050968330583051416 -0.00017385000103035863
leaf_weight=54 2023 58 59 41
leaf_count=54 2023 58 59 41
internal_value=0.000245865 0.000389372 -0.00327731 0.000600194
internal_weight=2235 2181 117 2064
internal_count=2235 2181 117 2064
is_linear=0
shrinkage=0.04


Tree=48
num_leaves=6
num_cat=0
split_feature=61 24 27 42 47
split_gain=0.994748 1.31016 1.66153 1.13124 1.17923
threshold=-1.2362535849759027 -1.219457445078626 -0.095813257154354847 1.2608290057360747 1.9762451919918094
decision_type=2 2 2 2 2
left_child=1 -1 -3 4 -2
right_child=3 2 -4 -5 -6
leaf_value=0.00015174614459808843 6.9478348902811403e-06 -0.00029943552864909062 2.9682536905140527e-05 -9.9510654471358755e-05 0.00020931438567789999
leaf_weight=72 1897 92 61 62 51
leaf_count=72 1897 92 61 62 51
internal_value=0.000263746 -0.0022467 -0.00432258 0.00054672 0.000717949
internal_weight=2235 225 153 2010 1948
internal_count=2235 225 153 2010 1948
is_linear=0
shrinkage=0.04


Tree=49
num_leaves=7
num_cat=0
split_feature=63 0 50 30 50 1
split_gain=0.940444 1.80445 1.58888 1.37032 1.84105 1.37071
threshold=0.14846095949426016 -1.9748812616978595 -1.2447302220699308 0.82002534791670867 0.12848662496935073 0.56336425780085797
decision_type=2 2 2 2 2 2
left_child=1 -1 -3 4 -2 -5
right_child=3 2 -4 5 -6 -7
leaf_value=-0.00042804260367799594 6.5751419075911481e-06 0.00010540524407127347 -4.8713397535717684e-06 -0.00020402178745311772 0.00015621619261535458 3.5337029369995194e-06
leaf_weight=40 451 68 1190 53 292 141
leaf_count=40 451 68 1190 53 292 141
internal_value=0.000281627 -0.000415385 -0.000142857 0.00124601 0.00202685 -0.00173469
internal_weight=2235 1298 1258 937 743 194
internal_count=2235 1298 1258 937 743 194
is_linear=0
shrinkage=0.04


Tree=50
num_leaves=8
num_cat=0
split_feature=44 44 21 49 14 35 18
split_gain=1.12052 1.62195 1.70643 1.50174 1.19609 1.25965 0.745007
threshold=0.12616040453886321 0.32055288582313468 -0.046682580637987102 0.22007546632848357 -0.69147781903066663 0.53226469079742911 0.028223844409001466
decision_type=2 2 2 2 2 2 2
left_child=4 2 -2 -3 6 -6 -1
right_child=1 3 -4 -5 5 -7 -8
leaf_value=6.485827607052051e-05 1.8231445650307432e-06 3.5612166472298461e-05 -0.00026388966241757409 -7.3173587048367151e-05 2.4085244919489905e-05 -7.1318826242117853e-05 0.00020679166659938659
leaf_weight=129 120 408 132 322 869 175 80
leaf_count=129 120 408 132 322 869 175 80
internal_value=0.000299508 -0.000711382 -0.00346457 0.000245902 0.00109163 0.000535373 0.00383886
internal_weight=2235 982 252 730 1253 1044 209
internal_count=2235 982 252 730 1253 1044 209
is_linear=0
shrinkage=0.04


Tree=51
num_leaves=6
num_cat=0
split_feature=40 57 43 5 44
split_gain=1.05718 1.33049 1.20344 1.70478 1.16433
threshold=1.3324015735711254 0.0081877225485352707 -0.027388797965518314 -1.2851194575989779 4.2123568712557562
decision_type=2 2 2 2 2
left_child=2 -2 4 -4 -1
right_child=1 -3 3 -5 -6
leaf_value=4.2940637768678627e-05 0.00017834106441228328 -0.00030944094826069671 0.00031749368648273992 -9.3648394183558006e-06 -0.00018943077920720113
leaf_weight=957 72 56 40 1049 61
leaf_count=957 72 56 40 1049 61
internal_value=0.000424676 -0.00307692 0.000640114 -0.000284143 0.00162745
internal_weight=2235 128 2107 1089 1018
internal_count=2235 128 2107 1089 1018
is_linear=0
shrinkage=0.04


Tree=52
num_leaves=5
num_cat=0
split_feature=1 40 28 45
split_gain=1.17757 0.940435 1.53558 1.00665
threshold=-1.8419944358994558 1.3324015735711254 0.77476475232398323 -1.1273732757151576
decision_type=2 2 2 2
left_child=-1 3 -3 -2
right_child=1 2 -4 -5
leaf_value=-0.00013669707390831165 -2.6934110427038194e-05 0.00011739533487839606 -0.00048466753327495955 1.5002683666188316e-05
leaf_weight=54 309 58 59 1755
leaf_count=54 309 58 59 1755
internal_value=0.000371033 0.000517636 -0.00294118 0.00071636
internal_weight=2235 2181 117 2064
internal_count=2235 2181 117 2064
is_linear=0
shrinkage=0.04


Tree=53
num_leaves=5
num_cat=0
split_feature=1 7 14 22
split_gain=1.17025 0.999057 2.44565 1.3157
threshold=-1.8419944358994558 1.6619993968589892 0.73724022774471865 -0.89829575915835924
decision_type=2 2 2 2
left_child=-1 3 -3 -2
right_child=1 2 -4 -5
leaf_value=-0.00013122919095197918 0.00011753629597023459 -0.00052970744767402722 0.00011388712481861192 3.3204556609779236e-06
leaf_weight=54 210 63 42 1866
leaf_count=54 210 63 42 1866
internal_value=0.000353152 0.000499313 -0.00327103 0.000692974
internal_weight=2235 2181 105 2076
internal_count=2235 2181 105 2076
is_linear=0
shrinkage=0.04


Tree=54
num_leaves=7
num_cat=0
split_feature=45 45 63 44 14 8
split_gain=1.07442 2.68148 1.5451 1.31713 1.11262 0.871636
threshold=-1.1273732757151576 -0.56459689214732067 0.14846095949426016 -9.4053000140375289 0.05134102415445848 -0.47826938332134439
decision_type=2 2 2 2 2 2
left_child=3 5 -3 -1 -5 -2
right_child=1 2 -4 4 -6 -7
leaf_value=0.00020386912210505637 4.9876015845318462e-06 -1.4590986253411043e-05 3.6013506361970287e-05 -2.4105082955120079e-05 -0.00011809680755788156 0.00022198911817706803
leaf_weight=41 42 1005 717 199 102 129
leaf_count=41 42 1005 717 199 102 129
internal_value=0.000371033 0.000744063 0.000266821 -0.00168605 -0.00260726 0.00549133
internal_weight=2235 1893 1722 342 301 171
internal_count=2235 1893 1722 342 301 171
is_linear=0
shrinkage=0.04


Tree=55
num_leaves=5
num_cat=0
split_feature=35 58 58 7
split_gain=1.01526 1.2761 1.33725 1.31073
threshold=-1.6404576215497964 -1.0248581757691737 -0.52333594561647134 0.136243068483517
decision_type=2 2 2 2
left_child=-1 3 -3 -2
right_child=1 2 -4 -5
leaf_value=0.00010358879100273063 5.5428270865619246e-05 7.2756396915025796e-05 6.6108971373574083e-07 -0.00023513468095036593
leaf_weight=45 63 327 1631 169
leaf_count=45 63 327 1631 169
internal_value=0.000353152 0.000228102 0.000561224 -0.0025641
internal_weight=2235 2190 1958 232
internal_count=2235 2190 1958 232
is_linear=0
shrinkage=0.04


Tree=56
num_leaves=8
num_cat=0
split_feature=63 1 43 50 30 47 26
split_gain=1.07378 1.44554 2.27191 1.29216 1.91785 1.60754 1.16867
threshold=-0.25269614844943855 0.31023468924332143 0.12832409172131179 0.12848662496935073 0.92180910656382964 0.27984149140090347 -0.006297528649830882
decision_type=2 2 2 2 2 2 2
left_child=1 6 -3 5 -5 -2 -1
right_child=3 2 -4 4 -6 -7 -8
leaf_value=1.2146761004987852e-05 -7.0748095868895593e-05 -3.356831578833243e-07 -0.0003458592276580645 9.2279003432392949e-05 -6.5265064725710691e-05 5.0654738020823457e-05 -8.2750105608303778e-05
leaf_weight=456 497 131 82 491 130 307 141
leaf_count=456 497 131 82 491 130 307 141
internal_value=0.000299508 -0.000862069 -0.00367442 0.000960056 0.00232745 -9.92556e-05 0.00015025
internal_weight=2235 810 213 1425 621 804 597
internal_count=2235 810 213 1425 621 804 597
is_linear=0
shrinkage=0.04


Tree=57
num_leaves=8
num_cat=0
split_feature=51 49 26 8 38 47 8
split_gain=1.10478 1.41078 1.60561 1.42617 1.34928 1.73618 0.786667
threshold=0.4974457610618695 -0.20263587923839704 -0.9476448505211823 -1.148183217560798 1.1603180204488952 -0.41034636495604576 -0.076939006392560641
decision_type=2 2 2 2 2 2 2
left_child=1 2 -1 -3 5 -2 -6
right_child=4 3 -4 -5 6 -7 -8
leaf_value=-0.00014862111507759981 -7.4945106618161655e-05 0.0001266621221906654 4.2346927245769185e-05 -3.7713822663483257e-05 -0.00051712233302044267 9.9856872036363043e-05 1.7941874325727113e-05
leaf_weight=41 132 80 628 927 40 339 48
leaf_count=41 132 80 628 927 40 339 48
internal_value=0.000299508 -0.000214541 0.00120715 -0.00115956 0.00183601 0.00268499 -0.00266667
internal_weight=2235 1676 669 1007 559 471 88
internal_count=2235 1676 669 1007 559 471 88
is_linear=0
shrinkage=0.04


Tree=58
num_leaves=8
num_cat=0
split_feature=51 63 35 63 52 51 44
split_gain=0.956474 1.32352 2.16503 1.47195 1.25985 1.5242 0.988784
threshold=0.4974457610618695 0.14846095949426016 0.95629024673947904 -0.032163792086642155 1.0000000180025095e-35 1.4107253276751319 -0.057388627003172675
decision_type=2 2 2 2 2 2 2
left_child=1 3 -3 -1 5 -2 -6
right_child=4 2 -4 -5 6 -7 -8
leaf_value=-2.5315366394671432e-06 3.6093959897272184e-05 4.5804469315937313e-05 -0.00020671901242413603 -0.0001366556427676891 0.00019890715754983224 -0.0003231200739665739 1.297475283614881e-05
leaf_weight=815 241 648 46 167 110 71 137
leaf_count=815 241 648 46 167 110 71 137
internal_value=0.000263746 -0.000214541 0.00112069 -0.00115854 0.0016934 0 0.00381526
internal_weight=2235 1676 694 982 559 312 247
internal_count=2235 1676 694 982 559 312 247
is_linear=0
shrinkage=0.04


Tree=59
num_leaves=8
num_cat=0
split_feature=49 51 38 63 7 53 4
split_gain=1.02123 1.17342 1.35205 1.33443 0.88983 2.03063 0.638653
threshold=-0.57805859982758201 0.4974457610618695 1.1603180204488952 0.14846095949426016 -0.56590681615816629 -1.0000000180025095e-35 0.24921607053375777
decision_type=2 2 2 2 2 2 2
left_child=4 3 -3 -2 5 -1 -6
right_child=1 2 -4 -5 6 -7 -8
leaf_value=-7.653405314400475e-05 -5.0721559990938946e-05 5.8067452868308925e-05 -0.00020778304294112051 1.7236268144605155e-05 4.8913736258368878e-05 4.7765678423339344e-05 0.00021070115179658798
leaf_weight=44 842 422 86 579 122 62 78
leaf_count=44 842 422 86 579 122 62 78
internal_value=0.000263746 -7.768e-05 0.00156863 -0.000667604 0.0024026 -0.000555556 0.0039604
internal_weight=2235 1929 508 1421 306 106 200
internal_count=2235 1929 508 1421 306 106 200
is_linear=0
shrinkage=0.04


Tree=60
num_leaves=5
num_cat=0
split_feature=35 36 44 45
split_gain=1.04042 1.55939 1.97823 1.2723
threshold=-1.6404576215497964 -1.0876608315792085 0.11696294572391015 -1.1273732757151576
decision_type=2 2 2 2
left_child=-1 2 -2 -3
right_child=1 3 -4 -5
leaf_value=0.00010048692236134728 0.00011684991473990586 -4.4315984378455537e-05 -0.00029870267814213622 1.1317217767499122e-05
leaf_weight=45 80 329 109 1672
leaf_count=45 80 329 109 1672
internal_value=0.000281627 0.000155109 -0.00329843 0.000484274
internal_weight=2235 2190 189 2001
internal_count=2235 2190 189 2001
is_linear=0
shrinkage=0.04


Tree=61
num_leaves=7
num_cat=0
split_feature=14 35 51 47 62 9
split_gain=0.915538 1.45704 1.62024 0.902535 1.50494 0.782898
threshold=-0.69147781903066663 0.94315566781329951 -0.6682923311343294 -0.0032035034114922104 -0.45984859070011258 0.061909968356600197
decision_type=2 2 2 2 2 2
left_child=3 2 -2 5 -5 -1
right_child=1 -3 -4 4 -6 -7
leaf_value=1.5510979957722725e-05 -6.8548899154119279e-05 -0.00033015251972508183 9.4512490794670939e-06 -9.9630025550677615e-05 0.00018956261726923025 0.00010657441885928973
leaf_weight=94 362 74 1421 68 127 89
leaf_count=94 362 74 1421 68 127 89
internal_value=0.000263746 -0.000102205 0.000128852 0.00205263 0.000152284 0.00405405
internal_weight=2235 1857 1783 378 195 183
internal_count=2235 1857 1783 378 195 183
is_linear=0
shrinkage=0.04


Tree=62
num_leaves=5
num_cat=0
split_feature=35 44 35 45
split_gain=1.02781 1.18692 1.87552 1.29077
threshold=-1.6404576215497964 0.12616040453886321 -1.1614792541251167 -1.1273732757151576
decision_type=2 2 2 2
left_child=-1 3 -3 -2
right_child=1 2 -4 -5
leaf_value=9.608939550371468e-05 -3.2729990610570228e-05 -0.00025477651137440654 -4.7094383007111746e-06 4.1857620537176279e-05
leaf_weight=45 285 84 857 964
leaf_count=45 285 84 857 964
internal_value=0.000317389 0.000191606 -0.00088017 0.000999201
internal_weight=2235 2190 941 1249
internal_count=2235 2190 941 1249
is_linear=0
shrinkage=0.04


Tree=63
num_leaves=4
num_cat=0
split_feature=1 35 36
split_gain=1.14843 0.934948 1.74852
threshold=-1.8419944358994558 -1.6404576215497964 -1.4754263328752526
decision_type=2 2 2
left_child=-1 -2 -3
right_child=1 2 -4
leaf_value=-0.00012197573754155932 0.00011108434428740171 -0.00022202235124530866 5.9224018274882732e-06
leaf_weight=54 44 67 2070
leaf_count=54 44 67 2070
internal_value=0.000299508 0.000444343 0.000322581
internal_weight=2235 2181 2137
internal_count=2235 2181 2137
is_linear=0
shrinkage=0.04


Tree=64
num_leaves=8
num_cat=0
split_feature=14 47 35 15 44 0 42
split_gain=0.95041 1.0094 1.30028 1.08029 0.964024 0.925793 0.654725
threshold=-0.69147781903066663 0.22988101369951999 0.60266435741144975 1.1161906550842862 0.18672183295515349 -0.40147502752803871 0.69801961278511027
decision_type=2 2 2 2 2 2 2
left_child=4 2 -2 -3 6 -6 -1
right_child=1 3 -4 -5 5 -7 -8
leaf_value=9.700954490600517e-05 -6.8635086532588782e-06 3.2778970073985106e-05 -0.0002056865370985626 -6.5544566824556443e-05 0.00022013586929107713 -3.7849020479458661e-05 -6.4523557072471149e-06
leaf_weight=181 1023 685 100 49 45 111 41
leaf_count=181 1023 685 100 49 45 111 41
internal_value=0.00033527 -3.76547e-05 -0.000791111 0.00111413 0.00215789 -0.000253165 0.00383929
internal_weight=2235 1857 1123 734 378 156 222
internal_count=2235 1857 1123 734 378 156 222
is_linear=0
shrinkage=0.04


Tree=65
num_leaves=4
num_cat=0
split_feature=42 10 10
split_gain=0.862868 1.19936 0.89686
threshold=1.2608290057360747 -0.92157818241098544 -0.83114796836191873
decision_type=2 2 2
left_child=1 -1 -3
right_child=-2 2 -4
leaf_value=0.00018005500914540973 -9.9277173248278101e-05 -8.0751339661181573e-05 4.8611688552589739e-06
leaf_weight=72 64 60 2039
leaf_count=72 64 60 2039
internal_value=0.000263746 0.000400368 0.000223703
internal_weight=2235 2171 2099
internal_count=2235 2171 2099
is_linear=0
shrinkage=0.04


Tree=66
num_leaves=6
num_cat=0
split_feature=28 28 33 42 0
split_gain=1.04715 1.11818 1.07423 1.0607 0.858083
threshold=-0.74289077108887269 -0.60694153326674882 -0.31739018373752276 -0.43971479418201281 -0.11483065662198913
decision_type=2 2 2 2 2
left_child=4 2 -2 -3 -1
right_child=1 3 -4 -5 -6
leaf_value=-0.00030333980603116788 -4.4974165332448138e-06 3.7254883122366277e-05 0.00011064711125622705 -4.2622116648503851e-06 5.30646188146861e-06
leaf_weight=41 49 535 113 1457 40
leaf_count=41 49 535 113 1457 40
internal_value=0.000192222 0.000361781 0.00353659 0.000100301 -0.00421687
internal_weight=2235 2154 162 1992 81
internal_count=2235 2154 162 1992 81
is_linear=0
shrinkage=0.04


Tree=67
num_leaves=8
num_cat=0
split_feature=63 58 5 46 46 28 26
split_gain=0.869034 1.73686 2.90072 1.23351 1.5227 1.43365 1.06872
threshold=-0.26506144364094836 0.39647016124961243 0.39807195321001182 3.1108478585336776 1.5835218608023875 0.87493001014075911 -0.084335618293847683
decision_type=2 2 2 2 2 2 2
left_child=1 2 -1 4 -2 -5 -3
right_child=3 6 -4 5 -6 -7 -8
leaf_value=-6.6082224973769943e-06 1.3590457077023834e-05 0.00019378096661314568 -0.00025710746863850026 -0.00018498707638043817 0.00013587526570633726 5.9557790966269084e-05 -1.0450785056699552e-06
leaf_weight=619 1258 61 59 65 74 46 53
leaf_count=619 1258 61 59 65 74 46 53
internal_value=0.00015646 -0.000906801 -0.00167647 0.000740484 0.00107946 -0.00327434 0.00362069
internal_weight=2235 792 678 1443 1332 111 114
internal_count=2235 792 678 1443 1332 111 114
is_linear=0
shrinkage=0.04


Tree=68
num_leaves=6
num_cat=0
split_feature=31 31 10 45 57
split_gain=0.849714 1.56398 1.67428 1.12313 0.594786
threshold=-1.3539983297389437 -0.91514259492679084 0.33044224122619997 -1.7722728417235725 -1.2731211384290262
decision_type=2 2 2 2 2
left_child=4 2 -2 -3 -1
right_child=1 3 -4 -5 -6
leaf_value=0.00019070370400331937 8.396756243679929e-06 -6.7872902820855093e-05 -0.00027875667051731763 7.1845777212416887e-06 2.1073723415718313e-05
leaf_weight=51 61 197 101 1759 66
leaf_count=51 61 197 101 1759 66
internal_value=0.00015646 -2.83019e-05 -0.00378049 0.000286006 0.00344538
internal_weight=2235 2118 162 1956 117
internal_count=2235 2118 162 1956 117
is_linear=0
shrinkage=0.04


Tree=69
num_leaves=8
num_cat=0
split_feature=0 45 12 44 0 39 48
split_gain=1.10743 1.19495 1.38907 1.36975 1.13327 2.95527 1.95972
threshold=-0.11859766414183708 -1.3627281944043383 -0.44753238235487075 0.12263860852302937 -0.51660288365519225 0.11904226977499698 0.86022984055370233
decision_type=2 2 2 2 2 2 2
left_child=4 2 -2 -3 5 -1 -6
right_child=1 3 -4 -5 6 -7 -8
leaf_value=5.4203985608457068e-05 -0.00014554992437301438 7.7514092978730784e-05 1.7432148984556847e-07 -1.8576425919966666e-06 -8.1289578569141219e-05 -6.4758312209394994e-05 0.00014351528030027378
leaf_weight=265 43 541 131 547 366 302 40
leaf_count=265 43 541 131 547 366 302 40
internal_value=0.000120697 0.000901899 -0.00215909 0.0013945 -0.000892308 0.00026362 -0.0025
internal_weight=2235 1262 174 1088 973 567 406
internal_count=2235 1262 174 1088 973 567 406
is_linear=0
shrinkage=0.04


Tree=70
num_leaves=8
num_cat=0
split_feature=49 44 0 59 26 11 30
split_gain=0.950901 1.13431 1.87371 1.36127 1.00651 1.36245 1.24653
threshold=-0.57293022319997777 -0.31702287378563981 0.22382835104432186 0.29128780434350204 0.12686094460909042 -0.17303383912900347 -0.25945593392682381
decision_type=2 2 2 2 2 2 2
left_child=4 3 -3 -2 6 -6 -1
right_child=1 2 -4 -5 5 -7 -8
leaf_value=7.7256944226802398e-05 6.6103277995473958e-05 -4.2973205180071375e-05 2.7762332737255937e-05 -6.8572132530066138e-05 0.00023122954652967623 4.0732119118331839e-05 -4.1391514769765507e-05
leaf_weight=59 364 804 521 231 61 99 96
leaf_count=59 364 804 521 231 61 99 96
internal_value=0.000210103 -0.00012487 -0.000776187 0.00132328 0.00223975 0.00444444 -6.36943e-05
internal_weight=2235 1920 1325 595 315 160 155
internal_count=2235 1920 1325 595 315 160 155
is_linear=0
shrinkage=0.04


Tree=71
num_leaves=8
num_cat=0
split_feature=63 58 5 50 20 47 26
split_gain=0.899301 1.43135 3.20685 1.04697 1.98323 1.53812 0.920384
threshold=-0.25269614844943855 0.39647016124961243 0.51320377135701267 0.12848662496935073 0.60362090205774777 0.27984149140090347 -0.084335618293847683
decision_type=2 2 2 2 2 2 2
left_child=1 2 -1 5 -5 -2 -3
right_child=3 6 -4 4 -6 -7 -8
leaf_value=-6.7554186998777801e-06 -6.0477468322881273e-05 0.00017754846986928121 -0.00025805673107154043 9.7653324934711023e-05 -3.6961808405689606e-05 5.1142737502816832e-05 -6.8320645134616053e-07
leaf_weight=652 497 62 43 469 152 307 53
leaf_count=652 497 62 43 469 152 307 53
internal_value=0.000299508 -0.000763547 -0.00144907 0.000903994 0.00213483 -4.96278e-05 0.00333333
internal_weight=2235 810 695 1425 621 804 115
internal_count=2235 810 695 1425 621 804 115
is_linear=0
shrinkage=0.04


Tree=72
num_leaves=5
num_cat=0
split_feature=40 36 20 63
split_gain=1.05948 0.961029 1.4871 1.41423
threshold=-1.0699109224844154 0.65447514265484397 0.60362090205774777 0.14846095949426016
decision_type=2 2 2 2
left_child=-1 3 -3 -2
right_child=1 2 -4 -5
leaf_value=5.555885295148742e-05 -3.782801742969102e-06 -1.2597778826974222e-06 -0.00018175457418074173 4.2047075732125004e-05
leaf_weight=45 1114 291 76 709
leaf_count=45 1114 291 76 709
internal_value=0.000227984 0.000100365 -0.00176152 0.000476712
internal_weight=2235 2190 367 1823
internal_count=2235 2190 367 1823
is_linear=0
shrinkage=0.04


Tree=73
num_leaves=5
num_cat=0
split_feature=24 63 28 18
split_gain=0.938831 1.1394 1.26137 1.20303
threshold=1.3631732877151763 0.14846095949426016 -0.74289077108887269 0.6134292445437225
decision_type=2 2 2 2
left_child=1 2 -1 -3
right_child=-2 3 -4 -5
leaf_value=-0.00017868415741115133 -0.00019594469031768765 4.0801273519206482e-05 -1.4729306729150891e-06 -3.3138325831122974e-05
leaf_weight=56 40 845 1231 63
leaf_count=56 40 845 1231 63
internal_value=0.000210103 0.000323168 -0.000442203 0.00140659
internal_weight=2235 2195 1287 908
internal_count=2235 2195 1287 908
is_linear=0
shrinkage=0.04


Tree=74
num_leaves=5
num_cat=0
split_feature=42 59 28 25
split_gain=0.835754 0.987975 1.06183 0.503454
threshold=1.2608290057360747 -0.84827734096881124 -0.74289077108887269 0.52350776511599395
decision_type=2 2 2 2
left_child=1 3 -3 -1
right_child=-2 2 -4 -5
leaf_value=5.4080390633172921e-05 -9.4481727700644825e-05 -0.00015316465509198761 3.2469330972838707e-06 0.00021973552628665616
leaf_weight=46 64 64 2014 47
leaf_count=46 64 64 2014 47
internal_value=0.000192222 0.000326737 0.000144231 0.00431579
internal_weight=2235 2171 2078 93
internal_count=2235 2171 2078 93
is_linear=0
shrinkage=0.04


Tree=75
num_leaves=4
num_cat=0
split_feature=37 42 0
split_gain=1.11257 0.924658 0.89028
threshold=-0.82384951159437525 1.2434202516931709 0.23288793099413427
decision_type=2 2 2
left_child=-1 2 -2
right_child=1 -3 -4
leaf_value=7.7848723364193581e-05 -3.2649152004762468e-06 -0.0001651841364822776 3.3670200922136223e-05
leaf_weight=63 1355 46 771
leaf_count=63 1355 46 771
internal_value=0.000227984 7.35971e-05 0.000197368
internal_weight=2235 2172 2126
internal_count=2235 2172 2126
is_linear=0
shrinkage=0.04


Tree=76
num_leaves=6
num_cat=0
split_feature=35 2 63 15 50
split_gain=0.979148 1.68441 1.42643 1.16573 1.16536
threshold=0.94315566781329951 0.32250322452084002 0.14846095949426016 0.77609369824426955 0.12848662496935073
decision_type=2 2 2 2 2
left_child=2 -2 3 -1 -4
right_child=1 -3 4 -5 -6
leaf_value=-6.2897505197973596e-06 4.3549587245724256e-05 -0.0003560716483752714 3.4052665384984304e-06 0.00012162373685888349 8.8921705853403109e-05
leaf_weight=1190 50 62 469 67 397
leaf_count=1190 50 62 469 67 397
internal_value=0.000102816 -0.00350877 0.000296471 -0.00056394 0.00154378
internal_weight=2235 112 2123 1257 866
internal_count=2235 112 2123 1257 866
is_linear=0
shrinkage=0.04


Tree=77
num_leaves=8
num_cat=0
split_feature=44 45 46 28 45 63 7
split_gain=0.899124 2.79432 1.42275 1.37052 1.16368 1.59415 1.48568
threshold=0.12616040453886321 0.52522971676729557 2.8579059418558113 -0.38684905974792877 -1.1273732757151576 0.22714339864887476 0.30718314218134585
decision_type=2 2 2 2 2 2 2
left_child=4 3 -3 -2 6 -6 -1
right_child=1 2 -4 -5 5 -7 -8
leaf_value=9.7634965189386142e-06 5.5710663376614193e-06 7.0286835279987468e-05 -7.3387638793241184e-05 -0.00010090480419734627 3.5978810019610121e-06 0.00013269926658196222 -0.00021380148860145686
leaf_weight=200 170 353 100 359 664 304 85
leaf_count=200 170 353 100 359 664 304 85
internal_value=3.12919e-05 -0.000873984 0.00142857 -0.00284369 0.000741036 0.00140206 -0.00149826
internal_weight=2235 982 453 529 1253 968 285
internal_count=2235 982 453 529 1253 968 285
is_linear=0
shrinkage=0.04


Tree=78
num_leaves=5
num_cat=0
split_feature=42 59 50 39
split_gain=0.951003 1.09257 0.873704 0.48083
threshold=1.2960076031203303 -0.84827734096881124 0.18712088789825523 -0.8889439393795614
decision_type=2 2 2 2
left_child=1 3 -3 -1
right_child=-2 2 -4 -5
leaf_value=9.5710796059114437e-05 -9.9909462114246495e-05 -5.2012347127602773e-06 3.097927824617701e-05 9.7056246633095457e-05
leaf_weight=55 56 1270 813 41
leaf_count=55 56 1270 813 41
internal_value=0.000227984 0.000362219 0.000167866 0.0044898
internal_weight=2235 2179 2083 96
internal_count=2235 2179 2083 96
is_linear=0
shrinkage=0.04


Tree=79
num_leaves=4
num_cat=0
split_feature=37 42 11
split_gain=1.09719 0.937075 0.85081
threshold=-0.82384951159437525 1.2434202516931709 0.14960865968359183
decision_type=2 2 2
left_child=-1 2 -2
right_child=1 -3 -4
leaf_value=6.9830566921172646e-05 1.1461461610243473e-05 -0.00014737091753741163 -5.9362657624257437e-06
leaf_weight=63 1229 46 897
leaf_count=63 1229 46 897
internal_value=0.000263746 0.000110396 0.000234962
internal_weight=2235 2172 2126
internal_count=2235 2172 2126
is_linear=0
shrinkage=0.04


Tree=80
num_leaves=4
num_cat=0
split_feature=42 13 29
split_gain=0.937626 1.29133 0.908886
threshold=1.2960076031203303 -1.0365739959390055 0.12847854270790612
decision_type=2 2 2
left_child=1 -1 -3
right_child=-2 2 -4
leaf_value=0.00018418020315368592 -9.4049065427727533e-05 -4.0918889830521799e-06 2.5723752387708869e-05
leaf_weight=44 56 1252 883
leaf_count=44 56 1252 883
internal_value=0.000192222 0.000325539 0.000182499
internal_weight=2235 2179 2135
internal_count=2235 2179 2135
is_linear=0
shrinkage=0.04


Tree=81
num_leaves=4
num_cat=0
split_feature=37 42 63
split_gain=0.897189 0.900063 0.901007
threshold=-0.82384951159437525 1.2434202516931709 0.14846095949426016
decision_type=2 2 2
left_child=-1 2 -2
right_child=1 -3 -4
leaf_value=6.5234721489806571e-05 -3.5872005242828729e-06 -0.00013771411821880604 2.8352926851985398e-05
leaf_weight=63 1249 46 877
leaf_count=63 1249 46 877
internal_value=0.000138578 0 0.00012218
internal_weight=2235 2172 2126
internal_count=2235 2172 2126
is_linear=0
shrinkage=0.04


Tree=82
num_leaves=8
num_cat=0
split_feature=49 46 8 44 16 32 8
split_gain=0.86708 1.29189 1.2717 1.04899 1.72724 1.20946 0.77119
threshold=-0.57293022319997777 -0.22644585356910435 -0.28244707821686155 -0.31702287378563981 -1.0618109349369342 1.0087094996665549 0.4801923463432905
decision_type=2 2 2 2 2 2 2
left_child=1 2 -1 5 -5 -2 -3
right_child=3 6 -4 4 -6 -7 -8
leaf_value=0.00016328871731637458 4.8117246953525033e-05 9.9619384963557935e-05 -2.7962989306739053e-05 0.00031265750565165264 -1.4175282466050154e-05 -0.00011945705701288518 -7.5043557715437709e-06
leaf_weight=44 554 144 86 48 1277 41 41
leaf_count=44 554 144 86 48 1277 41 41
internal_value=4.9173e-05 0.00198738 -0.00106061 -0.000270552 -0.00089676 0.00112228 0.00411765
internal_weight=2235 315 130 1920 1325 595 185
internal_count=2235 315 130 1920 1325 595 185
is_linear=0
shrinkage=0.04


Tree=83
num_leaves=4
num_cat=0
split_feature=42 24 5
split_gain=0.997309 0.948037 1.41963
threshold=1.2608290057360747 1.3453489092432391 0.83469684417719892
decision_type=2 2 2
left_child=1 2 -1
right_child=-2 -3 -4
leaf_value=-3.2758834426209472e-07 -8.2672409460459798e-05 -0.00019896645448317214 0.00014770344459722476
leaf_weight=1947 64 46 178
leaf_count=1947 64 46 178
internal_value=-4.47027e-06 0.00014266 0.000267983
internal_weight=2235 2171 2125
internal_count=2235 2171 2125
is_linear=0
shrinkage=0.04


Tree=84
num_leaves=7
num_cat=0
split_feature=61 50 4 61 7 63
split_gain=0.889171 1.16965 1.62502 1.50466 0.99474 0.608385
threshold=0.63663375541329736 0.18712088789825523 0.94952548537833092 0.55452493772318323 -0.55124647749594069 0.64971244509486759
decision_type=2 2 2 2 2 2
left_child=1 3 -3 -1 -2 -6
right_child=4 2 -4 -5 5 -7
leaf_value=-5.5722134020455389e-06 -4.0000816438588749e-05 3.761080821954921e-05 -0.00011291677049459245 -3.3983511282553326e-05 0.00021745791896643157 5.1025013669541465e-05
leaf_weight=1119 53 723 98 99 63 80
leaf_count=1119 53 723 98 99 63 80
internal_value=6.70541e-05 -0.000181284 0.000984204 -0.000967213 0.00262626 0.00434483
internal_weight=2235 2039 821 1218 196 143
internal_count=2235 2039 821 1218 196 143
is_linear=0
shrinkage=0.04


Tree=85
num_leaves=4
num_cat=0
split_feature=40 28 36
split_gain=0.827682 1.11167 1.00545
threshold=-1.0699109224844154 -0.74289077108887269 0.65447514265484397
decision_type=2 2 2
left_child=-1 -2 -3
right_child=1 2 -4
leaf_value=3.6411981362814221e-05 -0.00011125838241002003 7.2541050217844915e-06 -1.2139222345257123e-05
leaf_weight=45 72 1759 359
leaf_count=45 72 1759 359
internal_value=6.70541e-05 -4.56204e-05 0.000122642
internal_weight=2235 2190 2118
internal_count=2235 2190 2118
is_linear=0
shrinkage=0.04


Tree=86
num_leaves=7
num_cat=0
split_feature=49 8 26 0 4 47
split_gain=0.949891 1.17184 1.36076 0.910786 1.9762 1.81131
threshold=-0.57293022319997777 0.51530065523680357 0.12686094460909042 0.23288793099413427 0.94952548537833092 0.25296730395626538
decision_type=2 2 2 2 2 2
left_child=1 2 -1 5 -5 -2
right_child=3 -3 -4 4 -6 -7
leaf_value=2.3197037278619141e-06 -5.379737178093827e-05 -5.4513180132881401e-05 0.0001588757811454304 4.3499695878548684e-05 -0.00016303885858256367 2.1353091536403454e-05
leaf_weight=116 756 75 124 632 107 425
leaf_count=116 756 75 124 632 107 425
internal_value=8.49352e-05 0.00211356 0.00347107 -0.00024974 0.000850202 -0.000938292
internal_weight=2235 315 240 1920 739 1181
internal_count=2235 315 240 1920 739 1181
is_linear=0
shrinkage=0.04


Tree=87
num_leaves=5
num_cat=0
split_feature=35 51 51 57
split_gain=0.899657 0.940787 1.30894 1.18452
threshold=1.1320776518524613 -0.33240091074326522 -0.26580584529497553 0.24067773929637529
decision_type=2 2 2 2
left_child=1 3 -3 -1
right_child=-2 2 -4 -5
leaf_value=-4.4863972663448747e-05 -0.000184336172972155 0.00011419328057302546 5.561851070558701e-06 2.5574137350880126e-05
leaf_weight=474 40 72 1430 219
leaf_count=474 40 72 1430 219
internal_value=8.49352e-05 0.000195721 0.000757979 -0.00102158
internal_weight=2235 2195 1502 693
internal_count=2235 2195 1502 693
is_linear=0
shrinkage=0.04


Tree=88
num_leaves=7
num_cat=0
split_feature=43 9 63 0 45 49
split_gain=0.927067 1.16097 1.75761 1.09365 1.87638 1.48392
threshold=0.16276376657749728 -1.3112469046067934 -0.22911637118880487 0.23288793099413427 -2.075546401257109 -0.6105969837615034
decision_type=2 2 2 2 2 2
left_child=3 -2 -3 5 -5 -1
right_child=1 2 -4 4 -6 -7
leaf_value=5.8113191925616395e-05 0.0001180199915694698 -6.9610452806993201e-05 1.7235268406889936e-06 -0.00013891877453382363 9.3328113500700115e-05 -1.1269372222543952e-05
leaf_weight=173 78 309 559 44 380 692
leaf_count=173 78 309 559 44 380 692
internal_value=8.49352e-05 -0.000864979 -0.00128736 0.000782339 0.00244131 -3.46021e-05
internal_weight=2235 946 868 1289 424 865
internal_count=2235 946 868 1289 424 865
is_linear=0
shrinkage=0.04


Tree=89
num_leaves=8
num_cat=0
split_feature=44 45 4 46 43 51 50
split_gain=0.860417 2.21979 1.49819 1.11382 1.02371 1.40418 1.3037
threshold=0.12616040453886321 0.52522971676729557 0.76176929016580908 2.8579059418558113 0.16276376657749728 -0.15987576663430003 0.42878110166534095
decision_type=2 2 2 2 2 2 2
left_child=4 2 -2 -3 6 -6 -1
right_child=1 3 -4 -5 5 -7 -8
leaf_value=4.4851352419422385e-06 -4.5653071562146086e-05 6.10717640277619e-05 -0.00030754348723135392 -8.1972159383030788e-05 -6.6592788791724241e-05 2.2084758380980906e-05 0.00016357428281380741
leaf_weight=542 487 353 42 100 216 311 184
leaf_count=542 487 353 42 100 216 311 184
internal_value=0.000174341 -0.000711382 -0.00246704 0.00134066 0.000868526 -0.00047259 0.00184066
internal_weight=2235 982 529 453 1253 527 726
internal_count=2235 982 529 453 1253 527 726
is_linear=0
shrinkage=0.04


Tree=90
num_leaves=7
num_cat=0
split_feature=49 10 10 39 14 56
split_gain=1.02204 1.09267 2.42532 1.46426 1.05793 1.01138
threshold=-0.48697261276209663 -0.53960528885834769 -0.60087109890121337 -0.24297445422964928 1.0799191710465055 -0.44537499105010653
decision_type=2 2 2 2 2 2
left_child=4 2 -2 -3 5 -1
right_child=1 3 -4 -5 -6 -7
leaf_value=-3.4441014060926513e-05 -2.5457725926049216e-06 6.3037864970366192e-05 -0.00013627126270816616 -3.9362276754593369e-06 -0.00016991428756849176 4.4579968043442777e-05
leaf_weight=64 239 323 48 1202 43 316
leaf_count=64 239 323 48 1202 43 316
internal_value=0.000281627 -0.000132304 -0.00238754 0.000294695 0.00204706 0.00272251
internal_weight=2235 1812 287 1525 423 380
internal_count=2235 1812 287 1525 423 380
is_linear=0
shrinkage=0.04


Tree=91
num_leaves=5
num_cat=0
split_feature=42 37 56 57
split_gain=1.09517 1.00526 1.1137 0.776663
threshold=1.2608290057360747 -0.66405121439779469 0.11728803395662973 1.5299696680535828
decision_type=2 2 2 2
left_child=1 2 -1 -3
right_child=-2 3 -4 -5
leaf_value=7.2940350658935988e-07 -7.5206120889241296e-05 2.9797749183995901e-08 0.00019474678874662469 5.1516753522896606e-05
leaf_weight=92 64 1952 72 55
leaf_count=92 64 1952 72 55
internal_value=0.000227984 0.00038196 0.00337349 0.000134395
internal_weight=2235 2171 164 2007
internal_count=2235 2171 164 2007
is_linear=0
shrinkage=0.04


Tree=92
num_leaves=4
num_cat=0
split_feature=40 28 42
split_gain=1.05311 0.944765 0.90572
threshold=-1.0699109224844154 -0.74289077108887269 1.2960076031203303
decision_type=2 2 2
left_child=-1 -2 -3
right_child=1 2 -4
leaf_value=3.2141347815207411e-05 -0.00010334899929011397 3.7207068931594325e-06 -0.00010415741226151025
leaf_weight=45 72 2071 47
leaf_count=45 72 2071 47
internal_value=0.000245865 0.000118613 0.000273585
internal_weight=2235 2190 2118
internal_count=2235 2190 2118
is_linear=0
shrinkage=0.04


Tree=93
num_leaves=7
num_cat=0
split_feature=51 51 30 1 15 39
split_gain=0.868203 1.48236 0.802778 1.44691 0.801048 0.392545
threshold=-0.68426774092547393 -0.7834716446590636 -1.1372651944463696 -0.94875547863332887 0.37452255855502059 0.32113090596980404
decision_type=2 2 2 2 2 2
left_child=1 4 5 -4 -1 -2
right_child=2 -3 3 -5 -6 -7
leaf_value=2.9581962315995692e-06 0.00018677167331799049 -0.0001801247166606513 -7.6924779429371316e-05 7.3556600062673826e-06 -0.00012513726303058157 6.5809749719887496e-05
leaf_weight=329 43 54 104 1617 40 48
leaf_count=329 43 54 104 1617 40 48
internal_value=0.000192222 -0.00143529 0.000573319 0.000377249 -0.000512129 0.00419355
internal_weight=2235 423 1812 1721 369 91
internal_count=2235 423 1812 1721 369 91
is_linear=0
shrinkage=0.04


Tree=94
num_leaves=6
num_cat=0
split_feature=63 0 35 39 3
split_gain=0.892843 1.40763 1.35711 1.34214 1.27286
threshold=0.14846095949426016 -1.9748812616978595 0.95629024673947904 0.15725013227040444 -0.77961851157764783
decision_type=2 2 2 2 2
left_child=1 -1 3 -2 -3
right_child=2 4 -4 -5 -6
leaf_value=-0.00031162102059560578 6.8882413368013927e-06 6.2094190219207958e-05 -0.00018073970952712528 6.8341563409206985e-05 -7.0836578606561088e-06
leaf_weight=40 512 282 67 358 976
leaf_count=40 512 282 67 358 976
internal_value=0.000263746 -0.000415385 0.00120341 0.00162844 -0.000174603
internal_weight=2235 1298 937 870 1258
internal_count=2235 1298 937 870 1258
is_linear=0
shrinkage=0.04


Tree=95
num_leaves=4
num_cat=0
split_feature=40 42 63
split_gain=1.05948 0.84981 1.02537
threshold=-1.0699109224844154 1.2434202516931709 0.14846095949426016
decision_type=2 2 2
left_child=-1 2 -2
right_child=1 -3 -4
leaf_value=3.0844813816774676e-05 -5.3759850561747868e-06 -7.6778298741455743e-05 2.5769337598888115e-05
leaf_weight=45 1245 60 885
leaf_count=45 1245 60 885
internal_value=0.000227984 0.000100365 0.000234522
internal_weight=2235 2190 2130
internal_count=2235 2190 2130
is_linear=0
shrinkage=0.04


Tree=96
num_leaves=8
num_cat=0
split_feature=49 42 42 49 0 22 45
split_gain=0.864191 1.46676 1.29313 1.16442 1.18699 1.13259 0.59753
threshold=0.70404087094612611 -0.22546983741990514 -0.087526646552493939 0.52283028689619948 -0.11859766414183708 -0.0052091691154796957 0.18100369032913979
decision_type=2 2 2 2 2 2 2
left_child=3 5 -3 4 -1 -2 -5
right_child=1 2 -4 6 -6 -7 -8
leaf_value=-1.3845224180426622e-05 -5.531127648246981e-06 -0.00026644445902480494 -5.2548600690053036e-05 3.2658491894079733e-05 1.9064230177677258e-05 0.00036596444869935033 5.7957947218626845e-05
leaf_weight=649 189 42 226 71 964 48 46
leaf_count=649 189 42 226 71 964 48 46
internal_value=0.000210103 -0.0012426 -0.00325926 0.000635104 0.000352941 0.00104603 0.00445378
internal_weight=2235 505 268 1730 1613 237 117
internal_count=2235 505 268 1730 1613 237 117
is_linear=0
shrinkage=0.04


Tree=97
num_leaves=5
num_cat=0
split_feature=40 51 36 47
split_gain=0.805294 0.902724 1.3042 1.14331
threshold=-1.0699109224844154 0.4974457610618695 0.65447514265484397 -0.41034636495604576
decision_type=2 2 2 2
left_child=-1 2 -2 -3
right_child=1 3 -4 -5
leaf_value=2.9150615422585611e-05 4.8688723190228046e-07 -6.9616594858465619e-05 -2.9639493831418034e-05 5.9789987227386042e-05
leaf_weight=45 1378 140 257 415
leaf_count=45 1378 140 257 415
internal_value=0.000138578 2.73723e-05 -0.000445938 0.00141831
internal_weight=2235 2190 1635 555
internal_count=2235 2190 1635 555
is_linear=0
shrinkage=0.04


Tree=98
num_leaves=8
num_cat=0
split_feature=14 13 35 0 36 58 48
split_gain=0.714531 1.03804 1.40829 1.0499 0.94563 1.90623 1.73373
threshold=-0.69147781903066663 0.13954827585013466 0.16393632481541262 -0.38666576572880712 0.65447514265484397 0.16427747976648141 1.0168591877906672
decision_type=2 2 2 2 2 2 2
left_child=1 3 -3 -1 6 -6 -2
right_child=4 2 -4 -5 5 -7 -8
leaf_value=5.1076547292657554e-05 -7.7170483049787337e-07 -2.1519612529223574e-06 0.00021006571561681898 -1.3328280060746836e-05 -0.00036489112930922164 -1.3932874353697611e-06 0.00013880429656908791
leaf_weight=65 1459 51 93 169 68 233 97
leaf_count=65 1459 51 93 169 68 233 97
internal_value=0.00015646 0.00173684 0.00438356 8.47458e-05 -0.000166756 -0.00221122 0.000231065
internal_weight=2235 378 144 234 1857 301 1556
internal_count=2235 378 144 234 1857 301 1556
is_linear=0
shrinkage=0.04


Tree=99
num_leaves=7
num_cat=0
split_feature=63 35 26 51 53 63
split_gain=0.796476 1.19713 1.12263 1.10876 1.62932 1.13567
threshold=0.14846095949426016 1.0279340758909961 -0.53381670605966292 0.52704263075102464 -1.0000000180025095e-35 -0.032163792086642155
decision_type=2 2 2 2 2 2
left_child=3 2 -2 5 -5 -1
right_child=1 -3 -4 4 -6 -7
leaf_value=-2.1368853197296575e-06 0.0002223387226106846 -0.00024854742472590045 1.069009892944079e-05 -4.2441859848057551e-05 0.000110340428383667 -0.00011264842376922762
leaf_weight=825 91 47 799 151 153 169
leaf_count=825 91 47 799 151 153 169
internal_value=0.000102816 0.000990415 0.00132287 -0.000538462 0.00156863 -0.00118474
internal_weight=2235 937 890 1298 304 994
internal_count=2235 937 890 1298 304 994
is_linear=0
shrinkage=0.04


Tree=100
num_leaves=4
num_cat=0
split_feature=37 42 63
split_gain=0.876519 0.89096 0.894829
threshold=-0.82384951159437525 1.2608290057360747 0.14846095949426016
decision_type=2 2 2
left_child=-1 2 -2
right_child=1 -3 -4
leaf_value=5.9872435410606542e-05 -3.5571643156016507e-06 -0.00012185410865133915 2.1949002406865051e-05
leaf_weight=63 1251 40 881
leaf_count=63 1251 40 881
internal_value=0.000192222 5.51978e-05 0.000168697
internal_weight=2235 2172 2132
internal_count=2235 2172 2132
is_linear=0
shrinkage=0.04


Tree=101
num_leaves=5
num_cat=0
split_feature=13 45 2 60
split_gain=0.883383 0.82796 1.70801 1.28026
threshold=-1.0365739959390055 0.50759595835818383 0.51776260844834199 0.41500316236872592
decision_type=2 2 2 2
left_child=-1 3 -3 -2
right_child=1 2 -4 -5
leaf_value=3.911968770463658e-05 1.6721596342496835e-06 6.6449658624116728e-07 0.00011546323935792816 -4.9025950058157612e-05
leaf_weight=63 1252 405 147 368
leaf_count=63 1252 405 147 368
internal_value=0.000174341 3.67985e-05 0.00137184 -0.000419236
internal_weight=2235 2172 552 1620
internal_count=2235 2172 552 1620
is_linear=0
shrinkage=0.04


Tree=102
num_leaves=8
num_cat=0
split_feature=45 44 2 18 36 45 10
split_gain=0.74336 1.9253 1.51123 1.42778 1.42398 1.18683 1.08942
threshold=0.50759595835818383 0.67472131275083125 0.51776260844834199 -0.8981353304031009 1.0516182763632063 0.0046209515071179647 -0.14739091334998242
decision_type=2 2 2 2 2 2 2
left_child=1 5 3 -2 -4 -1 -3
right_child=2 6 4 -5 -6 -7 -8
leaf_value=1.3860662216032167e-05 0.0002823452230948638 -0.00011213034950093229 0.00014790723048237813 -4.3910948354245873e-06 -0.00017851527808333614 -4.1366099904130097e-05 -8.2877554318446924e-05
leaf_weight=1039 65 51 107 354 42 484 93
leaf_count=1039 65 51 107 354 42 484 93
internal_value=0.00015646 -0.000269623 0.00140351 0.000166271 0.00483444 0.00015082 -0.00465753
internal_weight=2235 1667 568 419 149 1523 144
internal_count=2235 1667 568 419 149 1523 144
is_linear=0
shrinkage=0.04


Tree=103
num_leaves=8
num_cat=0
split_feature=43 37 43 62 29 0 43
split_gain=0.877227 1.31215 1.18181 1.81803 1.17412 0.996884 0.880778
threshold=0.16276376657749728 -0.71245600996769543 0.3507765687210847 -0.10039776353687847 -0.70388209850346606 0.21685884865728589 -0.46182197688066812
decision_type=2 2 2 2 2 2 2
left_child=1 6 3 -2 -4 -3 -1
right_child=2 5 4 -5 -6 -7 -8
leaf_value=3.5731557604398534e-05 -0.00012907350259879714 -2.927040289575564e-06 3.1085041854759003e-05 -1.1733873063715649e-06 -1.5229026520186401e-05 5.2766237458231961e-05 0.00016541039833179992
leaf_weight=40 76 781 240 113 517 417 51
leaf_count=40 76 781 240 113 517 417 51
internal_value=0.000227984 0.000906274 -0.000696203 -0.00350785 1.31752e-05 0.00055 0.00548387
internal_weight=2235 1289 946 189 757 1198 91
internal_count=2235 1289 946 189 757 1198 91
is_linear=0
shrinkage=0.04


Tree=104
num_leaves=5
num_cat=0
split_feature=42 8 45 46
split_gain=0.815695 0.91929 1.53921 1.30396
threshold=1.2608290057360747 0.51059913602689277 -0.46835953947310816 2.8579059418558113
decision_type=2 2 2 2
left_child=1 3 -3 -1
right_child=-2 2 -4 -5
leaf_value=1.529390562257628e-05 -5.5099198501163873e-05 8.2618955634743106e-05 -4.8876608093720591e-05 -8.6709933408647967e-05
leaf_weight=1497 64 127 430 117
leaf_count=1497 64 127 430 117
internal_value=0.000138578 0.000271514 -0.00112701 0.00075495
internal_weight=2235 2171 557 1614
internal_count=2235 2171 557 1614
is_linear=0
shrinkage=0.04


Tree=105
num_leaves=7
num_cat=0
split_feature=45 25 50 47 7 25
split_gain=0.880293 1.50806 1.09769 1.85949 1.1861 1.07769
threshold=-1.7722728417235725 0.27208038063262585 -0.1570772543009098 -0.17382361451328873 -0.55124647749594069 -0.62529097723864324
decision_type=2 2 2 2 2 2
left_child=1 5 3 -2 -4 -1
right_child=2 -3 4 -5 -6 -7
leaf_value=-0.00028333839588207886 -8.9015943251676203e-05 -7.0272401509720485e-05 -5.5371358629603335e-06 1.1329350115585933e-05 3.2748034647632974e-05 5.2996590515219336e-05
leaf_weight=44 344 70 213 482 962 120
leaf_count=44 344 70 213 482 962 120
internal_value=0.000192222 -0.00211864 0.000464304 -0.000652174 0.00124894 0
internal_weight=2235 234 2001 826 1175 164
internal_count=2235 234 2001 826 1175 164
is_linear=0
shrinkage=0.04


Tree=106
num_leaves=5
num_cat=0
split_feature=13 7 32 49
split_gain=1.0819 0.951693 1.71305 1.23231
threshold=-1.0365739959390055 -0.51940476737949715 0.64157036002406176 -0.57805859982758201
decision_type=2 2 2 2
left_child=-1 2 -2 -3
right_child=1 3 -4 -5
leaf_value=3.545879042948155e-05 -3.3612600270772725e-06 6.8199588559008769e-05 -0.00012123237463110257 2.3809149685689521e-06
leaf_weight=63 323 178 46 1625
leaf_count=63 323 178 46 1625
internal_value=0.000299508 0.000147194 -0.00169811 0.000526316
internal_weight=2235 2172 369 1803
internal_count=2235 2172 369 1803
is_linear=0
shrinkage=0.04


Tree=107
num_leaves=5
num_cat=0
split_feature=42 59 51 11
split_gain=0.822355 1.00631 0.74475 0.315594
threshold=1.2608290057360747 -0.84827734096881124 0.4974457610618695 0.048040857665614778
decision_type=2 2 2 2
left_child=1 3 -3 -1
right_child=-2 2 -4 -5
leaf_value=0.00017983235851204982 -4.6471172411481057e-05 -1.4765612488040585e-06 2.4588709111104182e-05 3.0631592151027416e-05
leaf_weight=49 64 1535 543 44
leaf_count=49 64 1535 543 44
internal_value=0.00015646 0.000289922 0.000105769 0.00431579
internal_weight=2235 2171 2078 93
internal_count=2235 2171 2078 93
is_linear=0
shrinkage=0.04


Tree=108
num_leaves=5
num_cat=0
split_feature=39 7 32 49
split_gain=0.890273 1.04354 1.60938 0.984386
threshold=-1.0610227493593174 -0.51940476737949715 0.64157036002406176 -0.57805859982758201
decision_type=2 2 2 2
left_child=-1 2 -2 -3
right_child=1 3 -4 -5
leaf_value=3.3457338194257817e-05 -3.4444360531062783e-06 6.4748709355803356e-05 -0.00011711502492975948 1.5711770780242607e-06
leaf_weight=63 323 178 46 1625
leaf_count=63 323 178 46 1625
internal_value=0.00015646 1.83993e-05 -0.00191375 0.000415512
internal_weight=2235 2172 369 1803
internal_count=2235 2172 369 1803
is_linear=0
shrinkage=0.04


Tree=109
num_leaves=7
num_cat=0
split_feature=63 31 51 50 57 9
split_gain=0.828862 1.37487 1.04634 1.57177 1.36905 1.0106
threshold=0.14846095949426016 1.2702753341539912 -0.33240091074326522 0.70656183922468185 0.03180754334238993 -0.7570476982399944
decision_type=2 2 2 2 2 2
left_child=2 5 3 -1 -4 -2
right_child=1 -3 4 -5 -6 -7
leaf_value=-6.9190176129823664e-05 0.00024278597075155786 -0.00016749010136758065 1.4670006068137204e-05 9.6249550115740145e-05 -3.4731278626990319e-05 1.5614482210540778e-05
leaf_weight=348 59 69 636 71 243 809
leaf_count=348 59 69 636 71 243 809
internal_value=8.49352e-05 0.000990415 -0.000569231 -0.00220903 0.000215664 0.00142529
internal_weight=2235 937 1298 419 879 868
internal_count=2235 937 1298 419 879 868
is_linear=0
shrinkage=0.04


Tree=110
num_leaves=7
num_cat=0
split_feature=45 45 1 37 7 8
split_gain=0.913096 2.36734 1.46428 1.68279 1.56319 1.02619
threshold=-1.1273732757151576 -0.81201980730647871 0.38000682486811937 0.366959153751794 0.21894656303563417 0.51530065523680357
decision_type=2 2 2 2 2 2
left_child=2 -2 4 -4 -1 -3
right_child=1 5 3 -5 -6 -7
leaf_value=7.4390321424807354e-05 0.00022447411487604445 9.0941394464381931e-06 -0.00017900202648177559 1.5411767783204794e-06 -9.9263389653979995e-05 -2.1065137762936447e-05
leaf_weight=158 72 1356 62 52 70 465
leaf_count=158 72 1356 62 52 70 465
internal_value=0.000210103 0.00055409 -0.00168605 -0.00534483 0.000173913 0.000268788
internal_weight=2235 1893 342 114 228 1821
internal_count=2235 1893 342 114 228 1821
is_linear=0
shrinkage=0.04


Tree=111
num_leaves=8
num_cat=0
split_feature=7 7 1 11 49 43 4
split_gain=0.865878 1.89886 2.09886 1.38377 1.08873 1.21043 1.20285
threshold=-0.51940476737949715 -0.66284099453420586 0.37132410304134728 0.7454309604452779 0.70404087094612611 -0.079781152377387421 -0.37293555363187719
decision_type=2 2 2 2 2 2 2
left_child=1 3 -3 -1 6 -6 -2
right_child=4 2 -4 -5 5 -7 -8
leaf_value=4.4631059146506886e-05 4.2670109588005733e-05 -1.0676404683616776e-05 -0.00017843025753744689 -9.5661786593830643e-05 0.00012780853790275419 -7.5617586378573794e-05 4.9442337449152534e-06
leaf_weight=175 403 153 45 41 92 387 939
leaf_count=175 403 153 45 41 92 387 939
internal_value=0.00015646 -0.00149038 -0.0043 0.00110092 0.00053209 -0.00110187 0.00111607
internal_weight=2235 414 198 216 1821 479 1342
internal_count=2235 414 198 216 1821 479 1342
is_linear=0
shrinkage=0.04


Tree=112
num_leaves=7
num_cat=0
split_feature=63 31 45 51 53 52
split_gain=0.866974 1.15962 1.18704 1.04507 1.62932 1.12376
threshold=0.14846095949426016 1.2702753341539912 0.45655612257694539 0.52704263075102464 -1.0000000180025095e-35 0.75000000000000011
decision_type=2 2 2 2 2 2
left_child=3 2 -2 5 -5 -1
right_child=1 -3 -4 4 -6 -7
leaf_value=-1.4084383531538706e-06 6.6495624809963938e-06 -0.000158129559435592 0.00010830667678400555 -4.0726101202688099e-05 0.00010405437166505118 -8.6428896635258858e-05
leaf_weight=804 625 69 243 151 153 190
leaf_count=804 625 69 243 151 153 190
internal_value=0.000192222 0.00111821 0.00151724 -0.000476923 0.00156863 -0.00110442
internal_weight=2235 937 868 1298 304 994
internal_count=2235 937 868 1298 304 994
is_linear=0
shrinkage=0.04


Tree=113
num_leaves=8
num_cat=0
split_feature=19 31 8 19 22 28 43
split_gain=0.787809 1.97962 1.25001 1.0452 1.76895 1.29453 0.268065
threshold=0.392782799962197 0.31178390384858823 1.1214866415327263 0.29603603846782706 0.59995840472045547 -0.24177262334713465 -0.26727689460867138
decision_type=2 2 2 2 2 2 2
left_child=3 6 -3 4 -1 -5 -2
right_child=1 2 -4 5 -6 -7 -8
leaf_value=-6.3431532659394968e-07 3.5012577905519598e-05 -1.0409840901662217e-06 6.9783244449851439e-05 -0.0001667279641402325 0.00026103421515675992 -8.3422568719468756e-07 0.00015070259258843105
leaf_weight=1403 40 480 43 46 57 107 59
leaf_count=1403 40 480 43 46 57 107 59
internal_value=0.000299508 0.00150641 0.000514286 -0.000167183 0.000164159 -0.00329032 0.00663366
internal_weight=2235 622 523 1613 1460 153 99
internal_count=2235 622 523 1613 1460 153 99
is_linear=0
shrinkage=0.04


Tree=114
num_leaves=6
num_cat=0
split_feature=14 7 51 20 18
split_gain=0.905048 1.16052 1.06686 0.878017 1.20709
threshold=-0.67479802509584808 -0.81911015749339977 -0.6682923311343294 0.54474761617924883 0.028223844409001466
decision_type=2 2 2 2 2
left_child=3 -2 -3 4 -1
right_child=1 2 -4 -5 -6
leaf_value=8.7140924645477168e-06 -0.00012059638553100573 -4.2305317461318879e-05 4.9271195813137965e-06 -2.7077453722425677e-05 0.00011277750425673913
leaf_weight=222 58 365 1425 41 124
leaf_count=222 58 365 1425 41 124
internal_value=0.000174341 -0.000194595 -1.11607e-05 0.00192802 0.00258621
internal_weight=2235 1848 1790 387 346
internal_count=2235 1848 1790 387 346
is_linear=0
shrinkage=0.04


Tree=115
num_leaves=5
num_cat=0
split_feature=24 45 2 45
split_gain=0.916348 1.04008 1.57114 1.01359
threshold=1.3631732877151763 0.50759595835818383 0.51776260844834199 -0.080766154896675199
decision_type=2 2 2 2
left_child=1 3 -3 -1
right_child=-2 2 -4 -5
leaf_value=5.7504779645117023e-06 -0.00013944069701943304 1.4584398495726818e-06 0.00011025674898636193 -2.9080144663450672e-05
leaf_weight=988 40 405 135 667
leaf_count=988 40 405 135 667
internal_value=0.000138578 0.000250341 0.00177122 -0.000247435
internal_weight=2235 2195 540 1655
internal_count=2235 2195 540 1655
is_linear=0
shrinkage=0.04


Tree=116
num_leaves=4
num_cat=0
split_feature=40 37 42
split_gain=1.05311 0.746686 1.19481
threshold=-1.0699109224844154 -0.82384951159437525 1.2434202516931709
decision_type=2 2 2
left_child=-1 -2 -3
right_child=1 2 -4
leaf_value=2.5757092774622326e-05 0.00010153755340821484 6.4560502302118273e-07 -0.00011031422253769002
leaf_weight=45 49 2098 43
leaf_count=45 49 2098 43
internal_value=0.000245865 0.000118613 4.66636e-06
internal_weight=2235 2190 2141
internal_count=2235 2190 2141
is_linear=0
shrinkage=0.04


Tree=117
num_leaves=6
num_cat=0
split_feature=4 18 46 58 60
split_gain=0.757722 0.99457 0.955772 1.6205 1.36809
threshold=1.224842324950665 0.57602635352683829 0.51277604066919491 -1.0248581757691737 0.41500316236872592
decision_type=2 2 2 2 2
left_child=2 -2 4 -4 -1
right_child=1 -3 3 -5 -6
leaf_value=5.5172985759913836e-06 -9.153876348543193e-05 2.7213763674929363e-05 -0.00024845714477578115 4.7066933282737618e-05 -4.7164840149616189e-05
leaf_weight=1236 51 45 88 444 371
leaf_count=1236 51 45 88 444 371
internal_value=0.000174341 -0.00326531 0.000331621 0.00179775 -0.000155376
internal_weight=2235 96 2139 532 1607
internal_count=2235 96 2139 532 1607
is_linear=0
shrinkage=0.04


Tree=118
num_leaves=4
num_cat=0
split_feature=40 28 35
split_gain=1.08515 1.14557 0.967266
threshold=-1.0699109224844154 -0.74289077108887269 -1.6404576215497964
decision_type=2 2 2
left_child=-1 -2 -3
right_child=1 2 -4
leaf_value=2.608924322347099e-05 -9.2826950347108864e-05 0.00013385221829269016 2.885845822142401e-07
leaf_weight=45 72 43 2075
leaf_count=45 72 43 2075
internal_value=0.00015646 2.73723e-05 0.000198113
internal_weight=2235 2190 2118
internal_count=2235 2190 2118
is_linear=0
shrinkage=0.04


Tree=119
num_leaves=5
num_cat=0
split_feature=13 45 44 2
split_gain=0.876519 0.979054 1.71609 1.44801
threshold=-1.0365739959390055 0.52522971676729557 0.67472131275083125 0.51776260844834199
decision_type=2 2 2 2
left_child=-1 2 -2 -3
right_child=1 3 -4 -5
leaf_value=2.7131576676589854e-05 -7.4293154027791844e-08 1.1146345414304871e-06 -9.3104929062599946e-05 9.9223505764802755e-05
leaf_weight=63 1484 399 145 144
leaf_count=63 1484 399 145 144
internal_value=0.000192222 5.51978e-05 -0.000435316 0.00152294
internal_weight=2235 2172 1629 543
internal_count=2235 2172 1629 543
is_linear=0
shrinkage=0.04


end of trees

feature_importances:
Column_51=45
Column_35=30
Column_0=29
Column_40=29
Column_45=29
Column_44=27
Column_49=27
Column_42=24
Column_50=24
Column_63=24
Column_1=23
Column_14=21
Column_28=20
Column_43=20
Column_7=17
Column_8=17
Column_47=14
Column_30=12
Column_13=11
Column_36=11
Column_58=11
Column_48=10
Column_18=9
Column_26=9
Column_37=9
Column_41=9
Column_20=8
Column_29=8
Column_46=8
Column_4=7
Column_10=7
Column_32=7
Column_56=7
Column_62=7
Column_31=6
Column_39=6
Column_57=6
Column_60=6
Column_2=5
Column_5=5
Column_12=5
Column_15=5
Column_16=5
Column_59=5
Column_11=4
Column_24=4
Column_25=4
Column_53=4
Column_61=4
Column_3=3
Column_9=3
Column_17=3
Column_22=3
Column_38=3
Column_52=3
Column_19=2
Column_27=2
Column_34=2
Column_6=1
Column_21=1
Column_33=1

parameters:
[boosting: gbdt]
[objective: quantile]
[metric: quantile]
[tree_learner: serial]
[device_type: cpu]
[data_sample_strategy: bagging]
[data: ]
[valid: ]
[num_iterations: 120]
[learning_rate: 0.04]
[num_leaves: 15]
[num_threads: 2]
[seed: 42]
[deterministic: 0]
[force_col_wise: 0]
[force_row_wise: 0]
[histogram_pool_size: -1]
[max_depth: 3]
[min_data_in_leaf: 40]
[min_sum_hessian_in_leaf: 0.001]
[bagging_fraction: 0.85]
[pos_bagging_fraction: 1]
[neg_bagging_fraction: 1]
[bagging_freq: 0]
[bagging_seed: 400]
[bagging_by_query: 0]
[feature_fraction: 0.8]
[feature_fraction_bynode: 1]
[feature_fraction_seed: 30056]
[extra_trees: 0]
[extra_seed: 12879]
[early_stopping_round: 0]
[early_stopping_min_delta: 0]
[first_metric_only: 0]
[max_delta_step: 0]
[lambda_l1: 0]
[lambda_l2: 2]
[linear_lambda: 0]
[min_gain_to_split: 0]
[drop_rate: 0.1]
[max_drop: 50]
[skip_drop: 0.5]
[xgboost_dart_mode: 0]
[uniform_drop: 0]
[drop_seed: 17869]
[top_rate: 0.2]
[other_rate: 0.1]
[min_data_per_group: 100]
[max_cat_threshold: 32]
[cat_l2: 10]
[cat_smooth: 10]
[max_cat_to_onehot: 4]
[top_k: 20]
[monotone_constraints: ]
[monotone_constraints_method: basic]
[monotone_penalty: 0]
[feature_contri: ]
[forcedsplits_filename: ]
[refit_decay_rate: 0.9]
[cegb_tradeoff: 1]
[cegb_penalty_split: 0]
[cegb_penalty_feature_lazy: ]
[cegb_penalty_feature_coupled: ]
[path_smooth: 0]
[interaction_constraints: ]
[verbosity: -1]
[saved_feature_importance_type: 0]
[use_quantized_grad: 0]
[num_grad_quant_bins: 4]
[quant_train_renew_leaf: 0]
[stochastic_rounding: 1]
[linear_tree: 0]
[max_bin: 255]
[max_bin_by_feature: ]
[min_data_in_bin: 3]
[bin_construct_sample_cnt: 200000]
[data_random_seed: 175]
[is_enable_sparse: 1]
[enable_bundle: 1]
[use_missing: 1]
[zero_as_missing: 0]
[feature_pre_filter: 1]
[pre_partition: 0]
[two_round: 0]
[header: 0]
[label_column: ]
[weight_column: ]
[group_column: ]
[ignore_column: ]
[categorical_feature: ]
[forcedbins_filename: ]
[precise_float_parser: 0]
[parser_config_file: ]
[objective_seed: 16083]
[num_class: 1]
[is_unbalance: 0]
[scale_pos_weight: 1]
[sigmoid: 1]
[boost_from_average: 1]
[reg_sqrt: 0]
[alpha: 0.25]
[fair_c: 1]
[poisson_max_delta_step: 0.7]
[tweedie_variance_power: 1.5]
[lambdarank_truncation_level: 30]
[lambdarank_norm: 1]
[label_gain: ]
[lambdarank_position_bias_regularization: 0]
[eval_at: ]
[multi_error_top_k: 1]
[auc_mu_weights: ]
[num_machines: 1]
[local_listen_port: 12400]
[time_out: 120]
[machine_list_filename: ]
[machines: ]
[gpu_platform_id: -1]
[gpu_device_id: -1]
[gpu_device_id_list: ]
[gpu_use_dp: 0]
[num_gpu: 1]

end of parameters

pandas_categorical:null
