tree
version=v4
num_class=1
num_tree_per_iteration=1
label_index=0
max_feature_idx=118
objective=quantile
feature_names=Column_0 Column_1 Column_2 Column_3 Column_4 Column_5 Column_6 Column_7 Column_8 Column_9 Column_10 Column_11 Column_12 Column_13 Column_14 Column_15 Column_16 Column_17 Column_18 Column_19 Column_20 Column_21 Column_22 Column_23 Column_24 Column_25 Column_26 Column_27 Column_28 Column_29 Column_30 Column_31 Column_32 Column_33 Column_34 Column_35 Column_36 Column_37 Column_38 Column_39 Column_40 Column_41 Column_42 Column_43 Column_44 Column_45 Column_46 Column_47 Column_48 Column_49 Column_50 Column_51 Column_52 Column_53 Column_54 Column_55 Column_56 Column_57 Column_58 Column_59 Column_60 Column_61 Column_62 Column_63 Column_64 Column_65 Column_66 Column_67 Column_68 Column_69 Column_70 Column_71 Column_72 Column_73 Column_74 Column_75 Column_76 Column_77 Column_78 Column_79 Column_80 Column_81 Column_82 Column_83 Column_84 Column_85 Column_86 Column_87 Column_88 Column_89 Column_90 Column_91 Column_92 Column_93 Column_94 Column_95 Column_96 Column_97 Column_98 Column_99 Column_100 Column_101 Column_102 Column_103 Column_104 Column_105 Column_106 Column_107 Column_108 Column_109 Column_110 Column_111 Column_112 Column_113 Column_114 Column_115 Column_116 Column_117 Column_118
feature_infos=[-6.1350603860835218:6.5902212948372325] [-5.6563692682262818:5.4872523923045282] [-4.8699831936412705:4.1570831193712037] [-4.3103913855127995:3.7861854214241508] [-3.6321919258120077:2.1451965935113884] [-2.5909572098145284:2.3689566693126922] [-4.2141143886524288:3.9410025881352952] [-1.3669807796978382:6.6107424303221407] [-1.6726824778143519:1.6228058544985609] [-3.5896889854114669:2.1868555394768356] [-1.4910446590131281:5.2073002682100071] [-2.4955692381891721:2.172932269163022] [-2.5587804219541663:2.4489364020469107] [-1.4686699446760725:3.9085903037146408] [-2.8417645718393483:2.6265690540601514] [-1.5847574461983109:1.6112466735826232] [-1.776310951246215:1.7835936615689025] [-0.97092564463265885:0.75100737654809802] [-1.0110693197770437:0.76781876107620117] [-0.97092564463265851:0.75100737654809802] [-2.229419660364123:1.6439193212422301] [-3.9833211920745719:4.0721272928257104] [-3.2855483598351314:2.2847622945657151] [-2.3355037392175526:2.6028310174523495] [-2.1381453158104073:1.5669228146452534] [-2.1591720471031142:1.5684402521801832] [-3.3595729167820245:2.0096976594259743] [-1.7922595538955706:1.4050057438539048] [-1.1782543780075934:3.6297288745372471] [-3.7051337337553538:4.2528543563699337] [-3.7065846806242115:4.4861240957594175] [-3.0471818385453782:3.2391260236509201] [-3.181805339707902:3.4187348574864309] [-1.9568770736010839:2.0661896917102331] [-2.188451180322065:2.2152839009149918] [-1.7781844141828242:1.7412274050574919] [-1.7868065415379133:1.8147018751300745] [-1.6028831032106337:3.8365448362021155] [-1.4763282912075182:4.9761943279180256] [-1.4616413159645021:3.7849680842652669] [-1.2328218163973241:3.2797359232318106] [-1.6906657952835142:1.4600973569315396] [-1.9878857565143537:1.734860440620946] [-1.8808742001470049:14.140501053845345] [-182.23363383791562:162.69483669511439] [-397.11984602364515:131.16893569313888] [-324.56194022697241:76.168803682459568] [-1.3783933514296198:2.8429304334920538] [-1.9447187312109406:1.9861564708114674] [-1.1947448146289448:9.0108227240998655] [-4.8921986665684356:4.4518591960696483] [-8.9957168621609807:6.6828873716137958] [-1:1] [-0.95238095238095233:1.1428571428571428] [0:1] [0:1] [-6.4248323925164978:3.3446695350366427] [-3.0138395397872002:2.2665341364775928] [-2.3462428911216708:2.2332578489993344] [-1.0700623569538665:3.0755152593517043] [-2.2256769207393932:1.8647416472641745] [-2.632460445052875:0.57782694734039408] [-4.5549217160510889:3.6709528775796465] [-3.3661536672911145:2.5202418180929742] [-3.0025132756437714:2.0880477012729801] [-3.1058837932455075:4.0712458565765521] [-3.4221526346391165:2.2573596950749195] [-2.3348652561224661:1.5917974902048624] [-0.94468786763482537:2.1803540037406974] [-2.0993719181046955:1.2451889169974579] [-1.3899825765526272:0.34726244319409849] [-4.6318458094467889:7.3062784214641896] [-4.1935674570191512:5.8756316311791652] [-2.4171515602763467:4.2171447541138489] [-1.2878056982568249:4.8558297285568202] [-1.1712422436844641:7.9151376779382794] [-1.251698151415358:2.3181469868425277] [-6.6124837587665484:6.7850165361444503] [-4.6569527542975671:3.614319927797331] [-3.3729838195104089:3.7294043371042056] [-1.2133181860282023:3.589178542550477] [-1.7919209780636189:4.4046685451213197] [-0.79024940466222371:2.0494368916944703] [-11.520858839773082:11.292209285695826] [-6.0555880634502746:5.2972551213869474] [-3.7979782058557299:4.1637413676800294] [-0.98673736911764687:3.0555588465638115] [-2.2164108823150057:4.2887867435626337] [-1.344237627030243:0.70445232232488364] [-3.9565040814172456:2.9687431292111781] [-3.4372225584920288:3.0357539453712743] [-2.5348977863201587:1.70484341196221] [-1.2886841169389405:3.0359676649469169] [-2.0495849613562096:1.8643051033155318] [-1.4092640267823675:0.45782463141655749] [-5.2622029609633953:2.6462837140051008] [-4.071247550259482:3.49397418361088] [-1.8689689304586261:2.8333810528420287] [-1.4485503360648693:4.2301493987489254] [-1.684941305528677:4.5240693423732772] [-1.5099139823367373:1.252236620652843] [-4.259352768115634:2.4584013945610761] [-3.7916347425594772:3.5383262209879276] [-1.9214723829722662:2.6379451918411361] [-1.462576646359715:3.9968445686195224] [-1.5264652522970572:3.9258287829236815] [-1.4755499108667769:1.1790581843548447] [-3.4052855104822695:3.6836318442081639] [-2.230579043573047:2.6800463271529358] [-1.9621055503017224:2.0601943417434239] [-1.4686220080707373:2.033607657027344] [-1.4519711294295161:1.9231109319901636] [-2.2000016213054172:0.59182497157190583] [-3.1154874723498596:3.3147399908685355] [-2.7804256007522339:3.6145216231242241] [-1.666238353524047:2.4241998298005867] [-0.85758461265513397:2.909498167414073] [-1.4190902986572289:2.3417847755436725] [-1.430504127044995:0.99984621031521681]
tree_sizes=676 775 602 605 601 603 690 778 607 606 607 696 606 607 600 697 787 604 781 522 518 607 779 783 781 782 782 691 693 879 776 519 777 518 868 784 607 776 700 787 781 779 608 782 697 603 780 606 608 873 697 690 695 605 787 696 692 786 786 789 696 690 780 698 689 606 783 784 876 783 784 783 778 780 782 783 789 778 864 879 781 781 783 790 694 696 781 781 781 699 781 790 701 779 608 785 867 784 700 700 696 872 876 693 876 612 613 614 521 608 776 785 788 871 696 522 789 786 696 789

Tree=0
num_leaves=6
num_cat=0
split_feature=106 18 33 115 28
split_gain=5.0194 8.76206 3.26854 2.84362 0.845238
threshold=0.9053397435191699 0.053721809863342122 1.5089032421869837 0.87226030353473283 0.085567191587515759
decision_type=2 2 2 2 2
left_child=2 4 3 -1 -2
right_child=1 -3 -4 -5 -6
leaf_value=-0.036513677745710099 -0.037503052974804635 -0.038514699719066257 -0.037865258371526447 -0.037583339419557577 -0.036473323402784516
leaf_weight=1757 40 70 40 195 70
leaf_count=1757 40 70 40 195 70
internal_value=-0.0367947 -0.0431536 -0.0362142 -0.0359775 -0.0360656
internal_weight=2172 180 1992 1952 110
internal_count=2172 180 1992 1952 110
is_linear=0
shrinkage=1


Tree=1
num_leaves=7
num_cat=0
split_feature=106 73 116 115 40 4
split_gain=3.87902 8.41432 3.91109 3.16288 2.21566 0.226002
threshold=0.9053397435191699 0.3245840174174498 -0.75217386716425472 0.97266041038820805 0.47820174448878811 -0.3451412993879589
decision_type=2 2 2 2 2 2
left_child=2 4 -1 -4 -2 -3
right_child=1 5 3 -5 -6 -7
leaf_value=-0.00082471898687711215 -0.00096797500377623273 0.00066848981417579783 0.00026867581548163259 -0.00099147443315778742 -0.0019336016437516493 -6.2632825750981447e-05
leaf_weight=63 40 59 1761 168 41 40
leaf_count=63 40 59 1761 168 41 40
internal_value=9.56763e-05 -0.00549451 0.000605818 0.000930088 -0.0148916 0.00233663
internal_weight=2172 180 1992 1929 81 99
internal_count=2172 180 1992 1929 81 99
is_linear=0
shrinkage=0.04


Tree=2
num_leaves=5
num_cat=0
split_feature=116 40 24 82
split_gain=3.5137 3.68187 5.49543 2.4736
threshold=-0.75217386716425472 1.7627487634998202 -0.071170706176869755 -0.66658555569032341
decision_type=2 2 2 2
left_child=-1 3 -3 -2
right_child=1 2 -4 -5
leaf_value=-0.00079173022740202769 -0.00041992945527950218 9.5147531315228077e-05 -0.0023917628146767535 0.0002244391790261887
leaf_weight=63 66 72 40 1931
leaf_count=63 66 72 40 1931
internal_value=0.000114076 0.000396021 -0.00659649 0.000794397
internal_weight=2172 2109 112 1997
internal_count=2172 2109 112 1997
is_linear=0
shrinkage=0.04


Tree=3
num_leaves=5
num_cat=0
split_feature=116 106 67 115
split_gain=3.47153 3.6211 7.50083 3.22128
threshold=-0.75217386716425472 0.9053397435191699 -0.63380966601256639 0.87226030353473283
decision_type=2 2 2 2
left_child=-1 3 -3 -2
right_child=1 2 -4 -5
leaf_value=-0.00076006101830594674 0.00026287776606568811 0.00025396552048419219 -0.0015890048649234412 -0.00087896997337415543
leaf_weight=63 1728 99 81 201
leaf_count=63 1728 99 81 201
internal_value=5.88778e-05 0.000339176 -0.00505494 0.00084723
internal_weight=2172 2109 180 1929
internal_count=2172 2109 180 1929
is_linear=0
shrinkage=0.04


Tree=4
num_leaves=5
num_cat=0
split_feature=33 106 31 116
split_gain=3.16495 3.19559 6.77517 2.90324
threshold=1.4747059534898002 0.9053397435191699 -0.1145268059802325 -0.75217386716425472
decision_type=2 2 2 2
left_child=1 3 -3 -1
right_child=-2 2 -4 -5
leaf_value=-0.00073973530916726898 -0.00089815032428696307 0.00022026816077713764 -0.001440997495296692 0.00022349693708396178
leaf_weight=61 48 99 80 1884
leaf_count=61 48 99 80 1884
internal_value=0.000187673 0.000421449 -0.00466298 0.000893683
internal_weight=2172 2124 179 1945
internal_count=2172 2124 179 1945
is_linear=0
shrinkage=0.04


Tree=5
num_leaves=5
num_cat=0
split_feature=116 40 111 82
split_gain=3.12354 3.05196 5.14864 2.12496
threshold=-0.75217386716425472 1.7627487634998202 -0.7031776754863287 -0.66658555569032341
decision_type=2 2 2 2
left_child=-1 3 -3 -2
right_child=1 2 -4 -5
leaf_value=-0.0007000691652070182 -0.00042258726519430801 0.00019105076919241764 -0.0017318188758054926 0.00021054967853511769
leaf_weight=63 66 61 51 1931
leaf_count=63 66 61 51 1931
internal_value=0.000206072 0.000471814 -0.00589474 0.000834417
internal_weight=2172 2109 112 1997
internal_count=2172 2109 112 1997
is_linear=0
shrinkage=0.04


Tree=6
num_leaves=6
num_cat=0
split_feature=85 91 60 24 68
split_gain=2.43481 5.89962 2.52716 2.4714 1.9928
threshold=-0.44408897340871772 0.083055285746722274 0.67553622714140071 1.2183080605947747 1.0187907634222233
decision_type=2 2 2 2 2
left_child=1 2 -1 4 -2
right_child=3 -3 -4 -5 -6
leaf_value=0.0002960851607565807 0.00029669499092497246 -0.0015932043707258712 -0.00062785396491423233 -0.00089164484268565772 -0.00053098957833957702
leaf_weight=288 1361 66 132 45 280
leaf_count=288 1361 66 132 45 280
internal_value=0.00024287 -0.0022459 -0.000473933 0.000962085 0.00121972
internal_weight=2172 486 420 1686 1641
internal_count=2172 486 420 1686 1641
is_linear=0
shrinkage=0.04


Tree=7
num_leaves=7
num_cat=0
split_feature=117 24 28 36 81 82
split_gain=2.41594 4.31998 2.71846 2.58778 3.73796 2.4163
threshold=0.75922376481932174 0.41056675979175777 -0.11820289881396956 1.0605144958925561 0.038185607416762843 -0.66658555569032341
decision_type=2 2 2 2 2 2
left_child=3 2 -2 5 -5 -1
right_child=1 -3 -4 4 -6 -7
leaf_value=-0.00039805146387296485 -0.0011980935862775334 -0.0020862969533008073 0.00021795164041530187 -0.00092564878624775565 0.00049131613294256299 0.00024031799804124157
leaf_weight=66 70 63 191 73 71 1638
leaf_count=66 70 63 191 73 71 1638
internal_value=0.000279669 -0.00289571 -0.000593156 0.000838919 -0.00427397 0.0012755
internal_weight=2172 324 261 1848 144 1704
internal_count=2172 324 261 1848 144 1704
is_linear=0
shrinkage=0.04


Tree=8
num_leaves=5
num_cat=0
split_feature=116 117 24 82
split_gain=2.75631 2.65529 4.43584 2.33278
threshold=-0.75217386716425472 0.75922376481932174 0.41056675979175777 -0.66658555569032341
decision_type=2 2 2 2
left_child=-1 3 -3 -2
right_child=1 2 -4 -5
leaf_value=-0.00065051868136579278 -0.00038212940531804631 -7.7539551017132005e-05 -0.0020028450751687753 0.00022524001040470507
leaf_weight=63 66 261 63 1719
leaf_count=63 66 261 63 1719
internal_value=0.000298068 0.000547608 -0.00277301 0.00115277
internal_weight=2172 2109 324 1785
internal_count=2172 2109 324 1785
is_linear=0
shrinkage=0.04


Tree=9
num_leaves=5
num_cat=0
split_feature=116 117 24 82
split_gain=2.70663 2.53563 4.43584 2.27594
threshold=-0.75217386716425472 0.75922376481932174 0.41056675979175777 -0.66658555569032341
decision_type=2 2 2 2
left_child=-1 3 -3 -2
right_child=1 2 -4 -5
leaf_value=-0.00062449793411116104 -0.00036684422910532451 -7.4437968976446829e-05 -0.001922731272162024 0.00021623040998851683
leaf_weight=63 66 261 63 1719
leaf_count=63 66 261 63 1719
internal_value=0.000224471 0.000471814 -0.00277301 0.00106323
internal_weight=2172 2109 324 1785
internal_count=2172 2109 324 1785
is_linear=0
shrinkage=0.04


Tree=10
num_leaves=5
num_cat=0
split_feature=116 106 20 94
split_gain=2.68195 2.39809 6.13789 2.09805
threshold=-0.75217386716425472 0.9053397435191699 0.030729376842076737 0.35858880937937904
decision_type=2 2 2 2
left_child=-1 3 -3 -2
right_child=1 2 -4 -5
leaf_value=-0.00059951801674671475 0.0002296082905846342 0.00012970186644973105 -0.0015112068775014144 -0.00047300704575725194
leaf_weight=63 1680 116 64 249
leaf_count=63 1680 116 64 249
internal_value=0.000187673 0.000433918 -0.00395604 0.00084723
internal_weight=2172 2109 180 1929
internal_count=2172 2109 180 1929
is_linear=0
shrinkage=0.04


Tree=11
num_leaves=6
num_cat=0
split_feature=85 93 24 110 68
split_gain=2.25832 6.06216 2.40739 2.23847 1.83791
threshold=-0.44408897340871772 0.46085348602965054 1.2183080605947747 0.017926776904462306 1.0187907634222233
decision_type=2 2 2 2 2
left_child=1 3 4 -1 -2
right_child=2 -3 -4 -5 -6
leaf_value=-0.00049842979069097157 0.00029087757797984832 -0.0012768391012591179 -0.00077850288644206226 0.00040827634900909691 -0.00047948202482088676
leaf_weight=216 1361 51 45 219 280
leaf_count=216 1361 51 45 219 280
internal_value=0.000150874 -0.0022459 0.000843602 -0.000686499 0.00109799
internal_weight=2172 486 1686 435 1641
internal_count=2172 486 1686 435 1641
is_linear=0
shrinkage=0.04


Tree=12
num_leaves=5
num_cat=0
split_feature=116 106 67 109
split_gain=2.50922 2.36771 5.44648 2.162
threshold=-0.78242799031221144 0.9053397435191699 -0.63380966601256639 -0.77174953435252613
decision_type=2 2 2 2
left_child=-1 3 -3 -2
right_child=1 2 -4 -5
leaf_value=-0.00080296780073509382 -0.00026057386736602108 0.00033619842777688711 -0.001321356774178721 0.00021321936783056424
leaf_weight=45 324 99 81 1623
leaf_count=45 324 99 81 1623
internal_value=0.000206072 0.000407703 -0.00395604 0.000814777
internal_weight=2172 2127 180 1947
internal_count=2172 2127 180 1947
is_linear=0
shrinkage=0.04


Tree=13
num_leaves=5
num_cat=0
split_feature=116 117 24 82
split_gain=2.33102 2.19394 4.67198 2.26184
threshold=-0.75217386716425472 0.75922376481932174 0.41056675979175777 -0.66658555569032341
decision_type=2 2 2 2
left_child=-1 3 -3 -2
right_child=1 2 -4 -5
leaf_value=-0.00053560653732339931 -0.00034577514219088655 -3.8732131519265254e-05 -0.0017909206441996475 0.00019934231711037635
leaf_weight=63 66 261 63 1719
leaf_count=63 66 261 63 1719
internal_value=0.00026127 0.000490763 -0.00252761 0.00104085
internal_weight=2172 2109 324 1785
internal_count=2172 2109 324 1785
is_linear=0
shrinkage=0.04


Tree=14
num_leaves=5
num_cat=0
split_feature=33 85 93 91
split_gain=2.23851 2.38329 5.41852 1.51853
threshold=1.4747059534898002 -0.32251787924842196 0.46085348602965054 1.1420596193054358
decision_type=2 2 2 2
left_child=1 2 -1 -3
right_child=-2 3 -4 -5
leaf_value=-5.5230046422028227e-05 -0.0006900371013191549 0.00022879956860534013 -0.0011666268248375986 -0.0012052541765041177
leaf_weight=525 48 1494 56 49
leaf_count=525 48 1494 56 49
internal_value=0.000206072 0.000402634 -0.00177702 0.0012246
internal_weight=2172 2124 581 1543
internal_count=2172 2124 581 1543
is_linear=0
shrinkage=0.04


Tree=15
num_leaves=6
num_cat=0
split_feature=85 93 110 24 68
split_gain=2.18037 4.86911 2.39351 1.96981 1.66249
threshold=-0.39616844982865917 0.46085348602965054 0.017926776904462306 1.2183080605947747 1.0187907634222233
decision_type=2 2 2 2 2
left_child=1 2 -1 4 -2
right_child=3 -3 -4 -5 -6
leaf_value=-0.00050127427914573605 0.00027810805662245765 -0.0011323866070272926 0.00038651811053720355 -0.00064506106442016435 -0.00044057822144176863
leaf_weight=243 1317 51 246 40 275
leaf_count=243 1317 51 246 40 275
internal_value=0.000206072 -0.00199262 -0.000741344 0.000935129 0.00115935
internal_weight=2172 540 489 1632 1592
internal_count=2172 540 489 1632 1592
is_linear=0
shrinkage=0.04


Tree=16
num_leaves=7
num_cat=0
split_feature=48 116 106 85 13 101
split_gain=2.34936 3.59858 3.80685 0.801385 1.1946 0.317859
threshold=-0.42840013084041001 -0.75217386716425472 0.9053397435191699 -0.33006336297439293 -0.15870272582685888 0.99990141396456533
decision_type=2 2 2 2 2 2
left_child=3 -2 -3 4 -1 -5
right_child=1 2 -4 5 -6 -7
leaf_value=0.0011409334847888204 -0.00072716465419004337 6.2294520809329037e-05 -0.00090907712960702183 0.00042070055863078679 -0.00030428156831456066 -9.733751262706353e-06
leaf_weight=53 45 1399 107 449 69 50
leaf_count=53 45 1399 107 449 69 50
internal_value=0.00024287 -0.000589826 -0.000249337 0.00231782 -0.000580645 0.00302595
internal_weight=2172 1551 1506 621 122 499
internal_count=2172 1551 1506 621 122 499
is_linear=0
shrinkage=0.04


Tree=17
num_leaves=5
num_cat=0
split_feature=33 110 59 40
split_gain=2.23851 2.38071 4.41772 1.30083
threshold=1.4747059534898002 -0.0053167914126466195 1.1394476553966359 1.8168433155785315
decision_type=2 2 2 2
left_child=1 2 -1 -3
right_child=-2 3 -4 -5
leaf_value=-2.5502893064705332e-05 -0.00063912495552195542 0.00030655914152518152 -0.0014971921061183663 -0.001057385864235978
leaf_weight=999 48 995 62 68
leaf_count=999 48 995 62 68
internal_value=0.000206072 0.000402634 -0.000936971 0.00173897
internal_weight=2172 2124 1061 1063
internal_count=2172 2124 1061 1063
is_linear=0
shrinkage=0.04


Tree=18
num_leaves=7
num_cat=0
split_feature=85 93 27 91 86 86
split_gain=2.04961 5.48279 1.99544 3.09577 1.96781 0.143628
threshold=-0.27723562220124237 0.46085348602965054 -0.54138503842987162 1.0129469961836435 -0.77325907404179905 -0.76731120338969994
decision_type=2 2 2 2 2 2
left_child=1 4 5 -4 -1 -2
right_child=2 -3 3 -5 -6 -7
leaf_value=-0.00071827891370667535 0.00030679157073161745 -0.0010641883612141918 9.0254782022605452e-05 -0.0016777178808335949 5.1554029030125134e-05 0.00048698841120012565
leaf_weight=54 43 60 1036 40 561 378
leaf_count=54 43 60 1036 40 561 378
internal_value=0.00026127 -0.00156573 0.00108606 0.000170687 -0.000421394 0.00341371
internal_weight=2172 675 1497 1076 615 421
internal_count=2172 675 1497 1076 615 421
is_linear=0
shrinkage=0.04


Tree=19
num_leaves=4
num_cat=0
split_feature=116 82 117
split_gain=2.10973 1.91206 1.97672
threshold=-0.78242799031221144 -0.66658555569032341 0.75922376481932174
decision_type=2 2 2
left_child=-1 -2 -3
right_child=1 2 -4
leaf_value=-0.00066832679575158649 -0.00031942869783506335 0.00019790465193007768 -0.00057723484349947191
leaf_weight=45 66 1737 324
leaf_count=45 66 1737 324
internal_value=0.000298068 0.000482856 0.000699952
internal_weight=2172 2127 2061
internal_count=2172 2127 2061
is_linear=0
shrinkage=0.04


Tree=20
num_leaves=4
num_cat=0
split_feature=116 82 36
split_gain=2.10973 1.91206 1.85226
threshold=-0.78242799031221144 -0.66658555569032341 0.83762777546614486
decision_type=2 2 2
left_child=-1 -2 -3
right_child=1 2 -4
leaf_value=-0.00064159372392152308 -0.0003066515499216608 0.000155463884928698 -0.00039768697967867836
leaf_weight=45 66 1835 226
leaf_count=45 66 1835 226
internal_value=0.000298068 0.000482856 0.000699952
internal_weight=2172 2127 2061
internal_count=2172 2127 2061
is_linear=0
shrinkage=0.04


Tree=21
num_leaves=5
num_cat=0
split_feature=116 75 40 11
split_gain=2.33102 1.95088 2.36612 1.21004
threshold=-0.75217386716425472 -0.22980064656211321 -0.92113954972824985 1.2708512889358057
decision_type=2 2 2 2
left_child=-1 3 -3 -2
right_child=1 2 -4 -5
leaf_value=-0.00047243213491109744 0.00033332701535032454 -0.0007651700460191372 -3.9962853281473544e-06 -0.00088559631146167459
leaf_weight=63 668 53 1345 43
leaf_count=63 668 53 1345 43
internal_value=0.00026127 0.000490763 -0.000377143 0.00219355
internal_weight=2172 2109 1398 711
internal_count=2172 2109 1398 711
is_linear=0
shrinkage=0.04


Tree=22
num_leaves=7
num_cat=0
split_feature=110 59 85 81 28 91
split_gain=2.03575 4.27372 4.29841 1.6719 3.53271 1.1251
threshold=-0.0053167914126466195 1.1394476553966359 -0.39616844982865917 -0.95723310523656313 1.1267929523565414 1.0718005720008741
decision_type=2 2 2 2 2 2
left_child=1 2 -1 4 -2 -5
right_child=3 -3 -4 5 -6 -7
leaf_value=-0.0005068716536322257 0.0002539533147016351 -0.0015247746247171305 0.000206129799825139 0.00028939291625953956 -0.0014834443188271144 -0.00075623038204581858
leaf_weight=267 148 63 753 855 41 45
leaf_count=267 148 63 753 855 41 45
internal_value=0.000279669 -0.000947465 -0.000313111 0.00149954 -0.00190576 0.00221729
internal_weight=2172 1083 1020 1089 189 900
internal_count=2172 1083 1020 1089 189 900
is_linear=0
shrinkage=0.04


Tree=23
num_leaves=7
num_cat=0
split_feature=110 59 82 81 28 91
split_gain=1.97486 3.30912 3.35723 1.47209 3.04601 0.814937
threshold=-0.0053167914126466195 1.1394476553966359 -0.51078123090150129 -0.95723310523656313 1.1267929523565414 1.0718005720008741
decision_type=2 2 2 2 2 2
left_child=1 2 -1 4 -2 -5
right_child=3 -3 -4 5 -6 -7
leaf_value=-0.00035189103089040385 0.00024379518211356974 -0.0014637836397284451 7.9111111800353774e-05 0.00027781719960915801 -0.0014241065460740298 -0.00072598116676398598
leaf_weight=87 148 63 933 855 41 45
leaf_count=87 148 63 933 855 41 45
internal_value=0.000298068 -0.000910599 -0.00035225 0.00149954 -0.00169633 0.00217295
internal_weight=2172 1083 1020 1089 189 900
internal_count=2172 1083 1020 1089 189 900
is_linear=0
shrinkage=0.04


Tree=24
num_leaves=7
num_cat=0
split_feature=110 9 94 67 82 98
split_gain=1.90223 2.64983 3.83002 1.44721 1.39958 0.580344
threshold=0.5529742812833357 -0.36859127732289498 0.19937476386000128 0.56396422549153657 -0.51078123090150129 -0.85684289489609933
decision_type=2 2 2 2 2 2
left_child=1 4 -3 5 -1 -2
right_child=3 2 -4 -5 -6 -7
leaf_value=-0.00020155306268282699 -9.7067309393993821e-05 -2.8986044802806691e-05 -0.00095195912131030951 -0.000430944257629179 0.00032717428832366606 0.00050449426271122503
leaf_weight=43 42 793 208 63 519 504
leaf_count=43 42 793 208 63 519 504
internal_value=0.00026127 -0.000477955 -0.00171087 0.00215385 0.00171631 0.00281752
internal_weight=2172 1563 1001 609 562 546
internal_count=2172 1563 1001 609 562 546
is_linear=0
shrinkage=0.04


Tree=25
num_leaves=7
num_cat=0
split_feature=85 93 111 27 91 50
split_gain=1.79301 4.40765 1.80119 1.76946 2.56668 0.188637
threshold=-0.27723562220124237 0.46085348602965054 1.0120680705283196 -0.54138503842987162 1.0129469961836435 -0.18650767327414039
decision_type=2 2 2 2 2 2
left_child=1 2 -1 5 -5 -2
right_child=3 -3 -4 4 -6 -7
leaf_value=5.4799536987009222e-05 0.00046752552460399273 -0.0010120510511660982 -0.00045143705258181912 6.8786280936424489e-05 -0.0014879736635059866 0.00032940047059797263
leaf_weight=564 240 60 51 1036 40 181
leaf_count=564 240 60 51 1036 40 181
internal_value=0.00026127 -0.00144756 -0.000421394 0.00103269 0.000170687 0.00322459
internal_weight=2172 675 615 1497 1076 421
internal_count=2172 675 615 1497 1076 421
is_linear=0
shrinkage=0.04


Tree=26
num_leaves=7
num_cat=0
split_feature=4 110 94 60 24 84
split_gain=1.80039 2.6328 3.57812 0.917183 0.743347 0.737185
threshold=-0.3651623774548623 0.64547227905549587 0.19937476386000128 0.8573697603344731 0.86229298915374442 -0.97211742635715892
decision_type=2 2 2 2 2 2
left_child=3 2 -2 5 -3 -1
right_child=1 4 -4 -5 -6 -7
leaf_value=-0.00012968554638857115 -1.8555555231268264e-05 0.00050134693927883685 -0.00090011136949570442 -0.00075730618265140498 -0.00011944549594499866 0.00036680848473287503
leaf_weight=61 832 332 221 40 85 601
leaf_count=61 832 332 221 40 85 601
internal_value=0.000279669 -0.000516304 -0.00158104 0.00194318 0.00216706 0.0023012
internal_weight=2172 1470 1053 702 417 662
internal_count=2172 1470 1053 702 417 662
is_linear=0
shrinkage=0.04


Tree=27
num_leaves=6
num_cat=0
split_feature=100 85 93 4 43
split_gain=1.76479 2.21012 3.11528 1.39591 0.171128
threshold=-1.1130986445647768 -0.32251787924842196 0.46085348602965054 -0.3651623774548623 0.93434742844511365
decision_type=2 2 2 2 2
left_child=4 2 -2 -3 -1
right_child=1 3 -4 -5 -6
leaf_value=0.00036555841975509612 -0.00017532965307030899 0.00033395177767333434 -0.00099156023136964051 -1.421638424844676e-05 0.000392713194364098
leaf_weight=201 441 497 57 934 42
leaf_count=201 441 497 57 934 42
internal_value=0.000279669 -0.000126359 -0.002416 0.000672715 0.00347755
internal_weight=2172 1929 498 1431 243
internal_count=2172 1929 498 1431 243
is_linear=0
shrinkage=0.04


Tree=28
num_leaves=6
num_cat=0
split_feature=115 16 40 42 78
split_gain=1.66112 3.09663 2.29543 0.663309 0.200786
threshold=-0.63143726745360518 1.243984054840382 -0.92113954972824985 0.79476306919603734 -0.74969632805473363
decision_type=2 2 2 2 2
left_child=3 2 -2 4 -1
right_child=1 -3 -4 -5 -6
leaf_value=0.0005847103045535703 -0.0005858244466669791 -0.00043452900068843489 4.7434007392694218e-05 -0.00012460019153387404 0.00058039700123591899
leaf_weight=51 67 42 1661 48 303
leaf_count=51 67 42 1661 48 303
internal_value=0.000279669 -0.000248307 1.84973e-05 0.00259406 0.00319101
internal_weight=2172 1770 1728 402 354
internal_count=2172 1770 1728 402 354
is_linear=0
shrinkage=0.04


Tree=29
num_leaves=8
num_cat=0
split_feature=116 57 116 115 35 109 68
split_gain=1.70935 2.90242 2.78111 2.20045 2.54153 1.66268 0.956726
threshold=-0.43418873635580618 0.032648190141212986 -0.54447930412025458 0.44929498082039271 0.46049627699922485 0.62182089186071809 1.1425719489444923
decision_type=2 2 2 2 2 2 2
left_child=1 5 -3 6 -5 -1 -2
right_child=3 2 -4 4 -6 -7 -8
leaf_value=0.00028743293193440113 0.00033350358147358805 -0.00012361551799408706 -0.00076972122860404781 -7.5821166759150344e-05 -0.00057311568954084436 -0.00037530611388187545 -0.00017106526804006945
leaf_weight=192 1032 132 69 466 47 57 177
leaf_count=192 1032 132 69 466 47 57 177
internal_value=0.00024287 -0.0019469 -0.00549754 0.000816705 -0.00137476 0.000940239 0.00174732
internal_weight=2172 450 201 1722 513 249 1209
internal_count=2172 450 201 1722 513 249 1209
is_linear=0
shrinkage=0.04


Tree=30
num_leaves=7
num_cat=0
split_feature=85 93 111 19 76 96
split_gain=1.75464 3.86582 2.04667 1.446 1.70717 0.374425
threshold=-0.27723562220124237 0.46085348602965054 0.9559614588044506 -0.39512693392286963 0.43526644928563302 0.4612736184690816
decision_type=2 2 2 2 2 2
left_child=1 2 -1 5 -5 -2
right_child=3 -3 -4 4 -6 -7
leaf_value=7.1154929831924351e-05 0.00037927438559167136 -0.00094544345287932543 -0.00041305264926193904 0.00016161489874106202 -0.0003226182212680482 6.2201993878672717e-05
leaf_weight=552 419 60 63 633 324 121
leaf_count=552 419 60 63 633 324 121
internal_value=0.00024287 -0.00144756 -0.000486224 0.001006 7.09073e-05 0.00265683
internal_weight=2172 675 615 1497 957 540
internal_count=2172 675 615 1497 957 540
is_linear=0
shrinkage=0.04


Tree=31
num_leaves=4
num_cat=0
split_feature=116 82 106
split_gain=1.64459 1.419 1.53357
threshold=-0.75217386716425472 -0.69057246845689424 0.69039253606132711
decision_type=2 2 2
left_child=-1 -2 -3
right_child=1 2 -4
leaf_value=-0.00042156757278911982 -0.00029514308657268862 0.00014861508203270281 -0.00020015616274004889
leaf_weight=63 45 1782 282
leaf_count=63 45 1782 282
internal_value=0.000298068 0.000490763 0.00064666
internal_weight=2172 2109 2064
internal_count=2172 2109 2064
is_linear=0
shrinkage=0.04


Tree=32
num_leaves=7
num_cat=0
split_feature=36 39 59 110 45 7
split_gain=1.55481 3.62161 1.54089 2.30691 1.83907 0.18583
threshold=1.0605144958925561 0.2699500452878611 -0.37061758035327536 -0.0053167914126466195 0.99847085218986187 0.24421551716667692
decision_type=2 2 2 2 2 2
left_child=2 -2 4 -4 -1 -3
right_child=1 5 3 -5 -6 -7
leaf_value=0.00043950067585810565 -0.00083938916737620096 0.00010307253152437832 -0.00018985879098876393 0.00016613843192507646 -0.00038703460843034411 0.00070636205789821908
leaf_weight=399 64 40 684 902 43 40
leaf_count=399 64 40 684 902 43 40
internal_value=0.00026127 -0.00372603 0.000547783 -3.52643e-05 0.00263063 0.00195122
internal_weight=2172 144 2028 1586 442 80
internal_count=2172 144 2028 1586 442 80
is_linear=0
shrinkage=0.04


Tree=33
num_leaves=4
num_cat=0
split_feature=116 33 82
split_gain=1.64459 1.72196 1.49205
threshold=-0.75217386716425472 1.4747059534898002 -0.69057246845689424
decision_type=2 2 2
left_child=-1 2 -2
right_child=1 -3 -4
leaf_value=-0.00038027969372647624 -0.00027574301147023053 -0.00040344612270703763 0.00010746952216389079
leaf_weight=63 45 46 2018
leaf_count=63 45 46 2018
internal_value=0.000298068 0.000490763 0.000664407
internal_weight=2172 2109 2063
internal_count=2172 2109 2063
is_linear=0
shrinkage=0.04


Tree=34
num_leaves=8
num_cat=0
split_feature=85 91 112 111 68 110 35
split_gain=1.58967 2.67449 2.48375 2.074 1.18359 2.6557 1.15042
threshold=-0.27723562220124237 0.18846456597253838 -0.052405497227303754 0.9559614588044506 1.0187907634222233 0.017926776904462306 0.57767895845971984
decision_type=2 2 2 2 2 2 2
left_child=1 3 -3 -1 6 -6 -2
right_child=4 2 -4 -5 5 -7 -8
leaf_value=0.00016474800601971174 0.00025683729366488217 -0.00091913955232477589 -0.00023880699896864833 -0.00043035766769206453 -0.0010143320017667792 0.00017298883691673861 -5.1069734207202619e-05
leaf_weight=519 953 45 57 54 63 213 268
leaf_count=519 953 45 57 54 63 213 268
internal_value=0.000279669 -0.00132939 -0.00723077 -0.000257391 0.001006 -0.00135252 0.00154047
internal_weight=2172 675 102 573 1497 276 1221
internal_count=2172 675 102 573 1497 276 1221
is_linear=0
shrinkage=0.04


Tree=35
num_leaves=7
num_cat=0
split_feature=100 85 97 74 49 50
split_gain=1.51987 1.7878 1.9294 1.15301 0.275544 0.0737526
threshold=-1.0928063331514071 -0.32251787924842196 -0.64439291987091307 0.38142691551369284 0.68666546841774501 0.42294305645097213
decision_type=2 2 2 2 2 2
left_child=4 2 -2 -3 5 -1
right_child=1 3 -4 -5 -6 -7
leaf_value=0.00031565705312929757 -0.00065820597846255114 0.00019579761561561268 -0.00014284738458714025 -2.6100551513091558e-05 6.7802831783256136e-05 0.00026842907931610163
leaf_weight=181 84 873 399 555 40 40
leaf_count=181 84 873 399 555 40 40
internal_value=0.000206072 -0.000186095 -0.00228454 0.000525874 0.00305703 0.00360538
internal_weight=2172 1911 483 1428 261 221
internal_count=2172 1911 483 1428 261 221
is_linear=0
shrinkage=0.04


Tree=36
num_leaves=5
num_cat=0
split_feature=116 40 99 94
split_gain=1.58728 1.60007 2.62557 1.75651
threshold=-0.75217386716425472 -0.92113954972824985 -0.15974211540639999 0.19937476386000128
decision_type=2 2 2 2
left_child=-1 2 -2 -3
right_child=1 3 -4 -5
leaf_value=-0.00034993639879500078 0.00032236872095124409 0.00016113350244650244 -0.00053974415894073274 -0.00011689496633342033
leaf_weight=63 49 1368 41 651
leaf_count=63 49 1368 41 651
internal_value=0.000187673 0.000377073 -0.00478261 0.000611579
internal_weight=2172 2109 90 2019
internal_count=2172 2109 90 2019
is_linear=0
shrinkage=0.04


Tree=37
num_leaves=7
num_cat=0
split_feature=36 39 115 24 85 7
split_gain=1.59808 3.62161 1.55123 2.33457 0.951509 0.18583
threshold=1.0605144958925561 0.2699500452878611 0.44929498082039271 0.48802617767855255 -0.29660059626397317 0.24421551716667692
decision_type=2 2 2 2 2 2
left_child=2 -2 4 -4 -1 -3
right_child=1 5 3 -5 -6 -7
leaf_value=-5.9743089192968719e-06 -0.00077525170599839063 0.00012929347263820163 -1.6232879762907404e-06 -0.00080548147224889909 0.00024722881739474884 0.00066157433934153854
leaf_weight=487 64 40 515 90 936 40
leaf_count=487 64 40 515 90 936 40
internal_value=0.000316467 -0.00372603 0.000606897 -0.00108731 0.00132772 0.00195122
internal_weight=2172 144 2028 605 1423 80
internal_count=2172 144 2028 605 1423 80
is_linear=0
shrinkage=0.04


Tree=38
num_leaves=6
num_cat=0
split_feature=36 98 98 82 117
split_gain=1.45491 2.44993 1.91176 1.68331 1.50712
threshold=0.83762777546614486 0.049302813283100079 -0.94936641071643713 -0.69057246845689424 0.72816347923727143
decision_type=2 2 2 2 2
left_child=3 2 -2 -1 -5
right_child=1 -3 -4 4 -6
leaf_value=-0.00025211794039746422 -0.00063886276416043808 -0.00079146990276999759 0.00020862736129460832 0.00014486041816352143 -0.00028779531414185557
leaf_weight=42 71 40 129 1555 335
leaf_count=42 71 40 129 1555 335
internal_value=0.000279669 -0.00264463 -0.000792079 0.000645295 0.000824524
internal_weight=2172 240 200 1932 1890
internal_count=2172 240 200 1932 1890
is_linear=0
shrinkage=0.04


Tree=39
num_leaves=7
num_cat=0
split_feature=86 109 117 33 82 95
split_gain=1.72138 1.69526 1.58979 3.90159 1.71381 0.930917
threshold=-0.76731120338969994 0.58013385599584799 0.75922376481932174 -0.094677474281632659 -0.69057246845689424 -0.15813194562847119
decision_type=2 2 2 2 2 2
left_child=1 5 4 -4 -2 -1
right_child=2 -3 3 -5 -6 -7
leaf_value=-9.1739715907409089e-05 -0.00024197159665152249 -0.00057133712275387574 0.00027297892039555881 -0.000822825753452726 0.00016025870149293149 0.00022205398465478921
leaf_weight=75 45 72 193 131 1569 87
leaf_count=75 45 72 193 131 1569 87
internal_value=0.00024287 -0.00298305 0.000635052 -0.00191411 0.00114851 -0.000682927
internal_weight=2172 234 1938 324 1614 162
internal_count=2172 234 1938 324 1614 162
is_linear=0
shrinkage=0.04


Tree=40
num_leaves=7
num_cat=0
split_feature=86 109 40 99 94 103
split_gain=1.56387 1.63182 1.57468 2.19624 1.93705 0.948611
threshold=-0.76731120338969994 0.62182089186071809 -0.92113954972824985 -0.15974211540639999 0.216943343144651 -0.36447364267914045
decision_type=2 2 2 2 2 2
left_child=1 5 3 -2 -4 -1
right_child=2 -3 4 -5 -6 -7
leaf_value=-0.00026385484018772077 0.00032526403960860543 -0.00056721251953342181 0.0001708748943660851 -0.00053012018561627292 -0.0001563848047919849 0.00021317182526859769
leaf_weight=87 47 60 1313 41 537 87
leaf_count=87 47 60 1313 41 537 87
internal_value=0.00026127 -0.00281356 0.000635052 -0.00453333 0.000885529 -0.000818182
internal_weight=2172 234 1938 88 1850 174
internal_count=2172 234 1938 88 1850 174
is_linear=0
shrinkage=0.04


Tree=41
num_leaves=7
num_cat=0
split_feature=85 93 111 19 100 68
split_gain=1.39123 3.37295 1.74325 1.34085 2.48678 0.732716
threshold=-0.27723562220124237 0.58764917853941911 0.9559614588044506 -0.2148330222502445 0.99072192890824218 1.1863884658131505
decision_type=2 2 2 2 2 2
left_child=1 2 -1 5 -5 -2
right_child=3 -3 -4 4 -6 -7
leaf_value=3.4420447699522853e-05 0.00029086218701715282 -0.00092611703479145992 -0.00031770480401536262 1.5088896381867853e-05 -0.0012000492024233764 -5.5156738078607934e-05
leaf_weight=567 578 45 63 792 40 87
leaf_count=567 578 45 63 792 40 87
internal_value=0.000353266 -0.00115214 -0.000379747 0.00103269 -3.83692e-05 0.00236882
internal_weight=2172 675 630 1497 832 665
internal_count=2172 675 630 1497 832 665
is_linear=0
shrinkage=0.04


Tree=42
num_leaves=5
num_cat=0
split_feature=82 115 74 87
split_gain=1.36209 1.35929 1.86129 0.37761
threshold=-0.69057246845689424 -0.76787614230369317 1.2324339831050144 -0.69598390035970226
decision_type=2 2 2 2
left_child=-1 3 -3 -2
right_child=1 2 -4 -5
leaf_value=-0.00022467198704819569 5.9951583977429016e-06 3.6057777582195848e-05 -0.00053580082223460518 0.00069729323285124933
leaf_weight=45 45 1617 201 264
leaf_count=45 45 1617 201 264
internal_value=0.000353266 0.000501644 8.35166e-05 0.00294534
internal_weight=2172 2127 1818 309
internal_count=2172 2127 1818 309
is_linear=0
shrinkage=0.04


Tree=43
num_leaves=7
num_cat=0
split_feature=86 3 79 82 94 116
split_gain=1.44966 1.57601 2.42918 1.49929 1.46103 0.746156
threshold=-0.76731120338969994 0.12948527970040152 -0.31369997327927984 -0.69057246845689424 0.216943343144651 -0.56585574203181588
decision_type=2 2 2 2 2 2
left_child=1 5 -3 -2 -5 -1
right_child=3 2 -4 4 -6 -7
leaf_value=-0.00011403607698816219 -0.00021568510756626784 -0.00066819483575184327 -5.5768295802583898e-06 0.00015004056713101958 -0.00014577723240383482 0.00058736064637289172
leaf_weight=65 45 42 62 1356 537 65
leaf_count=65 45 42 62 1356 537 65
internal_value=0.000316467 -0.00264407 -0.00626415 0.000676289 0.00085066 0.00030303
internal_weight=2172 234 104 1938 1893 130
internal_count=2172 234 104 1938 1893 130
is_linear=0
shrinkage=0.04


Tree=44
num_leaves=6
num_cat=0
split_feature=86 9 45 87 39
split_gain=1.35733 1.76241 2.06463 0.729972 0.512272
threshold=1.0048610027171268 -0.36859127732289498 -0.18272296818504655 -0.47269332129018488 1.7537992255900037
decision_type=2 2 2 2 2
left_child=1 3 -3 -1 -2
right_child=4 2 -4 -5 -6
leaf_value=-0.00011962900707782172 0.00082012020049127519 9.6875184642818609e-05 -0.00020842566239320256 0.00028994664141932604 -7.5514376099438467e-05
leaf_weight=124 200 469 791 548 40
leaf_count=124 200 469 791 548 40
internal_value=0.000316467 -3.72284e-05 -0.000919176 0.00161424 0.0031405
internal_weight=2172 1932 1260 672 240
internal_count=2172 1932 1260 672 240
is_linear=0
shrinkage=0.04


Tree=45
num_leaves=5
num_cat=0
split_feature=82 40 63 40
split_gain=1.36209 1.41267 1.81323 1.42745
threshold=-0.69057246845689424 -0.92113954972824985 0.3451398271557658 0.34264660091557769
decision_type=2 2 2 2
left_child=-1 2 -2 -3
right_child=1 3 -4 -5
leaf_value=-0.00020746864301399479 4.9791245512503541e-05 0.00012719754410731618 -0.0016465485978559517 -6.8979436312030062e-05
leaf_weight=45 50 1304 40 733
leaf_count=45 50 1304 40 733
internal_value=0.000353266 0.000501644 -0.00434783 0.000719961
internal_weight=2172 2127 90 2037
internal_count=2172 2127 90 2037
is_linear=0
shrinkage=0.04


Tree=46
num_leaves=7
num_cat=0
split_feature=86 109 53 15 108 78
split_gain=1.32254 2.05702 1.2187 1.62982 1.25865 0.844256
threshold=-0.76731120338969994 0.58013385599584799 0.66666666666666674 1.0913046331757912 1.1061057047069325 -0.26980890718216205
decision_type=2 2 2 2 2 2
left_child=1 5 3 -2 -4 -1
right_child=2 -3 4 -5 -6 -7
leaf_value=-0.00019642980324963575 2.9862640224935637e-05 -0.00049710840174785396 0.00037862639375847311 -0.00036507303158958337 -0.00010411749177699218 0.00022132925078506284
leaf_weight=63 1476 72 363 51 48 99
leaf_count=63 1476 72 363 51 48 99
internal_value=0.000353266 -0.00247458 0.000696907 0.000175278 0.0026247 4.87806e-05
internal_weight=2172 234 1938 1527 411 162
internal_count=2172 234 1938 1527 411 162
is_linear=0
shrinkage=0.04


Tree=47
num_leaves=5
num_cat=0
split_feature=82 85 93 68
split_gain=1.39943 1.1871 2.05945 1.02776
threshold=-0.69057246845689424 -0.27723562220124237 0.31831985826651582 1.0187907634222233
decision_type=2 2 2 2
left_child=-1 2 -2 -3
right_child=1 3 -4 -5
leaf_value=-0.00020036440290243249 1.1755473970893055e-06 0.0001389736796700857 -0.00042850555133606451 -0.00012177154781390764
leaf_weight=45 585 1188 81 273
leaf_count=45 585 1188 81 273
internal_value=0.000445262 0.000595585 -0.000802395 0.00123308
internal_weight=2172 2127 666 1461
internal_count=2172 2127 666 1461
is_linear=0
shrinkage=0.04


Tree=48
num_leaves=5
num_cat=0
split_feature=82 86 3 94
split_gain=1.35468 1.28853 1.5477 1.30726
threshold=-0.69057246845689424 -0.76731120338969994 0.091203106848906326 0.216943343144651
decision_type=2 2 2 2
left_child=-1 2 -2 -3
right_child=1 3 -4 -5
leaf_value=-0.00019234982678633509 6.3005724121235586e-05 0.00013323684160897802 -0.00039205152747894527 -0.00013072415062318054
leaf_weight=45 124 1356 110 537
leaf_count=45 124 1356 110 537
internal_value=0.000334867 0.000482856 -0.00230508 0.000829552
internal_weight=2172 2127 234 1893
internal_count=2172 2127 234 1893
is_linear=0
shrinkage=0.04


Tree=49
num_leaves=8
num_cat=0
split_feature=85 91 112 111 68 86 36
split_gain=1.49501 2.4899 2.15482 2.15344 0.879055 1.91074 1.08692
threshold=-0.27723562220124237 0.18846456597253838 -0.052405497227303754 0.9559614588044506 1.0187907634222233 0.88733929791772159 1.1274019881394708
decision_type=2 2 2 2 2 2 2
left_child=1 3 -3 -1 6 -6 -2
right_child=4 2 -4 -5 5 -7 -8
leaf_value=0.00013502640549763637 0.00014823941490286666 -0.00080735726371843942 -0.00020770462971627166 -0.00032173506423478017 -0.00066136646542825598 0.00073174625155474223 -0.0004886510816602673
leaf_weight=519 1149 45 57 54 150 126 72
leaf_count=519 1149 45 57 54 150 126 72
internal_value=0.000408464 -0.00115214 -0.00684615 -0.000118261 0.00111274 -0.000920863 0.00157318
internal_weight=2172 675 102 573 1497 276 1221
internal_count=2172 675 102 573 1497 276 1221
is_linear=0
shrinkage=0.04


Tree=50
num_leaves=6
num_cat=0
split_feature=85 93 25 118 5
split_gain=1.34301 2.91166 1.36338 1.20507 0.720978
threshold=-0.27723562220124237 0.58764917853941911 1.0299045404842819 -0.67050117881042459 -0.73239560135293413
decision_type=2 2 2 2 2
left_child=1 3 4 -1 -2
right_child=2 -3 -4 -5 -6
leaf_value=-0.00040411848479744814 0.00031424766226434295 -0.0007973257673166824 -0.00075709683837527184 8.7790653142175867e-05 4.8544824736980222e-05
leaf_weight=150 224 45 58 480 1215
leaf_count=150 224 45 58 480 1215
internal_value=0.000445262 -0.00103397 0.00111274 -0.000316456 0.00135739
internal_weight=2172 675 1497 630 1439
internal_count=2172 675 1497 630 1439
is_linear=0
shrinkage=0.04


Tree=51
num_leaves=6
num_cat=0
split_feature=85 93 60 91 36
split_gain=1.35746 2.84033 1.42644 1.32387 0.926912
threshold=-0.27723562220124237 0.58764917853941911 0.67553622714140071 1.1420596193054358 1.1274019881394708
decision_type=2 2 2 2 2
left_child=1 2 -1 4 -2
right_child=3 -3 -4 -5 -6
leaf_value=9.8280408041152598e-05 0.00012653219045797228 -0.00076543273662401507 -0.0002691672056963295 -0.0010430901032340207 -0.00047104683138333563
leaf_weight=462 1374 45 168 51 72
leaf_count=462 1374 45 168 51 72
internal_value=0.000334867 -0.00115214 -0.000443038 0.001006 0.00123204
internal_weight=2172 675 630 1497 1446
internal_count=2172 675 630 1497 1446
is_linear=0
shrinkage=0.04


Tree=52
num_leaves=6
num_cat=0
split_feature=86 32 115 13 89
split_gain=1.39293 1.76471 2.1506 0.512272 0.504962
threshold=1.0048610027171268 -0.68253187072770449 0.45933003854555937 1.7765049149055983 1.3492355973756645
decision_type=2 2 2 2 2
left_child=1 4 -3 -2 -1
right_child=3 2 -4 -5 -6
leaf_value=0.00024915121930542064 0.00077350215677775042 6.3897178133656075e-06 -0.00028752988742014634 -9.2062605203924953e-05 -7.4488961875028461e-05
leaf_weight=359 200 1192 341 40 40
leaf_count=359 200 1192 341 40 40
internal_value=0.000279669 -7.85934e-05 -0.000695765 0.0031405 0.00228429
internal_weight=2172 1932 1533 240 399
internal_count=2172 1932 1533 240 399
is_linear=0
shrinkage=0.04


Tree=53
num_leaves=5
num_cat=0
split_feature=116 115 16 87
split_gain=1.36363 1.13714 1.5696 0.515375
threshold=-0.75217386716425472 -0.74607228197727793 1.2085143952986777 -0.50057018038231837
decision_type=2 2 2 2
left_child=-1 3 -3 -2
right_child=1 2 -4 -5
leaf_value=-0.00019388221193778133 -5.6253116303585615e-07 1.6838790743899101e-05 -0.00027593364982759393 0.00072538101607169062
leaf_weight=63 78 1745 46 240
leaf_count=63 78 1745 46 240
internal_value=0.000353266 0.00052866 0.000136085 0.002725
internal_weight=2172 2109 1791 318
internal_count=2172 2109 1791 318
is_linear=0
shrinkage=0.04


Tree=54
num_leaves=7
num_cat=0
split_feature=16 110 117 67 17 0
split_gain=1.25152 1.53019 2.33826 0.959827 0.65044 0.0629966
threshold=-0.79290652074782864 0.5529742812833357 0.75922376481932174 0.56396422549153657 -0.62035969306825833 -1.4396101892288511
decision_type=2 2 2 2 2 2
left_child=4 2 -2 -3 5 -1
right_child=1 3 -4 -5 -6 -7
leaf_value=0.0004021812509544303 -6.4139894788645437e-06 0.00027976222597498685 -0.00072148068922697111 -0.00036020287854103024 -0.00010272218469474886 0.00040192092170857448
leaf_weight=40 1111 513 170 63 52 223
leaf_count=40 1111 513 170 63 52 223
internal_value=0.000390065 -6.45493e-06 -0.000776305 0.00170242 0.00271293 0.00351698
internal_weight=2172 1857 1281 576 315 263
internal_count=2172 1857 1281 576 315 263
is_linear=0
shrinkage=0.04


Tree=55
num_leaves=6
num_cat=0
split_feature=86 48 68 96 39
split_gain=1.30479 1.64256 1.8708 0.776652 0.512272
threshold=1.0048610027171268 -0.42840013084041001 -0.040228444947259585 0.38460364547002418 1.7537992255900037
decision_type=2 2 2 2 2
left_child=1 3 -3 -1 -2
right_child=4 2 -4 -5 -6
leaf_value=0.00029608236119019703 0.00074238254263851407 3.3610986948057831e-05 -0.00023143769214411213 -5.4299417398840226e-05 -9.7684282734110072e-05
leaf_weight=440 200 748 590 154 40
leaf_count=440 200 748 590 154 40
internal_value=0.000371665 2.48192e-05 -0.000752239 0.00177181 0.0031405
internal_weight=2172 1932 1338 594 240
internal_count=2172 1932 1338 594 240
is_linear=0
shrinkage=0.04


Tree=56
num_leaves=6
num_cat=0
split_feature=115 16 118 25 110
split_gain=1.25049 1.56391 1.29907 0.506178 0.182711
threshold=-0.76787614230369317 1.2085143952986777 -0.67050117881042459 0.8022047944351467 1.197645263687974
decision_type=2 2 2 2 2
left_child=3 2 -2 4 -1
right_child=1 -3 -4 -5 -6
leaf_value=0.0007970134766402885 -0.00034788951996582652 -0.00036685969178519004 3.4270531931750501e-05 2.6955815554942199e-05 3.4035383796415759e-05
leaf_weight=206 172 50 1629 75 40
leaf_count=206 172 50 1629 75 40
internal_value=0.000316467 -8.41877e-05 0.000113145 0.002613 0.00348387
internal_weight=2172 1851 1801 321 246
internal_count=2172 1851 1801 321 246
is_linear=0
shrinkage=0.04


Tree=57
num_leaves=7
num_cat=0
split_feature=82 67 57 115 15 25
split_gain=1.20641 2.33634 1.20196 1.15568 1.53159 0.324499
threshold=-0.48678833630393203 -0.46186883253178274 -0.045093597459146546 -0.81020887107786754 1.1664344236637858 0.82768429032354229
decision_type=2 2 2 2 2 2
left_child=1 -1 -3 5 -5 -2
right_child=3 2 -4 4 -6 -7
leaf_value=-0.00024659924668354492 0.00083294156106514499 0.00054623742498494706 -7.6385618335499307e-05 3.2594325478661404e-05 -0.00044961388443203278 7.1287824765028324e-05
leaf_weight=42 191 75 105 1677 42 40
leaf_count=42 191 75 105 1677 42 40
internal_value=0.000316467 -0.00246429 -0.00043956 0.000635246 0.000276584 0.00327897
internal_weight=2172 222 180 1950 1719 231
internal_count=2172 222 180 1950 1719 231
is_linear=0
shrinkage=0.04


Tree=58
num_leaves=7
num_cat=0
split_feature=16 115 40 116 17 49
split_gain=1.33207 1.51225 2.2107 1.99351 0.65044 0.0629966
threshold=-0.79290652074782864 0.44929498082039271 1.6358023207299739 -0.43418873635580618 -0.62035969306825833 1.4471483758286532
decision_type=2 2 2 2 2 2
left_child=4 3 -3 -2 5 -1
right_child=1 2 -4 -5 -6 -7
leaf_value=0.00036445030778085787 -0.00014514097236351524 -4.4145298687642224e-05 -0.0011747192814978331 0.00017266088727238953 -9.7971897164915141e-05 0.00034254255891311191
leaf_weight=223 306 426 51 1074 52 40
leaf_count=223 306 426 51 1074 52 40
internal_value=0.000316467 -9.25227e-05 -0.00202923 0.000578871 0.00271293 0.00351698
internal_weight=2172 1857 477 1380 315 263
internal_count=2172 1857 477 1380 315 263
is_linear=0
shrinkage=0.04


Tree=59
num_leaves=7
num_cat=0
split_feature=82 67 57 22 69 60
split_gain=1.36637 2.23614 1.34271 1.22297 1.69585 0.682607
threshold=-0.48678833630393203 -0.46186883253178274 -0.045093597459146546 -0.36187337805337089 -0.11462729014089051 0.81927175488875392
decision_type=2 2 2 2 2 2
left_child=1 -1 -3 5 -5 -2
right_child=3 2 -4 4 -6 -7
leaf_value=-0.00024277448703342969 0.00028044056749313448 0.00052095039242629063 -8.0236629092975042e-05 -0.00019246130592816106 0.00012398985298879399 -0.00037208401459866024
leaf_weight=42 593 75 105 514 803 40
leaf_count=42 593 75 105 514 803 40
internal_value=0.000316467 -0.00264286 -0.00065934 0.000655738 -3.94237e-05 0.00209764
internal_weight=2172 222 180 1950 1317 633
internal_count=2172 222 180 1950 1317 633
is_linear=0
shrinkage=0.04


Tree=60
num_leaves=6
num_cat=0
split_feature=45 40 36 1 108
split_gain=1.38394 1.76596 1.44363 0.379667 0.265626
threshold=-0.9767129216533702 -0.93737521391222511 0.57928434346648994 0.97238472730149728 0.52536056091501604
decision_type=2 2 2 2 2
left_child=3 -2 -3 4 -1
right_child=1 2 -4 -5 -6
leaf_value=0.00036100274535503846 -0.00068496659698279324 5.4704763594321647e-05 -0.00015840215331580282 -2.8758626345666858e-05 6.0731920958387275e-05
leaf_weight=229 52 1441 346 40 64
leaf_count=229 52 1441 346 40 64
internal_value=0.000298068 -0.000132537 8.27279e-05 0.00266269 0.00315932
internal_weight=2172 1839 1787 333 293
internal_count=2172 1839 1787 333 293
is_linear=0
shrinkage=0.04


Tree=61
num_leaves=6
num_cat=0
split_feature=86 20 117 85 37
split_gain=1.1865 1.57394 1.73793 0.74206 0.694993
threshold=1.0048610027171268 -0.5801851279462743 1.378632733237813 -0.52714615314887314 1.6602161792083423
decision_type=2 2 2 2 2
left_child=1 3 -3 -1 -2
right_child=4 2 -4 -5 -6
leaf_value=-0.00012927726072721197 0.00071158436696865742 -1.8035966473429129e-05 -0.0010142165049646724 0.00024398046714229087 -7.351069588357359e-05
leaf_weight=67 198 1387 54 424 42
leaf_count=67 198 1387 54 424 42
internal_value=0.000334867 4.13665e-06 -0.000662508 0.00195538 0.00297521
internal_weight=2172 1932 1441 491 240
internal_count=2172 1932 1441 491 240
is_linear=0
shrinkage=0.04


Tree=62
num_leaves=7
num_cat=0
split_feature=45 86 20 1 108 7
split_gain=1.25152 1.32353 1.58249 0.393225 0.311774 0.308862
threshold=-1.049488612030715 1.0048610027171268 -0.5801851279462743 0.92859860304505337 0.52536056091501604 0.81752870280062584
decision_type=2 2 2 2 2 2
left_child=3 2 -2 4 -1 -3
right_child=1 5 -4 -5 -6 -7
leaf_value=0.00036542945698899424 0.00017285886358170771 0.00066612995505246301 -6.8477490648059523e-05 -2.4889752245182386e-05 3.0985506139162011e-05 3.1097972931510663e-05
leaf_weight=214 403 151 1263 40 61 40
leaf_count=214 403 151 1263 40 61 40
internal_value=0.000390065 -6.45493e-06 -0.000369304 0.00271293 0.0032491 0.00312953
internal_weight=2172 1857 1666 315 275 191
internal_count=2172 1857 1666 315 275 191
is_linear=0
shrinkage=0.04


Tree=63
num_leaves=6
num_cat=0
split_feature=86 82 116 22 37
split_gain=1.15365 1.3972 2.55113 1.37632 0.694993
threshold=1.0048610027171268 -0.48678833630393203 -0.11869669011334452 -0.36187337805337089 1.6602161792083423
decision_type=2 2 2 2 2
left_child=1 2 -1 -3 -2
right_child=4 3 -4 -5 -6
leaf_value=-0.00050879801199774912 0.00065647579408781255 0.00018911992724413463 -1.3682384839023801e-05 -3.1322548245383664e-05 -7.1590235927962222e-05
leaf_weight=42 198 605 153 1132 42
leaf_count=42 198 605 153 1132 42
internal_value=0.000371665 4.55017e-05 -0.00314721 0.000407131 0.00297521
internal_weight=2172 1932 195 1737 240
internal_count=2172 1932 195 1737 240
is_linear=0
shrinkage=0.04


Tree=64
num_leaves=6
num_cat=0
split_feature=86 68 34 15 10
split_gain=1.17002 1.2128 1.82765 1.21128 0.560596
threshold=1.0048610027171268 1.0187907634222233 -0.84741938433817554 1.1664344236637858 1.3655720843483627
decision_type=2 2 2 2 2
left_child=1 3 -3 -1 -2
right_child=4 2 -4 -5 -6
leaf_value=2.9005291320664512e-05 0.00061337731103550412 0.00078368147464123999 -0.00094503905010029452 -0.00018718704996250251 -1.9646701470225369e-05
leaf_weight=1674 190 65 145 48 50
leaf_count=1674 190 65 145 48 50
internal_value=0.000353266 2.48192e-05 -0.00283019 0.00037587 0.00297521
internal_weight=2172 1932 210 1722 240
internal_count=2172 1932 210 1722 240
is_linear=0
shrinkage=0.04


Tree=65
num_leaves=5
num_cat=0
split_feature=86 37 40 115
split_gain=1.17831 1.86232 1.14141 0.940823
threshold=-0.8253334568449654 0.32485666607591401 -0.99896051010351916 -0.17647850111368796
decision_type=2 2 2 2
left_child=1 -1 -2 -4
right_child=2 -3 3 -5
leaf_value=-0.0004474593512858396 -0.00030294975181136051 0.00083536760950225211 0.0001819632136689512 1.2541400809997876e-06
leaf_weight=73 45 44 798 1212
leaf_count=73 45 44 798 1212
internal_value=0.000408464 -0.00346218 0.000631988 0.000775348
internal_weight=2172 117 2055 2010
internal_count=2172 117 2055 2010
is_linear=0
shrinkage=0.04


Tree=66
num_leaves=7
num_cat=0
split_feature=115 15 59 117 94 43
split_gain=1.19111 1.56874 1.42723 0.503632 1.01344 0.0691693
threshold=-0.76787614230369317 1.1664344236637858 -0.40614352087658639 -1.0183013761517816 -0.26907146392263886 0.85050945724399407
decision_type=2 2 2 2 2 2
left_child=3 2 -2 4 -1 -5
right_child=1 -3 -4 5 -6 -7
leaf_value=-4.7007896285850448e-05 0.00021855169648079907 -0.00037843790828432939 -1.2975265173779214e-05 0.00060299384456620421 0.00080322652546593464 0.00033164694813941204
leaf_weight=42 358 45 1448 186 51 42
leaf_count=42 358 45 1448 186 51 42
internal_value=0.000371665 -1.94278e-05 0.000168142 0.002613 0.000126316 0.00361739
internal_weight=2172 1851 1806 321 93 228
internal_count=2172 1851 1806 321 93 228
is_linear=0
shrinkage=0.04


Tree=67
num_leaves=7
num_cat=0
split_feature=45 85 93 25 1 108
split_gain=1.10778 1.18352 2.77428 0.895907 0.513488 0.454509
threshold=-1.0180086451984878 -0.27723562220124237 0.31831985826651582 1.0299045404842819 0.91017417321556604 0.52536056091501604
decision_type=2 2 2 2 2 2
left_child=4 2 -2 -3 5 -1
right_child=1 3 -4 -5 -6 -7
leaf_value=0.00035821532243780719 -1.2239787316336262e-05 4.7505931247449529e-05 -0.00048230172899231609 -0.00095597726448927889 -1.9965674477681957e-05 6.9269389913049998e-05
leaf_weight=220 491 1236 70 51 43 61
leaf_count=220 491 1236 70 51 43 61
internal_value=0.000353266 -2.59458e-05 -0.00155595 0.000642359 0.00250307 0.00312367
internal_weight=2172 1848 561 1287 324 281
internal_count=2172 1848 561 1287 324 281
is_linear=0
shrinkage=0.04


Tree=68
num_leaves=8
num_cat=0
split_feature=115 97 16 40 110 98 12
split_gain=1.11926 1.22435 2.08669 1.02821 0.462854 0.541314 0.00701135
threshold=-0.76787614230369317 -0.3731516663579994 -0.25777532094526601 -0.92113954972824985 0.83271840810299624 0.096098810663802853 0.71719219564247572
decision_type=2 2 2 2 2 2 2
left_child=4 2 -2 -3 6 -6 -1
right_child=1 3 -4 -5 5 -7 -8
leaf_value=0.00077963747321983183 7.8752014424726842e-05 -0.000937920976448479 -0.0003957534631856876 6.1161547652740546e-05 0.00041781286336920311 -3.2277939219016989e-05 0.00081497252515684235
leaf_weight=149 220 47 263 1321 75 57 40
leaf_count=149 220 47 263 1321 75 57 40
internal_value=0.000316467 -6.2601e-05 -0.00178969 0.000548905 0.00248916 0.000656717 0.00374869
internal_weight=2172 1851 483 1368 321 132 189
internal_count=2172 1851 483 1368 321 132 189
is_linear=0
shrinkage=0.04


Tree=69
num_leaves=7
num_cat=0
split_feature=45 85 93 106 1 108
split_gain=1.03322 1.27947 2.40355 0.772698 0.513488 0.454509
threshold=-1.0180086451984878 -0.30027203885368747 0.46085348602965054 0.72355381375584271 0.91017417321556604 0.52536056091501604
decision_type=2 2 2 2 2 2
left_child=4 2 -2 -3 5 -1
right_child=1 3 -4 -5 -6 -7
leaf_value=0.00033434529321505591 -4.0202432718383727e-05 5.9581257276871212e-05 -0.00071639829662410259 -0.00018030995169719056 -2.1613509404684282e-05 6.4052152410418409e-05
leaf_weight=220 481 1174 47 146 43 61
leaf_count=220 481 1174 47 146 43 61
internal_value=0.000426863 6.05407e-05 -0.0016 0.000726173 0.00250307 0.00312367
internal_weight=2172 1848 528 1320 324 281
internal_count=2172 1848 528 1320 324 281
is_linear=0
shrinkage=0.04


Tree=70
num_leaves=7
num_cat=0
split_feature=45 85 117 100 1 108
split_gain=0.95931 1.10726 2.09572 0.731623 0.523891 0.460404
threshold=-1.049488612030715 -0.30027203885368747 1.0527018287663008 0.99072192890824218 0.91017417321556604 0.52536056091501604
decision_type=2 2 2 2 2 2
left_child=4 2 -2 -3 5 -1
right_child=1 3 -4 -5 -6 -7
leaf_value=0.00033939887955641146 -4.1399766103457698e-05 3.8704861555823084e-05 -0.00067605349994052943 -0.00063790767225703959 -2.1712553134066363e-05 5.4201808749250978e-05
leaf_weight=213 493 1273 42 49 42 60
leaf_count=213 493 1273 42 49 42 60
internal_value=0.000426863 7.96128e-05 -0.00145251 0.000700906 0.00246057 0.00309818
internal_weight=2172 1857 535 1322 315 273
internal_count=2172 1857 535 1322 315 273
is_linear=0
shrinkage=0.04


Tree=71
num_leaves=7
num_cat=0
split_feature=86 98 105 61 37 5
split_gain=0.951636 1.17619 2.12062 1.07135 0.646621 0.00733571
threshold=1.0048610027171268 0.27132202830933683 0.23798868762729106 0.57771491169469957 1.6602161792083423 0.85120036284835165
decision_type=2 2 2 2 2 2
left_child=1 3 -3 -1 5 -2
right_child=4 2 -4 -5 -6 -7
leaf_value=7.4661730449149079e-05 0.00074295425816155224 -2.9107879960143189e-06 -0.00042895235777726942 -0.0001002967101389377 -4.4200008554281507e-05 0.00043182934420216216
leaf_weight=1146 158 441 123 222 42 40
leaf_count=1146 158 441 123 222 42 40
internal_value=0.000445262 0.000148914 -0.00138516 0.000782482 0.00280992 0.00376
internal_weight=2172 1932 564 1368 240 198
internal_count=2172 1932 564 1368 240 198
is_linear=0
shrinkage=0.04


Tree=72
num_leaves=7
num_cat=0
split_feature=86 68 50 79 37 1
split_gain=0.936875 1.17563 2.05136 1.00364 0.646621 0.00733571
threshold=1.0048610027171268 1.0187907634222233 0.43892161168685917 0.17201245601435036 1.6602161792083423 0.78990915365794601
decision_type=2 2 2 2 2 2
left_child=1 3 -3 -1 5 -2
right_child=4 2 -4 -5 -6 -7
leaf_value=-1.1612828946601687e-05 0.00057937916654567318 1.457637859206514e-05 -0.00092714286379948099 0.00011810107069530749 -4.2432008212110418e-05 0.00050988555261097983
leaf_weight=1065 158 148 62 657 42 40
leaf_count=1065 158 148 62 657 42 40
internal_value=0.000463662 0.000169597 -0.00264151 0.000515081 0.00280992 0.00376
internal_weight=2172 1932 210 1722 240 198
internal_count=2172 1932 210 1722 240 198
is_linear=0
shrinkage=0.04


Tree=73
num_leaves=7
num_cat=0
split_feature=45 86 9 1 108 7
split_gain=0.943655 1.0111 1.15394 0.513488 0.279862 0.26864
threshold=-1.0180086451984878 1.0048610027171268 -0.36859127732289498 0.91017417321556604 0.52536056091501604 0.81752870280062584
decision_type=2 2 2 2 2 2
left_child=3 2 -2 4 -1 -3
right_child=1 5 -4 -5 -6 -7
leaf_value=0.00032224184975406948 9.9830189860688258e-05 0.00050098960673395634 -7.9604279153741957e-05 -2.5355819706190021e-05 5.5752469696042976e-05 3.2572146315209791e-05
leaf_weight=220 556 150 1102 43 61 40
leaf_count=220 556 150 1102 43 61 40
internal_value=0.000518859 0.000168649 -0.000149397 0.00250307 0.00312367 0.00291667
internal_weight=2172 1848 1658 324 281 190
internal_count=2172 1848 1658 324 281 190
is_linear=0
shrinkage=0.04


Tree=74
num_leaves=7
num_cat=0
split_feature=115 118 26 13 117 0
split_gain=0.943115 1.15129 1.31485 1.28852 0.52324 0.00733571
threshold=-0.81858918219154375 -0.47998819844242746 1.1038987189369194 -0.59811073576603568 -1.0543353264103881 0.58094423331721956
decision_type=2 2 2 2 2 2
left_child=4 3 -3 -2 -1 -6
right_child=1 2 -4 -5 5 -7
leaf_value=9.7881324341238685e-06 -0.0007483287163194194 4.2730942366323734e-05 -0.00027441317374432794 -1.5845374873208059e-05 0.00058633822818031584 0.00035242233620494634
leaf_weight=78 70 1490 61 275 158 40
leaf_count=78 70 1490 61 275 158 40
internal_value=0.00050046 0.000181244 0.000646491 -0.00190202 0.00267626 0.00376
internal_weight=2172 1896 1551 345 276 198
internal_count=2172 1896 1551 345 276 198
is_linear=0
shrinkage=0.04


Tree=75
num_leaves=7
num_cat=0
split_feature=45 79 26 117 1 97
split_gain=0.863723 1.01726 1.63514 1.11908 0.482924 0.310304
threshold=-1.0180086451984878 0.16459182490522037 1.0531974988182775 0.41661797422821117 0.91017417321556604 0.48803649533333487
decision_type=2 2 2 2 2 2
left_child=4 2 -2 -3 5 -1
right_child=1 3 -4 -5 -6 -7
leaf_value=0.00037213726523928478 -1.2067413789863192e-05 0.00019120069558188992 -0.00032645882562579729 -6.8273799763292757e-05 -2.6050824612595417e-05 5.0220118542433834e-05
leaf_weight=182 1073 520 46 209 43 99
leaf_count=182 1073 520 46 209 43 99
internal_value=0.000482061 0.000147027 -0.000610169 0.0013078 0.00238037 0.00298233
internal_weight=2172 1848 1119 729 324 281
internal_count=2172 1848 1119 729 324 281
is_linear=0
shrinkage=0.04


Tree=76
num_leaves=7
num_cat=0
split_feature=82 67 57 106 92 114
split_gain=1.00159 1.5831 1.20196 1.04576 0.948488 0.253545
threshold=-0.48678833630393203 -0.46186883253178274 -0.045093597459146546 -0.79234067160879273 1.2181014463338553 -0.49725781905703553
decision_type=2 2 2 2 2 2
left_child=1 -1 -3 5 -5 -2
right_child=3 2 -4 4 -6 -7
leaf_value=-0.00024625988716946422 9.7033413331358199e-05 0.00047879086024205889 -7.2097045871548419e-05 5.9954586957995815e-06 0.00053786605915661094 0.00034700549420352679
leaf_weight=42 60 75 105 1563 108 219
leaf_count=42 60 75 105 1563 108 219
internal_value=0.000426863 -0.00210714 -0.00043956 0.000717213 0.000337119 0.00297509
internal_weight=2172 222 180 1950 1671 279
internal_count=2172 222 180 1950 1671 279
is_linear=0
shrinkage=0.04


Tree=77
num_leaves=7
num_cat=0
split_feature=86 20 117 37 96 1
split_gain=0.96651 1.14601 1.49909 0.646621 0.469017 0.00733571
threshold=1.0048610027171268 -0.5801851279462743 1.378632733237813 1.6602161792083423 0.36584272595292461 0.78990915365794601
decision_type=2 2 2 2 2 2
left_child=1 4 -3 5 -1 -2
right_child=3 2 -4 -5 -6 -7
leaf_value=0.0002313543448799222 0.00053936143064363732 -4.6371860352799237e-06 -0.00089195959548673187 -2.0481050081275504e-05 -2.2474015764962444e-05 0.00044914921373006352
leaf_weight=373 158 1387 54 42 118 40
leaf_count=373 158 1387 54 42 118 40
internal_value=0.000426863 0.000128232 -0.000440748 0.00280992 0.0017931 0.00376
internal_weight=2172 1932 1441 240 491 198
internal_count=2172 1932 1441 240 491 198
is_linear=0
shrinkage=0.04


Tree=78
num_leaves=8
num_cat=0
split_feature=45 86 9 1 25 7 2
split_gain=1.03322 1.09216 1.11831 0.526747 0.785824 0.26864 0.0736561
threshold=-1.0180086451984878 1.0048610027171268 -0.36859127732289498 0.4532302592262682 0.017797403222703807 0.81752870280062584 0.19049013108983706
decision_type=2 2 2 2 2 2 2
left_child=3 2 -2 6 -5 -3 -1
right_child=1 5 -4 4 -6 -7 -8
leaf_value=0.00031268695913502949 8.5467304992924647e-05 0.00043870792089000091 -6.2140932204855705e-05 -7.8183163576833997e-05 0.0003416759647627572 4.658890256160306e-05 0.00012745781254144852
leaf_weight=180 556 150 1102 46 58 40 40
leaf_count=180 556 150 1102 46 58 40 40
internal_value=0.000426863 6.05407e-05 -0.000269879 0.00250307 0.000150944 0.00291667 0.0036036
internal_weight=2172 1848 1658 324 104 190 220
internal_count=2172 1848 1658 324 104 190 220
is_linear=0
shrinkage=0.04


Tree=79
num_leaves=8
num_cat=0
split_feature=82 74 51 106 28 43 102
split_gain=1.11691 1.41859 1.71249 0.987972 1.74527 0.364981 0.252201
threshold=-0.48678833630393203 -0.26329206344230222 -0.1752491028508941 -0.86219272738933717 -0.58410366767929767 -0.31485604516862065 -0.78413967647545657
decision_type=2 2 2 2 2 2 2
left_child=1 5 -3 6 -5 -1 -2
right_child=3 2 -4 4 -6 -7 -8
leaf_value=0.00051009979594503609 9.5344917131553645e-05 -6.7474411041142647e-06 -0.00036665252928333322 -0.00021814466345360703 4.8297160490436481e-05 -1.2179618415026912e-05 0.00032261969851034105
leaf_weight=40 63 54 54 201 1497 74 189
leaf_count=40 63 54 54 201 1497 74 189
internal_value=0.000390065 -0.00228571 -0.00552727 0.000696721 0.000348235 0.000827586 0.00302362
internal_weight=2172 222 108 1950 1698 114 252
internal_count=2172 222 108 1950 1698 114 252
is_linear=0
shrinkage=0.04


Tree=80
num_leaves=7
num_cat=0
split_feature=115 31 40 117 25 0
split_gain=0.943115 1.00133 2.02909 0.52324 0.476741 0.00733571
threshold=-0.81858918219154375 -0.74026291532787025 1.8735552449123074 -1.0543353264103881 -1.2337265333530525 0.58094423331721956
decision_type=2 2 2 2 2 2
left_child=3 4 -3 -1 -2 -5
right_child=1 2 -4 5 -6 -7
leaf_value=3.5947606173870081e-06 -8.4786509749392502e-05 8.2075160858621895e-07 -0.00098612449895157527 0.00052815040204717118 0.00022140701720196819 0.00033287810821982686
leaf_weight=78 40 1509 43 158 304 40
leaf_count=78 40 1509 43 158 304 40
internal_value=0.00050046 0.000181244 -0.000252252 0.00267626 0.00212717 0.00376
internal_weight=2172 1896 1552 276 344 198
internal_count=2172 1896 1552 276 344 198
is_linear=0
shrinkage=0.04


Tree=81
num_leaves=7
num_cat=0
split_feature=82 40 11 106 28 102
split_gain=1.10163 1.04611 1.59495 1.00547 1.53111 0.252201
threshold=-0.48678833630393203 -0.019351632787719463 0.25648724414937368 -0.86219272738933717 -0.58410366767929767 -0.78413967647545657
decision_type=2 2 2 2 2 2
left_child=1 2 -1 5 -5 -2
right_child=3 -3 -4 4 -6 -7
leaf_value=-1.7731524535481741e-05 8.2674839758212812e-05 0.00022928255698487069 -0.00021639548647258954 -0.00020945170697980617 4.303485211920281e-05 0.0003096820805055839
leaf_weight=99 63 63 60 201 1497 189
leaf_count=99 63 63 60 201 1497 189
internal_value=0.000371665 -0.00228571 -0.004 0.00067623 0.000324706 0.00302362
internal_weight=2172 222 159 1950 1698 252
internal_count=2172 222 159 1950 1698 252
is_linear=0
shrinkage=0.04


Tree=82
num_leaves=7
num_cat=0
split_feature=86 68 50 79 52 1
split_gain=0.922229 1.0772 1.66088 0.98768 0.646621 0.00733571
threshold=1.0048610027171268 0.97365179994426865 0.43892161168685917 0.17201245601435036 -0.74999999999999989 -0.35418996448905082
decision_type=2 2 2 2 2 2
left_child=1 3 -3 -1 -2 -6
right_child=4 2 -4 -5 5 -7
leaf_value=-7.3725459096884062e-06 -1.4932025335297583e-05 -3.2745211127880431e-06 -0.00087265775911113245 8.2442595860190529e-05 0.00073326077042837876 0.00050461106389094784
leaf_weight=1059 42 153 63 657 40 158
leaf_count=1059 42 153 63 657 40 158
internal_value=0.000482061 0.000190279 -0.00245872 0.000526193 0.00280992 0.00376
internal_weight=2172 1932 216 1716 240 198
internal_count=2172 1932 216 1716 240 198
is_linear=0
shrinkage=0.04


Tree=83
num_leaves=7
num_cat=0
split_feature=86 109 46 115 74 64
split_gain=0.961425 1.38349 0.863275 0.832842 1.49203 0.889936
threshold=-0.76731120338969994 0.62182089186071809 -0.042521225827515136 -0.17647850111368796 1.2324339831050144 0.47657973039265072
decision_type=2 2 2 2 2 2
left_child=1 2 -1 5 -5 -2
right_child=3 -3 -4 4 -6 -7
leaf_value=0.00026888411478533016 0.00031192672282123176 -0.00038273560403710222 -8.6630609432398808e-05 1.7454525837560885e-05 -0.00070029540115759909 -4.2371901418365019e-05
leaf_weight=79 577 60 95 1086 96 179
leaf_count=79 577 60 95 1086 96 179
internal_value=0.000445262 -0.0019661 -0.000136363 0.000738144 7.43245e-05 0.00177309
internal_weight=2172 234 174 1938 1182 756
internal_count=2172 234 174 1938 1182 756
is_linear=0
shrinkage=0.04


Tree=84
num_leaves=6
num_cat=0
split_feature=82 40 45 40 2
split_gain=1.19097 1.37056 0.787111 0.986599 0.365025
threshold=-0.62633613148861456 -0.18756221082432487 -0.9767129216533702 -0.93737521391222511 0.070418018966737203
decision_type=2 2 2 2 2
left_child=1 -1 4 -4 -2
right_child=2 -3 3 -5 -6
leaf_value=-6.1120084381430728e-05 0.00030787688648588682 2.771373750932417e-05 -0.00053380172963274288 1.714169414612458e-05 8.7701012459606473e-05
leaf_weight=56 168 46 52 1704 146
leaf_count=56 168 46 52 1704 146
internal_value=0.000408464 -0.00376923 0.000617761 0.00028669 0.0024557
internal_weight=2172 102 2070 1756 314
internal_count=2172 102 2070 1756 314
is_linear=0
shrinkage=0.04


Tree=85
num_leaves=6
num_cat=0
split_feature=82 40 86 109 66
split_gain=1.17013 1.37056 0.809334 1.2233 0.814879
threshold=-0.62633613148861456 -0.18756221082432487 -0.76731120338969994 0.62182089186071809 0.25475515114752884
decision_type=2 2 2 2 2
left_child=1 -1 3 -2 -4
right_child=2 -3 4 -5 -6
leaf_value=-5.867528100617352e-05 8.5793684295426552e-07 2.6605188008951249e-05 1.387616301177903e-05 -0.00036811184764146311 0.00022761984822759567
leaf_weight=56 174 46 1206 60 630
leaf_count=56 174 46 1206 60 630
internal_value=0.000371665 -0.00376923 0.000579151 -0.00162712 0.000861806
internal_weight=2172 102 2070 234 1836
internal_count=2172 102 2070 234 1836
is_linear=0
shrinkage=0.04


Tree=86
num_leaves=7
num_cat=0
split_feature=86 98 105 15 13 47
split_gain=1.0426 1.0959 2.05592 1.31995 0.433555 0.0715246
threshold=1.0048610027171268 0.27132202830933683 0.23798868762729106 1.1539208144267612 1.7765049149055983 0.43760023617848892
decision_type=2 2 2 2 2 2
left_child=1 3 -3 -1 5 -2
right_child=4 2 -4 -5 -6 -7
leaf_value=3.4766158646046677e-05 0.00053183645669531931 -4.2156962151109593e-06 -0.00038447397177514216 -0.00028378383448480078 -1.6347151811834176e-05 0.00024054995553586273
leaf_weight=1326 160 441 123 42 40 40
leaf_count=1326 160 441 123 42 40 40
internal_value=0.000334867 2.48192e-05 -0.00145583 0.000636496 0.00280992 0.00356436
internal_weight=2172 1932 564 1368 240 200
internal_count=2172 1932 564 1368 240 200
is_linear=0
shrinkage=0.04


Tree=87
num_leaves=7
num_cat=0
split_feature=86 17 25 37 80 48
split_gain=0.879281 1.04572 1.30452 0.599985 0.555209 0.0712881
threshold=1.0048610027171268 -0.628089812978606 -0.39526439921533779 1.6602161792083423 0.14313678408865529 0.79251315739421047
decision_type=2 2 2 2 2 2
left_child=1 4 -3 5 -1 -2
right_child=3 2 -4 -5 -6 -7
leaf_value=7.7164037114158787e-06 0.00051728154467740807 -0.00015654732239985585 1.1630253185658417e-05 -1.3338327439861839e-05 0.00024219322660804388 0.0002697512788416751
leaf_weight=227 158 355 1151 42 199 40
leaf_count=227 158 355 1151 42 199 40
internal_value=0.000371665 8.68667e-05 -0.000408488 0.00264463 0.00183178 0.00356
internal_weight=2172 1932 1506 240 426 198
internal_count=2172 1932 1506 240 426 198
is_linear=0
shrinkage=0.04


Tree=88
num_leaves=7
num_cat=0
split_feature=86 68 34 82 37 48
split_gain=0.865098 1.01106 1.48202 0.958118 0.599985 0.0712881
threshold=1.0048610027171268 0.97365179994426865 -0.86020158918903589 -0.65900029102702162 1.6602161792083423 0.79251315739421047
decision_type=2 2 2 2 2 2
left_child=1 3 -3 -1 5 -2
right_child=4 2 -4 -5 -6 -7
leaf_value=-7.6079637665407281e-05 0.00049659028289031175 0.00080272391282934811 -0.00067784265279427578 1.9482334460310736e-05 -1.2804794342267349e-05 0.00025896122768800814
leaf_weight=54 158 63 153 1662 42 40
leaf_count=54 158 63 153 1662 42 40
internal_value=0.000390065 0.000107549 -0.00245872 0.000433062 0.00264463 0.00356
internal_weight=2172 1932 216 1716 240 198
internal_count=2172 1932 216 1716 240 198
is_linear=0
shrinkage=0.04


Tree=89
num_leaves=6
num_cat=0
split_feature=110 86 59 67 97
split_gain=0.854966 1.51526 1.20867 0.711559 0.575141
threshold=0.5529742812833357 -0.8253334568449654 0.69243540405156689 0.56396422549153657 -0.58741765738080509
decision_type=2 2 2 2 2
left_child=1 -1 -3 4 -2
right_child=3 2 -4 -5 -6
leaf_value=-0.00040372623693217899 1.8894853520725366e-06 2.0338180269291259e-05 -0.00024501257075989265 -0.00035325607175449246 0.00032247319737225806
leaf_weight=51 153 1185 327 63 393
leaf_count=51 153 1185 327 63 393
internal_value=0.000426863 -6.90094e-05 0.000163805 0.00169558 0.00216058
internal_weight=2172 1563 1512 609 546
internal_count=2172 1563 1512 609 546
is_linear=0
shrinkage=0.04


Tree=90
num_leaves=7
num_cat=0
split_feature=45 25 28 26 1 108
split_gain=0.803401 0.974379 2.60703 1.0639 0.453292 0.374363
threshold=-1.0180086451984878 0.41049095316967071 -0.41334785778005839 1.1151742718819475 0.91017417321556604 0.52536056091501604
decision_type=2 2 2 2 2 2
left_child=4 3 -3 -2 5 -1
right_child=1 2 -4 -5 -6 -7
leaf_value=0.00027117046028768069 4.243715728143599e-05 -0.0004379939519353531 3.9518311290485424e-06 -0.00022422367818181158 -2.4576922936782233e-05 5.478888346080981e-05
leaf_weight=220 1257 116 434 41 43 61
leaf_count=220 1257 116 434 41 43 61
internal_value=0.000426863 0.000103784 -0.00130435 0.000701539 0.00225767 0.00284099
internal_weight=2172 1848 550 1298 324 281
internal_count=2172 1848 550 1298 324 281
is_linear=0
shrinkage=0.04


Tree=91
num_leaves=7
num_cat=0
split_feature=110 86 15 114 95 92
split_gain=0.919579 1.51526 1.01007 0.597794 0.891837 0.424624
threshold=0.5529742812833357 -0.8253334568449654 -0.94347179150239446 -0.11207726856112209 -0.60746268579141971 -0.47176751523912974
decision_type=2 2 2 2 2 2
left_child=1 -1 -3 4 -2 -5
right_child=3 2 -4 5 -6 -7
leaf_value=-0.00037005743080927386 -0.00018207950546158752 0.00020061018377329619 -3.6257286523980843e-06 -5.3910067946447782e-05 0.00014263430471983722 0.0005251813740839898
leaf_weight=51 87 187 1325 45 243 234
leaf_count=51 87 187 1325 45 243 234
internal_value=0.000445262 -6.90094e-05 0.000163805 0.00176105 0.00060241 0.00311744
internal_weight=2172 1563 1512 609 330 279
internal_count=2172 1563 1512 609 330 279
is_linear=0
shrinkage=0.04


Tree=92
num_leaves=6
num_cat=0
split_feature=49 82 67 110 75
split_gain=0.887514 0.937853 1.5775 0.805022 0.161693
threshold=-0.75697910548666336 -0.48678833630393203 -0.46186883253178274 0.5529742812833357 0.32429611388455765
decision_type=2 2 2 2 2
left_child=4 2 -2 -3 -1
right_child=1 3 -4 -5 -6
leaf_value=0.00040221930631232245 -0.00023771655664390939 -1.4554038719187841e-06 -4.3159348163941529e-06 0.00021307175649896339 5.5473480772222085e-05
leaf_weight=122 41 1320 165 484 40
leaf_count=122 41 1320 165 484 40
internal_value=0.000390065 0.000159046 -0.00238462 0.000451827 0.00321951
internal_weight=2172 2010 206 1804 162
internal_count=2172 2010 206 1804 162
is_linear=0
shrinkage=0.04


Tree=93
num_leaves=7
num_cat=0
split_feature=60 27 30 26 96 25
split_gain=0.812115 2.19846 1.76335 1.21167 0.859681 0.518163
threshold=0.85954657046137706 0.4508112486247578 0.04932366580195896 1.0531974988182775 0.36584272595292461 0.78112932381833133
decision_type=2 2 2 2 2 2
left_child=3 2 -2 4 -1 -3
right_child=1 5 -4 -5 -6 -7
leaf_value=6.2971024661883989e-05 -0.00020625445863803858 0.0002940547893030464 -0.00093235221322067322 -0.00015355718395658417 -7.4599202854328238e-06 -1.9688697748287054e-05
leaf_weight=1301 75 90 44 77 545 40
leaf_count=1301 75 90 44 77 545 40
internal_value=0.000371665 -0.00176892 -0.00565289 0.00065039 0.000857143 0.00181818
internal_weight=2172 249 119 1923 1846 130
internal_count=2172 249 119 1923 1846 130
is_linear=0
shrinkage=0.04


Tree=94
num_leaves=5
num_cat=0
split_feature=49 36 28 113
split_gain=0.751679 0.758678 0.704135 0.152827
threshold=-0.75697910548666336 -1.2647984183601648 1.4810559760257276 0.10793853368213695
decision_type=2 2 2 2
left_child=3 -2 -3 -1
right_child=1 2 -4 -5
leaf_value=0.00044686620048967106 0.00096137665889010806 5.9561527169110058e-06 -0.00021769397975587333 5.6321787452904063e-05
leaf_weight=101 81 1838 91 61
leaf_count=101 81 1838 91 61
internal_value=0.000371665 0.000159046 -2.07132e-06 0.00297561
internal_weight=2172 2010 1929 162
internal_count=2172 2010 1929 162
is_linear=0
shrinkage=0.04


Tree=95
num_leaves=7
num_cat=0
split_feature=110 59 35 73 67 117
split_gain=0.732801 0.946012 2.0692 1.24736 0.665811 0.657386
threshold=0.5529742812833357 -0.37061758035327536 0.53703228992361085 -1.076310722615454 0.56396422549153657 -1.0183013761517816
decision_type=2 2 2 2 2 2
left_child=1 2 -1 -3 5 -2
right_child=4 3 -4 -5 -6 -7
leaf_value=0.00028838299552689991 -1.9269189579645949e-05 -0.00027920422607483763 -0.00033354850942300798 -6.9445419109080243e-06 -0.00033843879591621828 0.00024047699392861435
leaf_weight=321 72 57 69 1116 63 474
leaf_count=321 72 57 69 1116 63 474
internal_value=0.000390065 -6.90094e-05 0.00163265 -0.000636596 0.00156465 0.0020146
internal_weight=2172 1563 390 1173 609 546
internal_count=2172 1563 390 1173 609 546
is_linear=0
shrinkage=0.04


Tree=96
num_leaves=8
num_cat=0
split_feature=115 60 45 26 14 75 4
split_gain=0.722789 1.04367 2.09859 1.32624 0.495766 0.651749 0.00561905
threshold=-0.76787614230369317 0.849926348380868 -0.18272296818504655 1.1038987189369194 0.13762347946746481 -0.5605963912707822 -0.15266735143807783
decision_type=2 2 2 2 2 2 2
left_child=4 3 -3 -2 6 -6 -1
right_child=1 2 -4 -5 5 -7 -8
leaf_value=0.00058079480688724261 1.9029624567147929e-05 0.00016446933580064094 -0.0009351488806055902 -0.00023436923559035257 0.00020334537484443312 -1.2926468203211564e-05 0.00068883068447083806
leaf_weight=40 1619 66 108 58 84 79 118
leaf_count=40 1619 66 108 58 84 79 118
internal_value=0.000371665 6.69187e-05 -0.00286364 0.000374032 0.00211765 0.000557576 0.0037
internal_weight=2172 1851 174 1677 321 163 158
internal_count=2172 1851 174 1677 321 163 158
is_linear=0
shrinkage=0.04


Tree=97
num_leaves=7
num_cat=0
split_feature=86 59 35 13 52 6
split_gain=0.879281 0.861141 1.92759 1.60703 0.599985 0.0686097
threshold=1.0048610027171268 -0.37654258227540077 0.58588097992338273 -0.58323228792944848 -0.74999999999999989 0.87468617138371407
decision_type=2 2 2 2 2 2
left_child=1 2 -1 -3 -2 -6
right_child=4 3 -4 -5 5 -7
leaf_value=0.00024791666450325178 -5.0593915008195258e-05 -0.00027865150881074965 -0.00035381591445592423 2.0715632484454486e-06 0.00051712437456143308 9.2690232628766041e-06
leaf_weight=374 42 129 79 1350 157 41
leaf_count=374 42 129 79 1350 157 41
internal_value=0.000371665 8.68667e-05 0.00160879 -0.000380824 0.00264463 0.00356
internal_weight=2172 1932 453 1479 240 198
internal_count=2172 1932 453 1479 240 198
is_linear=0
shrinkage=0.04


Tree=98
num_leaves=6
num_cat=0
split_feature=49 82 74 36 113
split_gain=0.730565 0.828683 1.12128 0.63945 0.152827
threshold=-0.75697910548666336 -0.48678833630393203 -0.26329206344230222 -1.2647984183601648 0.10793853368213695
decision_type=2 2 2 2 2
left_child=4 2 -2 -3 -1
right_child=1 3 -4 -5 -6
leaf_value=0.00040677838431183263 2.7904326310969642e-05 0.00090175321670175987 -0.00019766805881971637 9.0655577593991311e-06 6.1392014362246104e-05
leaf_weight=101 101 81 105 1723 61
leaf_count=101 101 81 105 1723 61
internal_value=0.000408464 0.000198807 -0.00219231 0.000473976 0.00297561
internal_weight=2172 2010 206 1804 162
internal_count=2172 2010 206 1804 162
is_linear=0
shrinkage=0.04


Tree=99
num_leaves=6
num_cat=0
split_feature=31 26 115 67 113
split_gain=0.825865 1.33879 0.983861 0.582711 0.356357
threshold=-0.74026291532787025 -0.81197909143715985 0.44929498082039271 0.27830585609142044 -0.91442838595220477
decision_type=2 2 2 2 2
left_child=3 -2 -3 4 -1
right_child=1 2 -4 -5 -6
leaf_value=7.0602611420594378e-06 -0.00023014806677761448 3.498280000611923e-05 -8.0051403440658237e-05 -4.6265224729303876e-05 0.00032962807367984667
leaf_weight=59 67 1313 423 46 264
leaf_count=59 67 1313 423 46 264
internal_value=0.000426863 7.31303e-05 0.000289989 0.00214555 0.00274462
internal_weight=2172 1803 1736 369 323
internal_count=2172 1803 1736 369 323
is_linear=0
shrinkage=0.04


Tree=100
num_leaves=6
num_cat=0
split_feature=45 40 20 25 50
split_gain=0.803401 0.918681 0.776266 0.387867 0.25092
threshold=-1.0180086451984878 -0.93737521391222511 -0.5801851279462743 -0.52361883794817154 0.69227270003651631
decision_type=2 2 2 2 2
left_child=3 -2 -3 -1 -5
right_child=1 2 -4 4 -6
leaf_value=7.0402475764943453e-07 -0.0005252175944964947 0.00013028238810879167 -3.0691596196923956e-06 0.0002832329505798451 2.2429994713094765e-05
leaf_weight=75 52 402 1394 207 42
leaf_count=75 52 402 1394 207 42
internal_value=0.000426863 0.000103784 0.000258065 0.00225767 0.00301195
internal_weight=2172 1848 1796 324 249
internal_count=2172 1848 1796 324 249
is_linear=0
shrinkage=0.04


Tree=101
num_leaves=8
num_cat=0
split_feature=86 31 117 57 48 44 0
split_gain=0.888909 0.867673 1.53018 0.522162 0.401784 0.448668 0.00617
threshold=0.99159610103353801 -0.74026291532787025 0.77660127575117577 0.3000602093122503 0.53876208243065082 -0.23999791414232091 -0.50240252678505737
decision_type=2 2 2 2 2 2 2
left_child=1 3 -3 -1 6 -6 -2
right_child=4 2 -4 -5 5 -7 -8
leaf_value=0.00017338840775492844 0.00057570263826360135 5.5762574820030214e-06 -0.0005986231758691239 -1.3535025025477862e-05 -4.5918473188959122e-05 4.5130588178133182e-05 0.00060933105137972855
leaf_weight=299 40 1430 139 46 42 47 129
leaf_count=299 40 1430 139 46 42 47 129
internal_value=0.000390065 9.18582e-05 -0.000308084 0.00190202 0.00258462 0.000395605 0.0037193
internal_weight=2172 1914 1569 345 258 89 169
internal_count=2172 1914 1569 345 258 89 169
is_linear=0
shrinkage=0.04


Tree=102
num_leaves=8
num_cat=0
split_feature=115 118 38 58 14 0 4
split_gain=0.823561 1.13518 1.5834 1.09796 0.45859 0.72991 0.00567219
threshold=-0.74607228197727793 -0.47998819844242746 -0.58320364222946108 1.1550663143482578 0.13762347946746481 0.17872982744031163 -0.16235494035786655
decision_type=2 2 2 2 2 2 2
left_child=4 2 -2 -3 6 -6 -1
right_child=1 3 -4 -5 5 -7 -8
leaf_value=0.00055302539365023335 -0.00030815262941574615 3.6779102790821476e-05 -4.2726245376641195e-06 -0.00051826123899636079 3.9258218944653866e-05 -2.5794247955611346e-05 0.00064719305708724325
leaf_weight=40 89 1482 220 51 114 57 119
leaf_count=40 89 1482 220 51 114 57 119
internal_value=0.000334867 4.33854e-06 -0.00219936 0.000450814 0.00216867 0.000716763 0.00370186
internal_weight=2172 1842 309 1533 330 171 159
internal_count=2172 1842 309 1533 330 171 159
is_linear=0
shrinkage=0.04


Tree=103
num_leaves=6
num_cat=0
split_feature=86 82 86 52 6
split_gain=0.823235 0.900805 0.813631 0.599985 0.0686097
threshold=1.0048610027171268 -0.65900029102702162 0.88091162353518271 -0.74999999999999989 0.87468617138371407
decision_type=2 2 2 2 2
left_child=1 -1 -3 -2 -5
right_child=3 2 -4 4 -6
leaf_value=-4.2090911932451359e-05 -4.9853970328125912e-05 1.735784166530848e-05 -0.00063178462508129286 0.000491464345203641 3.0456344044552909e-05
leaf_weight=66 42 1743 123 157 41
leaf_count=66 42 1743 123 157 41
internal_value=0.000445262 0.000169597 0.000334047 0.00264463 0.00356
internal_weight=2172 1932 1866 240 198
internal_count=2172 1932 1866 240 198
is_linear=0
shrinkage=0.04


Tree=104
num_leaves=8
num_cat=0
split_feature=115 103 11 14 87 62 26
split_gain=0.74937 0.823424 2.39148 1.15621 0.487222 0.594682 0.235649
threshold=-0.76787614230369317 -0.35463872884302261 0.58043747647559552 0.5852633799779533 -0.46814801360990349 0.11642325396919996 -0.41794718777208922
decision_type=2 2 2 2 2 2 2
left_child=4 2 -2 -3 5 -1 -6
right_child=1 3 -4 -5 6 -7 -8
leaf_value=-0.00012911935110167209 -3.5891957862781534e-06 1.2788543123152718e-06 -0.00041204052955742218 0.00023361135914731383 0.00024119286324978466 0.00028890486744947346 0.00051916507425815782
leaf_weight=40 400 1077 68 306 47 41 193
leaf_count=40 400 1077 68 306 47 41 193
internal_value=0.000463662 0.000153265 -0.00129362 0.000644043 0.00224149 -0.000433735 0.0031405
internal_weight=2172 1851 468 1383 321 81 240
internal_count=2172 1851 468 1383 321 81 240
is_linear=0
shrinkage=0.04


Tree=105
num_leaves=5
num_cat=0
split_feature=82 49 61 117
split_gain=0.924065 0.758844 0.722547 0.160538
threshold=-0.65900029102702162 -0.75697910548666336 0.57771491169469957 0.2492994968656731
decision_type=2 2 2 2
left_child=-1 3 -3 -2
right_child=1 2 -4 -5
leaf_value=-2.2012882499166946e-05 0.00023246841265915617 2.9307702847902229e-05 -0.00013658808234593773 6.9743891587146681e-05
leaf_weight=75 119 1718 220 40
leaf_count=75 119 1718 220 40
internal_value=0.000408464 0.000565984 0.000346392 0.00320497
internal_weight=2172 2097 1938 159
internal_count=2172 2097 1938 159
is_linear=0
shrinkage=0.04


Tree=106
num_leaves=5
num_cat=0
split_feature=82 80 28 26
split_gain=0.908379 0.749123 0.963723 0.541197
threshold=-0.65900029102702162 -0.73249305055741776 -0.58410366767929767 0.62364511441456616
decision_type=2 2 2 2
left_child=-1 3 -3 -2
right_child=1 2 -4 -5
leaf_value=-2.1132367199200314e-05 0.00036212617014444183 -0.00010884823394693153 2.9189624203353645e-05 -0.0001037971790254438
leaf_weight=75 175 243 1632 47
leaf_count=75 175 243 1632 47
internal_value=0.000371665 0.000527871 0.000266383 0.00271429
internal_weight=2172 2097 1875 222
internal_count=2172 2097 1875 222
is_linear=0
shrinkage=0.04


Tree=107
num_leaves=5
num_cat=0
split_feature=82 80 28 26
split_gain=0.693803 0.655968 0.817677 0.491656
threshold=-0.65900029102702162 -0.73249305055741776 -0.58410366767929767 0.62364511441456616
decision_type=2 2 2 2
left_child=-1 3 -3 -2
right_child=1 2 -4 -5
leaf_value=-2.0287072511232245e-05 0.00034764112333866414 -0.00010449430458905422 2.8022039235219461e-05 -9.9645291864425978e-05
leaf_weight=75 175 243 1632 47
leaf_count=75 175 243 1632 47
internal_value=0.000353266 0.000489757 0.000245072 0.00253571
internal_weight=2172 2097 1875 222
internal_count=2172 2097 1875 222
is_linear=0
shrinkage=0.04


Tree=108
num_leaves=4
num_cat=0
split_feature=36 25 70
split_gain=0.686856 1.03433 0.898649
threshold=-1.2647984183601648 -1.3340069936731263 -0.22211357278355917
decision_type=2 2 2
left_child=-1 -2 -3
right_child=1 2 -4
leaf_value=0.00081251961396848114 -0.00018078817418238827 -1.6178043497080812e-05 4.5511007850632591e-05
leaf_weight=81 44 806 1241
leaf_count=81 44 806 1241
internal_value=0.000334867 0.000193025 0.000326013
internal_weight=2172 2091 2047
internal_count=2172 2091 2047
is_linear=0
shrinkage=0.04


Tree=109
num_leaves=5
num_cat=0
split_feature=36 25 82 40
split_gain=0.66574 0.793205 1.31106 1.30714
threshold=-1.2647984183601648 -0.39526439921533779 -0.44947204375245536 1.7627487634998202
decision_type=2 2 2 2
left_child=-1 2 -2 -3
right_child=1 3 -4 -5
leaf_value=0.00078001882940974179 -0.00041110517782918892 4.2382196185741828e-05 -8.6492284965440037e-06 -0.00082227051829736363
leaf_weight=81 49 1468 525 49
leaf_count=81 49 1468 525 49
internal_value=0.000390065 0.000250358 -0.00101389 0.000729427
internal_weight=2172 2091 574 1517
internal_count=2172 2091 574 1517
is_linear=0
shrinkage=0.04


Tree=110
num_leaves=7
num_cat=0
split_feature=2 106 60 73 37 88
split_gain=0.979832 1.10863 1.48438 1.18457 0.697872 0.389
threshold=-0.49878844665193478 0.9053397435191699 -0.39853150711523772 -0.26333443300767329 1.6145865720743442 0.50424748498200944
decision_type=2 2 2 2 2 2
left_child=4 3 -3 -2 5 -1
right_child=1 2 -4 -5 -6 -7
leaf_value=0.00026829175641663542 0.00012959888909725565 -0.00096910659287837656 3.9834005683470305e-06 -2.125307915990778e-05 -0.00033348869120941349 3.3385206489638132e-05
leaf_weight=343 603 43 61 925 68 129
leaf_count=343 603 43 61 925 68 129
internal_value=0.000445262 -4.40635e-05 -0.004 0.000230066 0.00191882 0.00246414
internal_weight=2172 1632 104 1528 540 472
internal_count=2172 1632 104 1528 540 472
is_linear=0
shrinkage=0.04


Tree=111
num_leaves=7
num_cat=0
split_feature=86 20 28 85 35 11
split_gain=0.893578 0.813082 1.34639 0.781288 0.414322 0.0697637
threshold=1.0048610027171268 -0.5801851279462743 1.4810559760257276 -0.52714615314887314 0.076104715118279279 -0.2286184269609792
decision_type=2 2 2 2 2 2
left_child=1 3 -3 -1 5 -2
right_child=4 2 -4 -5 -6 -7
leaf_value=-0.0001190571423393964 3.1089324086059679e-05 -3.7932037781952825e-06 -0.00059071331755359657 0.00016468141427905924 5.5992108831571817e-06 0.00043606668349761342
leaf_weight=67 40 1395 46 424 54 146
leaf_count=67 40 1395 46 424 54 146
internal_value=0.000353266 6.61842e-05 -0.000413028 0.00146856 0.00264463 0.00353191
internal_weight=2172 1932 1441 491 240 186
internal_count=2172 1932 1441 491 240 186
is_linear=0
shrinkage=0.04


Tree=112
num_leaves=7
num_cat=0
split_feature=86 31 68 36 5 11
split_gain=0.865098 0.97296 1.44888 0.480952 0.478046 0.0704218
threshold=1.0048610027171268 -0.74026291532787025 0.97365179994426865 0.14027046907730861 -0.94172232762851271 -0.23698163170019851
decision_type=2 2 2 2 2 2
left_child=1 4 -3 5 -1 -2
right_child=3 2 -4 -5 -6 -7
leaf_value=-2.3571451094212178e-07 2.984575112261728e-05 1.8920749486047134e-06 -0.00068998785845079502 -2.2903011213420005e-05 0.00021562082326261783 0.0004823877676542953
leaf_weight=119 40 1438 148 49 227 151
leaf_count=119 40 1438 148 49 227 151
internal_value=0.000390065 0.000107549 -0.000312342 0.00264463 0.00202299 0.00354404
internal_weight=2172 1932 1586 240 346 191
internal_count=2172 1932 1586 240 346 191
is_linear=0
shrinkage=0.04


Tree=113
num_leaves=8
num_cat=0
split_feature=86 2 75 37 48 44 0
split_gain=0.727597 0.843788 1.19988 0.674996 0.518377 0.60746 0.00617
threshold=0.99159610103353801 -0.44754710474333909 -0.52951242291238898 1.6145865720743442 0.53876208243065082 -0.23999791414232091 -0.50240252678505737
decision_type=2 2 2 2 2 2 2
left_child=1 3 -3 -1 6 -6 -2
right_child=4 2 -4 -5 5 -7 -8
leaf_value=0.00011340858366307848 0.00053898409984618086 0.00014059144070472187 -3.8368741322146779e-05 -0.00052016530084228333 -3.813116786566888e-05 6.3773515679320305e-05 0.00048422792311108486
leaf_weight=481 40 208 1172 53 42 47 129
leaf_count=481 40 208 1172 53 42 47 129
internal_value=0.000445262 0.000175365 -0.000347323 0.00152239 0.00243077 -4.39559e-05 0.0037193
internal_weight=2172 1914 1380 534 258 89 169
internal_count=2172 1914 1380 534 258 89 169
is_linear=0
shrinkage=0.04


Tree=114
num_leaves=6
num_cat=0
split_feature=87 40 39 86 46
split_gain=0.867586 0.94811 0.747675 0.653243 0.752175
threshold=1.2234103083391747 1.7627487634998202 0.34513511038035488 0.62317384082286986 0.057082701310957808
decision_type=2 2 2 2 2
left_child=1 2 -1 4 -2
right_child=3 -3 -4 -5 -6
leaf_value=-5.3160190671782727e-06 0.00040423653955360067 -0.0007417082720198771 0.00011482844632880992 0.00072603539478117399 -0.00057233364271294163
leaf_weight=1303 57 45 539 174 54
leaf_count=1303 57 45 539 174 54
internal_value=0.000390065 7.83485e-05 0.000221258 0.00243902 3.53984e-05
internal_weight=2172 1887 1842 285 111
internal_count=2172 1887 1842 285 111
is_linear=0
shrinkage=0.04


Tree=115
num_leaves=4
num_cat=0
split_feature=40 87 2
split_gain=0.760611 0.715891 0.800966
threshold=-0.99896051010351916 -1.2878022519717056 -0.44754710474333909
decision_type=2 2 2
left_child=-1 -2 -3
right_child=1 2 -4
leaf_value=-0.00017445287983243661 -3.1766038934062077e-05 7.8911869571330554e-05 2.0226556354742298e-06
leaf_weight=45 54 551 1522
leaf_count=45 54 551 1522
internal_value=0.000353266 0.000464068 0.000584097
internal_weight=2172 2127 2073
internal_count=2172 2127 2073
is_linear=0
shrinkage=0.04


Tree=116
num_leaves=7
num_cat=0
split_feature=73 28 82 86 8 46
split_gain=0.736247 1.50062 1.54797 1.52047 1.15834 0.763214
threshold=-0.34933858980009452 -0.43020656322540118 -0.50722759977428145 -0.21217571834085677 1.2242384658075871 -0.13999132753959895
decision_type=2 2 2 2 2 2
left_child=4 3 -3 -2 5 -1
right_child=1 2 -4 -5 -6 -7
leaf_value=0.00031721792850150052 9.0974051436451266e-06 -0.00013575436066971464 6.3053810717136403e-05 -0.00026341728933926571 -0.0002061651407709509 1.3591567253209478e-05
leaf_weight=268 185 89 1041 170 53 366
leaf_count=268 185 89 1041 170 53 366
internal_value=0.000353266 -0.000147949 0.000565371 -0.00240896 0.00143396 0.00191195
internal_weight=2172 1485 1130 355 687 634
internal_count=2172 1485 1130 355 687 634
is_linear=0
shrinkage=0.04


Tree=117
num_leaves=7
num_cat=0
split_feature=70 73 80 106 10 0
split_gain=0.769249 0.854095 1.23175 1.22866 0.263769 0.00473563
threshold=-1.1448469201761264 -0.2341063765230631 2.791238557449355 0.91426367155302724 -0.37886380216924515 0.50462441687888548
decision_type=2 2 2 2 2 2
left_child=4 3 -3 -2 -1 -6
right_child=1 2 -4 -5 5 -7
leaf_value=2.1684280887743479e-06 8.9193001216142568e-05 -3.0105371927300814e-05 0.00059028189525970102 -0.00049243710464398074 0.00036876226733824287 0.00030407606083867863
leaf_weight=40 723 1116 108 42 103 40
leaf_count=40 723 1116 108 42 103 40
internal_value=0.000408464 0.000178805 -0.000476346 0.00122555 0.00287568 0.00366897
internal_weight=2172 1989 1224 765 183 143
internal_count=2172 1989 1224 765 183 143
is_linear=0
shrinkage=0.04


Tree=118
num_leaves=6
num_cat=0
split_feature=15 117 14 44 58
split_gain=0.920311 1.21066 0.812193 0.988328 0.708232
threshold=1.0913046331757912 -0.56448122012204338 0.88749060939644231 1.3586284078869102 0.66048516130079993
decision_type=2 2 2 2 2
left_child=2 -2 3 -1 -4
right_child=1 -3 4 -5 -6
leaf_value=-1.8981304310166898e-06 0.00010680246939586197 -0.00027272460307217554 0.00042665404675675255 0.00013854841884590317 -0.00010145952694788896
leaf_weight=1622 43 45 177 220 65
leaf_count=1622 43 45 177 220 65
internal_value=0.000316467 -0.00364444 0.000487057 0.000199566 0.00265574
internal_weight=2172 88 2084 1842 242
internal_count=2172 88 2084 1842 242
is_linear=0
shrinkage=0.04


Tree=119
num_leaves=7
num_cat=0
split_feature=46 25 98 78 53 115
split_gain=0.778172 1.08503 2.58112 1.08371 1.03784 0.743043
threshold=-0.36113505559744979 0.5316559491537961 0.096098810663802853 1.7470721055602916 -0.85714285714285698 0.40931983455483117
decision_type=2 2 2 2 2 2
left_child=4 3 -3 -2 -1 -6
right_child=1 2 -4 -5 5 -7
leaf_value=-2.6353356293755353e-05 2.8033249821806326e-05 -5.3808292826189722e-06 -0.00057891505539796545 -0.00045175340358427082 0.00029932606797687867 -7.5002943781821802e-07
leaf_weight=58 1175 256 75 45 402 161
leaf_count=58 1175 256 75 45 402 161
internal_value=0.000353266 -0.000126207 -0.00215015 0.000425532 0.00154735 0.00207434
internal_weight=2172 1551 331 1220 621 563
internal_count=2172 1551 331 1220 621 563
is_linear=0
shrinkage=0.04


end of trees

feature_importances:
Column_86=38
Column_82=36
Column_40=23
Column_85=23
Column_115=23
Column_116=23
Column_117=19
Column_110=16
Column_45=14
Column_68=14
Column_106=14
Column_25=13
Column_36=13
Column_93=13
Column_1=12
Column_28=12
Column_67=11
Column_24=10
Column_37=10
Column_26=9
Column_91=9
Column_59=8
Column_94=8
Column_108=8
Column_0=7
Column_15=7
Column_60=7
Column_98=7
Column_109=7
Column_16=6
Column_20=6
Column_33=6
Column_48=6
Column_49=6
Column_87=6
Column_111=6
Column_2=5
Column_4=5
Column_7=5
Column_11=5
Column_13=5
Column_31=5
Column_35=5
Column_39=5
Column_50=5
Column_57=5
Column_73=5
Column_74=5
Column_9=4
Column_14=4
Column_46=4
Column_75=4
Column_79=4
Column_80=4
Column_96=4
Column_97=4
Column_100=4
Column_118=4
Column_5=3
Column_17=3
Column_27=3
Column_43=3
Column_44=3
Column_52=3
Column_78=3
Column_81=3
Column_113=3
Column_3=2
Column_6=2
Column_10=2
Column_19=2
Column_22=2
Column_34=2
Column_53=2
Column_58=2
Column_61=2
Column_70=2
Column_92=2
Column_95=2
Column_99=2
Column_102=2
Column_103=2
Column_105=2
Column_112=2
Column_114=2
Column_8=1
Column_12=1
Column_18=1
Column_30=1
Column_32=1
Column_38=1
Column_42=1
Column_47=1
Column_51=1
Column_62=1
Column_63=1
Column_64=1
Column_66=1
Column_69=1
Column_76=1
Column_84=1
Column_88=1
Column_89=1
Column_101=1

parameters:
[boosting: gbdt]
[objective: quantile]
[metric: quantile]
[tree_learner: serial]
[device_type: cpu]
[data_sample_strategy: bagging]
[data: ]
[valid: ]
[num_iterations: 120]
[learning_rate: 0.04]
[num_leaves: 15]
[num_threads: 2]
[seed: 42]
[deterministic: 0]
[force_col_wise: 0]
[force_row_wise: 0]
[histogram_pool_size: -1]
[max_depth: 3]
[min_data_in_leaf: 40]
[min_sum_hessian_in_leaf: 0.001]
[bagging_fraction: 0.85]
[pos_bagging_fraction: 1]
[neg_bagging_fraction: 1]
[bagging_freq: 0]
[bagging_seed: 400]
[bagging_by_query: 0]
[feature_fraction: 0.8]
[feature_fraction_bynode: 1]
[feature_fraction_seed: 30056]
[extra_trees: 0]
[extra_seed: 12879]
[early_stopping_round: 0]
[early_stopping_min_delta: 0]
[first_metric_only: 0]
[max_delta_step: 0]
[lambda_l1: 0]
[lambda_l2: 2]
[linear_lambda: 0]
[min_gain_to_split: 0]
[drop_rate: 0.1]
[max_drop: 50]
[skip_drop: 0.5]
[xgboost_dart_mode: 0]
[uniform_drop: 0]
[drop_seed: 17869]
[top_rate: 0.2]
[other_rate: 0.1]
[min_data_per_group: 100]
[max_cat_threshold: 32]
[cat_l2: 10]
[cat_smooth: 10]
[max_cat_to_onehot: 4]
[top_k: 20]
[monotone_constraints: ]
[monotone_constraints_method: basic]
[monotone_penalty: 0]
[feature_contri: ]
[forcedsplits_filename: ]
[refit_decay_rate: 0.9]
[cegb_tradeoff: 1]
[cegb_penalty_split: 0]
[cegb_penalty_feature_lazy: ]
[cegb_penalty_feature_coupled: ]
[path_smooth: 0]
[interaction_constraints: ]
[verbosity: -1]
[saved_feature_importance_type: 0]
[use_quantized_grad: 0]
[num_grad_quant_bins: 4]
[quant_train_renew_leaf: 0]
[stochastic_rounding: 1]
[linear_tree: 0]
[max_bin: 255]
[max_bin_by_feature: ]
[min_data_in_bin: 3]
[bin_construct_sample_cnt: 200000]
[data_random_seed: 175]
[is_enable_sparse: 1]
[enable_bundle: 1]
[use_missing: 1]
[zero_as_missing: 0]
[feature_pre_filter: 1]
[pre_partition: 0]
[two_round: 0]
[header: 0]
[label_column: ]
[weight_column: ]
[group_column: ]
[ignore_column: ]
[categorical_feature: ]
[forcedbins_filename: ]
[precise_float_parser: 0]
[parser_config_file: ]
[objective_seed: 16083]
[num_class: 1]
[is_unbalance: 0]
[scale_pos_weight: 1]
[sigmoid: 1]
[boost_from_average: 1]
[reg_sqrt: 0]
[alpha: 0.1]
[fair_c: 1]
[poisson_max_delta_step: 0.7]
[tweedie_variance_power: 1.5]
[lambdarank_truncation_level: 30]
[lambdarank_norm: 1]
[label_gain: ]
[lambdarank_position_bias_regularization: 0]
[eval_at: ]
[multi_error_top_k: 1]
[auc_mu_weights: ]
[num_machines: 1]
[local_listen_port: 12400]
[time_out: 120]
[machine_list_filename: ]
[machines: ]
[gpu_platform_id: -1]
[gpu_device_id: -1]
[gpu_device_id_list: ]
[gpu_use_dp: 0]
[num_gpu: 1]

end of parameters

pandas_categorical:null
